1, 12.908637046813965, 0.09943583607673645, -0.6277511119842529
2, 12.908637046813965, 0.09943583607673645, -0.6277511119842529
3, 12.908637046813965, 0.09943583607673645, -0.6277511119842529
4, 12.908637046813965, 0.09943583607673645, -0.6277511119842529
5, 12.908637046813965, 0.09943583607673645, -0.6277511119842529
6, 12.908637046813965, 0.09943583607673645, -0.6277511119842529
7, 12.908637046813965, 0.09943583607673645, -0.6277511119842529
8, 12.908637046813965, 0.09943583607673645, -0.6277511119842529
9, 12.908637046813965, 0.09943583607673645, -0.6277511119842529
10, 12.908637046813965, 0.09943583607673645, -0.6277511119842529
11, 12.908637046813965, 0.09943583607673645, -0.6277511119842529
12, 12.908637046813965, 0.09943583607673645, -0.6277511119842529
13, 12.665948867797852, 0.09943583607673645, -0.5677292346954346
14, 12.665948867797852, 0.09943583607673645, -0.5677292346954346
15, 12.665948867797852, 0.09943583607673645, -0.5677292346954346
16, 12.492624282836914, 0.09943583607673645, -0.7478920221328735
17, 12.319299697875977, 0.09943583607673645, -0.9280548095703125
18, 12.319299697875977, 0.09943583607673645, -0.9280548095703125
19, 12.25927734375, 0.09943583607673645, -1.1707426309585571
20, 12.25927734375, 0.09943583607673645, -1.1707426309585571
21, 12.085952758789062, 0.09943583607673645, -1.350905418395996
22, 11.912628173828125, 0.09943583607673645, -1.531068205833435
23, 11.912628173828125, 0.09943583607673645, -1.531068205833435
24, 11.672443389892578, 0.09943583607673645, -1.6004315614700317
25, 11.672443389892578, 0.09943583607673645, -1.6004315614700317
26, 11.49911880493164, 0.09943583607673645, -1.7805943489074707
27, 11.49911880493164, 0.09943583607673645, -1.7805943489074707
28, 11.49911880493164, 0.09943583607673645, -1.7805943489074707
29, 11.49911880493164, 0.09943583607673645, -1.7805943489074707
30, 11.49911880493164, 0.09943583607673645, -1.7805943489074707
31, 11.49911880493164, 0.09943583607673645, -1.7805943489074707
32, 11.49911880493164, 0.09943583607673645, -1.7805943489074707
33, 11.256430625915527, 0.09943583607673645, -1.7205724716186523
34, 11.013742446899414, 0.09943583607673645, -1.660550594329834
35, 10.933745384216309, 0.09943583607673645, -1.64076566696167
36, 10.933745384216309, 0.09943583607673645, -1.64076566696167
37, 10.933745384216309, 0.09943583607673645, -1.64076566696167
38, 10.933745384216309, 0.09943583607673645, -1.64076566696167
39, 10.933745384216309, 0.09943583607673645, -1.64076566696167
40, 10.933745384216309, 0.09943583607673645, -1.64076566696167
41, 10.933745384216309, 0.09943583607673645, -1.64076566696167
42, 11.176433563232422, 0.09943583607673645, -1.7007875442504883
43, 11.419121742248535, 0.09943583607673645, -1.7608094215393066
44, 11.419121742248535, 0.09943583607673645, -1.7608094215393066
45, 11.659306526184082, 0.09943583607673645, -1.69144606590271
46, 11.659306526184082, 0.09943583607673645, -1.69144606590271
47, 11.83263111114502, 0.09943583607673645, -1.5112831592559814
48, 12.005955696105957, 0.09943583607673645, -1.331120252609253
49, 12.005955696105957, 0.09943583607673645, -1.331120252609253
50, 12.065978050231934, 0.09943583607673645, -1.0884324312210083
51, 12.12600040435791, 0.09943583607673645, -0.8457446098327637
52, 12.186022758483887, 0.09943583607673645, -0.603056788444519
53, 12.186022758483887, 0.09943583607673645, -0.603056788444519
54, 12.116659164428711, 0.09943583607673645, -0.36287200450897217
55, 12.047295570373535, 0.09943583607673645, -0.12268722057342529
56, 12.047295570373535, 0.09943583607673645, -0.12268722057342529
57, 11.867133140563965, 0.09943583607673645, 0.05063721537590027
58, 11.686970710754395, 0.09943583607673645, 0.22396165132522583
59, 11.686970710754395, 0.09943583607673645, 0.22396165132522583
60, 11.614462852478027, 0.09943583607673645, 0.2418944239616394
61, 11.614462852478027, 0.09943583607673645, 0.2418944239616394
62, 11.614458084106445, 0.09943583607673645, 0.2418990284204483
63, 11.614458084106445, 0.09943583607673645, 0.2418990284204483
64, 11.551692962646484, 0.09943583607673645, 0.45923423767089844
65, 11.551692962646484, 0.09943583607673645, 0.45923423767089844
66, 11.551692962646484, 0.09943583607673645, 0.45923423767089844
67, 11.551692962646484, 0.09943583607673645, 0.45923423767089844
68, 11.551692962646484, 0.09943583607673645, 0.45923423767089844
69, 11.551692962646484, 0.09943583607673645, 0.45923423767089844
70, 11.311508178710938, 0.09943583607673645, 0.38987094163894653
71, 11.07132339477539, 0.09943583607673645, 0.32050764560699463
72, 11.07132339477539, 0.09943583607673645, 0.32050764560699463
73, 10.828635215759277, 0.09943583607673645, 0.38052964210510254
74, 10.585947036743164, 0.09943583607673645, 0.44055163860321045
75, 10.510407447814941, 0.09943583607673645, 0.45923423767089844
76, 10.510407447814941, 0.09943583607673645, 0.45923423767089844
77, 10.270222663879395, 0.09943583607673645, 0.38987094163894653
78, 10.030037879943848, 0.09943583607673645, 0.32050764560699463
79, 9.99100112915039, 0.09943583607673645, 0.3092341423034668
80, 9.99100112915039, 0.09943583607673645, 0.3092341423034668
81, 9.748312950134277, 0.09943583607673645, 0.3692561388015747
82, 9.748312950134277, 0.09943583607673645, 0.3692561388015747
83, 9.748312950134277, 0.09943583607673645, 0.3692561388015747
84, 9.57498836517334, 0.09943583607673645, 0.18909336626529694
85, 9.401663780212402, 0.09943583607673645, 0.008930593729019165
86, 9.401663780212402, 0.09943583607673645, 0.008930593729019165
87, 9.341641426086426, 0.09943583607673645, -0.23375718295574188
88, 9.28161907196045, 0.09943583607673645, -0.47644495964050293
89, 9.28161907196045, 0.09943583607673645, -0.47644495964050293
90, 9.108294486999512, 0.09943583607673645, -0.6566077470779419
91, 8.934969902038574, 0.09943583607673645, -0.8367705345153809
92, 8.761645317077637, 0.09943583607673645, -1.0169333219528198
93, 8.5883207321167, 0.09943583607673645, -1.1970961093902588
94, 8.414996147155762, 0.09943583607673645, -1.3772588968276978
95, 8.241671562194824, 0.09943583607673645, -1.5574216842651367
96, 8.241671562194824, 0.09943583607673645, -1.5574216842651367
97, 8.001486778259277, 0.09943583607673645, -1.6267850399017334
98, 7.7613019943237305, 0.09943583607673645, -1.69614839553833
99, 7.521117210388184, 0.09943583607673645, -1.7655117511749268
100, 7.521117210388184, 0.09943583607673645, -1.7655117511749268
101, 7.347792625427246, 0.09943583607673645, -1.9456745386123657
102, 7.347792625427246, 0.09943583607673645, -1.9456745386123657
103, 7.287770748138428, 0.09943583607673645, -2.1883623600006104
104, 7.227748870849609, 0.09943583607673645, -2.4310500621795654
105, 7.167726993560791, 0.09943583607673645, -2.6737377643585205
106, 7.107705116271973, 0.09943583607673645, -2.9164254665374756
107, 7.107705116271973, 0.09943583607673645, -2.9164254665374756
108, 7.107705116271973, 0.09943583607673645, -2.9164254665374756
109, 7.047683238983154, 0.09943583607673645, -3.1591131687164307
110, 7.047683238983154, 0.09943583607673645, -3.1591131687164307
111, 7.047683238983154, 0.09943583607673645, -3.1591131687164307
112, 6.987661361694336, 0.09943583607673645, -3.4018008708953857
113, 6.987661361694336, 0.09943583607673645, -3.4018008708953857
114, 6.987661361694336, 0.09943583607673645, -3.4018008708953857
115, 6.927639484405518, 0.09943583607673645, -3.644488573074341
116, 6.927639484405518, 0.09943583607673645, -3.644488573074341
117, 6.997002601623535, 0.09943583607673645, -3.8846733570098877
118, 7.066365718841553, 0.09943583607673645, -4.124858379364014
119, 6.142210006713867, 2.8994359970092773, -0.37281692028045654
