1, 3.9438319206237793, -2.5197770595550537, 1.0200586318969727
2, 3.9438319206237793, -2.5197770595550537, 1.0200586318969727
3, 3.9438319206237793, -2.5197770595550537, 1.0200586318969727
4, 3.9438319206237793, -2.5197770595550537, 1.0200586318969727
5, 3.9438319206237793, -2.5197770595550537, 1.0200586318969727
6, 3.9438319206237793, -2.5197770595550537, 1.0200586318969727
7, 3.9438319206237793, -2.5197770595550537, 1.0200586318969727
8, 3.9438319206237793, -2.5197770595550537, 1.0200586318969727
9, 3.9438319206237793, -2.5197770595550537, 1.0200586318969727
10, 3.9438319206237793, -2.5197770595550537, 1.0200586318969727
11, 3.9438319206237793, -2.5197770595550537, 1.0200586318969727
12, 3.9438319206237793, -2.5197770595550537, 1.0200586318969727
13, 3.9438319206237793, -2.5197770595550537, 1.0200586318969727
14, 3.9438319206237793, -2.5197770595550537, 1.0200586318969727
15, 3.9438319206237793, -2.5197770595550537, 1.0200586318969727
16, 3.9438319206237793, -2.5197770595550537, 1.0200586318969727
17, 3.9438319206237793, -2.5197770595550537, 1.0200586318969727
18, 3.9438319206237793, -2.5197770595550537, 1.0200586318969727
19, 3.6953768730163574, -2.5197770595550537, 0.9923089146614075
20, 3.4469218254089355, -2.5197770595550537, 0.9645591974258423
21, 3.1984667778015137, -2.5197770595550537, 0.9368094801902771
22, 2.950011730194092, -2.5197770595550537, 0.9090597629547119
23, 2.950011730194092, -2.5197770595550537, 0.9090597629547119
24, 2.72096848487854, -2.5197770595550537, 1.0092554092407227
25, 2.4919252395629883, -2.5197770595550537, 1.1094510555267334
26, 6.22622013092041, 2.880223035812378, 2.2547733783721924
