1, 4.54937744140625, -2.576007843017578, -1.6793115139007568
2, 4.54937744140625, -2.576007843017578, -1.6793115139007568
3, 4.54937744140625, -2.576007843017578, -1.6793115139007568
4, 4.54937744140625, -2.576007843017578, -1.6793115139007568
5, 4.54937744140625, -2.576007843017578, -1.6793115139007568
6, 4.54937744140625, -2.576007843017578, -1.6793115139007568
7, 4.54937744140625, -2.576007843017578, -1.6793115139007568
8, 4.54937744140625, -2.576007843017578, -1.6793115139007568
9, 4.54937744140625, -2.576007843017578, -1.6793115139007568
10, 4.54937744140625, -2.576007843017578, -1.6793115139007568
11, 4.54937744140625, -2.576007843017578, -1.6793115139007568
12, 4.54937744140625, -2.576007843017578, -1.6793115139007568
13, 4.54937744140625, -2.576007843017578, -1.6793115139007568
14, 4.54937744140625, -2.576007843017578, -1.6793115139007568
15, 4.54937744140625, -2.576007843017578, -1.6793115139007568
16, 4.723931312561035, -2.576007843017578, -1.858283281326294
17, 4.723931312561035, -2.576007843017578, -1.858283281326294
18, 4.723931312561035, -2.576007843017578, -1.858283281326294
19, 4.966202259063721, -2.576007843017578, -1.7966009378433228
20, 4.966202259063721, -2.576007843017578, -1.7966009378433228
21, 5.145174026489258, -2.576007843017578, -1.6220468282699585
22, 5.324145793914795, -2.576007843017578, -1.4474927186965942
23, 5.324145793914795, -2.576007843017578, -1.4474927186965942
24, 5.5664167404174805, -2.576007843017578, -1.385810375213623
25, 5.808687686920166, -2.576007843017578, -1.3241280317306519
26, 5.808687686920166, -2.576007843017578, -1.3241280317306519
27, 5.808687686920166, -2.576007843017578, -1.3241280317306519
28, 5.808687686920166, -2.576007843017578, -1.3241280317306519
29, 5.808687686920166, -2.576007843017578, -1.3241280317306519
30, 5.808687686920166, -2.576007843017578, -1.3241280317306519
31, 5.808687686920166, -2.576007843017578, -1.3241280317306519
32, 5.5664167404174805, -2.576007843017578, -1.385810375213623
33, 5.5664167404174805, -2.576007843017578, -1.385810375213623
34, 5.387444972991943, -2.576007843017578, -1.5603643655776978
35, 5.208473205566406, -2.576007843017578, -1.7349183559417725
36, 5.208473205566406, -2.576007843017578, -1.7349183559417725
37, 4.966202259063721, -2.576007843017578, -1.7966006994247437
38, 4.723931312561035, -2.576007843017578, -1.8582830429077148
39, 4.48166036605835, -2.576007843017578, -1.919965386390686
40, 4.239389419555664, -2.576007843017578, -1.9816477298736572
41, 3.9971182346343994, -2.576007843017578, -2.043329954147339
42, 3.7548470497131348, -2.576007843017578, -2.1050121784210205
43, 3.7548470497131348, -2.576007843017578, -2.1050121784210205
44, 3.514192819595337, -2.576007843017578, -2.03729510307312
45, 3.273538589477539, -2.571159601211548, -1.9695780277252197
46, 3.032884359359741, -2.5587806701660156, -1.9018609523773193
47, 2.7922301292419434, -2.5464017391204834, -1.834143877029419
48, 2.7922301292419434, -2.5464017391204834, -1.834143877029419
49, 2.7922301292419434, -2.5464017391204834, -1.834143877029419
50, 2.7922301292419434, -2.5464017391204834, -1.834143877029419
51, 2.617676019668579, -2.576007843017578, -1.6551721096038818
52, 2.617676019668579, -2.576007843017578, -1.6551721096038818
53, 2.5559937953948975, -2.576007843017578, -1.4129009246826172
54, 2.494311571121216, -2.576007843017578, -1.1706297397613525
55, 2.432629346847534, -2.576007843017578, -0.9283586144447327
56, 2.3709471225738525, -2.576007843017578, -0.6860874891281128
57, 2.3709471225738525, -2.576007843017578, -0.6860874891281128
58, 2.438664197921753, -2.576007843017578, -0.4454333484172821
59, 2.5063812732696533, -2.576007843017578, -0.20477920770645142
60, 2.5063812732696533, -2.576007843017578, -0.20477920770645142
61, 2.4446990489959717, -2.576007843017578, 0.03749191761016846
62, 2.38301682472229, -2.576007843017578, 0.27976304292678833
63, 2.38301682472229, -2.576007843017578, 0.27976304292678833
64, 2.208462715148926, -2.576007843017578, 0.45873481035232544
65, 2.0339086055755615, -2.576007843017578, 0.6377065777778625
66, 1.8593546152114868, -2.576007843017578, 0.8166783452033997
67, 1.8593546152114868, -2.576007843017578, 0.8166783452033997
68, 1.6187005043029785, -2.576007843017578, 0.8843954801559448
69, 1.6187005043029785, -2.576007843017578, 0.8843954801559448
70, 1.6187005043029785, -2.576007843017578, 0.8843954801559448
71, 1.6187005043029785, -2.576007843017578, 0.8843954801559448
72, 1.5813642740249634, -2.576007843017578, 0.7517092823982239
73, 1.5813642740249634, -2.576007843017578, 0.7517092823982239
74, 1.5813642740249634, -2.576007843017578, 0.7517092823982239
75, 1.5813642740249634, -2.576007843017578, 0.7517092823982239
76, 1.5813642740249634, -2.576007843017578, 0.7517092823982239
77, 1.5813642740249634, -2.576007843017578, 0.7517092823982239
78, 1.5813642740249634, -2.576007843017578, 0.7517092823982239
79, 1.5813642740249634, -2.576007843017578, 0.7517092823982239
80, 1.5813642740249634, -2.576007843017578, 0.7517092823982239
81, 1.5813642740249634, -2.576007843017578, 0.7517092823982239
82, 1.5813642740249634, -2.576007843017578, 0.7517092823982239
83, 1.5813642740249634, -2.576007843017578, 0.7517092823982239
84, 1.5813642740249634, -2.576007843017578, 0.7517092823982239
85, 1.5813642740249634, -2.576007843017578, 0.7517092823982239
86, 1.5813642740249634, -2.576007843017578, 0.7517092823982239
87, 1.8236353397369385, -2.576007843017578, 0.8133916854858398
88, 1.8236353397369385, -2.576007843017578, 0.8133916854858398
89, 1.8236353397369385, -2.576007843017578, 0.8133916854858398
90, 1.9981894493103027, -2.576007843017578, 0.6344199180603027
91, 2.172743558883667, -2.576007843017578, 0.4554481506347656
92, 2.172743558883667, -2.576007843017578, 0.4554481506347656
93, 2.2344260215759277, -2.576007843017578, 0.21317704021930695
94, 2.2961084842681885, -2.576007843017578, -0.029094070196151733
95, 2.357790946960449, -2.576007843017578, -0.2713651657104492
96, 2.41947340965271, -2.576007843017578, -0.5136362910270691
97, 2.4811558723449707, -2.576007843017578, -0.755907416343689
98, 2.5428383350372314, -2.576007843017578, -0.9981785416603088
99, 2.5428383350372314, -2.576007843017578, -0.9981785416603088
100, 2.475121259689331, -2.576007843017578, -1.238832712173462
101, 2.475121259689331, -2.576007843017578, -1.238832712173462
102, 2.5368034839630127, -2.576007843017578, -1.481103777885437
103, 2.5984857082366943, -2.5621836185455322, -1.723374843597412
104, 2.5984857082366943, -2.5621836185455322, -1.723374843597412
105, 2.5984857082366943, -2.5621836185455322, -1.723374843597412
106, 2.839139938354492, -2.5620505809783936, -1.7910919189453125
107, 3.079793930053711, -2.5744292736053467, -1.858808994293213
108, 3.3204479217529297, -2.576007843017578, -1.9265260696411133
109, 3.5611019134521484, -2.576007843017578, -1.9942431449890137
110, 3.801755905151367, -2.576007843017578, -2.061960220336914
111, 4.042409896850586, -2.576007843017578, -2.1296772956848145
112, 4.042409896850586, -2.576007843017578, -2.1296772956848145
113, 4.2846808433532715, -2.576007843017578, -2.0679948329925537
114, 4.526951789855957, -2.576007843017578, -2.006312370300293
115, 4.769222736358643, -2.576007843017578, -1.9446300268173218
116, 4.769222736358643, -2.576007843017578, -1.9446300268173218
117, 4.94819450378418, -2.576007843017578, -1.7700759172439575
118, 5.127166271209717, -2.576007843017578, -1.5955218076705933
119, 5.127166271209717, -2.576007843017578, -1.5955218076705933
120, 5.127166271209717, -2.576007843017578, -1.5955218076705933
121, 5.127166271209717, -2.576007843017578, -1.5955218076705933
122, 5.127166271209717, -2.576007843017578, -1.5955218076705933
123, 5.127166271209717, -2.576007843017578, -1.5955218076705933
124, 5.127166271209717, -2.576007843017578, -1.5955218076705933
125, 4.94819450378418, -2.576007843017578, -1.770075798034668
126, 4.94819450378418, -2.576007843017578, -1.770075798034668
127, 4.705923557281494, -2.576007843017578, -1.8317581415176392
128, 4.463652610778809, -2.576007843017578, -1.8934404850006104
129, 4.221381664276123, -2.576007843017578, -1.9551228284835815
130, 3.9791104793548584, -2.576007843017578, -2.0168051719665527
131, 3.7368392944335938, -2.576007843017578, -2.0784873962402344
132, 3.7368392944335938, -2.576007843017578, -2.0784873962402344
133, 3.496185064315796, -2.576007843017578, -2.010770320892334
134, 3.255530834197998, -2.575282096862793, -1.9430532455444336
135, 3.0148766040802, -2.5629031658172607, -1.8753361701965332
136, 2.7742223739624023, -2.5505244731903076, -1.8076190948486328
137, 2.7742223739624023, -2.5505244731903076, -1.8076190948486328
138, 2.599668264389038, -2.576007843017578, -1.6286473274230957
139, 2.425114154815674, -2.576007843017578, -1.4496755599975586
140, 2.425114154815674, -2.576007843017578, -1.4496755599975586
141, 2.425114154815674, -2.576007843017578, -1.4496755599975586
142, 2.425114154815674, -2.576007843017578, -1.4496755599975586
143, 2.425114154815674, -2.576007843017578, -1.4496755599975586
144, 2.425114154815674, -2.576007843017578, -1.4496755599975586
145, 2.425114154815674, -2.576007843017578, -1.4496755599975586
146, 2.599668264389038, -2.576007843017578, -1.6286473274230957
147, 2.7742223739624023, -2.5505244731903076, -1.8076190948486328
148, 2.7742223739624023, -2.5505244731903076, -1.8076190948486328
149, 3.014876365661621, -2.5629031658172607, -1.8753361701965332
150, 3.25553035736084, -2.575282096862793, -1.9430532455444336
151, 3.4961843490600586, -2.576007843017578, -2.010770320892334
152, 3.7368383407592773, -2.576007843017578, -2.0784873962402344
153, 3.7368383407592773, -2.576007843017578, -2.0784873962402344
154, 3.979109525680542, -2.576007843017578, -2.0168049335479736
155, 4.221380710601807, -2.576007843017578, -1.9551225900650024
156, 4.221380710601807, -2.576007843017578, -1.9551225900650024
157, 4.462034702301025, -2.576007843017578, -2.0228395462036133
158, 4.462034702301025, -2.576007843017578, -2.0228395462036133
159, 4.704305648803711, -2.576007843017578, -1.961157202720642
160, 4.704305648803711, -2.576007843017578, -1.961157202720642
161, 4.883277416229248, -2.576007843017578, -1.7866030931472778
162, 5.062249183654785, -2.576007843017578, -1.6120489835739136
163, 5.062249183654785, -2.576007843017578, -1.6120489835739136
164, 5.062249183654785, -2.576007843017578, -1.6120489835739136
165, 5.062249183654785, -2.576007843017578, -1.6120489835739136
166, 5.062249183654785, -2.576007843017578, -1.6120489835739136
167, 5.062249183654785, -2.576007843017578, -1.6120489835739136
168, 5.062249183654785, -2.576007843017578, -1.6120489835739136
169, 4.883277416229248, -2.576007843017578, -1.7866029739379883
170, 4.883277416229248, -2.576007843017578, -1.7866029739379883
171, 4.6410064697265625, -2.576007843017578, -1.8482853174209595
172, 4.398735523223877, -2.576007843017578, -1.9099676609039307
173, 4.156464576721191, -2.576007843017578, -1.9716500043869019
174, 3.9141933917999268, -2.576007843017578, -2.033332347869873
175, 3.671922206878662, -2.576007843017578, -2.0950145721435547
176, 3.671922206878662, -2.576007843017578, -2.0950145721435547
177, 3.4312679767608643, -2.576007843017578, -2.0272974967956543
178, 3.1906137466430664, -2.563755989074707, -1.959580421447754
179, 2.9499595165252686, -2.551377058029175, -1.8918633460998535
180, 2.7093052864074707, -2.5389983654022217, -1.8241462707519531
181, 2.7093052864074707, -2.5389983654022217, -1.8241462707519531
182, 2.5347511768341064, -2.576007843017578, -1.645174503326416
183, 2.5347511768341064, -2.576007843017578, -1.645174503326416
184, 2.4730687141418457, -2.576007843017578, -1.4029033184051514
185, 2.411386251449585, -2.576007843017578, -1.1606321334838867
186, 2.349703788757324, -2.576007843017578, -0.9183609485626221
187, 2.349703788757324, -2.576007843017578, -0.9183609485626221
188, 2.4174208641052246, -2.576007843017578, -0.6777068376541138
189, 2.485137939453125, -2.576007843017578, -0.43705275654792786
190, 2.485137939453125, -2.576007843017578, -0.43705275654792786
191, 2.4234557151794434, -2.576007843017578, -0.19478163123130798
192, 2.3617734909057617, -2.576007843017578, 0.04748949408531189
193, 2.30009126663208, -2.576007843017578, 0.28976061940193176
194, 2.30009126663208, -2.576007843017578, 0.28976061940193176
195, 2.30009126663208, -2.576007843017578, 0.28976061940193176
196, 2.2384090423583984, -2.576007843017578, 0.532031774520874
197, 2.2384090423583984, -2.576007843017578, 0.532031774520874
198, 2.2384090423583984, -2.576007843017578, 0.532031774520874
199, 2.2384090423583984, -2.576007843017578, 0.532031774520874
200, 2.2384090423583984, -2.576007843017578, 0.532031774520874
201, 2.2384090423583984, -2.576007843017578, 0.532031774520874
202, 2.170691967010498, -2.576007843017578, 0.2913776636123657
203, 2.170691967010498, -2.576007843017578, 0.2913776636123657
204, 2.2323741912841797, -2.576007843017578, 0.04910655319690704
205, 2.2940564155578613, -2.576007843017578, -0.19316455721855164
206, 2.355738639831543, -2.576007843017578, -0.4354356527328491
207, 2.4174208641052246, -2.576007843017578, -0.677706778049469
208, 2.4791030883789062, -2.576007843017578, -0.9199779033660889
209, 2.540785312652588, -2.576007843017578, -1.162248969078064
210, 2.540785312652588, -2.576007843017578, -1.162248969078064
211, 2.4730682373046875, -2.576007843017578, -1.4029030799865723
212, 2.4730682373046875, -2.576007843017578, -1.4029030799865723
213, 2.534750461578369, -2.576007843017578, -1.6451741456985474
214, 2.534750461578369, -2.576007843017578, -1.6451741456985474
215, 2.7093045711517334, -2.5389983654022217, -1.8241459131240845
216, 2.7093045711517334, -2.5389983654022217, -1.8241459131240845
217, 2.9499588012695312, -2.551377058029175, -1.8918629884719849
218, 3.19061279296875, -2.563755989074707, -1.9595800638198853
219, 3.4312667846679688, -2.576007843017578, -2.027297019958496
220, 3.6719207763671875, -2.576007843017578, -2.0950140953063965
221, 3.839860677719116, -2.576007843017578, -2.14227032661438
222, 3.839860677719116, -2.576007843017578, -2.14227032661438
223, 4.082131862640381, -2.576007843017578, -2.080587863922119
224, 4.324402809143066, -2.576007843017578, -2.0189054012298584
225, 4.566673755645752, -2.576007843017578, -1.9572230577468872
226, 4.8089447021484375, -2.576007843017578, -1.895540714263916
227, 5.051215648651123, -2.576007843017578, -1.8338583707809448
228, 5.051215648651123, -2.576007843017578, -1.8338583707809448
229, 5.051215648651123, -2.576007843017578, -1.8338583707809448
230, 5.051215648651123, -2.576007843017578, -1.8338583707809448
231, 5.051215648651123, -2.576007843017578, -1.8338583707809448
232, 5.051215648651123, -2.576007843017578, -1.8338583707809448
233, 5.051215648651123, -2.576007843017578, -1.8338583707809448
234, 5.051215648651123, -2.576007843017578, -1.8338583707809448
235, 5.051215648651123, -2.576007843017578, -1.8338583707809448
236, 5.051215648651123, -2.576007843017578, -1.8338583707809448
237, 5.051215648651123, -2.576007843017578, -1.8338583707809448
238, 4.8089447021484375, -2.576007843017578, -1.895540714263916
239, 4.566673755645752, -2.576007843017578, -1.9572230577468872
240, 4.324402809143066, -2.576007843017578, -2.0189054012298584
241, 4.082131862640381, -2.576007843017578, -2.08058762550354
242, 3.839860677719116, -2.576007843017578, -2.1422698497772217
243, 3.839860677719116, -2.576007843017578, -2.1422698497772217
244, 3.5992064476013184, -2.576007843017578, -2.0745527744293213
245, 3.3585522174835205, -2.572394609451294, -2.006835699081421
246, 3.1178979873657227, -2.5600156784057617, -1.9391186237335205
247, 2.877243757247925, -2.5476369857788086, -1.8714015483856201
248, 2.636589527130127, -2.5352580547332764, -1.8036844730377197
249, 2.636589527130127, -2.5352580547332764, -1.8036844730377197
250, 2.636589527130127, -2.5352580547332764, -1.8036844730377197
251, 2.574907064437866, -2.576007843017578, -1.561413288116455
252, 2.5132246017456055, -2.576007843017578, -1.3191421031951904
253, 2.4515421390533447, -2.576007843017578, -1.0768709182739258
254, 2.389859676361084, -2.576007843017578, -0.8345997333526611
255, 2.3281772136688232, -2.576007843017578, -0.5923285484313965
256, 2.3281772136688232, -2.576007843017578, -0.5923285484313965
257, 2.3958942890167236, -2.576007843017578, -0.35167446732521057
258, 2.463611364364624, -2.576007843017578, -0.11102038621902466
259, 2.463611364364624, -2.576007843017578, -0.11102038621902466
260, 2.4019291400909424, -2.576007843017578, 0.13125073909759521
261, 2.3402469158172607, -2.576007843017578, 0.3735218644142151
262, 2.3402469158172607, -2.576007843017578, 0.3735218644142151
263, 2.1656928062438965, -2.576007843017578, 0.5524936318397522
264, 2.1656928062438965, -2.576007843017578, 0.5524936318397522
265, 2.1656928062438965, -2.576007843017578, 0.5524936318397522
266, 2.1656928062438965, -2.576007843017578, 0.5524936318397522
267, 2.1656928062438965, -2.576007843017578, 0.5524936318397522
268, 2.1656928062438965, -2.576007843017578, 0.5524936318397522
269, 2.1656928062438965, -2.576007843017578, 0.5524936318397522
270, 2.1656928062438965, -2.576007843017578, 0.5524936318397522
271, 2.2273752689361572, -2.576007843017578, 0.3102225065231323
272, 2.289057731628418, -2.576007843017578, 0.06795139610767365
273, 2.3507401943206787, -2.576007843017578, -0.17431971430778503
274, 2.4124226570129395, -2.576007843017578, -0.4165908098220825
275, 2.4124226570129395, -2.576007843017578, -0.4165908098220825
276, 2.344705581665039, -2.576007843017578, -0.6572449207305908
277, 2.2769885063171387, -2.576007843017578, -0.8978990316390991
278, 2.2769885063171387, -2.576007843017578, -0.8978990316390991
279, 2.3386707305908203, -2.576007843017578, -1.1401700973510742
280, 2.400352954864502, -2.576007843017578, -1.3824411630630493
281, 2.400352954864502, -2.576007843017578, -1.3824411630630493
282, 2.574907064437866, -2.576007843017578, -1.5614129304885864
283, 2.7494611740112305, -2.5634312629699707, -1.7403846979141235
284, 2.7494611740112305, -2.5634312629699707, -1.7403846979141235
285, 2.990115165710449, -2.575809955596924, -1.808101773262024
286, 3.230769157409668, -2.576007843017578, -1.8758188486099243
287, 3.4714231491088867, -2.576007843017578, -1.9435359239578247
288, 3.7120771408081055, -2.576007843017578, -2.0112528800964355
289, 3.952731132507324, -2.576007843017578, -2.078969955444336
290, 3.952731132507324, -2.576007843017578, -2.078969955444336
291, 4.19500207901001, -2.576007843017578, -2.017287492752075
292, 4.437273025512695, -2.576007843017578, -1.955605149269104
293, 4.679543972015381, -2.576007843017578, -1.8939228057861328
294, 4.921814918518066, -2.576007843017578, -1.8322404623031616
295, 4.921814918518066, -2.576007843017578, -1.8322404623031616
296, 5.1007866859436035, -2.576007843017578, -1.6576863527297974
297, 5.1007866859436035, -2.576007843017578, -1.6576863527297974
298, 5.1007866859436035, -2.576007843017578, -1.6576863527297974
299, 5.1007866859436035, -2.576007843017578, -1.6576863527297974
300, 5.1007866859436035, -2.576007843017578, -1.6576863527297974
301, 5.1007866859436035, -2.576007843017578, -1.6576863527297974
302, 5.1007866859436035, -2.576007843017578, -1.6576863527297974
303, 5.1007866859436035, -2.576007843017578, -1.6576863527297974
304, 5.1007866859436035, -2.576007843017578, -1.6576863527297974
305, 5.1007866859436035, -2.576007843017578, -1.6576863527297974
306, 5.1007866859436035, -2.576007843017578, -1.6576863527297974
307, 5.1007866859436035, -2.576007843017578, -1.6576863527297974
308, 5.1007866859436035, -2.576007843017578, -1.6576863527297974
309, 5.1007866859436035, -2.576007843017578, -1.6576863527297974
310, 5.1007866859436035, -2.576007843017578, -1.6576863527297974
311, 5.1007866859436035, -2.576007843017578, -1.6576863527297974
312, 5.1007866859436035, -2.576007843017578, -1.6576863527297974
313, 5.1007866859436035, -2.576007843017578, -1.6576863527297974
314, 5.1007866859436035, -2.576007843017578, -1.6576863527297974
315, 5.1007866859436035, -2.576007843017578, -1.6576863527297974
316, 5.1007866859436035, -2.576007843017578, -1.6576863527297974
317, 5.1007866859436035, -2.576007843017578, -1.6576863527297974
318, 5.1007866859436035, -2.576007843017578, -1.6576863527297974
319, 5.1007866859436035, -2.576007843017578, -1.6576863527297974
320, 5.1007866859436035, -2.576007843017578, -1.6576863527297974
321, 4.921814918518066, -2.576007843017578, -1.832240343093872
322, 4.921814918518066, -2.576007843017578, -1.832240343093872
323, 4.679543972015381, -2.576007843017578, -1.8939226865768433
324, 4.437273025512695, -2.576007843017578, -1.9556050300598145
325, 4.19500207901001, -2.576007843017578, -2.017287254333496
326, 3.952730894088745, -2.576007843017578, -2.0789694786071777
327, 3.7104597091674805, -2.576007843017578, -2.1406517028808594
328, 3.7104597091674805, -2.576007843017578, -2.1406517028808594
329, 3.4698054790496826, -2.5699305534362793, -2.072934627532959
330, 3.2291512489318848, -2.557551622390747, -2.0052175521850586
331, 2.988497018814087, -2.545172929763794, -1.9375004768371582
332, 2.747842788696289, -2.5327939987182617, -1.8697834014892578
333, 2.747842788696289, -2.5327939987182617, -1.8697834014892578
334, 2.573288679122925, -2.576007843017578, -1.6908116340637207
335, 2.573288679122925, -2.576007843017578, -1.6908116340637207
336, 2.511606216430664, -2.576007843017578, -1.448540449142456
337, 2.4499237537384033, -2.576007843017578, -1.2062692642211914
338, 2.3882412910461426, -2.576007843017578, -0.9639980792999268
339, 2.326558828353882, -2.576007843017578, -0.7217268943786621
340, 2.326558828353882, -2.576007843017578, -0.7217268943786621
341, 2.3942759037017822, -2.576007843017578, -0.4810728132724762
342, 2.3942759037017822, -2.576007843017578, -0.4810728132724762
343, 2.3325936794281006, -2.576007843017578, -0.23880168795585632
344, 2.270911455154419, -2.576007843017578, 0.00346943736076355
345, 2.2092292308807373, -2.576007843017578, 0.24574056267738342
346, 2.1475470066070557, -2.576007843017578, 0.4880116879940033
347, 2.1475470066070557, -2.576007843017578, 0.4880116879940033
348, 2.1475470066070557, -2.576007843017578, 0.4880116879940033
349, 2.1475470066070557, -2.576007843017578, 0.4880116879940033
350, 2.1475470066070557, -2.576007843017578, 0.4880116879940033
351, 2.1475470066070557, -2.576007843017578, 0.4880116879940033
352, 2.1475470066070557, -2.576007843017578, 0.4880116879940033
353, 2.2092292308807373, -2.576007843017578, 0.24574057757854462
354, 2.270911455154419, -2.576007843017578, 0.0034694671630859375
355, 2.3325936794281006, -2.576007843017578, -0.23880164325237274
356, 2.3942759037017822, -2.576007843017578, -0.4810727536678314
357, 2.455958127975464, -2.576007843017578, -0.7233438491821289
358, 2.5176403522491455, -2.576007843017578, -0.9656149744987488
359, 2.5176403522491455, -2.576007843017578, -0.9656149744987488
360, 2.449923276901245, -2.576007843017578, -1.2062690258026123
361, 2.449923276901245, -2.576007843017578, -1.2062690258026123
362, 2.511605739593506, -2.576007843017578, -1.4485400915145874
363, 2.511605739593506, -2.576007843017578, -1.4485400915145874
364, 2.68615984916687, -2.576007843017578, -1.6275118589401245
365, 6.000063419342041, 2.8239920139312744, 0.8071935772895813
