1, -3.920745372772217, -0.13692936301231384, 2.9016287326812744
2, -3.920745372772217, -0.13692936301231384, 2.9016287326812744
3, -3.920745372772217, -0.13692936301231384, 2.9016287326812744
4, -3.920745372772217, -0.13692936301231384, 2.9016287326812744
5, -3.920745372772217, -0.13692936301231384, 2.9016287326812744
6, -3.920745372772217, -0.13692936301231384, 2.9016287326812744
7, -3.920745372772217, -0.13692936301231384, 2.9016287326812744
8, -3.920745372772217, -0.13692936301231384, 2.9016287326812744
9, -3.920745372772217, -0.13692936301231384, 2.9016287326812744
10, -3.920745372772217, -0.13692936301231384, 2.9016287326812744
11, -3.920745372772217, -0.13692936301231384, 2.9016287326812744
12, -3.920745372772217, -0.13692936301231384, 2.9016287326812744
13, -3.920745372772217, -0.13692936301231384, 2.9016287326812744
14, -3.920745372772217, -0.13692936301231384, 2.9016287326812744
15, -3.920745372772217, -0.13692936301231384, 2.9016287326812744
16, -3.924666166305542, 0.00841793417930603, 2.6516594886779785
17, -3.928586959838867, 0.01920294761657715, 2.4016902446746826
18, -3.928586959838867, 0.01920294761657715, 2.4016902446746826
19, -3.928586959838867, 0.01920294761657715, 2.4016902446746826
20, -3.928586959838867, 0.01920294761657715, 2.4016902446746826
21, -4.056967258453369, 0.01920294761657715, 2.18717098236084
22, -4.185347557067871, 0.01920294761657715, 1.9726516008377075
23, -4.185347557067871, 0.01920294761657715, 1.9726516008377075
24, -4.185347557067871, 0.01920294761657715, 1.9726516008377075
25, -4.435317039489746, 0.01920294761657715, 1.9765722751617432
26, -4.435317039489746, 0.01920294761657715, 1.9765722751617432
27, -4.435317039489746, 0.01920294761657715, 1.9765722751617432
28, -4.435317039489746, 0.01920294761657715, 1.9765722751617432
29, -4.439237594604492, 0.01920294761657715, 1.7266030311584473
30, -4.443158149719238, 0.01920294761657715, 1.4766337871551514
31, -4.447078704833984, 0.01920294761657715, 1.2266645431518555
32, -4.4509992599487305, 0.01920294761657715, 0.9766952991485596
33, -4.454919815063477, 0.01920294761657715, 0.7267260551452637
34, -4.458840370178223, 0.01920294761657715, 0.4767568111419678
35, -4.462760925292969, 0.01920294761657715, 0.22678755223751068
36, -4.466681480407715, 0.01920294761657715, -0.02318170666694641
37, -4.470602035522461, 0.01920294761657715, -0.2731509804725647
38, -4.474522590637207, 0.01920294761657715, -0.5231202244758606
39, -4.474522590637207, 0.01920294761657715, -0.5231202244758606
40, -4.352933406829834, 0.01920294761657715, -0.7415603399276733
41, -4.352933406829834, 0.01920294761657715, -0.7415603399276733
42, -4.352933406829834, 0.01920294761657715, -0.7415603399276733
43, -4.352933406829834, 0.01920294761657715, -0.7415603399276733
44, -4.352933406829834, 0.01920294761657715, -0.7415603399276733
45, -4.352933406829834, 0.01920294761657715, -0.7415603399276733
46, -4.352933406829834, 0.01920294761657715, -0.7415603399276733
47, -4.474522590637207, 0.01920294761657715, -0.5231202244758606
48, -4.474522590637207, 0.01920294761657715, -0.5231202244758606
49, -4.470602035522461, 0.01920294761657715, -0.2731509804725647
50, -4.466681480407715, 0.01920294761657715, -0.0231817364692688
51, -4.462760925292969, 0.01920294761657715, 0.2267875075340271
52, -4.458840370178223, 0.01920294761657715, 0.476756751537323
53, -4.454919815063477, 0.01920294761657715, 0.7267259955406189
54, -4.4509992599487305, 0.01920294761657715, 0.9766952395439148
55, -4.4509992599487305, 0.01920294761657715, 0.9766952395439148
56, -4.4509992599487305, 0.01920294761657715, 0.9766952395439148
57, -4.2325592041015625, 0.01920294761657715, 1.098284363746643
58, -4.0141191482543945, 0.01920294761657715, 1.2198735475540161
59, -3.7956790924072266, 0.01920294761657715, 1.3414627313613892
60, -3.7956790924072266, 0.01920294761657715, 1.3414627313613892
61, -3.5457098484039307, 0.01920294761657715, 1.3375420570373535
62, -3.2957406044006348, 0.01920294761657715, 1.3336213827133179
63, -3.045771360397339, 0.01920294761657715, 1.3297007083892822
64, -3.045771360397339, 0.01920294761657715, 1.3297007083892822
65, -3.045771360397339, 0.01920294761657715, 1.3297007083892822
66, -3.045771360397339, 0.01920294761657715, 1.3297007083892822
67, -3.045771360397339, 0.01920294761657715, 1.3297007083892822
68, -3.167360544204712, 0.01920294761657715, 1.5481407642364502
69, -3.167360544204712, 0.01920294761657715, 1.5481407642364502
70, -3.3818798065185547, 0.01920294761657715, 1.676520824432373
71, -3.5963993072509766, 0.01920294761657715, 1.804900884628296
72, -3.8109188079833984, 0.01920294761657715, 1.9332809448242188
73, -4.02543830871582, 0.01920294761657715, 2.0616610050201416
74, -4.02543830871582, 0.01920294761657715, 2.0616610050201416
75, -4.275407791137695, 0.01920294761657715, 2.065581798553467
76, -4.52537727355957, 0.01920294761657715, 2.069502592086792
77, -4.775346755981445, 0.01920294761657715, 2.073423385620117
78, -5.02531623840332, 0.01920294761657715, 2.0773441791534424
79, -5.275285720825195, 0.01920294761657715, 2.0812649726867676
80, -5.275285720825195, 0.01920294761657715, 2.0812649726867676
81, -5.489805221557617, 0.01920294761657715, 2.2096450328826904
82, -5.704324722290039, 0.01920294761657715, 2.3380250930786133
83, -5.704324722290039, 0.01920294761657715, 2.3380250930786133
84, -5.704324722290039, 0.01920294761657715, 2.3380250930786133
85, -5.704324722290039, 0.01920294761657715, 2.3380250930786133
86, -5.704324722290039, 0.01920294761657715, 2.3380250930786133
87, -5.922764778137207, 0.01920294761657715, 2.2164359092712402
88, -6.141204833984375, 0.01920294761657715, 2.094846725463867
89, -6.141204833984375, 0.01920294761657715, 2.094846725463867
90, -6.269585132598877, 0.01920294761657715, 1.8803273439407349
91, -6.269585132598877, 0.01920294761657715, 1.8803273439407349
92, -6.269585132598877, 0.01920294761657715, 1.8803273439407349
93, -6.269585132598877, 0.01920294761657715, 1.8803273439407349
94, -6.269585132598877, 0.01920294761657715, 1.8803273439407349
95, -6.269585132598877, 0.01920294761657715, 1.8803273439407349
96, -6.269585132598877, 0.01920294761657715, 1.8803273439407349
97, -6.019615650177002, 0.01920294761657715, 1.8764066696166992
98, -5.769646167755127, 0.01920294761657715, 1.872485876083374
99, -5.519676685333252, 0.01920294761657715, 1.8685650825500488
100, -5.269707202911377, 0.01920294761657715, 1.8646442890167236
101, -5.019737720489502, 0.01920294761657715, 1.8607234954833984
102, -4.769768238067627, 0.01920294761657715, 1.8568027019500732
103, -4.519798755645752, 0.01920294761657715, 1.852881908416748
104, -4.269829273223877, 0.01920294761657715, 1.8489611148834229
105, -4.019859790802002, 0.01920294761657715, 1.8450403213500977
106, -3.769890546798706, 0.01920294761657715, 1.8411195278167725
107, -3.51992130279541, 0.01920294761657715, 1.8371987342834473
108, -3.2699520587921143, 0.01920294761657715, 1.833277940750122
109, -3.0199828147888184, 0.01920294761657715, 1.8293571472167969
110, -2.7700135707855225, 0.01920294761657715, 1.8254363536834717
111, -2.7700135707855225, 0.01920294761657715, 1.8254363536834717
112, -2.7700135707855225, 0.01920294761657715, 1.8254363536834717
113, -2.7700135707855225, 0.01920294761657715, 1.8254363536834717
114, -2.7700135707855225, 0.01920294761657715, 1.8254363536834717
115, -2.5200443267822266, 0.01920294761657715, 1.8215155601501465
116, -2.2700750827789307, 0.01920294761657715, 1.8175947666168213
117, -2.0201058387756348, 0.01920294761657715, 1.813673973083496
118, -1.7701365947723389, 0.01920294761657715, 1.809753179550171
119, -1.520167350769043, 0.01920294761657715, 1.8058323860168457
120, -1.270198106765747, 0.01920294761657715, 1.8019115924835205
121, -1.270198106765747, 0.01920294761657715, 1.8019115924835205
122, -1.051758050918579, 0.01920294761657715, 1.9235007762908936
123, -1.051758050918579, 0.01920294761657715, 1.9235007762908936
124, -1.051758050918579, 0.01920294761657715, 1.9235007762908936
125, -1.051758050918579, 0.01920294761657715, 1.9235007762908936
126, -1.051758050918579, 0.01920294761657715, 1.9235007762908936
127, -1.051758050918579, 0.01920294761657715, 1.9235007762908936
128, -1.051758050918579, 0.01920294761657715, 1.9235007762908936
129, -0.8372386693954468, 0.01920294761657715, 1.7951207160949707
130, -0.8372386693954468, 0.01920294761657715, 1.7951207160949707
131, -0.8372386693954468, 0.01920294761657715, 1.7951207160949707
132, -0.8411594033241272, 0.01920294761657715, 1.5451514720916748
133, -0.8450801372528076, 0.01920294761657715, 1.295182228088379
134, -0.849000871181488, 0.01920294761657715, 1.045212984085083
135, -0.8529216051101685, 0.01920294761657715, 0.7952437400817871
136, -0.8568423390388489, 0.01920294761657715, 0.5452744960784912
137, -0.8607630729675293, 0.01920294761657715, 0.2953052520751953
138, -0.8646838068962097, 0.01920294761657715, 0.04533599317073822
139, -0.8686045408248901, 0.01920294761657715, -0.20463326573371887
140, -0.8725252747535706, 0.01920294761657715, -0.45460253953933716
141, -0.876446008682251, 0.01920294761657715, -0.7045717835426331
142, -0.876446008682251, 0.01920294761657715, -0.7045717835426331
143, -0.7548568248748779, 0.01920294761657715, -0.9230118989944458
144, -0.7548568248748779, 0.01920294761657715, -0.9230118989944458
145, -0.7587775588035583, 0.01920294761657715, -1.1729811429977417
146, -0.7587775588035583, 0.01920294761657715, -1.1729811429977417
147, -0.6371883749961853, 0.01920294761657715, -1.3914211988449097
148, -0.6371883749961853, 0.01920294761657715, -1.3914211988449097
149, -0.5079313516616821, 0.01920294761657715, -1.4687756299972534
150, -0.5079313516616821, 0.01920294761657715, -1.4687756299972534
151, -0.5079313516616821, 0.01920294761657715, -1.4687756299972534
152, -0.5079313516616821, 0.01920294761657715, -1.4687756299972534
153, -0.5079313516616821, 0.01920294761657715, -1.4687756299972534
154, -0.5079313516616821, 0.01920294761657715, -1.4687756299972534
155, -0.5079313516616821, 0.01920294761657715, -1.4687756299972534
156, -0.5079313516616821, 0.01920294761657715, -1.4687756299972534
157, -0.38634219765663147, 0.01920294761657715, -1.6872156858444214
158, -0.38634219765663147, 0.01920294761657715, -1.6872156858444214
159, -0.38634219765663147, 0.01920294761657715, -1.6872156858444214
160, -0.3435983955860138, 0.01920294761657715, -1.687886118888855
161, -0.3435983955860138, 0.01920294761657715, -1.687886118888855
162, -0.3435983955860138, 0.01920294761657715, -1.687886118888855
163, -0.3435983955860138, 0.01920294761657715, -1.687886118888855
164, -0.3435983955860138, 0.01920294761657715, -1.687886118888855
165, -0.3435983955860138, 0.01920294761657715, -1.687886118888855
166, -0.5581177473068237, 0.01920294761657715, -1.5595059394836426
167, -0.5581177473068237, 0.01920294761657715, -1.5595059394836426
168, -0.6797069311141968, 0.01920294761657715, -1.3410658836364746
169, -0.8012961149215698, 0.01920294761657715, -1.1226258277893066
170, -0.9228852987289429, 0.01920294761657715, -0.9041857123374939
171, -0.9228852987289429, 0.01920294761657715, -0.9041857123374939
172, -0.9189645648002625, 0.01920294761657715, -0.654216468334198
173, -0.915043830871582, 0.01920294761657715, -0.4042472243309021
174, -0.915043830871582, 0.01920294761657715, -0.4042472243309021
175, -1.036633014678955, 0.01920294761657715, -0.18580710887908936
176, -1.1582221984863281, 0.01920294761657715, 0.03263300657272339
177, -1.2798113822937012, 0.01920294761657715, 0.25107312202453613
178, -1.4014005661010742, 0.01920294761657715, 0.4695132374763489
179, -1.5229897499084473, 0.01920294761657715, 0.6879533529281616
180, -1.5229897499084473, 0.01920294761657715, 0.6879533529281616
181, -1.7375091314315796, 0.01920294761657715, 0.8163334727287292
182, -1.952028512954712, 0.01920294761657715, 0.9447135925292969
183, -2.1665477752685547, 0.01920294761657715, 1.0730936527252197
184, -2.3810670375823975, 0.01920294761657715, 1.2014737129211426
185, -2.5955862998962402, 0.01920294761657715, 1.3298537731170654
186, -2.810105562210083, 0.01920294761657715, 1.4582338333129883
187, -3.024624824523926, 0.01920294761657715, 1.5866138935089111
188, -3.2391440868377686, 0.01920294761657715, 1.714993953704834
189, -3.4536633491516113, 0.01920294761657715, 1.8433740139007568
190, -3.4536633491516113, 0.01920294761657715, 1.8433740139007568
191, -3.4536633491516113, 0.01920294761657715, 1.8433740139007568
192, -3.4536633491516113, 0.01920294761657715, 1.8433740139007568
193, -3.4536633491516113, 0.01920294761657715, 1.8433740139007568
194, -3.4536633491516113, 0.01920294761657715, 1.8433740139007568
195, -3.4536633491516113, 0.01920294761657715, 1.8433740139007568
196, -3.2391438484191895, 0.01920294761657715, 1.714993953704834
197, -3.2391438484191895, 0.01920294761657715, 1.714993953704834
198, -2.9891746044158936, 0.01920294761657715, 1.7110732793807983
199, -2.7392053604125977, 0.01920294761657715, 1.7071526050567627
200, -2.4892361164093018, 0.01920294761657715, 1.703231930732727
201, -2.239266872406006, 0.01920294761657715, 1.6993112564086914
202, -1.98929762840271, 0.01920294761657715, 1.6953905820846558
203, -1.739328384399414, 0.01920294761657715, 1.6914699077606201
204, -1.4893591403961182, 0.01920294761657715, 1.6875492334365845
205, -1.4893591403961182, 0.01920294761657715, 1.6875492334365845
206, -1.2709190845489502, 0.01920294761657715, 1.809138536453247
207, -1.0524790287017822, 0.01920294761657715, 1.9307277202606201
208, -0.9513380527496338, 0.01920294761657715, 1.987025260925293
209, -0.9513380527496338, 0.01920294761657715, 1.987025260925293
210, -0.9513380527496338, 0.01920294761657715, 1.987025260925293
211, -0.9513380527496338, 0.01920294761657715, 1.987025260925293
212, -0.9513380527496338, 0.01920294761657715, 1.987025260925293
213, -0.9513380527496338, 0.01920294761657715, 1.987025260925293
214, -0.9513380527496338, 0.01920294761657715, 1.987025260925293
215, -0.9513380527496338, 0.01920294761657715, 1.987025260925293
216, -0.9513380527496338, 0.01920294761657715, 1.987025260925293
217, -0.7013688087463379, 0.01920294761657715, 1.9831045866012573
218, -0.7013688087463379, 0.01920294761657715, 1.9831045866012573
219, -0.7013688087463379, 0.01920294761657715, 1.9831045866012573
220, -0.572988748550415, 0.01920294761657715, 2.1976239681243896
221, -0.4446086883544922, 0.01920294761657715, 2.4121434688568115
222, -0.4446086883544922, 0.01920294761657715, 2.4121434688568115
223, -0.4446086883544922, 0.01920294761657715, 2.4121434688568115
224, -0.4446086883544922, 0.01920294761657715, 2.4121434688568115
225, -0.4446086883544922, 0.01920294761657715, 2.4121434688568115
226, -0.4446086883544922, 0.01920294761657715, 2.4121434688568115
227, -0.4446086883544922, 0.01920294761657715, 2.4121434688568115
228, -0.572988748550415, 0.01920294761657715, 2.1976242065429688
229, -0.7013688087463379, 0.01920294761657715, 1.9831048250198364
230, -0.7013688087463379, 0.01920294761657715, 1.9831048250198364
231, -0.9198089241981506, 0.01920294761657715, 1.8615156412124634
232, -1.1382490396499634, 0.01920294761657715, 1.7399264574050903
233, -1.1382490396499634, 0.01920294761657715, 1.7399264574050903
234, -1.3882182836532593, 0.01920294761657715, 1.743847131729126
235, -1.6381875276565552, 0.01920294761657715, 1.7477679252624512
236, -1.888156771659851, 0.01920294761657715, 1.7516887187957764
237, -2.1381261348724365, 0.01920294761657715, 1.7556095123291016
238, -2.3880953788757324, 0.01920294761657715, 1.7595303058624268
239, -2.6380646228790283, 0.01920294761657715, 1.763451099395752
240, -2.888033866882324, 0.01920294761657715, 1.7673718929290771
241, -3.13800311088562, 0.01920294761657715, 1.7712926864624023
242, -3.13800311088562, 0.01920294761657715, 1.7712926864624023
243, -3.352522373199463, 0.01920294761657715, 1.8996727466583252
244, -3.5670416355133057, 0.01920294761657715, 2.028052806854248
245, -3.5670416355133057, 0.01920294761657715, 2.028052806854248
246, -3.5670416355133057, 0.01920294761657715, 2.028052806854248
247, -3.5670416355133057, 0.01920294761657715, 2.028052806854248
248, -3.5670416355133057, 0.01920294761657715, 2.028052806854248
249, -3.5631208419799805, 0.001299247145652771, 2.278022050857544
250, -3.5631208419799805, 0.001299247145652771, 2.278022050857544
251, -3.6847100257873535, -0.01982945203781128, 2.496462106704712
252, -3.8062992095947266, -0.040958136320114136, 2.71490216255188
253, -3.8062992095947266, -0.040958136320114136, 2.71490216255188
254, -3.8023784160614014, -0.1485324203968048, 2.964871406555176
255, -3.8002569675445557, -0.23127225041389465, 3.100119113922119
256, -3.8002569675445557, -0.23127225041389465, 3.100119113922119
257, -3.8002569675445557, -0.23127225041389465, 3.100119113922119
258, -3.8002569675445557, -0.23127225041389465, 3.100119113922119
259, -3.8002569675445557, -0.23127225041389465, 3.100119113922119
260, -3.949781894683838, -0.32084500789642334, 3.189603090286255
261, -3.949781894683838, -0.32084500789642334, 3.189603090286255
262, -3.949781894683838, -0.32084500789642334, 3.189603090286255
263, -3.9482831954956055, -0.37929821014404297, 3.285151720046997
264, -3.9482831954956055, -0.37929821014404297, 3.285151720046997
265, -3.9482831954956055, -0.37929821014404297, 3.285151720046997
266, -3.9482831954956055, -0.37929821014404297, 3.285151720046997
267, -3.9482831954956055, -0.37929821014404297, 3.285151720046997
268, -3.9482831954956055, -0.37929821014404297, 3.285151720046997
269, -3.9482831954956055, -0.37929821014404297, 3.285151720046997
270, -3.9482831954956055, -0.37929821014404297, 3.285151720046997
271, -3.9482831954956055, -0.37929821014404297, 3.285151720046997
272, -3.9482831954956055, -0.37929821014404297, 3.285151720046997
273, -3.9482831954956055, -0.37929821014404297, 3.285151720046997
274, -3.9482831954956055, -0.37929821014404297, 3.285151720046997
275, -3.9482831954956055, -0.37929821014404297, 3.285151720046997
276, -3.9482831954956055, -0.37929821014404297, 3.285151720046997
277, -3.9482831954956055, -0.37929821014404297, 3.285151720046997
278, -3.9482831954956055, -0.37929821014404297, 3.285151720046997
279, -3.9482831954956055, -0.37929821014404297, 3.285151720046997
280, -3.949781894683838, -0.38019609451293945, 3.286048650741577
281, -3.949781894683838, -0.38019609451293945, 3.286048650741577
282, -3.949781894683838, -0.38019609451293945, 3.286048650741577
283, -3.949781894683838, -0.38019609451293945, 3.286048650741577
284, -3.949781894683838, -0.38019609451293945, 3.286048650741577
285, -3.949781894683838, -0.38019609451293945, 3.286048650741577
286, -3.949781894683838, -0.38019609451293945, 3.286048650741577
287, -3.949781894683838, -0.38019609451293945, 3.286048650741577
288, -3.9494476318359375, -0.3804626762866974, 3.286607265472412
289, -3.9494476318359375, -0.3804626762866974, 3.286607265472412
290, -3.9494476318359375, -0.3804626762866974, 3.286607265472412
291, -3.9494476318359375, -0.3804626762866974, 3.286607265472412
292, -3.9494476318359375, -0.3804626762866974, 3.286607265472412
293, -3.9494476318359375, -0.3804626762866974, 3.286607265472412
294, -3.9494476318359375, -0.3804626762866974, 3.286607265472412
295, -3.9494476318359375, -0.3804626762866974, 3.286607265472412
296, -3.8278584480285645, -0.2179790586233139, 3.068167209625244
297, -3.7062692642211914, -0.10331647098064423, 2.849727153778076
298, -3.7062692642211914, -0.10331647098064423, 2.849727153778076
299, -3.7101900577545166, -0.03883962333202362, 2.5997579097747803
300, -3.714110851287842, 0.01920294761657715, 2.3497886657714844
301, -3.714110851287842, 0.01920294761657715, 2.3497886657714844
302, -3.5925216674804688, 0.01920294761657715, 2.1313486099243164
303, -3.4709324836730957, 0.01920294761657715, 1.9129085540771484
304, -3.4709324836730957, 0.01920294761657715, 1.9129085540771484
305, -3.256413221359253, 0.01920294761657715, 1.7845284938812256
306, -3.256413221359253, 0.01920294761657715, 1.7845284938812256
307, -3.256413221359253, 0.01920294761657715, 1.7845284938812256
308, -3.256413221359253, 0.01920294761657715, 1.7845284938812256
309, -3.256413221359253, 0.01920294761657715, 1.7845284938812256
310, -3.256413221359253, 0.01920294761657715, 1.7845284938812256
311, -3.256413221359253, 0.01920294761657715, 1.7845284938812256
312, -3.4709324836730957, 0.01920294761657715, 1.912908673286438
313, -3.6854517459869385, 0.01920294761657715, 2.0412888526916504
314, -3.6854517459869385, 0.01920294761657715, 2.0412888526916504
315, -3.6854517459869385, 0.01920294761657715, 2.0412888526916504
316, -3.6815309524536133, 0.01920294761657715, 2.2912580966949463
317, -3.677610158920288, -0.03317832946777344, 2.541227340698242
318, -3.673689365386963, -0.09765517711639404, 2.791196584701538
319, -3.673689365386963, -0.09765517711639404, 2.791196584701538
320, -3.795278549194336, -0.17444196343421936, 3.009636878967285
321, -3.795278549194336, -0.17444196343421936, 3.009636878967285
322, -3.7939822673797607, -0.22499756515026093, 3.092275857925415
323, -3.7939822673797607, -0.22499756515026093, 3.092275857925415
324, -3.7939822673797607, -0.22499756515026093, 3.092275857925415
325, -3.7939822673797607, -0.22499756515026093, 3.092275857925415
326, -3.949781894683838, -0.31832921504974365, 3.1855149269104004
327, -3.949781894683838, -0.31832921504974365, 3.1855149269104004
328, -3.949781894683838, -0.31832921504974365, 3.1855149269104004
329, -3.9482202529907227, -0.37923532724380493, 3.2850730419158936
330, -3.9482202529907227, -0.37923532724380493, 3.2850730419158936
331, -3.9482202529907227, -0.37923532724380493, 3.2850730419158936
332, -3.9482202529907227, -0.37923532724380493, 3.2850730419158936
333, -3.9482202529907227, -0.37923532724380493, 3.2850730419158936
334, -3.949781894683838, -0.38017088174819946, 3.2860076427459717
335, -3.949781894683838, -0.38017088174819946, 3.2860076427459717
336, -3.949781894683838, -0.38017088174819946, 3.2860076427459717
337, -3.949781894683838, -0.38017088174819946, 3.2860076427459717
338, -3.9494335651397705, -0.3804486095905304, 3.2865896224975586
339, -3.9494335651397705, -0.3804486095905304, 3.2865896224975586
340, -3.9494335651397705, -0.3804486095905304, 3.2865896224975586
341, -3.9494335651397705, -0.3804486095905304, 3.2865896224975586
342, -3.9494335651397705, -0.3804486095905304, 3.2865896224975586
343, -3.9494335651397705, -0.3804486095905304, 3.2865896224975586
344, -3.9494335651397705, -0.3804486095905304, 3.2865896224975586
345, -3.9494335651397705, -0.3804486095905304, 3.2865896224975586
346, -3.9494335651397705, -0.3804486095905304, 3.2865896224975586
347, -3.9494335651397705, -0.3804486095905304, 3.2865896224975586
348, -3.9494335651397705, -0.3804486095905304, 3.2865896224975586
349, -3.949781894683838, -0.38065725564956665, 3.2867980003356934
350, -3.949781894683838, -0.38065725564956665, 3.2867980003356934
351, -3.949781894683838, -0.38065725564956665, 3.2867980003356934
352, -3.949781894683838, -0.38065725564956665, 3.2867980003356934
353, -3.949781894683838, -0.38065725564956665, 3.2867980003356934
354, -3.949781894683838, -0.38065725564956665, 3.2867980003356934
355, -3.949781894683838, -0.38065725564956665, 3.2867980003356934
356, -3.949781894683838, -0.38065725564956665, 3.2867980003356934
357, -3.828192949295044, -0.21817362308502197, 3.0683579444885254
358, -3.70660400390625, -0.10327053815126419, 2.8499178886413574
359, -3.70660400390625, -0.10327053815126419, 2.8499178886413574
360, -3.710524797439575, -0.03879368305206299, 2.5999486446380615
361, -3.7144455909729004, 0.01920294761657715, 2.3499794006347656
362, -3.7144455909729004, 0.01920294761657715, 2.3499794006347656
363, -3.8428258895874023, 0.01920294761657715, 2.135460138320923
364, -3.8428258895874023, 0.01920294761657715, 2.135460138320923
365, -4.06126594543457, 0.01920294761657715, 2.013871192932129
366, -4.06126594543457, 0.01920294761657715, 2.013871192932129
367, -4.311235427856445, 0.01920294761657715, 2.017792224884033
368, -4.56120491027832, 0.01920294761657715, 2.0217132568359375
369, -4.811174392700195, 0.01920294761657715, 2.025634288787842
370, -5.06114387512207, 0.01920294761657715, 2.029555320739746
371, -5.311113357543945, 0.01920294761657715, 2.0334763526916504
372, -5.311113357543945, 0.01920294761657715, 2.0334763526916504
373, -5.525632858276367, 0.01920294761657715, 2.1618566513061523
374, -5.740152359008789, 0.01920294761657715, 2.2902369499206543
375, -5.740152359008789, 0.01920294761657715, 2.2902369499206543
376, -5.861741542816162, 0.01920294761657715, 2.5086772441864014
377, -5.983330726623535, 0.01920294761657715, 2.7271175384521484
378, -6.104919910430908, 0.01920294761657715, 2.9455578327178955
379, -6.104919910430908, 0.01920294761657715, 2.9455578327178955
380, -6.104919910430908, 0.01920294761657715, 2.9455578327178955
381, -6.104919910430908, 0.01920294761657715, 2.9455578327178955
382, -6.104919910430908, 0.01920294761657715, 2.9455578327178955
383, -6.104919910430908, 0.01920294761657715, 2.9455578327178955
384, -6.104919910430908, 0.01920294761657715, 2.9455578327178955
385, -5.983330726623535, 0.01920294761657715, 2.7271175384521484
386, -5.861741542816162, 0.01920294761657715, 2.5086772441864014
387, -5.740152359008789, 0.01920294761657715, 2.2902369499206543
388, -5.740152359008789, 0.01920294761657715, 2.2902369499206543
389, -5.525632858276367, 0.01920294761657715, 2.1618566513061523
390, -5.311113357543945, 0.01920294761657715, 2.0334763526916504
391, -5.311113357543945, 0.01920294761657715, 2.0334763526916504
392, -5.06114387512207, 0.01920294761657715, 2.029555559158325
393, -4.811174392700195, 0.01920294761657715, 2.025634765625
394, -4.811174392700195, 0.01920294761657715, 2.025634765625
395, -4.811174392700195, 0.01920294761657715, 2.025634765625
396, -4.56120491027832, 0.01920294761657715, 2.021713972091675
397, -4.56120491027832, 0.01920294761657715, 2.021713972091675
398, -4.346685409545898, 0.01920294761657715, 1.8933336734771729
399, -4.132165908813477, 0.01920294761657715, 1.764953374862671
400, -4.132165908813477, 0.01920294761657715, 1.764953374862671
401, -3.8821966648101807, 0.01920294761657715, 1.7610324621200562
402, -3.6322274208068848, 0.01920294761657715, 1.7571115493774414
403, -3.382258176803589, 0.01920294761657715, 1.7531906366348267
404, -3.132288932800293, 0.01920294761657715, 1.749269723892212
405, -3.132288932800293, 0.01920294761657715, 1.749269723892212
406, -3.132288932800293, 0.01920294761657715, 1.749269723892212
407, -2.882319688796997, 0.01920294761657715, 1.7453488111495972
408, -2.632350444793701, 0.01920294761657715, 1.7414278984069824
409, -2.3823812007904053, 0.01920294761657715, 1.7375069856643677
410, -2.1324119567871094, 0.01920294761657715, 1.733586072921753
411, -1.8824427127838135, 0.01920294761657715, 1.7296651601791382
412, -1.6324734687805176, 0.01920294761657715, 1.7257442474365234
413, -1.3825042247772217, 0.01920294761657715, 1.7218233346939087
414, -1.3825042247772217, 0.01920294761657715, 1.7218233346939087
415, -1.1640640497207642, 0.01920294761657715, 1.8434123992919922
416, -0.9456238746643066, 0.01920294761657715, 1.9650014638900757
417, -0.9456238746643066, 0.01920294761657715, 1.9650014638900757
418, -0.9456238746643066, 0.01920294761657715, 1.9650014638900757
419, -0.9456238746643066, 0.01920294761657715, 1.9650014638900757
420, -0.8639766573905945, 0.01920294761657715, 2.101431369781494
421, -0.8639764785766602, 0.01920294761657715, 2.1014316082000732
422, -0.8639764785766602, 0.01920294761657715, 2.1014316082000732
423, -0.6455363035202026, 0.01920294761657715, 2.223020553588867
424, -0.6455363035202026, 0.01920294761657715, 2.223020553588867
425, -0.5171560645103455, 0.01920294761657715, 2.43753981590271
426, -0.3887758255004883, 0.01920294761657715, 2.6520590782165527
427, -0.3887758255004883, 0.01920294761657715, 2.6520590782165527
428, -0.38485491275787354, 0.01920294761657715, 2.9020283222198486
429, -0.3809340000152588, 0.01920294761657715, 3.1519975662231445
430, -0.37701308727264404, 0.01920294761657715, 3.4019668102264404
431, -0.37701308727264404, 0.01920294761657715, 3.4019668102264404
432, -0.37701308727264404, 0.01920294761657715, 3.4019668102264404
433, -0.37701308727264404, 0.01920294761657715, 3.4019668102264404
434, -0.37701308727264404, 0.01920294761657715, 3.4019668102264404
435, -0.37701308727264404, 0.01920294761657715, 3.4019668102264404
436, -0.37701308727264404, 0.01920294761657715, 3.4019668102264404
437, -0.37701308727264404, 0.01920294761657715, 3.4019668102264404
438, -0.37701308727264404, 0.01920294761657715, 3.4019668102264404
439, -0.37701308727264404, 0.01920294761657715, 3.4019668102264404
440, -0.12704382836818695, 0.01920294761657715, 3.398045778274536
441, 0.12292543053627014, 0.01920294761657715, 3.394124746322632
442, 0.3728947043418884, 0.01920294761657715, 3.3902037143707275
443, 0.3728947043418884, 0.01920294761657715, 3.3902037143707275
444, 0.5874139666557312, 0.01920294761657715, 3.2618234157562256
445, 0.5874139666557312, 0.01920294761657715, 3.2618234157562256
446, 0.5874139666557312, 0.01920294761657715, 3.2618234157562256
447, 0.5874139666557312, 0.01920294761657715, 3.2618234157562256
448, 0.5874139666557312, 0.01920294761657715, 3.2618234157562256
449, 0.5874139666557312, 0.01920294761657715, 3.2618234157562256
450, 0.3374446928501129, 0.01920294761657715, 3.26574444770813
451, 0.08747541904449463, 0.01920294761657715, 3.269665479660034
452, 0.08747541904449463, 0.01920294761657715, 3.269665479660034
453, -0.13096481561660767, 0.01920294761657715, 3.1480765342712402
454, -0.13096481561660767, 0.01920294761657715, 3.1480765342712402
455, -0.2593451142311096, 0.01920294761657715, 2.9335572719573975
456, -0.3877254128456116, 0.01920294761657715, 2.7190380096435547
457, -0.5161057114601135, 0.01920294761657715, 2.504518747329712
458, -0.6444860100746155, 0.01920294761657715, 2.289999485015869
459, -0.7728663086891174, 0.01920294761657715, 2.0754802227020264
460, -0.7728663086891174, 0.01920294761657715, 2.0754802227020264
461, -0.9913065433502197, 0.01920294761657715, 1.9538912773132324
462, -1.2097468376159668, 0.01920294761657715, 1.8323023319244385
463, -1.2097468376159668, 0.01920294761657715, 1.8323023319244385
464, -1.4597160816192627, 0.01920294761657715, 1.8362233638763428
465, -1.7096853256225586, 0.01920294761657715, 1.840144395828247
466, -1.9596545696258545, 0.01920294761657715, 1.8440654277801514
467, -2.2096238136291504, 0.01920294761657715, 1.8479864597320557
468, -2.4595930576324463, 0.01920294761657715, 1.85190749168396
469, -2.709562301635742, 0.01920294761657715, 1.8558285236358643
470, -2.959531545639038, 0.01920294761657715, 1.8597495555877686
471, -3.209500789642334, 0.01920294761657715, 1.8636705875396729
472, -3.45947003364563, 0.01920294761657715, 1.8675916194915771
473, -3.45947003364563, 0.01920294761657715, 1.8675916194915771
474, -3.6739892959594727, 0.01920294761657715, 1.995971918106079
475, -3.6739892959594727, 0.01920294761657715, 1.995971918106079
476, -3.6739892959594727, 0.01920294761657715, 1.995971918106079
477, -3.6700682640075684, 0.01920294761657715, 2.245941162109375
478, -3.666147232055664, -0.024918541312217712, 2.495910406112671
479, -3.6622262001037598, -0.08939545601606369, 2.745879650115967
480, -3.6583051681518555, -0.16020885109901428, 2.9958488941192627
481, -3.6583051681518555, -0.16020885109901428, 2.9958488941192627
482, -3.681224822998047, -0.18079686164855957, 3.037024974822998
483, -3.681224822998047, -0.18079686164855957, 3.037024974822998
484, -3.681224822998047, -0.18079686164855957, 3.037024974822998
485, -3.681224822998047, -0.18079686164855957, 3.037024974822998
486, -3.681224822998047, -0.18079686164855957, 3.037024974822998
487, -3.681224822998047, -0.18079686164855957, 3.037024974822998
488, -3.899665117263794, -0.14056147634983063, 2.915436029434204
489, -3.899665117263794, -0.14056147634983063, 2.915436029434204
490, -3.899665117263794, -0.14056147634983063, 2.915436029434204
491, -3.949781894683838, -0.17058385908603668, 2.9454286098480225
492, -3.949781894683838, -0.17058385908603668, 2.9454286098480225
493, -3.949781894683838, -0.17058385908603668, 2.9454286098480225
494, -3.949781894683838, -0.17058385908603668, 2.9454286098480225
495, -3.9458608627319336, -0.3235061466693878, 3.1953978538513184
496, -3.9445266723632812, -0.37554165720939636, 3.2804558277130127
497, -3.9445266723632812, -0.37554165720939636, 3.2804558277130127
498, -3.9445266723632812, -0.37554165720939636, 3.2804558277130127
499, -3.9445266723632812, -0.37554165720939636, 3.2804558277130127
