1, 0.14692431688308716, 0.16337794065475464, -6.15545654296875
2, 0.14692431688308716, 0.16337794065475464, -6.15545654296875
3, 0.14692431688308716, 0.16337794065475464, -6.15545654296875
4, 0.14692431688308716, 0.16337794065475464, -6.15545654296875
5, 0.14692431688308716, 0.16337794065475464, -6.15545654296875
6, 0.14692431688308716, 0.16337794065475464, -6.15545654296875
7, 0.14692431688308716, 0.16337794065475464, -6.15545654296875
8, 0.14692431688308716, 0.16337794065475464, -6.15545654296875
9, 0.14692431688308716, 0.16337794065475464, -6.15545654296875
10, 0.14692431688308716, 0.16337794065475464, -6.15545654296875
11, 0.14692431688308716, 0.16337794065475464, -6.15545654296875
12, 0.14692431688308716, 0.16337794065475464, -6.15545654296875
13, 0.013175606727600098, 0.16337794065475464, -6.366670608520508
14, -0.12057310342788696, 0.16337794065475464, -6.577884674072266
15, -0.254321813583374, 0.16337794065475464, -6.789098739624023
16, -0.3880705237388611, 0.16337794065475464, -7.000312805175781
17, -0.3880705237388611, 0.16337794065475464, -7.000312805175781
18, -0.6095072031021118, 0.16337794065475464, -7.116354942321777
19, -0.6095072031021118, 0.16337794065475464, -7.116354942321777
20, -0.8592981100082397, 0.16337794065475464, -7.1061320304870605
21, -0.8743229508399963, 0.16337794065475464, -5.027812480926514
