1, -0.26782119274139404, 2.5949201583862305, -13.492325782775879
2, -0.26782119274139404, 2.5949201583862305, -13.492325782775879
3, -0.26782119274139404, 2.5949201583862305, -13.492325782775879
4, -0.26782119274139404, 2.5949201583862305, -13.492325782775879
5, -0.26782119274139404, 2.5949201583862305, -13.492325782775879
6, -0.26782119274139404, 2.5949201583862305, -13.492325782775879
7, -0.26782119274139404, 2.5949201583862305, -13.492325782775879
8, -0.26782119274139404, 2.5949201583862305, -13.492325782775879
9, -0.26782119274139404, 2.5949201583862305, -13.492325782775879
10, -0.26782119274139404, 2.5949201583862305, -13.492325782775879
11, -0.26782119274139404, 2.5949201583862305, -13.492325782775879
12, -0.26782119274139404, 2.5949201583862305, -13.492325782775879
13, -0.26782119274139404, 2.5949201583862305, -13.492325782775879
14, -0.26782119274139404, 2.5949201583862305, -13.492325782775879
15, -0.26782119274139404, 2.5949201583862305, -13.492325782775879
16, -0.26782119274139404, 2.5949201583862305, -13.492325782775879
17, -0.26782119274139404, 2.5949201583862305, -13.492325782775879
18, -0.08359575271606445, 2.5949201583862305, -13.661325454711914
19, -0.08359575271606445, 2.5949201583862305, -13.661325454711914
20, 0.1604481339454651, 2.5949201583862305, -13.715571403503418
21, 0.1604481339454651, 2.5949201583862305, -13.715571403503418
22, 0.1604481339454651, 2.5949201583862305, -13.715571403503418
23, 0.1604481339454651, 2.5949201583862305, -13.715571403503418
24, 0.2657807767391205, 2.5949201583862305, -13.682424545288086
25, 0.2657807767391205, 2.5949201583862305, -13.682424545288086
26, 0.2657807767391205, 2.5949201583862305, -13.682424545288086
27, 0.2657807767391205, 2.5949201583862305, -13.682424545288086
28, 0.4500062167644501, 2.5949201583862305, -13.851424217224121
29, 0.4500062167644501, 2.5949201583862305, -13.851424217224121
30, 0.4500062167644501, 2.5949201583862305, -13.851424217224121
31, 0.6884772181510925, 2.5949201583862305, -13.77638053894043
32, 0.6884772181510925, 2.5949201583862305, -13.77638053894043
33, 0.6884772181510925, 2.5949201583862305, -13.77638053894043
34, 0.9269481897354126, 2.5949201583862305, -13.701336860656738
35, 1.1654192209243774, 2.5949201583862305, -13.626293182373047
36, 1.1654192209243774, 2.5949201583862305, -13.626293182373047
37, 1.1654192209243774, 2.5949201583862305, -13.626293182373047
38, 1.1654192209243774, 2.5949201583862305, -13.626293182373047
39, 1.4094631671905518, 2.5949201583862305, -13.68053913116455
40, 1.4094631671905518, 2.5949201583862305, -13.68053913116455
41, 1.4094631671905518, 2.5949201583862305, -13.68053913116455
42, 1.4094631671905518, 2.5949201583862305, -13.68053913116455
43, 1.4768164157867432, 2.5949201583862305, -13.742325782775879
44, 1.4768164157867432, 2.5949201583862305, -13.742325782775879
45, 1.4768164157867432, 2.5949201583862305, -13.742325782775879
46, 1.4768164157867432, 2.5949201583862305, -13.742325782775879
47, 1.4768164157867432, 2.5949201583862305, -13.742325782775879
48, 1.6518245935440063, 2.5949201583862305, -13.68725299835205
49, 1.6518245935440063, 2.5949201583862305, -13.68725299835205
50, 1.6518245935440063, 2.5949201583862305, -13.68725299835205
51, 1.6518245935440063, 2.5949201583862305, -13.68725299835205
52, 1.7268685102462769, 2.5949201583862305, -13.925724029541016
53, 1.8019124269485474, 2.5949201583862305, -14.16419506072998
54, 1.8019124269485474, 2.5949201583862305, -14.16419506072998
55, 1.747666835784912, 2.5949201583862305, -14.408239364624023
56, 1.6934212446212769, 2.5949201583862305, -14.652283668518066
57, 1.6934212446212769, 2.5949201583862305, -14.652283668518066
58, 1.6934212446212769, 2.5949201583862305, -14.652283668518066
59, 1.6391756534576416, 2.5949201583862305, -14.89632797241211
60, 1.5849300622940063, 2.5949201583862305, -15.140372276306152
61, 1.530684471130371, 2.5949201583862305, -15.384416580200195
62, 1.4764388799667358, 2.5949201583862305, -15.628460884094238
63, 1.4764388799667358, 2.5949201583862305, -15.628460884094238
64, 1.4764388799667358, 2.5949201583862305, -15.628460884094238
65, 1.6606643199920654, 2.5949201583862305, -15.797460556030273
66, 1.6606643199920654, 2.5949201583862305, -15.797460556030273
67, 1.735708236694336, 2.5949201583862305, -16.035930633544922
68, 1.735708236694336, 2.5949201583862305, -16.035930633544922
69, 1.735708236694336, 2.5949201583862305, -16.035930633544922
70, 1.735708236694336, 2.5949201583862305, -16.035930633544922
71, 1.735708236694336, 2.5949201583862305, -16.035930633544922
72, 1.735708236694336, 2.5949201583862305, -16.035930633544922
73, 1.735708236694336, 2.5949201583862305, -16.035930633544922
74, 1.735708236694336, 2.5949201583862305, -16.035930633544922
75, 1.735708236694336, 2.5949201583862305, -16.035930633544922
76, 1.735708236694336, 2.5949201583862305, -16.035930633544922
77, 1.6814626455307007, 2.5949201583862305, -16.27997398376465
78, 1.6814626455307007, 2.5949201583862305, -16.27997398376465
79, 1.7565065622329712, 2.5949201583862305, -16.518444061279297
80, 1.7565065622329712, 2.5949201583862305, -16.518444061279297
81, 1.702260971069336, 2.5949201583862305, -16.762487411499023
82, 1.702260971069336, 2.5949201583862305, -16.762487411499023
83, 1.7773048877716064, 2.5949201583862305, -17.000957489013672
84, 1.7773048877716064, 2.5949201583862305, -17.000957489013672
85, 1.7773048877716064, 2.5949201583862305, -17.000957489013672
86, 1.7773048877716064, 2.5949201583862305, -17.000957489013672
87, 1.961530327796936, 2.5949201583862305, -17.169958114624023
88, 1.961530327796936, 2.5949201583862305, -17.169958114624023
89, 1.961530327796936, 2.5949201583862305, -17.169958114624023
90, 1.961530327796936, 2.5949201583862305, -17.169958114624023
91, 1.961530327796936, 2.5949201583862305, -17.169958114624023
92, 1.7230592966079712, 2.5949201583862305, -17.24500274658203
93, 1.7230592966079712, 2.5949201583862305, -17.24500274658203
94, 1.4790153503417969, 2.5949201583862305, -17.190757751464844
95, 1.234971523284912, 2.5949201583862305, -17.136512756347656
96, 0.9909276366233826, 2.5949201583862305, -17.08226776123047
97, 0.746883749961853, 2.5949201583862305, -17.02802276611328
98, 0.746883749961853, 2.5949201583862305, -17.02802276611328
99, 0.746883749961853, 2.5949201583862305, -17.02802276611328
100, 0.5888025760650635, 2.5949201583862305, -16.99288558959961
101, 0.5888025760650635, 2.5949201583862305, -16.99288558959961
102, 0.5888025760650635, 2.5949201583862305, -16.99288558959961
103, 0.5888025760650635, 2.5949201583862305, -16.99288558959961
104, 0.5888025760650635, 2.5949201583862305, -16.99288558959961
105, 0.5888025760650635, 2.5949201583862305, -16.99288558959961
106, 0.5888025760650635, 2.5949201583862305, -16.99288558959961
107, 0.5888025760650635, 2.5949201583862305, -16.99288558959961
108, 0.5888025760650635, 2.5949201583862305, -16.99288558959961
109, 0.4045771360397339, 2.5949201583862305, -16.823884963989258
110, 0.4045771360397339, 2.5949201583862305, -16.823884963989258
111, 0.4045771360397339, 2.5949201583862305, -16.823884963989258
112, 0.16610614955425262, 2.5949201583862305, -16.898929595947266
113, 0.16610614955425262, 2.5949201583862305, -16.898929595947266
114, -0.002893805503845215, 2.5949201583862305, -17.083154678344727
115, -0.002893805503845215, 2.5949201583862305, -17.083154678344727
116, -0.05713934451341629, 2.5949201583862305, -17.327198028564453
117, -0.11138488352298737, 2.5949201583862305, -17.57124137878418
118, -0.16563042998313904, 2.5949201583862305, -17.815284729003906
119, 2.3438076972961426, 2.794919967651367, -10.546031951904297
