1, -3.145893096923828, 0.021223172545433044, 2.422337293624878
2, -3.145893096923828, 0.021223172545433044, 2.422337293624878
3, -3.145893096923828, 0.021223172545433044, 2.422337293624878
4, -3.145893096923828, 0.021223172545433044, 2.422337293624878
5, -3.145893096923828, 0.021223172545433044, 2.422337293624878
6, -3.145893096923828, 0.021223172545433044, 2.422337293624878
7, -3.145893096923828, 0.021223172545433044, 2.422337293624878
8, -3.145893096923828, 0.021223172545433044, 2.422337293624878
9, -3.145893096923828, 0.021223172545433044, 2.422337293624878
10, -3.145893096923828, 0.021223172545433044, 2.422337293624878
11, -3.145893096923828, 0.021223172545433044, 2.422337293624878
12, -3.145893096923828, 0.021223172545433044, 2.422337293624878
13, -3.0619566440582275, 0.021223172545433044, 2.4367520809173584
14, -3.0619566440582275, 0.021223172545433044, 2.4367520809173584
15, -3.0619566440582275, 0.021223172545433044, 2.4367520809173584
16, -2.8697311878204346, 0.021223172545433044, 2.5965938568115234
17, -2.8697311878204346, 0.021223172545433044, 2.5965938568115234
18, -2.623338222503662, 0.021223172545433044, 2.6389081478118896
19, -2.3769452571868896, 0.021223172545433044, 2.681222438812256
20, -2.130552291870117, 0.021223172545433044, 2.723536729812622
21, -1.8841593265533447, 0.021223172545433044, 2.7658510208129883
22, -1.6377663612365723, 0.021223172545433044, 2.8081653118133545
23, -1.6377663612365723, 0.021223172545433044, 2.8081653118133545
24, -1.403226613998413, 0.021223172545433044, 2.721613883972168
25, -1.168686866760254, 0.021223172545433044, 2.6350624561309814
26, -1.168686866760254, 0.021223172545433044, 2.6350624561309814
27, -0.9222938418388367, 0.021223172545433044, 2.6773767471313477
28, -0.6759008169174194, 0.021223172545433044, 2.719691038131714
29, -0.4295077919960022, 0.021223172545433044, 2.76200532913208
30, -0.18311476707458496, 0.021223172545433044, 2.8043196201324463
31, 0.06327825784683228, 0.021223172545433044, 2.8466339111328125
32, 0.06327825784683228, 0.021223172545433044, 2.8466339111328125
33, 0.06327825784683228, 0.021223172545433044, 2.8466339111328125
34, 0.06327825784683228, 0.021223172545433044, 2.8466339111328125
35, 0.06327825784683228, 0.021223172545433044, 2.8466339111328125
36, 0.3096712529659271, 0.021223172545433044, 2.8889482021331787
37, 0.556064248085022, 0.021223172545433044, 2.931262493133545
38, 0.556064248085022, 0.021223172545433044, 2.931262493133545
39, 0.556064248085022, 0.021223172545433044, 2.931262493133545
40, 0.556064248085022, 0.021223172545433044, 2.931262493133545
41, 0.556064248085022, 0.021223172545433044, 2.931262493133545
42, 0.642615556716919, 0.021223172545433044, 3.165802240371704
43, 0.7291668653488159, 0.021223172545433044, 3.4003419876098633
44, 0.7291668653488159, 0.021223172545433044, 3.4003419876098633
45, 0.6868526339530945, 0.021223172545433044, 3.6467349529266357
46, 0.644538402557373, 0.021223172545433044, 3.893127918243408
47, 0.644538402557373, 0.021223172545433044, 3.893127918243408
48, 0.4846966862678528, 0.021223172545433044, 4.085353374481201
49, 0.3248549699783325, 0.021223172545433044, 4.277578830718994
50, 0.16501326858997345, 0.021223172545433044, 4.469804286956787
51, 0.16501326858997345, 0.021223172545433044, 4.469804286956787
52, 0.16501326858997345, 0.021223172545433044, 4.469804286956787
53, 0.16501326858997345, 0.021223172545433044, 4.469804286956787
54, 0.16501326858997345, 0.021223172545433044, 4.469804286956787
55, 0.16501326858997345, 0.021223172545433044, 4.469804286956787
56, 0.31691932678222656, 0.021223172545433044, 4.4137468338012695
57, 0.31691932678222656, 0.021223172545433044, 4.4137468338012695
58, 0.31691932678222656, 0.021223172545433044, 4.4137468338012695
59, 0.31691932678222656, 0.021223172545433044, 4.4137468338012695
60, 0.31691932678222656, 0.021223172545433044, 4.4137468338012695
61, 0.31691932678222656, 0.021223172545433044, 4.4137468338012695
62, 0.31691932678222656, 0.021223172545433044, 4.4137468338012695
63, 0.31691932678222656, 0.021223172545433044, 4.4137468338012695
64, 0.31691932678222656, 0.021223172545433044, 4.4137468338012695
65, 0.31691932678222656, 0.021223172545433044, 4.4137468338012695
66, 0.31691932678222656, 0.021223172545433044, 4.4137468338012695
67, 0.31691932678222656, 0.021223172545433044, 4.4137468338012695
68, 0.31691932678222656, 0.021223172545433044, 4.4137468338012695
69, 0.23036795854568481, 0.021223172545433044, 4.1792073249816895
70, 0.23036795854568481, 0.021223172545433044, 4.1792073249816895
71, 0.23036795854568481, 0.021223172545433044, 4.1792073249816895
72, 0.3902096152305603, 0.021223172545433044, 3.9869818687438965
73, 0.5500512719154358, 0.021223172545433044, 3.7947564125061035
74, 0.7098929286003113, 0.021223172545433044, 3.6025309562683105
75, 0.8697345852851868, 0.021223172545433044, 3.4103055000305176
76, 1.029576301574707, 0.021223172545433044, 3.2180800437927246
77, 1.029576301574707, 0.021223172545433044, 3.2180800437927246
78, 1.2641160488128662, 0.021223172545433044, 3.131528615951538
79, 1.4986557960510254, 0.021223172545433044, 3.0449771881103516
80, 1.7331955432891846, 0.021223172545433044, 2.958425760269165
81, 1.9677352905273438, 0.021223172545433044, 2.8718743324279785
82, 2.202275037765503, 0.021223172545433044, 2.785322904586792
83, 2.436814785003662, 0.021223172545433044, 2.6987714767456055
84, 2.6713545322418213, 0.021223172545433044, 2.612220048904419
85, 2.9058942794799805, 0.021223172545433044, 2.5256686210632324
86, 3.1404340267181396, 0.021223172545433044, 2.439117193222046
87, 3.1404340267181396, 0.021223172545433044, 2.439117193222046
88, 3.386826992034912, 0.021223172545433044, 2.481431484222412
89, 3.6332199573516846, 0.021223172545433044, 2.523745536804199
90, 3.879612922668457, 0.021223172545433044, 2.5660595893859863
91, 4.126006126403809, 0.021223172545433044, 2.6083736419677734
92, 4.37239933013916, 0.021223172545433044, 2.6506876945495605
93, 4.618792533874512, 0.021223172545433044, 2.6930017471313477
94, 4.618792533874512, 0.021223172545433044, 2.6930017471313477
95, 4.618792533874512, 0.021223172545433044, 2.6930017471313477
96, 4.618792533874512, 0.021223172545433044, 2.6930017471313477
97, 4.618792533874512, 0.021223172545433044, 2.6930017471313477
98, 4.618792533874512, 0.021223172545433044, 2.6930017471313477
99, 4.618792533874512, 0.021223172545433044, 2.6930017471313477
100, 4.37239933013916, 0.021223172545433044, 2.6506876945495605
101, 4.126006126403809, 0.021223172545433044, 2.6083736419677734
102, 3.879613161087036, 0.021223172545433044, 2.5660595893859863
103, 3.6332201957702637, 0.021223172545433044, 2.523745536804199
104, 3.386827230453491, 0.021223172545433044, 2.481431484222412
105, 3.386827230453491, 0.021223172545433044, 2.481431484222412
106, 3.152287483215332, 0.021223172545433044, 2.5679829120635986
107, 3.152287483215332, 0.021223172545433044, 2.5679829120635986
108, 2.992445945739746, 0.021223172545433044, 2.7602083683013916
109, 2.992445945739746, 0.021223172545433044, 2.7602083683013916
110, 2.992445945739746, 0.021223172545433044, 2.7602083683013916
111, 2.992445945739746, 0.021223172545433044, 2.7602083683013916
112, 2.992445945739746, 0.021223172545433044, 2.7602083683013916
113, 2.9058945178985596, 0.021223172545433044, 2.5256686210632324
114, 2.819343090057373, 0.021223172545433044, 2.2911288738250732
115, 2.819343090057373, 0.021223172545433044, 2.2911288738250732
116, 2.8616573810577393, 0.021223172545433044, 2.044735908508301
117, 2.9039716720581055, 0.021223172545433044, 1.7983429431915283
118, 2.9462859630584717, 0.021223172545433044, 1.5519499778747559
119, 2.988600254058838, 0.021223172545433044, 1.3055570125579834
120, 3.030914545059204, 0.021223172545433044, 1.059164047241211
121, 3.0732288360595703, 0.021223172545433044, 0.8127710819244385
122, 3.0732288360595703, 0.021223172545433044, 0.8127710819244385
123, 3.0732288360595703, 0.021223172545433044, 0.8127710819244385
124, 3.3077685832977295, 0.021223172545433044, 0.7262197732925415
125, 3.5423083305358887, 0.021223172545433044, 0.6396684646606445
126, 3.776848077774048, 0.021223172545433044, 0.5531171560287476
127, 4.011387825012207, 0.021223172545433044, 0.4665658473968506
128, 4.245927333831787, 0.021223172545433044, 0.3800145387649536
129, 4.480466842651367, 0.021223172545433044, 0.29346323013305664
130, 4.715006351470947, 0.021223172545433044, 0.20691190659999847
131, 4.715006351470947, 0.021223172545433044, 0.20691190659999847
132, 4.715006351470947, 0.021223172545433044, 0.20691190659999847
133, 4.715006351470947, 0.021223172545433044, 0.20691190659999847
134, 4.715006351470947, 0.021223172545433044, 0.20691190659999847
135, 4.715006351470947, 0.021223172545433044, 0.20691190659999847
136, 4.715006351470947, 0.021223172545433044, 0.20691190659999847
137, 4.480466842651367, 0.021223172545433044, 0.29346323013305664
138, 4.245927333831787, 0.021223172545433044, 0.3800145387649536
139, 4.011387825012207, 0.021223172545433044, 0.4665658473968506
140, 3.776848077774048, 0.021223172545433044, 0.5531171560287476
141, 3.5423083305358887, 0.021223172545433044, 0.6396684646606445
142, 3.3077685832977295, 0.021223172545433044, 0.7262197732925415
143, 3.3077685832977295, 0.021223172545433044, 0.7262197732925415
144, 3.1479268074035645, 0.021223172545433044, 0.9184452891349792
145, 2.9880850315093994, 0.021223172545433044, 1.110670804977417
146, 2.9880850315093994, 0.021223172545433044, 1.110670804977417
147, 2.945770740509033, 0.021223172545433044, 1.3570637702941895
148, 2.903456449508667, 0.021223172545433044, 1.603456735610962
149, 2.861142158508301, 0.021223172545433044, 1.8498497009277344
150, 2.8188278675079346, 0.021223172545433044, 2.096242666244507
151, 2.7765135765075684, 0.021223172545433044, 2.3426356315612793
152, 2.734199285507202, 0.021223172545433044, 2.5890285968780518
153, 2.734199285507202, 0.021223172545433044, 2.5890285968780518
154, 2.8207504749298096, 0.021223172545433044, 2.823568344116211
155, 2.907301664352417, 0.021223172545433044, 3.05810809135437
156, 2.9938528537750244, 0.021223172545433044, 3.2926478385925293
157, 3.0169191360473633, 0.021223172545433044, 3.355153799057007
158, 3.0169191360473633, 0.021223172545433044, 3.355153799057007
159, 2.974604845046997, 0.021223172545433044, 3.6015467643737793
160, 2.932290554046631, 0.021223172545433044, 3.8479397296905518
161, 2.8899762630462646, 0.021223172545433044, 4.094332695007324
162, 2.8899762630462646, 0.021223172545433044, 4.094332695007324
163, 2.976527690887451, 0.021223172545433044, 4.3288726806640625
164, 3.0630788803100586, 0.021223172545433044, 4.563412666320801
165, 3.149630069732666, 0.021223172545433044, 4.797952651977539
166, 3.2361812591552734, 0.021223172545433044, 5.032492637634277
167, 3.322732448577881, 0.021223172545433044, 5.267032623291016
168, 3.322732448577881, 0.021223172545433044, 5.267032623291016
169, 3.514957904815674, 0.021223172545433044, 5.426874160766602
170, 3.707183361053467, 0.021223172545433044, 5.5867156982421875
171, 3.8994088172912598, 0.021223172545433044, 5.746557235717773
172, 4.091634273529053, 0.021223172545433044, 5.906398773193359
173, 4.091634273529053, 0.021223172545433044, 5.906398773193359
174, 4.338027477264404, 0.021223172545433044, 5.9487128257751465
175, 4.338027477264404, 0.021223172545433044, 5.9487128257751465
176, 4.338027477264404, 0.021223172545433044, 5.9487128257751465
177, 4.338027477264404, 0.021223172545433044, 5.9487128257751465
178, 4.338027477264404, 0.021223172545433044, 5.9487128257751465
179, 4.338027477264404, 0.021223172545433044, 5.9487128257751465
180, 4.338027477264404, 0.021223172545433044, 5.9487128257751465
181, 4.091634273529053, 0.021223172545433044, 5.906398773193359
182, 4.091634273529053, 0.021223172545433044, 5.906398773193359
183, 3.8994088172912598, 0.021223172545433044, 5.746557235717773
184, 3.707183361053467, 0.021223172545433044, 5.5867156982421875
185, 3.514957904815674, 0.021223172545433044, 5.426874160766602
186, 3.514957904815674, 0.021223172545433044, 5.426874160766602
187, 3.4284067153930664, 0.021223172545433044, 5.1923346519470215
188, 3.341855525970459, 0.021223172545433044, 4.957795143127441
189, 3.2553043365478516, 0.021223172545433044, 4.723255634307861
190, 3.168753147125244, 0.021223172545433044, 4.488716125488281
191, 3.1010687351226807, 0.021223172545433044, 4.305302619934082
192, 3.1010687351226807, 0.021223172545433044, 4.305302619934082
193, 3.1010687351226807, 0.021223172545433044, 4.305302619934082
194, 3.1010687351226807, 0.021223172545433044, 4.305302619934082
195, 3.1010687351226807, 0.021223172545433044, 4.305302619934082
196, 2.86691951751709, 0.021223172545433044, 4.265091419219971
197, 2.86691951751709, 0.021223172545433044, 4.265091419219971
198, 2.86691951751709, 0.021223172545433044, 4.265091419219971
199, 2.86691951751709, 0.021223172545433044, 4.265091419219971
200, 2.86691951751709, 0.021223172545433044, 4.265091419219971
201, 3.0169191360473633, 0.021223172545433044, 4.084702014923096
202, 3.0169191360473633, 0.021223172545433044, 4.084702014923096
203, 3.0169191360473633, 0.021223172545433044, 4.084702014923096
204, 3.0169191360473633, 0.021223172545433044, 4.084702014923096
205, 2.930367946624756, 0.021223172545433044, 3.8501622676849365
206, 2.86691951751709, 0.021223172545433044, 3.678227186203003
207, 2.86691951751709, 0.021223172545433044, 3.678227186203003
208, 2.909233808517456, 0.021223172545433044, 3.4318342208862305
209, 2.909233808517456, 0.021223172545433044, 3.4318342208862305
210, 3.0169191360473633, 0.021223172545433044, 3.3023321628570557
211, 3.0169191360473633, 0.021223172545433044, 3.3023321628570557
212, 3.0169191360473633, 0.021223172545433044, 3.3023321628570557
213, 3.0169191360473633, 0.021223172545433044, 3.3023321628570557
214, 2.8246936798095703, 0.021223172545433044, 3.1424903869628906
215, 2.6324682235717773, 0.021223172545433044, 2.9826486110687256
216, 2.6324682235717773, 0.021223172545433044, 2.9826486110687256
217, 2.386075258255005, 0.021223172545433044, 2.9403343200683594
218, 2.1396822929382324, 0.021223172545433044, 2.898020029067993
219, 1.89328932762146, 0.021223172545433044, 2.855705738067627
220, 1.6468963623046875, 0.021223172545433044, 2.8133914470672607
221, 1.400503396987915, 0.021223172545433044, 2.7710771560668945
222, 1.1541104316711426, 0.021223172545433044, 2.7287628650665283
223, 0.9077174663543701, 0.021223172545433044, 2.686448574066162
224, 0.6613245010375977, 0.021223172545433044, 2.644134283065796
225, 0.4149315059185028, 0.021223172545433044, 2.6018199920654297
226, 0.16853851079940796, 0.021223172545433044, 2.5595057010650635
227, -0.07785448431968689, 0.021223172545433044, 2.5171914100646973
228, -0.32424747943878174, 0.021223172545433044, 2.474877119064331
229, -0.5706404447555542, 0.021223172545433044, 2.432562828063965
230, -0.5706404447555542, 0.021223172545433044, 2.432562828063965
231, -0.8051801919937134, 0.021223172545433044, 2.5191140174865723
232, -1.0397199392318726, 0.021223172545433044, 2.6056652069091797
233, -1.2742596864700317, 0.021223172545433044, 2.692216396331787
234, -1.508799433708191, 0.021223172545433044, 2.7787675857543945
235, -1.74333918094635, 0.021223172545433044, 2.865318775177002
236, -1.74333918094635, 0.021223172545433044, 2.865318775177002
237, -1.9897321462631226, 0.021223172545433044, 2.8230044841766357
238, -2.2361252307891846, 0.021223172545433044, 2.7806901931762695
239, -2.482518196105957, 0.021223172545433044, 2.7383759021759033
240, -2.7289111614227295, 0.021223172545433044, 2.696061611175537
241, -2.975304126739502, 0.021223172545433044, 2.653747320175171
242, -3.2216970920562744, 0.021223172545433044, 2.6114330291748047
243, -3.468090057373047, 0.021223172545433044, 2.5691187381744385
244, -3.468090057373047, 0.021223172545433044, 2.5691187381744385
245, -3.702629804611206, 0.021223172545433044, 2.655670166015625
246, -3.9371695518493652, 0.021223172545433044, 2.7422213554382324
247, -4.171709060668945, 0.021223172545433044, 2.82877254486084
248, -4.171709060668945, 0.021223172545433044, 2.82877254486084
249, -4.331550598144531, 0.021223172545433044, 3.020998001098633
250, -4.331550598144531, 0.021223172545433044, 3.020998001098633
251, -4.331550598144531, 0.021223172545433044, 3.020998001098633
252, -4.331550598144531, 0.021223172545433044, 3.020998001098633
253, -4.373864650726318, 0.021223172545433044, 3.2673909664154053
254, -4.373864650726318, 0.021223172545433044, 3.2673909664154053
255, -4.287313461303711, 0.021223172545433044, 3.5019307136535645
256, -4.2007622718811035, 0.021223172545433044, 3.7364704608917236
257, -4.114211082458496, 0.021223172545433044, 3.971010208129883
258, -4.027659893035889, 0.021223172545433044, 4.205550193786621
259, -4.027659893035889, 0.021223172545433044, 4.205550193786621
260, -4.069973945617676, 0.021223172545433044, 4.451943397521973
261, -4.112287998199463, 0.021223172545433044, 4.698336601257324
262, -4.15460205078125, 0.021223172545433044, 4.944729804992676
263, -4.196916103363037, 0.021223172545433044, 5.191123008728027
264, -4.239230155944824, 0.021223172545433044, 5.437516212463379
265, -4.281544208526611, 0.021223172545433044, 5.6839094161987305
266, -4.2830810546875, 0.021223172545433044, 5.6928582191467285
267, -4.2830810546875, 0.021223172545433044, 5.6928582191467285
268, -4.2830810546875, 0.021223172545433044, 5.6928582191467285
269, -4.196529865264893, 0.021223172545433044, 5.927398204803467
270, -4.196529865264893, 0.021223172545433044, 5.927398204803467
271, -4.196529865264893, 0.021223172545433044, 5.927398204803467
272, -4.3563714027404785, 0.021223172545433044, 6.11962366104126
273, -4.5162129402160645, 0.021223172545433044, 6.311849117279053
274, -4.5162129402160645, 0.021223172545433044, 6.311849117279053
275, -4.5162129402160645, 0.021223172545433044, 6.311849117279053
276, -4.5162129402160645, 0.021223172545433044, 6.311849117279053
277, -4.7507524490356445, 0.021223172545433044, 6.39840030670166
278, -4.7507524490356445, 0.021223172545433044, 6.39840030670166
279, -4.997145652770996, 0.021223172545433044, 6.356086254119873
280, -5.243538856506348, 0.021223172545433044, 6.313772201538086
281, -5.489932060241699, 0.021223172545433044, 6.271458148956299
282, -5.736325263977051, 0.021223172545433044, 6.229144096374512
283, -5.982718467712402, 0.021223172545433044, 6.186830043792725
284, -5.982718467712402, 0.021223172545433044, 6.186830043792725
285, -5.982718467712402, 0.021223172545433044, 6.186830043792725
286, -5.982718467712402, 0.021223172545433044, 6.186830043792725
287, -5.982718467712402, 0.021223172545433044, 6.186830043792725
288, -5.982718467712402, 0.021223172545433044, 6.186830043792725
289, -5.982718467712402, 0.021223172545433044, 6.186830043792725
290, -5.736325263977051, 0.021223172545433044, 6.229144096374512
291, -5.489932060241699, 0.021223172545433044, 6.271458148956299
292, -5.243538856506348, 0.021223172545433044, 6.313772201538086
293, -4.997145652770996, 0.021223172545433044, 6.356086254119873
294, -4.997145652770996, 0.021223172545433044, 6.356086254119873
295, -4.762606143951416, 0.021223172545433044, 6.269535064697266
296, -4.528066635131836, 0.021223172545433044, 6.182983875274658
297, -4.528066635131836, 0.021223172545433044, 6.182983875274658
298, -4.36822509765625, 0.021223172545433044, 5.990758419036865
299, -4.36822509765625, 0.021223172545433044, 5.990758419036865
300, -4.36822509765625, 0.021223172545433044, 5.990758419036865
301, -4.208383560180664, 0.021223172545433044, 5.798532962799072
302, -4.208383560180664, 0.021223172545433044, 5.798532962799072
303, -4.166069507598877, 0.021223172545433044, 5.552139759063721
304, -4.12375545501709, 0.021223172545433044, 5.305746555328369
305, -4.081441402435303, 0.021223172545433044, 5.059353351593018
306, -4.039127349853516, 0.021223172545433044, 4.812960147857666
307, -3.9968130588531494, 0.021223172545433044, 4.5665669441223145
308, -3.9968130588531494, 0.021223172545433044, 4.5665669441223145
309, -4.083364486694336, 0.021223172545433044, 4.332027435302734
310, -4.169915676116943, 0.021223172545433044, 4.097487926483154
311, -4.256466865539551, 0.021223172545433044, 3.862948179244995
312, -4.343018054962158, 0.021223172545433044, 3.628408432006836
313, -4.429569244384766, 0.021223172545433044, 3.3938686847686768
314, -4.516120433807373, 0.021223172545433044, 3.1593289375305176
315, -4.6026716232299805, 0.021223172545433044, 2.9247891902923584
316, -4.689222812652588, 0.021223172545433044, 2.690249443054199
317, -4.775774002075195, 0.021223172545433044, 2.45570969581604
318, -4.775774002075195, 0.021223172545433044, 2.45570969581604
319, -4.967999458312988, 0.021223172545433044, 2.295867919921875
320, -5.160224914550781, 0.021223172545433044, 2.13602614402771
321, -5.323880195617676, 0.021223172545433044, 1.9999414682388306
322, -5.323880195617676, 0.021223172545433044, 1.9999414682388306
323, -5.323880195617676, 0.021223172545433044, 1.9999414682388306
324, -5.323880195617676, 0.021223172545433044, 1.9999414682388306
325, -5.323880195617676, 0.021223172545433044, 1.9999414682388306
326, -5.323880195617676, 0.021223172545433044, 1.9999414682388306
327, -5.323880195617676, 0.021223172545433044, 1.9999414682388306
328, -5.131654739379883, 0.021223172545433044, 2.159783124923706
329, -4.93942928314209, 0.021223172545433044, 2.319624900817871
330, -4.747203826904297, 0.021223172545433044, 2.479466676712036
331, -4.747203826904297, 0.021223172545433044, 2.479466676712036
332, -4.6606526374816895, 0.021223172545433044, 2.7140064239501953
333, -4.574101448059082, 0.021223172545433044, 2.9485461711883545
334, -4.487550258636475, 0.021223172545433044, 3.1830859184265137
335, -4.400999069213867, 0.021223172545433044, 3.417625665664673
336, -4.400999069213867, 0.021223172545433044, 3.417625665664673
337, -4.400999069213867, 0.021223172545433044, 3.417625665664673
338, -4.31444787979126, 0.021223172545433044, 3.652165412902832
339, -4.227896690368652, 0.021223172545433044, 3.886705160140991
340, -4.141345500946045, 0.021223172545433044, 4.12124490737915
341, -4.0547943115234375, 0.021223172545433044, 4.355784893035889
342, -4.0547943115234375, 0.021223172545433044, 4.355784893035889
343, -4.097108364105225, 0.021223172545433044, 4.60217809677124
344, -4.139422416687012, 0.021223172545433044, 4.848571300506592
345, -4.181736469268799, 0.021223172545433044, 5.094964504241943
346, -4.224050521850586, 0.021223172545433044, 5.341357707977295
347, -4.266364574432373, 0.021223172545433044, 5.5877509117126465
348, -4.2830810546875, 0.021223172545433044, 5.6850905418396
349, -4.2830810546875, 0.021223172545433044, 5.6850905418396
350, -4.196529865264893, 0.021223172545433044, 5.91963005065918
351, -4.196529865264893, 0.021223172545433044, 5.91963005065918
352, -4.196529865264893, 0.021223172545433044, 5.91963005065918
353, -4.3563714027404785, 0.021223172545433044, 6.111855506896973
354, -4.3563714027404785, 0.021223172545433044, 6.111855506896973
355, -4.590910911560059, 0.021223172545433044, 6.19840669631958
356, -4.825450420379639, 0.021223172545433044, 6.2849578857421875
357, -5.059989929199219, 0.021223172545433044, 6.371509075164795
358, -5.059989929199219, 0.021223172545433044, 6.371509075164795
359, -5.30638313293457, 0.021223172545433044, 6.329195022583008
360, -5.552776336669922, 0.021223172545433044, 6.286880970001221
361, -5.552776336669922, 0.021223172545433044, 6.286880970001221
362, -5.745001792907715, 0.021223172545433044, 6.127039432525635
363, -5.937227249145508, 0.021223172545433044, 5.967197895050049
364, -6.129452705383301, 0.021223172545433044, 5.807356357574463
365, -6.129452705383301, 0.021223172545433044, 5.807356357574463
366, -6.216003894805908, 0.021223172545433044, 5.572816848754883
367, -6.216003894805908, 0.021223172545433044, 5.572816848754883
368, -6.173689842224121, 0.021223172545433044, 5.326423645019531
369, -6.131375789642334, 0.021223172545433044, 5.08003044128418
370, -6.089061737060547, 0.021223172545433044, 4.833637237548828
371, -6.04674768447876, 0.021223172545433044, 4.587244033813477
372, -6.04674768447876, 0.021223172545433044, 4.587244033813477
373, -6.133298873901367, 0.021223172545433044, 4.3527045249938965
374, -6.219850063323975, 0.021223172545433044, 4.118165016174316
375, -6.306401252746582, 0.021223172545433044, 3.8836252689361572
376, -6.306401252746582, 0.021223172545433044, 3.8836252689361572
377, -6.306401252746582, 0.021223172545433044, 3.8836252689361572
378, -6.306401252746582, 0.021223172545433044, 3.8836252689361572
379, -6.306401252746582, 0.021223172545433044, 3.8836252689361572
380, -6.306401252746582, 0.021223172545433044, 3.8836252689361572
381, -6.306401252746582, 0.021223172545433044, 3.8836252689361572
382, -6.306401252746582, 0.021223172545433044, 3.8836252689361572
383, -6.306401252746582, 0.021223172545433044, 3.8836252689361572
384, -6.219850063323975, 0.021223172545433044, 4.118165016174316
385, -6.133298873901367, 0.021223172545433044, 4.3527045249938965
386, -6.04674768447876, 0.021223172545433044, 4.587244033813477
387, -6.04674768447876, 0.021223172545433044, 4.587244033813477
388, -6.089061737060547, 0.021223172545433044, 4.833637237548828
389, -6.131375789642334, 0.021223172545433044, 5.08003044128418
390, -6.173689842224121, 0.021223172545433044, 5.326423645019531
391, -6.216003894805908, 0.021223172545433044, 5.572816848754883
392, -6.216003894805908, 0.021223172545433044, 5.572816848754883
393, -6.129452705383301, 0.021223172545433044, 5.807356357574463
394, -6.042901515960693, 0.021223172545433044, 6.041895866394043
395, -6.042901515960693, 0.021223172545433044, 6.041895866394043
396, -5.8506760597229, 0.021223172545433044, 6.201737403869629
397, -5.8506760597229, 0.021223172545433044, 6.201737403869629
398, -5.604282855987549, 0.021223172545433044, 6.244051456451416
399, -5.357889652252197, 0.021223172545433044, 6.286365509033203
400, -5.111496448516846, 0.021223172545433044, 6.32867956161499
401, -4.865103244781494, 0.021223172545433044, 6.370993614196777
402, -4.865103244781494, 0.021223172545433044, 6.370993614196777
403, -4.630563735961914, 0.021223172545433044, 6.28444242477417
404, -4.630563735961914, 0.021223172545433044, 6.28444242477417
405, -4.470722198486328, 0.021223172545433044, 6.092216968536377
406, -4.310880661010742, 0.021223172545433044, 5.899991512298584
407, -4.151039123535156, 0.021223172545433044, 5.707766056060791
408, -4.151039123535156, 0.021223172545433044, 5.707766056060791
409, -4.108725070953369, 0.021223172545433044, 5.4613728523254395
410, -4.066411018371582, 0.021223172545433044, 5.214979648590088
411, -4.024096965789795, 0.021223172545433044, 4.968586444854736
412, -3.9817826747894287, 0.021223172545433044, 4.722193241119385
413, -3.9817826747894287, 0.021223172545433044, 4.722193241119385
414, -4.068334102630615, 0.021223172545433044, 4.487653732299805
415, -4.154885292053223, 0.021223172545433044, 4.253114223480225
416, -4.24143648147583, 0.021223172545433044, 4.0185747146606445
417, -4.3279876708984375, 0.021223172545433044, 3.7840349674224854
418, -4.414538860321045, 0.021223172545433044, 3.549495220184326
419, -4.501090049743652, 0.021223172545433044, 3.314955472946167
420, -4.58764123916626, 0.021223172545433044, 3.080415725708008
421, -4.674192428588867, 0.021223172545433044, 2.8458759784698486
422, -4.760743618011475, 0.021223172545433044, 2.6113362312316895
423, -4.760743618011475, 0.021223172545433044, 2.6113362312316895
424, -4.7184295654296875, 0.021223172545433044, 2.364943265914917
425, -4.6761155128479, 0.021223172545433044, 2.1185503005981445
426, -4.633801460266113, 0.021223172545433044, 1.872157335281372
427, -4.591487407684326, 0.021223172545433044, 1.6257643699645996
428, -4.591487407684326, 0.021223172545433044, 1.6257643699645996
429, -4.591487407684326, 0.021223172545433044, 1.6257643699645996
430, -4.356947898864746, 0.021223172545433044, 1.5392130613327026
431, -4.122408390045166, 0.021223172545433044, 1.4526617527008057
432, -3.887868642807007, 0.021223172545433044, 1.3661104440689087
433, -3.887868642807007, 0.021223172545433044, 1.3661104440689087
434, -3.728026866912842, 0.021223172545433044, 1.1738849878311157
435, -3.728026866912842, 0.021223172545433044, 1.1738849878311157
436, -3.728026866912842, 0.021223172545433044, 1.1738849878311157
437, -3.728026866912842, 0.021223172545433044, 1.1738849878311157
438, -3.728026866912842, 0.021223172545433044, 1.1738849878311157
439, -3.728026866912842, 0.021223172545433044, 1.1738849878311157
440, -3.728026866912842, 0.021223172545433044, 1.1738849878311157
441, -3.887868642807007, 0.021223172545433044, 1.3661105632781982
442, -3.887868642807007, 0.021223172545433044, 1.3661105632781982
443, -4.122408390045166, 0.021223172545433044, 1.4526618719100952
444, -4.122408390045166, 0.021223172545433044, 1.4526618719100952
445, -4.368801593780518, 0.021223172545433044, 1.410347580909729
446, -4.368801593780518, 0.021223172545433044, 1.410347580909729
447, -4.5610270500183105, 0.021223172545433044, 1.2505059242248535
448, -4.5610270500183105, 0.021223172545433044, 1.2505059242248535
449, -4.647578239440918, 0.021223172545433044, 1.0159661769866943
450, -4.734129428863525, 0.021223172545433044, 0.7814264893531799
451, -4.820680618286133, 0.021223172545433044, 0.5468868017196655
452, -4.90723180770874, 0.021223172545433044, 0.3123471140861511
453, -4.90723180770874, 0.021223172545433044, 0.3123471140861511
454, -4.864917755126953, 0.021223172545433044, 0.06595411896705627
455, -4.822603702545166, 0.021223172545433044, -0.18043887615203857
456, -4.822603702545166, 0.021223172545433044, -0.18043887615203857
457, -4.909154891967773, 0.021223172545433044, -0.41497859358787537
458, -4.909154891967773, 0.021223172545433044, -0.41497859358787537
459, -5.101380348205566, 0.021223172545433044, -0.5748202800750732
460, -5.101380348205566, 0.021223172545433044, -0.5748202800750732
461, -5.101380348205566, 0.021223172545433044, -0.5748202800750732
462, -2.994495391845703, 0.021223172545433044, 0.9383094310760498
