1, 6.47343111038208, 2.0644748210906982, 3.8820483684539795
2, 6.47343111038208, 2.0644748210906982, 3.8820483684539795
3, 6.47343111038208, 2.0644748210906982, 3.8820483684539795
4, 6.47343111038208, 2.0644748210906982, 3.8820483684539795
5, 6.47343111038208, 2.0644748210906982, 3.8820483684539795
6, 6.47343111038208, 2.0644748210906982, 3.8820483684539795
7, 6.47343111038208, 2.0644748210906982, 3.8820483684539795
8, 6.47343111038208, 2.0644748210906982, 3.8820483684539795
9, 6.47343111038208, 2.0644748210906982, 3.8820483684539795
10, 6.47343111038208, 2.0644748210906982, 3.8820483684539795
11, 6.47343111038208, 2.0644748210906982, 3.8820483684539795
12, 6.47343111038208, 2.0644748210906982, 3.8820483684539795
13, 6.723080635070801, 2.0644748210906982, 3.8688111305236816
14, 6.723080635070801, 2.0644748210906982, 3.8688111305236816
15, 6.723080635070801, 2.0644748210906982, 3.8688111305236816
16, 6.836441516876221, 2.0644748210906982, 3.6459898948669434
17, 6.949802398681641, 2.0644748210906982, 3.423168659210205
18, 7.0631632804870605, 2.0644748210906982, 3.200347423553467
19, 7.1765241622924805, 2.0644748210906982, 2.9775261878967285
20, 7.2898850440979, 2.0644748210906982, 2.7547049522399902
21, 7.2898850440979, 2.0644748210906982, 2.7547049522399902
22, 7.2898850440979, 2.0644748210906982, 2.7547049522399902
23, 7.2898850440979, 2.0644748210906982, 2.7547049522399902
24, 7.2898850440979, 2.0644748210906982, 2.7547049522399902
25, 7.04023551940918, 2.0644748210906982, 2.767942190170288
26, 6.790585994720459, 2.0644748210906982, 2.781179428100586
27, 6.790585994720459, 2.0644748210906982, 2.781179428100586
28, 6.5810017585754395, 2.0644748210906982, 2.9174678325653076
29, 6.5810017585754395, 2.0644748210906982, 2.9174678325653076
30, 6.331352233886719, 2.0644748210906982, 2.9307050704956055
31, 6.081702709197998, 2.0644748210906982, 2.9439423084259033
32, 5.832053184509277, 2.0644748210906982, 2.957179546356201
33, 5.832053184509277, 2.0644748210906982, 2.957179546356201
34, 5.609231948852539, 2.0644748210906982, 2.8438186645507812
35, 5.609231948852539, 2.0644748210906982, 2.8438186645507812
36, 5.609231948852539, 2.0644748210906982, 2.8438186645507812
37, 5.609231948852539, 2.0644748210906982, 2.8438186645507812
38, 5.359582424163818, 2.0644748210906982, 2.857055902481079
39, 5.359582424163818, 2.0644748210906982, 2.857055902481079
40, 5.149998188018799, 2.0644748210906982, 2.993344306945801
41, 4.940413951873779, 2.0644748210906982, 3.1296327114105225
42, 4.940413951873779, 2.0644748210906982, 3.1296327114105225
43, 4.690764427185059, 2.0644748210906982, 3.1428699493408203
44, 4.441114902496338, 2.0644748210906982, 3.156107187271118
45, 4.191465377807617, 2.0644748210906982, 3.169344425201416
46, 3.9418160915374756, 2.0644748210906982, 3.182581663131714
47, 3.692166805267334, 2.0644748210906982, 3.1958189010620117
48, 3.692166805267334, 2.0644748210906982, 3.1958189010620117
49, 3.692166805267334, 2.0644748210906982, 3.1958189010620117
50, 3.692166805267334, 2.0644748210906982, 3.1958189010620117
51, 3.692166805267334, 2.0644748210906982, 3.1958189010620117
52, 3.692166805267334, 2.0644748210906982, 3.1958189010620117
53, 3.692166805267334, 2.0644748210906982, 3.1958189010620117
54, 3.4425175189971924, 2.0644748210906982, 3.2090561389923096
55, 3.192868232727051, 2.0644748210906982, 3.2222933769226074
56, 2.943218946456909, 2.0644748210906982, 3.2355306148529053
57, 2.6935696601867676, 2.0644748210906982, 3.248767852783203
58, 2.6935696601867676, 2.0644748210906982, 3.248767852783203
59, 2.483985662460327, 2.0644748210906982, 3.385056257247925
60, 2.483985662460327, 2.0644748210906982, 3.385056257247925
61, 2.3706247806549072, 2.0644748210906982, 3.607877492904663
62, 2.353238582611084, 2.0644748210906982, 3.6420516967773438
63, 2.353238582611084, 2.0644748210906982, 3.6420516967773438
64, 2.353238582611084, 2.0644748210906982, 3.6420516967773438
65, 2.353238582611084, 2.0644748210906982, 3.6420516967773438
66, 2.1436545848846436, 2.0644748210906982, 3.7783401012420654
67, 2.1436545848846436, 2.0644748210906982, 3.7783401012420654
68, 2.1436545848846436, 2.0644748210906982, 3.7783401012420654
69, 2.1436545848846436, 2.0644748210906982, 3.7783401012420654
70, 2.1436545848846436, 2.0644748210906982, 3.7783401012420654
71, 2.1436545848846436, 2.0644748210906982, 3.7783401012420654
72, 2.1436545848846436, 2.0644748210906982, 3.7783401012420654
73, 2.1436545848846436, 2.0644748210906982, 3.7783401012420654
74, 2.1436545848846436, 2.0644748210906982, 3.7783401012420654
75, 2.1436545848846436, 2.0644748210906982, 3.7783401012420654
76, 2.1436545848846436, 2.0644748210906982, 3.7783401012420654
77, 2.1436545848846436, 2.0644748210906982, 3.7783401012420654
78, 2.1436545848846436, 2.0644748210906982, 3.7783401012420654
79, 2.1436545848846436, 2.0644748210906982, 3.7783401012420654
80, 2.2570154666900635, 2.0644748210906982, 3.555518865585327
81, 2.3703763484954834, 2.0644748210906982, 3.332697629928589
82, 2.3703763484954834, 2.0644748210906982, 3.332697629928589
83, 2.579960346221924, 2.0644748210906982, 3.196409225463867
84, 2.579960346221924, 2.0644748210906982, 3.196409225463867
85, 2.579960346221924, 2.0644748210906982, 3.196409225463867
86, 2.579960346221924, 2.0644748210906982, 3.196409225463867
87, 2.443671941757202, 2.0644748210906982, 2.9868252277374268
88, 2.3073835372924805, 2.0644748210906982, 2.7772412300109863
89, 2.3073835372924805, 2.0644748210906982, 2.7772412300109863
90, 2.2941462993621826, 2.0644748210906982, 2.5275919437408447
91, 2.2941462993621826, 2.0644748210906982, 2.5275919437408447
92, 2.157857894897461, 2.0644748210906982, 2.3180079460144043
93, 2.0215694904327393, 2.0644748210906982, 2.108423948287964
94, 2.0215694904327393, 2.0644748210906982, 2.108423948287964
95, 2.0215694904327393, 2.0644748210906982, 2.108423948287964
96, 2.0215694904327393, 2.0644748210906982, 2.108423948287964
97, 2.0215694904327393, 2.0644748210906982, 2.108423948287964
98, 2.0215694904327393, 2.0644748210906982, 2.108423948287964
99, 2.0215694904327393, 2.0644748210906982, 2.108423948287964
100, 2.0215694904327393, 2.0644748210906982, 2.108423948287964
101, 2.0215694904327393, 2.0644748210906982, 2.108423948287964
102, 2.157857894897461, 2.0644748210906982, 2.3180079460144043
103, 2.2941462993621826, 2.0644748210906982, 2.5275919437408447
104, 2.4304347038269043, 2.0644748210906982, 2.737175941467285
105, 2.566723108291626, 2.0644748210906982, 2.9467599391937256
106, 2.566723108291626, 2.0644748210906982, 2.9467599391937256
107, 2.7895443439483643, 2.0644748210906982, 3.0601208209991455
108, 3.0123655796051025, 2.0644748210906982, 3.1734817028045654
109, 3.0123655796051025, 2.0644748210906982, 3.1734817028045654
110, 3.262014865875244, 2.0644748210906982, 3.1602444648742676
111, 3.5116641521453857, 2.0644748210906982, 3.1470072269439697
112, 3.7613134384155273, 2.0644748210906982, 3.133769989013672
113, 4.010962963104248, 2.0644748210906982, 3.120532751083374
114, 4.260612487792969, 2.0644748210906982, 3.107295513153076
115, 4.5102620124816895, 2.0644748210906982, 3.0940582752227783
116, 4.75991153717041, 2.0644748210906982, 3.0808210372924805
117, 5.009561061859131, 2.0644748210906982, 3.0675837993621826
118, 5.259210586547852, 2.0644748210906982, 3.0543465614318848
119, 5.508860111236572, 2.0644748210906982, 3.041109323501587
120, 5.758509635925293, 2.0644748210906982, 3.027872085571289
121, 6.008159160614014, 2.0644748210906982, 3.014634847640991
122, 6.008159160614014, 2.0644748210906982, 3.014634847640991
123, 6.217743396759033, 2.0644748210906982, 2.8783464431762695
124, 6.427327632904053, 2.0644748210906982, 2.742058038711548
125, 6.636911869049072, 2.0644748210906982, 2.605769634246826
126, 6.846496105194092, 2.0644748210906982, 2.4694812297821045
127, 7.056080341339111, 2.0644748210906982, 2.333192825317383
128, 7.265664577484131, 2.0644748210906982, 2.196904420852661
129, 7.47524881362915, 2.0644748210906982, 2.0606160163879395
130, 7.68483304977417, 2.0644748210906982, 1.9243276119232178
131, 7.8944172859191895, 2.0644748210906982, 1.788039207458496
132, 7.8944172859191895, 2.0644748210906982, 1.788039207458496
133, 7.8944172859191895, 2.0644748210906982, 1.788039207458496
134, 8.10400104522705, 2.0644748210906982, 1.6517508029937744
135, 8.31358528137207, 2.0644748210906982, 1.5154623985290527
136, 8.31358528137207, 2.0644748210906982, 1.5154623985290527
137, 8.31358528137207, 2.0644748210906982, 1.5154623985290527
138, 8.31358528137207, 2.0644748210906982, 1.5154623985290527
139, 8.31358528137207, 2.0644748210906982, 1.5154623985290527
140, 8.31358528137207, 2.0644748210906982, 1.5154623985290527
141, 8.31358528137207, 2.0644748210906982, 1.5154623985290527
142, 8.31358528137207, 2.0644748210906982, 1.5154623985290527
143, 8.31358528137207, 2.0644748210906982, 1.5154623985290527
144, 8.10400104522705, 2.0644748210906982, 1.6517508029937744
145, 8.10400104522705, 2.0644748210906982, 1.6517508029937744
146, 7.990640163421631, 2.0644748210906982, 1.8745720386505127
147, 7.990640163421631, 2.0644748210906982, 1.8745720386505127
148, 7.781055927276611, 2.0644748210906982, 2.0108604431152344
149, 7.571471691131592, 2.0644748210906982, 2.147148847579956
150, 7.361887454986572, 2.0644748210906982, 2.2834372520446777
151, 7.152303218841553, 2.0644748210906982, 2.4197256565093994
152, 6.942718982696533, 2.0644748210906982, 2.556014060974121
153, 6.733134746551514, 2.0644748210906982, 2.6923024654388428
154, 6.523550510406494, 2.0644748210906982, 2.8285908699035645
155, 6.313966274261475, 2.0644748210906982, 2.964879274368286
156, 6.313966274261475, 2.0644748210906982, 2.964879274368286
157, 6.064316749572754, 2.0644748210906982, 2.978116512298584
158, 5.814667224884033, 2.0644748210906982, 2.991353750228882
159, 5.814667224884033, 2.0644748210906982, 2.991353750228882
160, 5.591845989227295, 2.0644748210906982, 2.877992868423462
161, 5.591845989227295, 2.0644748210906982, 2.877992868423462
162, 5.591845989227295, 2.0644748210906982, 2.877992868423462
163, 5.591845989227295, 2.0644748210906982, 2.877992868423462
164, 5.342196464538574, 2.0644748210906982, 2.8912301063537598
165, 5.0925469398498535, 2.0644748210906982, 2.9044673442840576
166, 4.842897415161133, 2.0644748210906982, 2.9177045822143555
167, 4.593247890472412, 2.0644748210906982, 2.9309418201446533
168, 4.343598365783691, 2.0644748210906982, 2.944179058074951
169, 4.093948841094971, 2.0644748210906982, 2.957416296005249
170, 3.844299554824829, 2.0644748210906982, 2.970653533935547
171, 3.5946502685546875, 2.0644748210906982, 2.9838907718658447
172, 3.345000982284546, 2.0644748210906982, 2.9971280097961426
173, 3.0953516960144043, 2.0644748210906982, 3.0103652477264404
174, 2.8457024097442627, 2.0644748210906982, 3.0236024856567383
175, 2.596053123474121, 2.0644748210906982, 3.036839723587036
176, 2.596053123474121, 2.0644748210906982, 3.036839723587036
177, 2.373231887817383, 2.0644748210906982, 2.923478841781616
178, 2.373231887817383, 2.0644748210906982, 2.923478841781616
179, 2.236943483352661, 2.0644748210906982, 2.713894844055176
180, 2.236943483352661, 2.0644748210906982, 2.713894844055176
181, 2.236943483352661, 2.0644748210906982, 2.713894844055176
182, 2.236943483352661, 2.0644748210906982, 2.713894844055176
183, 2.236943483352661, 2.0644748210906982, 2.713894844055176
184, 2.236943483352661, 2.0644748210906982, 2.713894844055176
185, 2.236943483352661, 2.0644748210906982, 2.713894844055176
186, 2.373231887817383, 2.0644748210906982, 2.923478841781616
187, 2.373231887817383, 2.0644748210906982, 2.923478841781616
188, 2.596053123474121, 2.0644748210906982, 3.036839723587036
189, 2.8188743591308594, 2.0644748210906982, 3.150200605392456
190, 2.8188743591308594, 2.0644748210906982, 3.150200605392456
191, 3.068523645401001, 2.0644748210906982, 3.136963367462158
192, 3.3181729316711426, 2.0644748210906982, 3.1237261295318604
193, 3.567822217941284, 2.0644748210906982, 3.1104888916015625
194, 3.817471504211426, 2.0644748210906982, 3.0972516536712646
195, 4.0671210289001465, 2.0644748210906982, 3.084014415740967
196, 4.316770553588867, 2.0644748210906982, 3.070777177810669
197, 4.566420078277588, 2.0644748210906982, 3.057539939880371
198, 4.816069602966309, 2.0644748210906982, 3.0443027019500732
199, 4.816069602966309, 2.0644748210906982, 3.0443027019500732
200, 5.025653839111328, 2.0644748210906982, 2.9080142974853516
201, 5.235238075256348, 2.0644748210906982, 2.77172589302063
202, 5.235238075256348, 2.0644748210906982, 2.77172589302063
203, 5.235238075256348, 2.0644748210906982, 2.77172589302063
204, 5.235238075256348, 2.0644748210906982, 2.77172589302063
205, 5.235238075256348, 2.0644748210906982, 2.77172589302063
206, 5.235238075256348, 2.0644748210906982, 2.77172589302063
207, 5.235238075256348, 2.0644748210906982, 2.77172589302063
208, 5.458059310913086, 2.0644748210906982, 2.88508677482605
209, 5.680880546569824, 2.0644748210906982, 2.9984476566314697
210, 5.680880546569824, 2.0644748210906982, 2.9984476566314697
211, 5.930530071258545, 2.0644748210906982, 2.985210418701172
212, 6.180179595947266, 2.0644748210906982, 2.971973180770874
213, 6.180179595947266, 2.0644748210906982, 2.971973180770874
214, 6.389763832092285, 2.0644748210906982, 2.8356847763061523
215, 6.599348068237305, 2.0644748210906982, 2.6993963718414307
216, 6.808932304382324, 2.0644748210906982, 2.563107967376709
217, 7.018516540527344, 2.0644748210906982, 2.4268195629119873
218, 7.228100776672363, 2.0644748210906982, 2.2905311584472656
219, 7.437685012817383, 2.0644748210906982, 2.154242753982544
220, 7.647269248962402, 2.0644748210906982, 2.0179543495178223
221, 7.647269248962402, 2.0644748210906982, 2.0179543495178223
222, 7.760630130767822, 2.0644748210906982, 1.795133113861084
223, 7.873991012573242, 2.0644748210906982, 1.5723118782043457
224, 7.873991012573242, 2.0644748210906982, 1.5723118782043457
225, 7.873991012573242, 2.0644748210906982, 1.5723118782043457
226, 7.873991012573242, 2.0644748210906982, 1.5723118782043457
227, 7.873991012573242, 2.0644748210906982, 1.5723118782043457
228, 7.873991012573242, 2.0644748210906982, 1.5723118782043457
229, 7.873991012573242, 2.0644748210906982, 1.5723118782043457
230, 7.760630130767822, 2.0644748210906982, 1.795133113861084
231, 7.647269248962402, 2.0644748210906982, 2.0179543495178223
232, 7.647269248962402, 2.0644748210906982, 2.0179543495178223
233, 7.437685012817383, 2.0644748210906982, 2.154242753982544
234, 7.228100776672363, 2.0644748210906982, 2.2905311584472656
235, 7.018516540527344, 2.0644748210906982, 2.4268195629119873
236, 6.808932304382324, 2.0644748210906982, 2.563107967376709
237, 6.599348068237305, 2.0644748210906982, 2.6993963718414307
238, 6.389763832092285, 2.0644748210906982, 2.8356847763061523
239, 6.180179595947266, 2.0644748210906982, 2.971973180770874
240, 6.180179595947266, 2.0644748210906982, 2.971973180770874
241, 5.930530071258545, 2.0644748210906982, 2.985210418701172
242, 5.930530071258545, 2.0644748210906982, 2.985210418701172
243, 5.707708835601807, 2.0644748210906982, 2.871849536895752
244, 5.707708835601807, 2.0644748210906982, 2.871849536895752
245, 5.707708835601807, 2.0644748210906982, 2.871849536895752
246, 5.707708835601807, 2.0644748210906982, 2.871849536895752
247, 5.458059310913086, 2.0644748210906982, 2.88508677482605
248, 5.458059310913086, 2.0644748210906982, 2.88508677482605
249, 5.458059310913086, 2.0644748210906982, 2.88508677482605
250, 5.458059310913086, 2.0644748210906982, 2.88508677482605
251, 5.458059310913086, 2.0644748210906982, 2.88508677482605
252, 5.458059310913086, 2.0644748210906982, 2.88508677482605
253, 5.458059310913086, 2.0644748210906982, 2.88508677482605
254, 5.208409786224365, 2.0644748210906982, 2.8983240127563477
255, 4.9587602615356445, 2.0644748210906982, 2.9115612506866455
256, 4.709110736846924, 2.0644748210906982, 2.9247984886169434
257, 4.459461212158203, 2.0644748210906982, 2.938035726547241
258, 4.209811687469482, 2.0644748210906982, 2.951272964477539
259, 3.960162401199341, 2.0644748210906982, 2.964510202407837
260, 3.710513114929199, 2.0644748210906982, 2.9777474403381348
261, 3.4608638286590576, 2.0644748210906982, 2.9909846782684326
262, 3.211214542388916, 2.0644748210906982, 3.0042219161987305
263, 2.9615652561187744, 2.0644748210906982, 3.0174591541290283
264, 2.711915969848633, 2.0644748210906982, 3.030696392059326
265, 2.711915969848633, 2.0644748210906982, 3.030696392059326
266, 2.4890947341918945, 2.0644748210906982, 2.9173355102539062
267, 2.2662734985351562, 2.0644748210906982, 2.8039746284484863
268, 2.2662734985351562, 2.0644748210906982, 2.8039746284484863
269, 2.2662734985351562, 2.0644748210906982, 2.8039746284484863
270, 2.2662734985351562, 2.0644748210906982, 2.8039746284484863
271, 2.2662734985351562, 2.0644748210906982, 2.8039746284484863
272, 2.2662734985351562, 2.0644748210906982, 2.8039746284484863
273, 2.2662734985351562, 2.0644748210906982, 2.8039746284484863
274, 2.4890947341918945, 2.0644748210906982, 2.9173355102539062
275, 2.711915969848633, 2.0644748210906982, 3.030696392059326
276, 2.934737205505371, 2.0644748210906982, 3.144057273864746
277, 2.934737205505371, 2.0644748210906982, 3.144057273864746
278, 3.1843864917755127, 2.0644748210906982, 3.1308200359344482
279, 3.4340357780456543, 2.0644748210906982, 3.1175827980041504
280, 3.683685064315796, 2.0644748210906982, 3.1043455600738525
281, 3.9333343505859375, 2.0644748210906982, 3.0911083221435547
282, 4.182983875274658, 2.0644748210906982, 3.077871084213257
283, 4.432633399963379, 2.0644748210906982, 3.064633846282959
284, 4.6822829246521, 2.0644748210906982, 3.051396608352661
285, 4.93193244934082, 2.0644748210906982, 3.0381593704223633
286, 4.93193244934082, 2.0644748210906982, 3.0381593704223633
287, 5.14151668548584, 2.0644748210906982, 2.9018709659576416
288, 5.14151668548584, 2.0644748210906982, 2.9018709659576416
289, 5.14151668548584, 2.0644748210906982, 2.9018709659576416
290, 5.14151668548584, 2.0644748210906982, 2.9018709659576416
291, 5.3911662101745605, 2.0644748210906982, 2.8886337280273438
292, 5.3911662101745605, 2.0644748210906982, 2.8886337280273438
293, 5.613987445831299, 2.0644748210906982, 3.0019946098327637
294, 5.836808681488037, 2.0644748210906982, 3.1153554916381836
295, 5.836808681488037, 2.0644748210906982, 3.1153554916381836
296, 6.086458206176758, 2.0644748210906982, 3.1021182537078857
297, 6.3361077308654785, 2.0644748210906982, 3.088881015777588
298, 6.3361077308654785, 2.0644748210906982, 3.088881015777588
299, 6.545691967010498, 2.0644748210906982, 2.952592611312866
300, 6.755276203155518, 2.0644748210906982, 2.8163042068481445
301, 6.964860439300537, 2.0644748210906982, 2.680015802383423
302, 7.174444675445557, 2.0644748210906982, 2.543727397918701
303, 7.384028911590576, 2.0644748210906982, 2.4074389934539795
304, 7.432032585144043, -0.5355252027511597, 1.687382459640503
