1, 19.352746963500977, 0.09943583607673645, -1.0249285697937012
2, 19.352746963500977, 0.09943583607673645, -1.0249285697937012
3, 19.352746963500977, 0.09943583607673645, -1.0249285697937012
4, 19.352746963500977, 0.09943583607673645, -1.0249285697937012
5, 19.352746963500977, 0.09943583607673645, -1.0249285697937012
6, 19.352746963500977, 0.09943583607673645, -1.0249285697937012
7, 19.352746963500977, 0.09943583607673645, -1.0249285697937012
8, 19.352746963500977, 0.09943583607673645, -1.0249285697937012
9, 19.352746963500977, 0.09943583607673645, -1.0249285697937012
10, 19.352746963500977, 0.09943583607673645, -1.0249285697937012
11, 19.352746963500977, 0.09943583607673645, -1.0249285697937012
12, 19.352746963500977, 0.09943583607673645, -1.0249285697937012
13, 19.352746963500977, 0.09943583607673645, -1.0249285697937012
14, 19.60226058959961, 0.09943583607673645, -1.009340524673462
15, 19.851774215698242, 0.09943583607673645, -0.9937524795532227
16, 19.851774215698242, 0.09943583607673645, -0.9937524795532227
17, 20.075653076171875, 0.09943583607673645, -1.10500967502594
18, 12.908637046813965, 0.09943583607673645, -0.6277511119842529
