1, 2.8552865982055664, 2.880223035812378, 0.36815667152404785
2, 2.8552865982055664, 2.880223035812378, 0.36815667152404785
3, 2.8552865982055664, 2.880223035812378, 0.36815667152404785
4, 2.8552865982055664, 2.880223035812378, 0.36815667152404785
5, 2.8552865982055664, 2.880223035812378, 0.36815667152404785
6, 2.8552865982055664, 2.880223035812378, 0.36815667152404785
7, 2.8552865982055664, 2.880223035812378, 0.36815667152404785
8, 2.8552865982055664, 2.880223035812378, 0.36815667152404785
9, 2.8552865982055664, 2.880223035812378, 0.36815667152404785
10, 2.8552865982055664, 2.880223035812378, 0.36815667152404785
11, 2.8552865982055664, 2.880223035812378, 0.36815667152404785
12, 2.8552865982055664, 2.880223035812378, 0.36815667152404785
13, 2.8552865982055664, 2.880223035812378, 0.36815667152404785
14, 2.8552865982055664, 2.880223035812378, 0.36815667152404785
15, 2.8552865982055664, 2.880223035812378, 0.36815667152404785
16, 3.0656068325042725, 2.880223035812378, 0.5033062100410461
17, 3.0656068325042725, 2.880223035812378, 0.5033062100410461
18, 3.1801748275756836, 2.880223035812378, 0.7255092859268188
19, 3.1801748275756836, 2.880223035812378, 0.7255092859268188
20, 3.1682920455932617, 2.880223035812378, 0.9752267599105835
21, 3.1682920455932617, 2.880223035812378, 0.9752267599105835
22, 3.282860040664673, 2.880223035812378, 1.197429895401001
23, 3.282860040664673, 2.880223035812378, 1.197429895401001
24, 3.493180274963379, 2.880223035812378, 1.3325793743133545
25, 3.703500509262085, 2.880223035812378, 1.467728853225708
26, 3.703500509262085, 2.880223035812378, 1.467728853225708
27, 3.703500509262085, 2.880223035812378, 1.467728853225708
28, 3.703500509262085, 2.880223035812378, 1.467728853225708
29, 3.703500509262085, 2.880223035812378, 1.467728853225708
30, 3.481297492980957, 2.880223035812378, 1.5822968482971191
31, 3.259094476699829, 2.880223035812378, 1.6968648433685303
32, 3.259094476699829, 2.880223035812378, 1.6968648433685303
33, 3.0093770027160645, 2.880223035812378, 1.6849820613861084
34, 2.7596595287323, 2.880223035812378, 1.6730992794036865
35, 2.7596595287323, 2.880223035812378, 1.6730992794036865
36, 2.658965587615967, 2.880223035812378, 1.7250170707702637
37, 2.658965587615967, 2.880223035812378, 1.7250170707702637
38, 2.658965587615967, 2.880223035812378, 1.7250170707702637
39, 2.658965587615967, 2.880223035812378, 1.7250170707702637
40, 2.658965587615967, 2.880223035812378, 1.7250170707702637
41, 2.409248113632202, 2.880223035812378, 1.7131342887878418
42, 2.409248113632202, 2.880223035812378, 1.7131342887878418
43, 2.187045097351074, 2.880223035812378, 1.827702283859253
44, 2.187045097351074, 2.880223035812378, 1.827702283859253
45, 2.187045097351074, 2.880223035812378, 1.827702283859253
46, 2.187045097351074, 2.880223035812378, 1.827702283859253
47, 2.187045097351074, 2.880223035812378, 1.827702283859253
48, 2.187045097351074, 2.880223035812378, 1.827702283859253
49, 2.187045097351074, 2.880223035812378, 1.827702283859253
50, 2.409248113632202, 2.880223035812378, 1.7131344079971313
51, 2.63145112991333, 2.880223035812378, 1.5985665321350098
52, 2.63145112991333, 2.880223035812378, 1.5985665321350098
53, 2.8811686038970947, 2.880223035812378, 1.6104493141174316
54, 3.1308860778808594, 2.880223035812378, 1.6223320960998535
55, 3.380603551864624, 2.880223035812378, 1.6342148780822754
56, 3.6303210258483887, 2.880223035812378, 1.6460976600646973
57, 3.8800384998321533, 2.880223035812378, 1.6579804420471191
58, 4.129755973815918, 2.880223035812378, 1.669863224029541
59, 4.3794732093811035, 2.880223035812378, 1.681746006011963
60, 4.3794732093811035, 2.880223035812378, 1.681746006011963
61, 4.6016764640808105, 2.880223035812378, 1.5671781301498413
62, 4.823879718780518, 2.880223035812378, 1.4526102542877197
63, 4.823879718780518, 2.880223035812378, 1.4526102542877197
64, 4.959029197692871, 2.880223035812378, 1.2422900199890137
65, 5.094178676605225, 2.880223035812378, 1.0319697856903076
66, 5.094178676605225, 2.880223035812378, 1.0319697856903076
67, 5.1060614585876465, 2.880223035812378, 0.7822523713111877
68, 5.117944240570068, 2.880223035812378, 0.5325349569320679
69, 5.117944240570068, 2.880223035812378, 0.5325349569320679
70, 5.117944240570068, 2.880223035812378, 0.5325349569320679
71, 5.287020683288574, 2.880223035812378, 0.44535934925079346
72, 5.287020683288574, 2.880223035812378, 0.44535934925079346
73, 5.287020683288574, 2.880223035812378, 0.44535934925079346
74, 5.287020683288574, 2.880223035812378, 0.44535934925079346
75, 5.287020683288574, 2.880223035812378, 0.44535934925079346
76, 5.298903465270996, 2.880223035812378, 0.1956419199705124
77, 5.298903465270996, 2.880223035812378, 0.1956419199705124
78, 5.298903465270996, 2.880223035812378, 0.1956419199705124
79, 5.521106719970703, 2.880223035812378, 0.081074059009552
80, 5.521106719970703, 2.880223035812378, 0.081074059009552
81, 5.770823955535889, 2.880223035812378, 0.09295693039894104
82, 6.537037372589111, 2.880223035812378, 1.7661793231964111
