1, 1.8545578718185425, 2.8239920139312744, 1.1628236770629883
2, 1.8545578718185425, 2.8239920139312744, 1.1628236770629883
3, 1.8545578718185425, 2.8239920139312744, 1.1628236770629883
4, 1.8545578718185425, 2.8239920139312744, 1.1628236770629883
5, 1.8545578718185425, 2.8239920139312744, 1.1628236770629883
6, 1.8545578718185425, 2.8239920139312744, 1.1628236770629883
7, 1.8545578718185425, 2.8239920139312744, 1.1628236770629883
8, 1.8545578718185425, 2.8239920139312744, 1.1628236770629883
9, 1.8545578718185425, 2.8239920139312744, 1.1628236770629883
10, 1.8545578718185425, 2.8239920139312744, 1.1628236770629883
11, 1.8545578718185425, 2.8239920139312744, 1.1628236770629883
12, 1.8545578718185425, 2.8239920139312744, 1.1628236770629883
13, 1.763717532157898, 2.8239920139312744, 0.9299116134643555
14, 1.763717532157898, 2.8239920139312744, 0.9299116134643555
15, 1.8015035390853882, 2.8239920139312744, 0.6827836632728577
16, 1.8392895460128784, 2.8239920139312744, 0.43565571308135986
17, 1.8392895460128784, 2.8239920139312744, 0.43565571308135986
18, 1.995577096939087, 2.8239920139312744, 0.2405296266078949
19, 1.995577096939087, 2.8239920139312744, 0.2405296266078949
20, 1.995577096939087, 2.8239920139312744, 0.2405296266078949
21, 1.995577096939087, 2.8239920139312744, 0.2405296266078949
22, 1.995577096939087, 2.8239920139312744, 0.2405296266078949
23, 1.995577096939087, 2.8239920139312744, 0.2405296266078949
24, 2.2284891605377197, 2.8239920139312744, 0.14968925714492798
25, 2.2284891605377197, 2.8239920139312744, 0.14968925714492798
26, 2.3847768306732178, 2.8239920139312744, -0.04543682932853699
27, 2.3847768306732178, 2.8239920139312744, -0.04543682932853699
28, 2.418248176574707, 2.8239920139312744, -0.26434656977653503
29, 2.418248176574707, 2.8239920139312744, -0.26434656977653503
30, 2.418248176574707, 2.8239920139312744, -0.26434656977653503
31, 2.418248176574707, 2.8239920139312744, -0.26434656977653503
32, 2.65116024017334, 2.8239920139312744, -0.35518690943717957
33, 2.65116024017334, 2.8239920139312744, -0.35518690943717957
34, 2.65116024017334, 2.8239920139312744, -0.35518690943717957
35, 2.65116024017334, 2.8239920139312744, -0.35518690943717957
36, 2.65116024017334, 2.8239920139312744, -0.35518690943717957
37, 2.65116024017334, 2.8239920139312744, -0.35518690943717957
38, 2.5603199005126953, 2.8239920139312744, -0.5880990028381348
39, 2.5603199005126953, 2.8239920139312744, -0.5880990028381348
40, 2.5603199005126953, 2.8239920139312744, -0.5880990028381348
41, 2.5603199005126953, 2.8239920139312744, -0.5880990028381348
42, 2.3651938438415527, 2.8239920139312744, -0.7443865537643433
43, 2.3651938438415527, 2.8239920139312744, -0.7443865537643433
44, 2.3651938438415527, 2.8239920139312744, -0.7443865537643433
45, 2.3651938438415527, 2.8239920139312744, -0.7443865537643433
46, 2.3651938438415527, 2.8239920139312744, -0.7443865537643433
47, 2.5981059074401855, 2.8239920139312744, -0.8352268934249878
48, 2.8310179710388184, 2.8239920139312744, -0.9260672330856323
49, 3.063930034637451, 2.8239920139312744, -1.0169075727462769
50, 3.063930034637451, 2.8239920139312744, -1.0169075727462769
51, 3.3110580444335938, 2.8239920139312744, -0.9791215658187866
52, 3.5581860542297363, 2.8239920139312744, -0.9413355588912964
53, 3.805314064025879, 2.8239920139312744, -0.9035495519638062
54, 4.0524420738220215, 2.8239920139312744, -0.8657635450363159
55, 4.299570083618164, 2.8239920139312744, -0.8279775381088257
56, 4.299570083618164, 2.8239920139312744, -0.8279775381088257
57, 4.532482147216797, 2.8239920139312744, -0.9188178777694702
58, 4.532482147216797, 2.8239920139312744, -0.9188178777694702
59, 4.7796101570129395, 2.8239920139312744, -0.8810319304466248
60, 4.7796101570129395, 2.8239920139312744, -0.8810319304466248
61, 5.012522220611572, 2.8239920139312744, -0.9718723297119141
62, 5.245434284210205, 2.8239920139312744, -1.0627126693725586
63, 5.245434284210205, 2.8239920139312744, -1.0627126693725586
64, 5.245434284210205, 2.8239920139312744, -1.0627126693725586
65, 5.245434284210205, 2.8239920139312744, -1.0627126693725586
66, 5.245434284210205, 2.8239920139312744, -1.0627126693725586
67, 5.245434284210205, 2.8239920139312744, -1.0627126693725586
68, 5.245434284210205, 2.8239920139312744, -1.0627126693725586
69, 5.012522220611572, 2.8239920139312744, -0.9718723297119141
70, 4.7796101570129395, 2.8239920139312744, -0.8810319900512695
71, 4.546698093414307, 2.8239920139312744, -0.790191650390625
72, 4.546698093414307, 2.8239920139312744, -0.790191650390625
73, 4.299570083618164, 2.8239920139312744, -0.8279775977134705
74, 4.0524420738220215, 2.8239920139312744, -0.8657635450363159
75, 3.805314064025879, 2.8239920139312744, -0.9035494923591614
76, 3.5581860542297363, 2.8239920139312744, -0.9413354396820068
77, 3.3110580444335938, 2.8239920139312744, -0.9791213870048523
78, 3.3110580444335938, 2.8239920139312744, -0.9791213870048523
79, 3.078145980834961, 2.8239920139312744, -0.888280987739563
80, 2.845233917236328, 2.8239920139312744, -0.7974405288696289
81, 2.845233917236328, 2.8239920139312744, -0.7974405288696289
82, 2.68894624710083, 2.8239920139312744, -0.6023144721984863
83, 2.68894624710083, 2.8239920139312744, -0.6023144721984863
84, 2.65116024017334, 2.8239920139312744, -0.35518649220466614
85, 2.65116024017334, 2.8239920139312744, -0.35518649220466614
86, 2.494872570037842, 2.8239920139312744, -0.16006040573120117
87, 2.494872570037842, 2.8239920139312744, -0.16006040573120117
88, 2.494872570037842, 2.8239920139312744, -0.16006040573120117
89, 2.494872570037842, 2.8239920139312744, -0.16006040573120117
90, 2.494872570037842, 2.8239920139312744, -0.16006040573120117
91, 2.3385848999023438, 2.8239920139312744, 0.035065680742263794
92, 2.1822972297668457, 2.8239920139312744, 0.23019176721572876
93, 2.0260095596313477, 2.8239920139312744, 0.4253178536891937
94, 2.0260095596313477, 2.8239920139312744, 0.4253178536891937
95, 2.0260095596313477, 2.8239920139312744, 0.4253178536891937
96, 2.0260095596313477, 2.8239920139312744, 0.4253178536891937
97, 2.0260095596313477, 2.8239920139312744, 0.4253178536891937
98, 2.0260095596313477, 2.8239920139312744, 0.4253178536891937
99, 2.0260095596313477, 2.8239920139312744, 0.4253178536891937
100, 2.1822972297668457, 2.8239920139312744, 0.23019176721572876
101, 2.3385848999023438, 2.8239920139312744, 0.035065680742263794
102, 2.494872570037842, 2.8239920139312744, -0.16006040573120117
103, 2.494872570037842, 2.8239920139312744, -0.16006040573120117
104, 2.532658576965332, 2.8239920139312744, -0.407188355922699
105, 2.532658576965332, 2.8239920139312744, -0.407188355922699
106, 2.68894624710083, 2.8239920139312744, -0.6023144721984863
107, 2.845233917236328, 2.8239920139312744, -0.7974405288696289
108, 2.845233917236328, 2.8239920139312744, -0.7974405288696289
109, 2.845233917236328, 2.8239920139312744, -0.7974405288696289
110, 2.845233917236328, 2.8239920139312744, -0.7974405288696289
111, 3.078145980834961, 2.8239920139312744, -0.8882808685302734
112, 3.078145980834961, 2.8239920139312744, -0.8882808685302734
113, 3.3252739906311035, 2.8239920139312744, -0.850494921207428
114, 3.572402000427246, 2.8239920139312744, -0.8127089738845825
115, 3.8195300102233887, 2.8239920139312744, -0.7749230265617371
116, 4.066658020019531, 2.8239920139312744, -0.7371370792388916
117, 4.066658020019531, 2.8239920139312744, -0.7371370792388916
118, 4.261784076690674, 2.8239920139312744, -0.5808495283126831
119, 4.261784076690674, 2.8239920139312744, -0.5808495283126831
120, 4.352624416351318, 2.8239920139312744, -0.3479374647140503
121, 4.352624416351318, 2.8239920139312744, -0.3479374647140503
122, 4.352624416351318, 2.8239920139312744, -0.3479374647140503
123, 4.352624416351318, 2.8239920139312744, -0.3479374647140503
124, 4.352624416351318, 2.8239920139312744, -0.3479374647140503
125, 4.352624416351318, 2.8239920139312744, -0.3479374647140503
126, 4.352624416351318, 2.8239920139312744, -0.3479374647140503
127, 4.352624416351318, 2.8239920139312744, -0.3479374647140503
128, 4.352624416351318, 2.8239920139312744, -0.3479374647140503
129, 4.261784076690674, 2.8239920139312744, -0.5808495283126831
130, 4.170943737030029, 2.8239920139312744, -0.8137615919113159
131, 4.170943737030029, 2.8239920139312744, -0.8137615919113159
132, 4.170943737030029, 2.8239920139312744, -0.8137615919113159
133, 3.9238157272338867, 2.8239920139312744, -0.8515475988388062
134, 3.676687717437744, 2.8239920139312744, -0.8893336057662964
135, 3.4295597076416016, 2.8239920139312744, -0.9271196126937866
136, 3.182431697845459, 2.8239920139312744, -0.9649056196212769
137, 3.182431697845459, 2.8239920139312744, -0.9649056196212769
138, 2.949519634246826, 2.8239920139312744, -0.8740652799606323
139, 2.7166075706481934, 2.8239920139312744, -0.7832249402999878
140, 2.7166075706481934, 2.8239920139312744, -0.7832249402999878
141, 2.5603199005126953, 2.8239920139312744, -0.5880987644195557
142, 2.5603199005126953, 2.8239920139312744, -0.5880987644195557
143, 2.522533893585205, 2.8239920139312744, -0.3409707844257355
144, 2.522533893585205, 2.8239920139312744, -0.3409707844257355
145, 2.366246223449707, 2.8239920139312744, -0.1458446979522705
146, 2.209958553314209, 2.8239920139312744, 0.04928138852119446
147, 2.053670883178711, 2.8239920139312744, 0.24440747499465942
148, 2.053670883178711, 2.8239920139312744, 0.24440747499465942
149, 2.0158848762512207, 2.8239920139312744, 0.4915354549884796
150, 2.0158848762512207, 2.8239920139312744, 0.4915354549884796
151, 2.0158848762512207, 2.8239920139312744, 0.4915354549884796
152, 2.0158848762512207, 2.8239920139312744, 0.4915354549884796
153, 2.0158848762512207, 2.8239920139312744, 0.4915354549884796
154, 2.0158848762512207, 2.8239920139312744, 0.4915354549884796
155, 2.1721725463867188, 2.8239920139312744, 0.29640936851501465
156, 2.328460216522217, 2.8239920139312744, 0.10128329694271088
157, 2.328460216522217, 2.8239920139312744, 0.10128329694271088
158, 2.328460216522217, 2.8239920139312744, 0.10128329694271088
159, 2.328460216522217, 2.8239920139312744, 0.10128329694271088
160, 2.328460216522217, 2.8239920139312744, 0.10128329694271088
161, 2.484747886657715, 2.8239920139312744, -0.09384278953075409
162, 2.641035556793213, 2.8239920139312744, -0.28896886110305786
163, 2.641035556793213, 2.8239920139312744, -0.28896886110305786
164, 2.678821563720703, 2.8239920139312744, -0.5360968112945557
165, 1.660767912864685, -2.576007843017578, 0.9779053926467896
