1, -4.410593032836914, 0.01920294761657715, -0.8022886514663696
2, -4.410593032836914, 0.01920294761657715, -0.8022886514663696
3, -4.410593032836914, 0.01920294761657715, -0.8022886514663696
4, -4.410593032836914, 0.01920294761657715, -0.8022886514663696
5, -4.410593032836914, 0.01920294761657715, -0.8022886514663696
6, -4.410593032836914, 0.01920294761657715, -0.8022886514663696
7, -4.410593032836914, 0.01920294761657715, -0.8022886514663696
8, -4.410593032836914, 0.01920294761657715, -0.8022886514663696
9, -4.410593032836914, 0.01920294761657715, -0.8022886514663696
10, -4.410593032836914, 0.01920294761657715, -0.8022886514663696
11, -4.410593032836914, 0.01920294761657715, -0.8022886514663696
12, -4.410593032836914, 0.01920294761657715, -0.8022886514663696
13, -4.410593032836914, 0.01920294761657715, -0.8022886514663696
14, -4.410593032836914, 0.01920294761657715, -0.8022886514663696
15, -4.410593032836914, 0.01920294761657715, -0.8022886514663696
16, -4.410593032836914, 0.01920294761657715, -0.8022886514663696
17, -4.431578159332275, 0.01920294761657715, -0.553170919418335
18, -4.452563285827637, 0.01920294761657715, -0.3040532171726227
19, -4.473548412322998, 0.01920294761657715, -0.0549355149269104
20, -4.494533538818359, 0.01920294761657715, 0.19418218731880188
21, -4.515518665313721, 0.01920294761657715, 0.44329988956451416
22, -4.536503791809082, 0.01920294761657715, 0.6924176216125488
23, -4.536503791809082, 0.01920294761657715, 0.6924176216125488
24, -4.536503791809082, 0.01920294761657715, 0.6924176216125488
25, -4.536503791809082, 0.01920294761657715, 0.6924176216125488
26, -4.430118560791016, 0.01920294761657715, 0.9186524152755737
27, -4.430118560791016, 0.01920294761657715, 0.9186524152755737
28, -4.2248687744140625, 0.01920294761657715, 1.0613847970962524
29, -4.019618988037109, 0.01920294761657715, 1.2041171789169312
30, -4.019618988037109, 0.01920294761657715, 1.2041171789169312
31, -3.913233518600464, 0.01920294761657715, 1.430351972579956
32, -3.913233518600464, 0.01920294761657715, 1.430351972579956
33, -3.913233518600464, 0.01920294761657715, 1.430351972579956
34, -3.6641159057617188, 0.01920294761657715, 1.4513368606567383
35, -3.4149982929229736, 0.01920294761657715, 1.4723217487335205
36, -3.1658806800842285, 0.01920294761657715, 1.4933066368103027
37, -2.9167630672454834, 0.01920294761657715, 1.514291524887085
38, -2.6676454544067383, 0.01920294761657715, 1.5352764129638672
39, -2.418527841567993, 0.01920294761657715, 1.5562613010406494
40, -2.169410228729248, 0.01920294761657715, 1.5772461891174316
41, -1.9202924966812134, 0.01920294761657715, 1.5982310771942139
42, -1.6711747646331787, 0.01920294761657715, 1.619215965270996
43, -1.422057032585144, 0.01920294761657715, 1.6402008533477783
44, -1.422057032585144, 0.01920294761657715, 1.6402008533477783
45, -1.216807246208191, 0.01920294761657715, 1.782933235168457
46, -1.0115574598312378, 0.01920294761657715, 1.9256656169891357
47, -1.0115574598312378, 0.01920294761657715, 1.9256656169891357
48, -1.0115574598312378, 0.01920294761657715, 1.9256656169891357
49, -1.0115574598312378, 0.01920294761657715, 1.9256656169891357
50, -1.0115574598312378, 0.01920294761657715, 1.9256656169891357
51, -1.0115574598312378, 0.01920294761657715, 1.9256656169891357
52, -1.0115574598312378, 0.01920294761657715, 1.9256656169891357
53, -1.0115574598312378, 0.01920294761657715, 1.9256656169891357
54, -1.2606751918792725, 0.01920294761657715, 1.9046807289123535
55, -1.5097929239273071, 0.01920294761657715, 1.8836958408355713
56, -1.7589106559753418, 0.01920294761657715, 1.862710952758789
57, -2.008028268814087, 0.01920294761657715, 1.8417260646820068
58, -2.008028268814087, 0.01920294761657715, 1.8417260646820068
59, -2.2342629432678223, 0.01920294761657715, 1.9481115341186523
60, -2.2342629432678223, 0.01920294761657715, 1.9481115341186523
61, -2.2342629432678223, 0.01920294761657715, 1.9481115341186523
62, -2.2342629432678223, 0.01920294761657715, 1.9481115341186523
63, -2.2342629432678223, 0.01920294761657715, 1.9481115341186523
64, -2.2342629432678223, 0.01920294761657715, 1.9481115341186523
65, -2.4833807945251465, 0.01920294761657715, 1.9271266460418701
66, -2.7324986457824707, 0.01920294761657715, 1.906141757965088
67, -2.981616497039795, 0.01920294761657715, 1.8851568698883057
68, -3.230734348297119, 0.01920294761657715, 1.8641719818115234
69, -3.230734348297119, 0.01920294761657715, 1.8641719818115234
70, -3.4569690227508545, 0.01920294761657715, 1.970557451248169
71, -3.68320369720459, 0.01920294761657715, 2.0769429206848145
72, -3.68320369720459, 0.01920294761657715, 2.0769429206848145
73, -3.68320369720459, 0.01920294761657715, 2.0769429206848145
74, -3.704188585281372, 0.01920294761657715, 2.3260607719421387
75, -3.7251734733581543, -0.028387591242790222, 2.575178623199463
76, -3.7461583614349365, -0.08563292026519775, 2.824296474456787
77, -3.7657604217529297, -0.1967756599187851, 3.0569984912872314
78, -3.7657604217529297, -0.1967756599187851, 3.0569984912872314
79, -3.7657604217529297, -0.1967756599187851, 3.0569984912872314
80, -3.7657604217529297, -0.1967756599187851, 3.0569984912872314
81, -3.7657604217529297, -0.1967756599187851, 3.0569984912872314
82, -3.949781894683838, -0.2924944758415222, 3.14353346824646
83, -3.949781894683838, -0.2924944758415222, 3.14353346824646
84, -3.949781894683838, -0.2924944758415222, 3.14353346824646
85, -3.949781894683838, -0.2924944758415222, 3.14353346824646
86, -3.949781894683838, -0.2924944758415222, 3.14353346824646
87, -3.907285451889038, -0.33830052614212036, 3.2339046001434326
88, -3.907285451889038, -0.33830052614212036, 3.2339046001434326
89, -3.907285451889038, -0.33830052614212036, 3.2339046001434326
90, -3.907285451889038, -0.33830052614212036, 3.2339046001434326
91, -3.907285451889038, -0.33830052614212036, 3.2339046001434326
92, -3.907285451889038, -0.33830052614212036, 3.2339046001434326
93, -3.907285451889038, -0.33830052614212036, 3.2339046001434326
94, -3.949781894683838, -0.36040499806404114, 3.2538881301879883
95, -3.949781894683838, -0.36040499806404114, 3.2538881301879883
96, -3.949781894683838, -0.36040499806404114, 3.2538881301879883
97, -3.949781894683838, -0.36040499806404114, 3.2538881301879883
98, -3.949781894683838, -0.36040499806404114, 3.2538881301879883
99, -3.9399681091308594, -0.3709831237792969, 3.2747576236724854
100, -3.9399681091308594, -0.3709831237792969, 3.2747576236724854
101, -3.9399681091308594, -0.3709830641746521, 3.2747576236724854
102, -3.9399681091308594, -0.3709830641746521, 3.2747576236724854
103, -3.9399681091308594, -0.3709830343723297, 3.2747576236724854
104, -3.9399681091308594, -0.3709830343723297, 3.2747576236724854
105, -3.9399681091308594, -0.3709830343723297, 3.2747576236724854
106, -3.9399681091308594, -0.3709830343723297, 3.2747576236724854
107, -3.9399681091308594, -0.3709830343723297, 3.2747576236724854
108, -3.9399688243865967, -0.37098386883735657, 3.2747585773468018
109, -3.9399688243865967, -0.37098386883735657, 3.2747585773468018
110, -3.949781894683838, -0.37608811259269714, 3.2793731689453125
111, -3.949781894683838, -0.37608811259269714, 3.2793731689453125
112, -3.949781894683838, -0.37608811259269714, 3.2793731689453125
113, -3.949781894683838, -0.37608811259269714, 3.2793731689453125
114, -3.949781894683838, -0.37608811259269714, 3.2793731689453125
115, -3.9475157260894775, -0.37853074073791504, 3.2841923236846924
116, -3.9475157260894775, -0.37853074073791504, 3.2841923236846924
117, -3.9475157260894775, -0.37853074073791504, 3.2841923236846924
118, -3.9475157260894775, -0.37853074073791504, 3.2841923236846924
119, -3.9475157260894775, -0.37853074073791504, 3.2841923236846924
120, -3.9475157260894775, -0.37853074073791504, 3.2841923236846924
121, -3.9475157260894775, -0.37853074073791504, 3.2841923236846924
122, -3.9475157260894775, -0.37853074073791504, 3.2841923236846924
123, -3.9475157260894775, -0.37853074073791504, 3.2841923236846924
124, -3.9475157260894775, -0.37853074073791504, 3.2841923236846924
125, -3.9475157260894775, -0.37853074073791504, 3.2841923236846924
126, -3.9475157260894775, -0.37853074073791504, 3.2841923236846924
127, -3.9475157260894775, -0.37853074073791504, 3.2841923236846924
128, -3.9475157260894775, -0.37853074073791504, 3.2841923236846924
129, -3.9475157260894775, -0.37853074073791504, 3.2841923236846924
130, -3.949781894683838, -0.3797096014022827, 3.2852580547332764
131, -3.949781894683838, -0.3797096014022827, 3.2852580547332764
132, -3.949781894683838, -0.3797096014022827, 3.2852580547332764
133, -3.949781894683838, -0.3797096014022827, 3.2852580547332764
134, -3.949781894683838, -0.3797096014022827, 3.2852580547332764
135, -3.949781894683838, -0.3797096014022827, 3.2852580547332764
136, -3.9287970066070557, -0.22156383097171783, 3.0361404418945312
137, -3.9078121185302734, -0.06341807544231415, 2.787022829055786
138, -3.886827230453491, 0.01920294761657715, 2.537905216217041
139, -3.886827230453491, 0.01920294761657715, 2.537905216217041
140, -3.7440948486328125, 0.01920294761657715, 2.332655429840088
141, -3.601362466812134, 0.01920294761657715, 2.1274056434631348
142, -3.458630084991455, 0.01920294761657715, 1.9221558570861816
143, -3.458630084991455, 0.01920294761657715, 1.9221558570861816
144, -3.2323954105377197, 0.01920294761657715, 1.8157705068588257
145, -3.2323954105377197, 0.01920294761657715, 1.8157705068588257
146, -3.2323954105377197, 0.01920294761657715, 1.8157705068588257
147, -3.2323954105377197, 0.01920294761657715, 1.8157705068588257
148, -2.9832777976989746, 0.01920294761657715, 1.836755394935608
149, -2.7341601848602295, 0.01920294761657715, 1.8577402830123901
150, -2.7341601848602295, 0.01920294761657715, 1.8577402830123901
151, -2.7341601848602295, 0.01920294761657715, 1.8577402830123901
152, -2.7341601848602295, 0.01920294761657715, 1.8577402830123901
153, -2.7341601848602295, 0.01920294761657715, 1.8577402830123901
154, -2.7341601848602295, 0.01920294761657715, 1.8577402830123901
155, -2.7341601848602295, 0.01920294761657715, 1.8577402830123901
156, -2.9832777976989746, 0.01920294761657715, 1.836755394935608
157, -3.2323954105377197, 0.01920294761657715, 1.8157705068588257
158, -3.2323954105377197, 0.01920294761657715, 1.8157705068588257
159, -3.458630084991455, 0.01920294761657715, 1.9221558570861816
160, -3.6848647594451904, 0.01920294761657715, 2.028541326522827
161, -3.6848647594451904, 0.01920294761657715, 2.028541326522827
162, -3.6848647594451904, 0.01920294761657715, 2.028541326522827
163, -3.7058496475219727, 0.01920294761657715, 2.2776589393615723
164, -3.726834535598755, -0.015648752450942993, 2.5267765522003174
165, -3.747819423675537, -0.07289403676986694, 2.7758941650390625
166, -3.7688043117523193, -0.17779399454593658, 3.0250117778778076
167, -3.772174119949341, -0.20318931341171265, 3.0650155544281006
168, -3.772174119949341, -0.20318931341171265, 3.0650155544281006
169, -3.77217435836792, -0.20318947732448578, 3.0650157928466797
170, -3.77217435836792, -0.20318947732448578, 3.0650157928466797
171, -3.949781894683838, -0.29557204246520996, 3.1485345363616943
172, -3.949781894683838, -0.29557204246520996, 3.1485345363616943
173, -3.949781894683838, -0.29557204246520996, 3.1485345363616943
174, -3.949781894683838, -0.29557204246520996, 3.1485345363616943
175, -3.949781894683838, -0.29557204246520996, 3.1485345363616943
176, -3.908766508102417, -0.33978164196014404, 3.2357559204101562
177, -3.908766508102417, -0.33978164196014404, 3.2357559204101562
178, -3.908766508102417, -0.33978164196014404, 3.2357559204101562
179, -3.908766508102417, -0.33978164196014404, 3.2357559204101562
180, -3.908766508102417, -0.33978164196014404, 3.2357559204101562
181, -3.908766508102417, -0.33978164196014404, 3.2357559204101562
182, -3.949781894683838, -0.36111587285995483, 3.2550432682037354
183, -3.949781894683838, -0.36111587285995483, 3.2550432682037354
184, -3.949781894683838, -0.36111587285995483, 3.2550432682037354
185, -3.949781894683838, -0.36111587285995483, 3.2550432682037354
186, -3.949781894683838, -0.36111587285995483, 3.2550432682037354
187, -3.94031023979187, -0.37132522463798523, 3.2751853466033936
188, -3.94031023979187, -0.37132522463798523, 3.2751853466033936
189, -3.94031023979187, -0.37132522463798523, 3.2751853466033936
190, -3.94031023979187, -0.37132522463798523, 3.2751853466033936
191, -3.94031023979187, -0.37132519483566284, 3.2751853466033936
192, -3.94031023979187, -0.37132519483566284, 3.2751853466033936
193, -3.94031023979187, -0.37132519483566284, 3.2751853466033936
194, -3.94031023979187, -0.37132519483566284, 3.2751853466033936
195, -3.94031023979187, -0.37132519483566284, 3.2751853466033936
196, -3.94031023979187, -0.37132519483566284, 3.2751853466033936
197, -3.9403107166290283, -0.37132561206817627, 3.2751858234405518
198, -3.9403107166290283, -0.37132561206817627, 3.2751858234405518
199, -3.949781894683838, -0.376252144575119, 3.279639720916748
200, -3.949781894683838, -0.376252144575119, 3.279639720916748
201, -3.949781894683838, -0.376252144575119, 3.279639720916748
202, -3.949781894683838, -0.376252144575119, 3.279639720916748
203, -3.949781894683838, -0.376252144575119, 3.279639720916748
204, -3.949781894683838, -0.376252144575119, 3.279639720916748
205, -3.949781894683838, -0.376252144575119, 3.279639720916748
206, -3.949781894683838, -0.376252144575119, 3.279639720916748
207, -3.94759464263916, -0.37860968708992004, 3.2842910289764404
208, -3.94759464263916, -0.37860968708992004, 3.2842910289764404
209, -3.94759464263916, -0.37860968708992004, 3.2842910289764404
210, -3.94759464263916, -0.37860968708992004, 3.2842910289764404
211, -3.94759464263916, -0.37860968708992004, 3.2842910289764404
212, -3.94759464263916, -0.37860968708992004, 3.2842910289764404
213, -3.94759464263916, -0.37860968708992004, 3.2842910289764404
214, -3.94759464263916, -0.37860968708992004, 3.2842910289764404
215, -3.94759464263916, -0.37860968708992004, 3.2842910289764404
216, -3.94759464263916, -0.37860968708992004, 3.2842910289764404
217, -3.94759464263916, -0.37860968708992004, 3.2842910289764404
218, -3.94759464263916, -0.37860968708992004, 3.2842910289764404
219, -3.94759464263916, -0.37860968708992004, 3.2842910289764404
220, -3.94759464263916, -0.37860968708992004, 3.2842910289764404
221, -3.94759464263916, -0.37860968708992004, 3.2842910289764404
222, -3.94759464263916, -0.37860968708992004, 3.2842910289764404
223, -3.949781894683838, -0.3797473907470703, 3.2853195667266846
224, -3.949781894683838, -0.3797473907470703, 3.2853195667266846
225, -3.949781894683838, -0.3797473907470703, 3.2853195667266846
226, -3.949781894683838, -0.3797473907470703, 3.2853195667266846
227, -3.949781894683838, -0.3797473907470703, 3.2853195667266846
228, -3.949781894683838, -0.3797473907470703, 3.2853195667266846
229, -3.949781894683838, -0.3797473907470703, 3.2853195667266846
230, -3.9287970066070557, -0.2216016799211502, 3.0362019538879395
231, -3.9078121185302734, -0.06345593929290771, 2.7870843410491943
232, -3.886827230453491, 0.01920294761657715, 2.537966728210449
233, -3.886827230453491, 0.01920294761657715, 2.537966728210449
234, -3.9932126998901367, 0.01920294761657715, 2.311732053756714
235, -3.9932126998901367, 0.01920294761657715, 2.311732053756714
236, -4.19846248626709, 0.01920294761657715, 2.168999671936035
237, -4.19846248626709, 0.01920294761657715, 2.168999671936035
238, -4.447580337524414, 0.01920294761657715, 2.148014783859253
239, -4.696698188781738, 0.01920294761657715, 2.1270298957824707
240, -4.9458160400390625, 0.01920294761657715, 2.1060450077056885
241, -5.194933891296387, 0.01920294761657715, 2.0850601196289062
242, -5.194933891296387, 0.01920294761657715, 2.0850601196289062
243, -5.421168804168701, 0.01920294761657715, 2.1914455890655518
244, -5.647403717041016, 0.01920294761657715, 2.2978310585021973
245, -5.87363862991333, 0.01920294761657715, 2.4042165279388428
246, -5.87363862991333, 0.01920294761657715, 2.4042165279388428
247, -5.87363862991333, 0.01920294761657715, 2.4042165279388428
248, -5.894623279571533, 0.01920294761657715, 2.653334379196167
249, -5.915607929229736, 0.01920294761657715, 2.902452230453491
250, -5.9365925788879395, 0.01920294761657715, 3.1515700817108154
251, -5.957577228546143, 0.01920294761657715, 3.4006879329681396
252, -5.978561878204346, 0.01920294761657715, 3.649805784225464
253, -5.978561878204346, 0.01920294761657715, 3.649805784225464
254, -5.978561878204346, 0.01920294761657715, 3.649805784225464
255, -5.978561878204346, 0.01920294761657715, 3.649805784225464
256, -5.978561878204346, 0.01920294761657715, 3.649805784225464
257, -5.978561878204346, 0.01920294761657715, 3.649805784225464
258, -5.978561878204346, 0.01920294761657715, 3.649805784225464
259, -5.957577228546143, 0.01920294761657715, 3.4006881713867188
260, -5.9365925788879395, 0.01920294761657715, 3.1515705585479736
261, -5.915607929229736, 0.01920294761657715, 2.9024529457092285
262, -5.894623279571533, 0.01920294761657715, 2.6533353328704834
263, -5.87363862991333, 0.01920294761657715, 2.4042177200317383
264, -5.87363862991333, 0.01920294761657715, 2.4042177200317383
265, -5.87363862991333, 0.01920294761657715, 2.4042177200317383
266, -5.647403717041016, 0.01920294761657715, 2.2978322505950928
267, -5.421168804168701, 0.01920294761657715, 2.1914467811584473
268, -5.421168804168701, 0.01920294761657715, 2.1914467811584473
269, -5.172050952911377, 0.01920294761657715, 2.2124316692352295
270, -5.172050952911377, 0.01920294761657715, 2.2124316692352295
271, -4.9458160400390625, 0.01920294761657715, 2.106046199798584
272, -4.9458160400390625, 0.01920294761657715, 2.106046199798584
273, -4.696698188781738, 0.01920294761657715, 2.127031087875366
274, -4.447580337524414, 0.01920294761657715, 2.1480159759521484
275, -4.447580337524414, 0.01920294761657715, 2.1480159759521484
276, -4.447580337524414, 0.01920294761657715, 2.1480159759521484
277, -4.19846248626709, 0.01920294761657715, 2.1690008640289307
278, -4.19846248626709, 0.01920294761657715, 2.1690008640289307
279, -3.9722278118133545, 0.01920294761657715, 2.062615394592285
280, -3.745993137359619, 0.01920294761657715, 1.9562300443649292
281, -3.519758462905884, 0.01920294761657715, 1.8498446941375732
282, -3.2935237884521484, 0.01920294761657715, 1.7434593439102173
283, -3.2935237884521484, 0.01920294761657715, 1.7434593439102173
284, -3.0444061756134033, 0.01920294761657715, 1.764444351196289
285, -3.0444061756134033, 0.01920294761657715, 1.764444351196289
286, -3.0444061756134033, 0.01920294761657715, 1.764444351196289
287, -2.795288562774658, 0.01920294761657715, 1.7854292392730713
288, -2.546170949935913, 0.01920294761657715, 1.8064141273498535
289, -2.297053337097168, 0.01920294761657715, 1.8273990154266357
290, -2.047935724258423, 0.01920294761657715, 1.848383903503418
291, -2.047935724258423, 0.01920294761657715, 1.848383903503418
292, -1.821700930595398, 0.01920294761657715, 1.741998553276062
293, -1.821700930595398, 0.01920294761657715, 1.741998553276062
294, -1.5725831985473633, 0.01920294761657715, 1.7629835605621338
295, -1.3234654664993286, 0.01920294761657715, 1.783968448638916
296, -1.074347734451294, 0.01920294761657715, 1.8049533367156982
297, -1.074347734451294, 0.01920294761657715, 1.8049533367156982
298, -0.8690979480743408, 0.01920294761657715, 1.947685718536377
299, -0.8690979480743408, 0.01920294761657715, 1.947685718536377
300, -0.7627125978469849, 0.01920294761657715, 2.1739203929901123
301, -0.6838833093643188, 0.01920294761657715, 2.341555595397949
302, -0.6838833093643188, 0.01920294761657715, 2.341555595397949
303, -0.6838833093643188, 0.01920294761657715, 2.341555595397949
304, -0.6838833093643188, 0.01920294761657715, 2.341555595397949
305, -0.6838833093643188, 0.01920294761657715, 2.341555595397949
306, -0.6838833093643188, 0.01920294761657715, 2.341555595397949
307, -0.6838833093643188, 0.01920294761657715, 2.341555595397949
308, -0.6838833093643188, 0.01920294761657715, 2.341555595397949
309, -0.6838833093643188, 0.01920294761657715, 2.341555595397949
310, -0.6838833093643188, 0.01920294761657715, 2.341555595397949
311, -0.6838833093643188, 0.01920294761657715, 2.341555595397949
312, -0.47863349318504333, 0.01920294761657715, 2.484287977218628
313, -0.47863349318504333, 0.01920294761657715, 2.484287977218628
314, -0.47863349318504333, 0.01920294761657715, 2.484287977218628
315, -0.49961841106414795, 0.01920294761657715, 2.733405590057373
316, -0.49961841106414795, 0.01920294761657715, 2.733405590057373
317, -0.3932330310344696, 0.01920294761657715, 2.9596402645111084
318, -0.3932330310344696, 0.01920294761657715, 2.9596402645111084
319, -0.4142179489135742, 0.01920294761657715, 3.2087578773498535
320, -0.43520286679267883, 0.01920294761657715, 3.4578754901885986
321, -0.43520286679267883, 0.01920294761657715, 3.4578754901885986
322, -0.43520286679267883, 0.01920294761657715, 3.4578754901885986
323, -0.43520286679267883, 0.01920294761657715, 3.4578754901885986
324, -0.43520286679267883, 0.01920294761657715, 3.4578754901885986
325, -0.43520286679267883, 0.01920294761657715, 3.4578754901885986
326, -0.43520286679267883, 0.01920294761657715, 3.4578754901885986
327, -0.4142179787158966, 0.01920294761657715, 3.2087578773498535
328, -0.3932330906391144, 0.01920294761657715, 2.9596402645111084
329, -0.37224820256233215, 0.01920294761657715, 2.7105226516723633
330, -0.37224820256233215, 0.01920294761657715, 2.7105226516723633
331, -0.4786335825920105, 0.01920294761657715, 2.484287977218628
332, -0.5850189924240112, 0.01920294761657715, 2.2580533027648926
333, -0.5850189924240112, 0.01920294761657715, 2.2580533027648926
334, -0.7902687788009644, 0.01920294761657715, 2.115320920944214
335, -0.9225535988807678, 0.01920294761657715, 2.023329019546509
336, -0.9225535988807678, 0.01920294761657715, 2.023329019546509
337, -0.9225535988807678, 0.01920294761657715, 2.023329019546509
338, -1.0289390087127686, 0.01920294761657715, 1.7970943450927734
339, -1.0289390087127686, 0.01920294761657715, 1.7970943450927734
340, -1.0289390087127686, 0.01920294761657715, 1.7970943450927734
341, -1.2780567407608032, 0.01920294761657715, 1.7761094570159912
342, -1.527174472808838, 0.01920294761657715, 1.755124568939209
343, -1.7762922048568726, 0.01920294761657715, 1.7341396808624268
344, -2.0254099369049072, 0.01920294761657715, 1.7131547927856445
345, -2.2745275497436523, 0.01920294761657715, 1.6921699047088623
346, -2.5236451625823975, 0.01920294761657715, 1.67118501663208
347, -2.7727627754211426, 0.01920294761657715, 1.6502001285552979
348, -2.7727627754211426, 0.01920294761657715, 1.6502001285552979
349, -2.998997449874878, 0.01920294761657715, 1.7565855979919434
350, -3.2252321243286133, 0.01920294761657715, 1.8629710674285889
351, -3.4514667987823486, 0.01920294761657715, 1.9693565368652344
352, -3.4514667987823486, 0.01920294761657715, 1.9693565368652344
353, -3.5941991806030273, 0.01920294761657715, 2.1746063232421875
354, -3.736931562423706, 0.01920294761657715, 2.3798561096191406
355, -3.736931562423706, 0.01920294761657715, 2.3798561096191406
356, -3.736931562423706, 0.01920294761657715, 2.3798561096191406
357, -3.736931562423706, 0.01920294761657715, 2.3798561096191406
358, -3.736931562423706, 0.01920294761657715, 2.3798561096191406
359, -3.9860494136810303, 0.01920294761657715, 2.3588712215423584
360, -4.235167026519775, 0.01920294761657715, 2.337886333465576
361, -4.4842848777771, 0.01920294761657715, 2.316901445388794
362, -4.733402729034424, 0.01920294761657715, 2.2959165573120117
363, -4.982520580291748, 0.01920294761657715, 2.2749316692352295
364, -4.982520580291748, 0.01920294761657715, 2.2749316692352295
365, -5.187770366668701, 0.01920294761657715, 2.132199287414551
366, -5.187770366668701, 0.01920294761657715, 2.132199287414551
367, -5.436888217926025, 0.01920294761657715, 2.1112143993377686
368, -5.436888217926025, 0.01920294761657715, 2.1112143993377686
369, -5.66312313079834, 0.01920294761657715, 2.217599868774414
370, -5.889358043670654, 0.01920294761657715, 2.3239853382110596
371, -5.889358043670654, 0.01920294761657715, 2.3239853382110596
372, -5.889358043670654, 0.01920294761657715, 2.3239853382110596
373, -5.910342693328857, 0.01920294761657715, 2.5731029510498047
374, -5.9313273429870605, 0.01920294761657715, 2.82222056388855
375, -5.952311992645264, 0.01920294761657715, 3.071338176727295
376, -5.973296642303467, 0.01920294761657715, 3.32045578956604
377, -5.99428129196167, 0.01920294761657715, 3.569573402404785
378, -5.99428129196167, 0.01920294761657715, 3.569573402404785
379, -5.99428129196167, 0.01920294761657715, 3.569573402404785
380, -5.99428129196167, 0.01920294761657715, 3.569573402404785
381, -5.99428129196167, 0.01920294761657715, 3.569573402404785
382, -5.99428129196167, 0.01920294761657715, 3.569573402404785
383, -5.99428129196167, 0.01920294761657715, 3.569573402404785
384, -5.973296642303467, 0.01920294761657715, 3.32045578956604
385, -5.952311992645264, 0.01920294761657715, 3.071338176727295
386, -5.9313273429870605, 0.01920294761657715, 2.82222056388855
387, -5.910342693328857, 0.01920294761657715, 2.5731029510498047
388, -5.910342693328857, 0.01920294761657715, 2.5731029510498047
389, -5.767610549926758, 0.01920294761657715, 2.3678531646728516
390, -5.624878406524658, 0.01920294761657715, 2.1626033782958984
391, -5.624878406524658, 0.01920294761657715, 2.1626033782958984
392, -5.398643493652344, 0.01920294761657715, 2.056217908859253
393, -5.398643493652344, 0.01920294761657715, 2.056217908859253
394, -5.1495256423950195, 0.01920294761657715, 2.077202796936035
395, -4.900407791137695, 0.01920294761657715, 2.0981876850128174
396, -4.651289939880371, 0.01920294761657715, 2.1191725730895996
397, -4.402172088623047, 0.01920294761657715, 2.140157461166382
398, -4.402172088623047, 0.01920294761657715, 2.140157461166382
399, -4.175937175750732, 0.01920294761657715, 2.0337719917297363
400, -3.949702501296997, 0.01920294761657715, 1.9273866415023804
401, -3.7234678268432617, 0.01920294761657715, 1.8210012912750244
402, -3.4972331523895264, 0.01920294761657715, 1.7146159410476685
403, -3.4972331523895264, 0.01920294761657715, 1.7146159410476685
404, -3.2481155395507812, 0.01920294761657715, 1.7356009483337402
405, -2.998997926712036, 0.01920294761657715, 1.7565858364105225
406, -2.998997926712036, 0.01920294761657715, 1.7565858364105225
407, -2.998997926712036, 0.01920294761657715, 1.7565858364105225
408, -2.749880313873291, 0.01920294761657715, 1.7775707244873047
409, -2.500762701034546, 0.01920294761657715, 1.798555612564087
410, -2.251645088195801, 0.01920294761657715, 1.8195405006408691
411, -2.0025274753570557, 0.01920294761657715, 1.8405253887176514
412, -1.753409743309021, 0.01920294761657715, 1.8615102767944336
413, -1.5042920112609863, 0.01920294761657715, 1.8824951648712158
414, -1.2551742792129517, 0.01920294761657715, 1.903480052947998
415, -1.006056547164917, 0.01920294761657715, 1.9244649410247803
416, -1.006056547164917, 0.01920294761657715, 1.9244649410247803
417, -0.8008067011833191, 0.01920294761657715, 2.067197322845459
418, -0.8008067011833191, 0.01920294761657715, 2.067197322845459
419, -0.6944212913513184, 0.01920294761657715, 2.2934319972991943
420, -0.6514664888381958, 0.01920294761657715, 2.3847780227661133
421, -0.6514664888381958, 0.01920294761657715, 2.3847780227661133
422, -0.6514664888381958, 0.01920294761657715, 2.3847780227661133
423, -0.6514664888381958, 0.01920294761657715, 2.3847780227661133
424, -0.4462166428565979, 0.01920294761657715, 2.527510404586792
425, -0.4462166428565979, 0.01920294761657715, 2.527510404586792
426, -0.4462166428565979, 0.01920294761657715, 2.527510404586792
427, -0.4672015309333801, 0.01920294761657715, 2.776628017425537
428, -0.4672015309333801, 0.01920294761657715, 2.776628017425537
429, -0.3608161211013794, 0.01920294761657715, 3.0028626918792725
430, -0.3608161211013794, 0.01920294761657715, 3.0028626918792725
431, -0.381801038980484, 0.01920294761657715, 3.2519803047180176
432, -0.4027859568595886, 0.01920294761657715, 3.5010979175567627
433, -0.4027859568595886, 0.01920294761657715, 3.5010979175567627
434, -0.4027859568595886, 0.01920294761657715, 3.5010979175567627
435, -0.4027859568595886, 0.01920294761657715, 3.5010979175567627
436, -0.4027859568595886, 0.01920294761657715, 3.5010979175567627
437, -0.4027859568595886, 0.01920294761657715, 3.5010979175567627
438, -0.4027859568595886, 0.01920294761657715, 3.5010979175567627
439, -0.3818010687828064, 0.01920294761657715, 3.2519803047180176
440, -0.36081618070602417, 0.01920294761657715, 3.0028626918792725
441, -0.33983129262924194, 0.01920294761657715, 2.7537450790405273
442, -0.33983129262924194, 0.01920294761657715, 2.7537450790405273
443, -0.4462167024612427, 0.01920294761657715, 2.527510404586792
444, -0.5526021122932434, 0.01920294761657715, 2.3012757301330566
445, -0.5526021122932434, 0.01920294761657715, 2.3012757301330566
446, -0.7578519582748413, 0.01920294761657715, 2.158543348312378
447, -0.8901366591453552, 0.01920294761657715, 2.066551446914673
448, -0.89013671875, 0.01920294761657715, 2.066551446914673
449, -0.89013671875, 0.01920294761657715, 2.066551446914673
450, -0.9965221285820007, 0.01920294761657715, 1.8403167724609375
451, -0.9965221285820007, 0.01920294761657715, 1.8403167724609375
452, -0.9965221285820007, 0.01920294761657715, 1.8403167724609375
453, -1.2456398010253906, 0.01920294761657715, 1.8193318843841553
454, -1.4947575330734253, 0.01920294761657715, 1.798346996307373
455, -1.74387526512146, 0.01920294761657715, 1.7773621082305908
456, -1.9929929971694946, 0.01920294761657715, 1.7563772201538086
457, -2.2421107292175293, 0.01920294761657715, 1.7353923320770264
458, -2.4912283420562744, 0.01920294761657715, 1.7144074440002441
459, -2.7403459548950195, 0.01920294761657715, 1.693422555923462
460, -2.9894635677337646, 0.01920294761657715, 1.6724376678466797
461, -2.9894635677337646, 0.01920294761657715, 1.6724376678466797
462, -3.2156982421875, 0.01920294761657715, 1.7788231372833252
463, -3.4419329166412354, 0.01920294761657715, 1.8852086067199707
464, -3.4419329166412354, 0.01920294761657715, 1.8852086067199707
465, -3.584665298461914, 0.01920294761657715, 2.090458393096924
466, -3.7273976802825928, 0.01920294761657715, 2.295708179473877
467, -3.7273976802825928, 0.01920294761657715, 2.295708179473877
468, -3.7273976802825928, 0.01920294761657715, 2.295708179473877
469, -3.7273976802825928, 0.01920294761657715, 2.295708179473877
470, -3.7273976802825928, 0.01920294761657715, 2.295708179473877
471, -3.976515531539917, 0.01920294761657715, 2.2747232913970947
472, -4.225633144378662, 0.01920294761657715, 2.2537384033203125
473, -4.474750995635986, 0.01920294761657715, 2.2327535152435303
474, -4.7238688468933105, 0.01920294761657715, 2.211768627166748
475, -4.972986698150635, 0.01920294761657715, 2.190783739089966
476, -5.222104549407959, 0.01920294761657715, 2.1697988510131836
477, -5.471222400665283, 0.01920294761657715, 2.1488139629364014
478, -5.471222400665283, 0.01920294761657715, 2.1488139629364014
479, -5.697457313537598, 0.01920294761657715, 2.255199432373047
480, -5.697457313537598, 0.01920294761657715, 2.255199432373047
481, -5.840189456939697, 0.01920294761657715, 2.46044921875
482, -5.982921600341797, 0.01920294761657715, 2.665699005126953
483, -5.982921600341797, 0.01920294761657715, 2.665699005126953
484, -6.00390625, 0.01920294761657715, 2.9148168563842773
485, -6.024890899658203, 0.01920294761657715, 3.1639347076416016
486, -6.045875549316406, 0.01920294761657715, 3.413052558898926
487, -6.045875549316406, 0.01920294761657715, 3.413052558898926
488, -6.045875549316406, 0.01920294761657715, 3.413052558898926
489, -6.045875549316406, 0.01920294761657715, 3.413052558898926
490, -6.045875549316406, 0.01920294761657715, 3.413052558898926
491, -6.045875549316406, 0.01920294761657715, 3.413052558898926
492, -6.045875549316406, 0.01920294761657715, 3.413052558898926
493, -6.024890899658203, 0.01920294761657715, 3.1639349460601807
494, -6.00390625, 0.01920294761657715, 2.9148173332214355
495, -5.982921600341797, 0.01920294761657715, 2.6656997203826904
496, -5.982921600341797, 0.01920294761657715, 2.6656997203826904
497, -5.840189456939697, 0.01920294761657715, 2.4604499340057373
498, -5.697457313537598, 0.01920294761657715, 2.255200147628784
499, -5.697457313537598, 0.01920294761657715, 2.255200147628784
