1, -2.0026257038116455, 0.16337794065475464, -2.78383731842041
2, -2.0026257038116455, 0.16337794065475464, -2.78383731842041
3, -2.0026257038116455, 0.16337794065475464, -2.78383731842041
4, -2.0026257038116455, 0.16337794065475464, -2.78383731842041
5, -2.0026257038116455, 0.16337794065475464, -2.78383731842041
6, -2.0026257038116455, 0.16337794065475464, -2.78383731842041
7, -2.0026257038116455, 0.16337794065475464, -2.78383731842041
8, -2.0026257038116455, 0.16337794065475464, -2.78383731842041
9, -2.0026257038116455, 0.16337794065475464, -2.78383731842041
10, -2.0026257038116455, 0.16337794065475464, -2.78383731842041
11, -2.0026257038116455, 0.16337794065475464, -2.78383731842041
12, -2.0026257038116455, 0.16337794065475464, -2.78383731842041
13, -2.0026257038116455, 0.16337794065475464, -2.78383731842041
14, -2.0026257038116455, 0.16337794065475464, -2.78383731842041
15, -2.0026257038116455, 0.16337794065475464, -2.78383731842041
16, -2.198624849319458, 0.16337794065475464, -2.93902850151062
17, -2.198624849319458, 0.16337794065475464, -2.93902850151062
18, -2.445960760116577, 0.16337794065475464, -2.975428342819214
19, -2.6932966709136963, 0.16337794065475464, -3.0118281841278076
20, -2.9406325817108154, 0.16337794065475464, -3.0482280254364014
21, -3.1879684925079346, 0.16337794065475464, -3.084627866744995
22, -3.4353044033050537, 0.16337794065475464, -3.121027708053589
23, -3.682640314102173, 0.16337794065475464, -3.1574275493621826
24, -3.682640314102173, 0.16337794065475464, -3.1574275493621826
25, -3.8786394596099854, 0.16337794065475464, -3.3126187324523926
26, -3.8786394596099854, 0.16337794065475464, -3.3126187324523926
27, -3.8786394596099854, 0.16337794065475464, -3.3126187324523926
28, -3.8786394596099854, 0.16337794065475464, -3.3126187324523926
29, -3.8786394596099854, 0.16337794065475464, -3.3126187324523926
30, -3.8786394596099854, 0.16337794065475464, -3.3126187324523926
31, -3.8786394596099854, 0.16337794065475464, -3.3126187324523926
32, -4.111038684844971, 0.16337794065475464, -3.2204740047454834
33, -4.343437671661377, 0.16337794065475464, -3.128329277038574
34, -4.343437671661377, 0.16337794065475464, -3.128329277038574
35, -4.343437671661377, 0.16337794065475464, -3.128329277038574
36, -4.343437671661377, 0.16337794065475464, -3.128329277038574
37, -4.251293182373047, 0.16337794065475464, -2.895930051803589
38, -4.159148693084717, 0.16337794065475464, -2.6635308265686035
39, -4.067004203796387, 0.16337794065475464, -2.431131601333618
40, -3.9748594760894775, 0.16337794065475464, -2.198732376098633
41, -3.8827147483825684, 0.16337794065475464, -1.966333270072937
42, -3.8827147483825684, 0.16337794065475464, -1.966333270072937
43, -3.919114589691162, 0.16337794065475464, -1.7189973592758179
44, -3.955514430999756, 0.16337794065475464, -1.4716614484786987
45, -3.9919142723083496, 0.16337794065475464, -1.2243255376815796
46, -4.028314113616943, 0.16337794065475464, -0.9769896268844604
47, -4.064713954925537, 0.16337794065475464, -0.7296537160873413
48, -4.064713954925537, 0.16337794065475464, -0.7296537160873413
49, -4.219905376434326, 0.16337794065475464, -0.5336544513702393
50, -4.219905376434326, 0.16337794065475464, -0.5336544513702393
51, -4.452304363250732, 0.16337794065475464, -0.44150978326797485
52, -4.684703350067139, 0.16337794065475464, -0.34936511516571045
53, -4.684703350067139, 0.16337794065475464, -0.34936511516571045
54, -4.932039260864258, 0.16337794065475464, -0.38576507568359375
55, -5.179375171661377, 0.16337794065475464, -0.42216503620147705
56, -5.426711082458496, 0.16337794065475464, -0.45856499671936035
57, -5.426711082458496, 0.16337794065475464, -0.45856499671936035
58, -5.426711082458496, 0.16337794065475464, -0.45856499671936035
59, -5.674046993255615, 0.16337794065475464, -0.49496498703956604
60, -5.921382904052734, 0.16337794065475464, -0.5313649773597717
61, -6.1687188148498535, 0.16337794065475464, -0.5677649974822998
62, -6.1687188148498535, 0.16337794065475464, -0.5677649974822998
63, -6.1687188148498535, 0.16337794065475464, -0.5677649974822998
64, -6.260863304138184, 0.16337794065475464, -0.8001641631126404
65, -6.353007793426514, 0.16337794065475464, -1.032563328742981
66, -6.353007793426514, 0.16337794065475464, -1.032563328742981
67, -6.549006938934326, 0.16337794065475464, -1.1877546310424805
68, -6.549006938934326, 0.16337794065475464, -1.1877546310424805
69, -6.796342849731445, 0.16337794065475464, -1.2241545915603638
70, -7.0436787605285645, 0.16337794065475464, -1.260554552078247
71, -7.0436787605285645, 0.16337794065475464, -1.260554552078247
72, -7.276077747344971, 0.16337794065475464, -1.168409824371338
73, -7.508476734161377, 0.16337794065475464, -1.0762650966644287
74, -7.740875720977783, 0.16337794065475464, -0.9841204285621643
75, -7.9732747077941895, 0.16337794065475464, -0.8919757604598999
76, -7.9732747077941895, 0.16337794065475464, -0.8919757604598999
77, -7.9732747077941895, 0.16337794065475464, -0.8919757604598999
78, -7.9732747077941895, 0.16337794065475464, -0.8919757604598999
79, -7.9732747077941895, 0.16337794065475464, -0.8919757604598999
80, -7.9732747077941895, 0.16337794065475464, -0.8919757604598999
81, -7.9732747077941895, 0.16337794065475464, -0.8919757604598999
82, -7.9732747077941895, 0.16337794065475464, -0.8919757604598999
83, -8.220610618591309, 0.16337794065475464, -0.9283757209777832
84, -8.220610618591309, 0.16337794065475464, -0.9283757209777832
85, -8.416609764099121, 0.16337794065475464, -1.0835670232772827
86, -8.612608909606934, 0.16337794065475464, -1.2387583255767822
87, -8.808608055114746, 0.16337794065475464, -1.3939496278762817
88, -9.004607200622559, 0.16337794065475464, -1.5491409301757812
89, -9.200606346130371, 0.16337794065475464, -1.7043322324752808
90, -9.396605491638184, 0.16337794065475464, -1.8595235347747803
91, -9.592604637145996, 0.16337794065475464, -2.0147147178649902
92, -9.592604637145996, 0.16337794065475464, -2.0147147178649902
93, -9.839940071105957, 0.16337794065475464, -2.051114797592163
94, -10.087275505065918, 0.16337794065475464, -2.087514877319336
95, -10.334610939025879, 0.16337794065475464, -2.123914957046509
96, -10.334610939025879, 0.16337794065475464, -2.123914957046509
97, -10.530610084533691, 0.16337794065475464, -2.2791061401367188
98, -10.726609230041504, 0.16337794065475464, -2.434297561645508
99, -10.922608375549316, 0.16337794065475464, -2.589488983154297
100, -10.922608375549316, 0.16337794065475464, -2.589488983154297
101, -10.922608375549316, 0.16337794065475464, -2.589488983154297
102, -10.922608375549316, 0.16337794065475464, -2.589488983154297
103, -11.169943809509277, 0.16337794065475464, -2.6258890628814697
104, -11.417279243469238, 0.16337794065475464, -2.6622891426086426
105, -11.417279243469238, 0.16337794065475464, -2.6622891426086426
106, -11.417279243469238, 0.16337794065475464, -2.6622891426086426
107, -11.417279243469238, 0.16337794065475464, -2.6622891426086426
108, -11.417279243469238, 0.16337794065475464, -2.6622891426086426
109, -11.417279243469238, 0.16337794065475464, -2.6622891426086426
110, -11.417279243469238, 0.16337794065475464, -2.6622891426086426
111, -11.417279243469238, 0.16337794065475464, -2.6622891426086426
112, -11.221280097961426, 0.16337794065475464, -2.5070977210998535
113, -11.025280952453613, 0.16337794065475464, -2.3519062995910645
114, -11.025280952453613, 0.16337794065475464, -2.3519062995910645
115, -10.777945518493652, 0.16337794065475464, -2.3155062198638916
116, -10.530610084533691, 0.16337794065475464, -2.2791061401367188
117, -10.28327465057373, 0.16337794065475464, -2.242706060409546
118, -10.03593921661377, 0.16337794065475464, -2.206305980682373
119, -9.788603782653809, 0.16337794065475464, -2.1699059009552
120, -9.541268348693848, 0.16337794065475464, -2.1335058212280273
121, -9.293932914733887, 0.16337794065475464, -2.0971057415008545
122, -9.046597480773926, 0.16337794065475464, -2.0607056617736816
123, -8.799262046813965, 0.16337794065475464, -2.024305582046509
124, -8.799262046813965, 0.16337794065475464, -2.024305582046509
125, -8.603262901306152, 0.16337794065475464, -1.8691141605377197
126, -8.40726375579834, 0.16337794065475464, -1.7139227390289307
127, -8.211264610290527, 0.16337794065475464, -1.5587313175201416
128, -8.015265464782715, 0.16337794065475464, -1.4035398960113525
129, -7.819266319274902, 0.16337794065475464, -1.2483484745025635
130, -7.62326717376709, 0.16337794065475464, -1.0931570529937744
131, -7.427268028259277, 0.16337794065475464, -0.9379656910896301
132, -7.231268882751465, 0.16337794065475464, -0.7827743291854858
133, -7.035269737243652, 0.16337794065475464, -0.6275829672813416
134, -7.035269737243652, 0.16337794065475464, -0.6275829672813416
135, -6.787933826446533, 0.16337794065475464, -0.5911828875541687
136, -6.540597915649414, 0.16337794065475464, -0.5547828078269958
137, -6.293262004852295, 0.16337794065475464, -0.518382728099823
138, -6.045926094055176, 0.16337794065475464, -0.48198264837265015
139, -5.798590183258057, 0.16337794065475464, -0.4455825686454773
140, -5.5512542724609375, 0.16337794065475464, -0.40918248891830444
141, -5.303918361663818, 0.16337794065475464, -0.3727824091911316
142, -5.056582450866699, 0.16337794065475464, -0.33638232946395874
143, -5.056582450866699, 0.16337794065475464, -0.33638232946395874
144, -4.824183464050293, 0.16337794065475464, -0.4285268783569336
145, -4.591784477233887, 0.16337794065475464, -0.5206714272499084
146, -4.3593854904174805, 0.16337794065475464, -0.6128159761428833
147, -4.126986503601074, 0.16337794065475464, -0.7049605250358582
148, -4.126986503601074, 0.16337794065475464, -0.7049605250358582
149, -4.126986503601074, 0.16337794065475464, -0.7049605250358582
150, -4.0905866622924805, 0.16337794065475464, -0.9522963762283325
151, -4.054186820983887, 0.16337794065475464, -1.1996322870254517
152, -4.017786979675293, 0.16337794065475464, -1.4469681978225708
153, -3.98138689994812, 0.16337794065475464, -1.69430410861969
154, -3.9449868202209473, 0.16337794065475464, -1.941640019416809
155, -3.9085867404937744, 0.16337794065475464, -2.1889758110046387
156, -3.8721866607666016, 0.16337794065475464, -2.436311721801758
157, -3.8721866607666016, 0.16337794065475464, -2.436311721801758
158, -3.7169952392578125, 0.16337794065475464, -2.6323108673095703
159, -3.7169952392578125, 0.16337794065475464, -2.6323108673095703
160, -3.484596014022827, 0.16337794065475464, -2.7244553565979004
161, -3.252196788787842, 0.16337794065475464, -2.8165998458862305
162, -3.252196788787842, 0.16337794065475464, -2.8165998458862305
163, -3.0048608779907227, 0.16337794065475464, -2.7801997661590576
164, -2.7575249671936035, 0.16337794065475464, -2.7437996864318848
165, -2.5101890563964844, 0.16337794065475464, -2.707399606704712
166, -2.5101890563964844, 0.16337794065475464, -2.707399606704712
167, -2.314189910888672, 0.16337794065475464, -2.552208185195923
168, -2.1181907653808594, 0.16337794065475464, -2.397016763687134
169, -1.9221916198730469, 0.16337794065475464, -2.2418253421783447
170, -1.9221916198730469, 0.16337794065475464, -2.2418253421783447
171, -1.8300471305847168, 0.16337794065475464, -2.0094261169433594
172, -1.7379026412963867, 0.16337794065475464, -1.777026891708374
173, -1.7379026412963867, 0.16337794065475464, -1.777026891708374
174, -1.7379026412963867, 0.16337794065475464, -1.777026891708374
175, -1.7379026412963867, 0.16337794065475464, -1.777026891708374
176, -1.7379026412963867, 0.16337794065475464, -1.777026891708374
177, -1.5827113389968872, 0.16337794065475464, -1.9730260372161865
178, -1.5827113389968872, 0.16337794065475464, -1.9730260372161865
179, -1.5827113389968872, 0.16337794065475464, -1.9730260372161865
180, -1.6748559474945068, 0.16337794065475464, -2.205425262451172
181, -1.6748559474945068, 0.16337794065475464, -2.205425262451172
182, -1.8708550930023193, 0.16337794065475464, -2.360616683959961
183, -2.066854238510132, 0.16337794065475464, -2.51580810546875
184, -2.2628533840179443, 0.16337794065475464, -2.670999526977539
185, -2.2628533840179443, 0.16337794065475464, -2.670999526977539
186, -2.5101892948150635, 0.16337794065475464, -2.707399606704712
187, -2.7575252056121826, 0.16337794065475464, -2.7437996864318848
188, -3.0048611164093018, 0.16337794065475464, -2.7801997661590576
189, -3.252197027206421, 0.16337794065475464, -2.8165998458862305
190, -3.49953293800354, 0.16337794065475464, -2.8529999256134033
191, -3.746868848800659, 0.16337794065475464, -2.889400005340576
192, -3.9942047595977783, 0.16337794065475464, -2.925800085067749
193, -4.241540431976318, 0.16337794065475464, -2.962200164794922
194, -4.4888763427734375, 0.16337794065475464, -2.9986002445220947
195, -4.736212253570557, 0.16337794065475464, -3.0350003242492676
196, -4.983548164367676, 0.16337794065475464, -3.0714004039764404
197, -5.230884075164795, 0.16337794065475464, -3.1078004837036133
198, -5.478219985961914, 0.16337794065475464, -3.144200563430786
199, -5.725555896759033, 0.16337794065475464, -3.180600643157959
200, -5.972891807556152, 0.16337794065475464, -3.217000722885132
201, -6.103553295135498, 0.16337794065475464, -3.23622989654541
202, -6.103553771972656, 0.16337794065475464, -3.23622989654541
203, -6.103553771972656, 0.16337794065475464, -3.23622989654541
204, -6.3359527587890625, 0.16337794065475464, -3.14408540725708
205, -6.3359527587890625, 0.16337794065475464, -3.14408540725708
206, -6.3359527587890625, 0.16337794065475464, -3.14408540725708
207, -6.3359527587890625, 0.16337794065475464, -3.14408540725708
208, -6.428097248077393, 0.16337794065475464, -3.3764846324920654
209, -6.520241737365723, 0.16337794065475464, -3.608883857727051
210, -6.612386226654053, 0.16337794065475464, -3.841283082962036
211, -6.612386226654053, 0.16337794065475464, -3.841283082962036
212, -6.612386226654053, 0.16337794065475464, -3.841283082962036
213, -6.4970011711120605, 0.16337794065475464, -3.987008571624756
214, -6.4970011711120605, 0.16337794065475464, -3.987008571624756
215, -6.4970011711120605, 0.16337794065475464, -3.987008571624756
216, -6.4970011711120605, 0.16337794065475464, -3.987008571624756
217, -6.4970011711120605, 0.16337794065475464, -3.987008571624756
218, -6.4970011711120605, 0.16337794065475464, -3.987008571624756
219, -6.589145660400391, 0.16337794065475464, -4.219407558441162
220, -6.589145660400391, 0.16337794065475464, -4.219407558441162
221, -6.589145660400391, 0.16337794065475464, -4.219407558441162
222, -6.589145660400391, 0.16337794065475464, -4.219407558441162
223, -6.589145660400391, 0.16337794065475464, -4.219407558441162
224, -6.589145660400391, 0.16337794065475464, -4.219407558441162
225, -6.589145660400391, 0.16337794065475464, -4.219407558441162
226, -6.589145660400391, 0.16337794065475464, -4.219407558441162
227, -6.625545978546143, 0.16337794065475464, -3.972071647644043
228, -6.6619462966918945, 0.16337794065475464, -3.724735736846924
229, -6.6619462966918945, 0.16337794065475464, -3.724735736846924
230, -6.5698018074035645, 0.16337794065475464, -3.4923365116119385
231, -6.477657318115234, 0.16337794065475464, -3.259937286376953
232, -6.477657318115234, 0.16337794065475464, -3.259937286376953
233, -6.281658172607422, 0.16337794065475464, -3.104745864868164
234, -6.281658172607422, 0.16337794065475464, -3.104745864868164
235, -6.034322261810303, 0.16337794065475464, -3.068345785140991
236, -5.786986351013184, 0.16337794065475464, -3.0319457054138184
237, -5.5396504402160645, 0.16337794065475464, -2.9955456256866455
238, -5.292314529418945, 0.16337794065475464, -2.9591455459594727
239, -5.044978618621826, 0.16337794065475464, -2.9227454662323
240, -4.797642707824707, 0.16337794065475464, -2.886345386505127
241, -4.550306797027588, 0.16337794065475464, -2.849945306777954
242, -4.302970886230469, 0.16337794065475464, -2.8135452270507812
243, -4.05563497543335, 0.16337794065475464, -2.7771451473236084
244, -3.8082990646362305, 0.16337794065475464, -2.7407450675964355
245, -3.5609631538391113, 0.16337794065475464, -2.7043449878692627
246, -3.313627243041992, 0.16337794065475464, -2.66794490814209
247, -3.313627243041992, 0.16337794065475464, -2.66794490814209
248, -3.081228017807007, 0.16337794065475464, -2.76008939743042
249, -2.8488287925720215, 0.16337794065475464, -2.85223388671875
250, -2.616429567337036, 0.16337794065475464, -2.94437837600708
251, -2.384030342102051, 0.16337794065475464, -3.03652286529541
252, -2.1516311168670654, 0.16337794065475464, -3.1286673545837402
253, -1.91923189163208, 0.16337794065475464, -3.2208118438720703
254, -1.91923189163208, 0.16337794065475464, -3.2208118438720703
255, -1.7640405893325806, 0.16337794065475464, -3.416810989379883
256, -1.7640405893325806, 0.16337794065475464, -3.416810989379883
257, -1.7276405096054077, 0.16337794065475464, -3.664146900177002
258, -1.6912404298782349, 0.16337794065475464, -3.911482810974121
259, -1.654840350151062, 0.16337794065475464, -4.15881872177124
260, -1.6184402704238892, 0.16337794065475464, -4.406154632568359
261, -1.5820401906967163, 0.16337794065475464, -4.6534905433654785
262, -1.5456401109695435, 0.16337794065475464, -4.900826454162598
263, -1.5456401109695435, 0.16337794065475464, -4.900826454162598
264, -1.5456401109695435, 0.16337794065475464, -4.900826454162598
265, -1.313240885734558, 0.16337794065475464, -4.992970943450928
266, -1.2530425786972046, 0.16337794065475464, -5.016839027404785
267, -1.2530426979064941, 0.16337794065475464, -5.016839027404785
268, -1.2530426979064941, 0.16337794065475464, -5.016839027404785
269, -1.0978513956069946, 0.16337794065475464, -5.212838172912598
270, -1.0978513956069946, 0.16337794065475464, -5.212838172912598
271, -1.0978513956069946, 0.16337794065475464, -5.212838172912598
272, -0.8505154848098755, 0.16337794065475464, -5.176438331604004
273, -0.8505154848098755, 0.16337794065475464, -5.176438331604004
274, -0.6181162595748901, 0.16337794065475464, -5.268582820892334
275, -0.3857170641422272, 0.16337794065475464, -5.360727310180664
276, -0.1533178687095642, 0.16337794065475464, -5.452871799468994
277, 0.07908132672309875, 0.16337794065475464, -5.545016288757324
278, 0.3114805221557617, 0.16337794065475464, -5.637160778045654
279, 0.5438797473907471, 0.16337794065475464, -5.729305267333984
280, 0.7762789726257324, 0.16337794065475464, -5.8214497566223145
281, 1.0086781978607178, 0.16337794065475464, -5.9135942459106445
282, 1.0086781978607178, 0.16337794065475464, -5.9135942459106445
283, 1.0086781978607178, 0.16337794065475464, -5.9135942459106445
284, 1.0086781978607178, 0.16337794065475464, -5.9135942459106445
285, 1.256014108657837, 0.16337794065475464, -5.877193927764893
286, 1.503350019454956, 0.16337794065475464, -5.840793609619141
287, 1.7506859302520752, 0.16337794065475464, -5.804393291473389
288, 1.9980218410491943, 0.16337794065475464, -5.767992973327637
289, 2.2453577518463135, 0.16337794065475464, -5.731592655181885
290, 2.4926936626434326, 0.16337794065475464, -5.695192337036133
291, 2.4926936626434326, 0.16337794065475464, -5.695192337036133
292, 2.688692808151245, 0.16337794065475464, -5.540000915527344
293, 2.8846919536590576, 0.16337794065475464, -5.384809494018555
294, 2.8846919536590576, 0.16337794065475464, -5.384809494018555
295, 2.8846919536590576, 0.16337794065475464, -5.384809494018555
296, 2.8846919536590576, 0.16337794065475464, -5.384809494018555
297, 2.8846919536590576, 0.16337794065475464, -5.384809494018555
298, 2.8846919536590576, 0.16337794065475464, -5.384809494018555
299, 2.6373560428619385, 0.16337794065475464, -5.421209812164307
300, 2.3900201320648193, 0.16337794065475464, -5.457610130310059
301, 2.1426842212677, 0.16337794065475464, -5.4940104484558105
302, 1.895348310470581, 0.16337794065475464, -5.5304107666015625
303, 1.648012399673462, 0.16337794065475464, -5.5668110847473145
304, 1.4006764888763428, 0.16337794065475464, -5.603211402893066
305, 1.1533405780792236, 0.16337794065475464, -5.639611721038818
306, 1.1533405780792236, 0.16337794065475464, -5.639611721038818
307, 0.9573414921760559, 0.16337794065475464, -5.794803142547607
308, 0.7613424062728882, 0.16337794065475464, -5.9499945640563965
309, 0.5653433203697205, 0.16337794065475464, -6.1051859855651855
310, 0.36934423446655273, 0.16337794065475464, -6.260377407073975
311, 0.36934423446655273, 0.16337794065475464, -6.260377407073975
312, 0.36934423446655273, 0.16337794065475464, -6.260377407073975
313, 0.173345148563385, 0.16337794065475464, -6.415568828582764
314, -0.022653937339782715, 0.16337794065475464, -6.570760250091553
315, -0.022653937339782715, 0.16337794065475464, -6.570760250091553
316, -0.11479845643043518, 0.16337794065475464, -6.803159236907959
317, -0.11479845643043518, 0.16337794065475464, -6.803159236907959
318, -0.3107975423336029, 0.16337794065475464, -6.958350658416748
319, -0.5067965984344482, 0.16337794065475464, -7.113542079925537
320, -0.5067965984344482, 0.16337794065475464, -7.113542079925537
321, -0.5067965984344482, 0.16337794065475464, -7.113542079925537
322, -0.6093504428863525, 0.16337794065475464, -7.072880268096924
323, -0.6093504428863525, 0.16337794065475464, -7.072880268096924
324, -0.8566863536834717, 0.16337794065475464, -7.109280586242676
325, -1.1040222644805908, 0.16337794065475464, -7.145680904388428
326, -1.1040222644805908, 0.16337794065475464, -7.145680904388428
327, -1.3364214897155762, 0.16337794065475464, -7.053536415100098
328, -1.3364214897155762, 0.16337794065475464, -7.053536415100098
329, -1.5837574005126953, 0.16337794065475464, -7.08993673324585
330, -1.8310933113098145, 0.16337794065475464, -7.126337051391602
331, -2.0784292221069336, 0.16337794065475464, -7.1627373695373535
332, -2.3257651329040527, 0.16337794065475464, -7.1991376876831055
333, -2.573101043701172, 0.16337794065475464, -7.235538005828857
334, -2.820436954498291, 0.16337794065475464, -7.271938323974609
335, -3.06777286529541, 0.16337794065475464, -7.308338642120361
336, -3.3151087760925293, 0.16337794065475464, -7.344738960266113
337, -3.5624446868896484, 0.16337794065475464, -7.381139278411865
338, -3.5624446868896484, 0.16337794065475464, -7.381139278411865
339, -3.794843912124634, 0.16337794065475464, -7.288994789123535
340, -3.794843912124634, 0.16337794065475464, -7.288994789123535
341, -4.042179584503174, 0.16337794065475464, -7.325395107269287
342, -4.289515495300293, 0.16337794065475464, -7.361795425415039
343, -4.536851406097412, 0.16337794065475464, -7.398195743560791
344, -4.536851406097412, 0.16337794065475464, -7.398195743560791
345, -4.536851406097412, 0.16337794065475464, -7.398195743560791
346, -4.675665378570557, 0.16337794065475464, -7.2228803634643555
347, -4.675665378570557, 0.16337794065475464, -7.2228803634643555
348, -4.675665378570557, 0.16337794065475464, -7.2228803634643555
349, -4.675665378570557, 0.16337794065475464, -7.2228803634643555
350, -4.923001289367676, 0.16337794065475464, -7.259280204772949
351, -4.923001289367676, 0.16337794065475464, -7.259280204772949
352, -4.923001289367676, 0.16337794065475464, -7.259280204772949
353, -4.923001289367676, 0.16337794065475464, -7.259280204772949
354, -4.933769226074219, 0.16337794065475464, -7.186112403869629
355, -4.933769226074219, 0.16337794065475464, -7.186112403869629
356, -4.933769226074219, 0.16337794065475464, -7.186112403869629
357, -4.933769226074219, 0.16337794065475464, -7.186112403869629
358, -4.933769226074219, 0.16337794065475464, -7.186112403869629
359, -4.933769226074219, 0.16337794065475464, -7.186112403869629
360, -4.933769226074219, 0.16337794065475464, -7.186112403869629
361, -4.933769226074219, 0.16337794065475464, -7.186112403869629
362, -4.933769226074219, 0.16337794065475464, -7.186112403869629
363, -4.933769226074219, 0.16337794065475464, -7.186112403869629
364, -4.933769226074219, 0.16337794065475464, -7.186112403869629
365, -4.933769226074219, 0.16337794065475464, -7.186112403869629
366, -4.933769226074219, 0.16337794065475464, -7.186112403869629
367, -4.933769226074219, 0.16337794065475464, -7.186112403869629
368, -5.166168212890625, 0.16337794065475464, -7.093967914581299
369, -5.166168212890625, 0.16337794065475464, -7.093967914581299
370, -5.166168212890625, 0.16337794065475464, -7.093967914581299
371, -5.166168212890625, 0.16337794065475464, -7.093967914581299
372, -5.166168212890625, 0.16337794065475464, -7.093967914581299
373, -5.166168212890625, 0.16337794065475464, -7.093967914581299
374, -5.166168212890625, 0.16337794065475464, -7.093967914581299
375, -5.166168212890625, 0.16337794065475464, -7.093967914581299
376, -5.166168212890625, 0.16337794065475464, -7.093967914581299
377, -5.166168212890625, 0.16337794065475464, -7.093967914581299
378, -5.166168212890625, 0.16337794065475464, -7.093967914581299
379, -5.166168212890625, 0.16337794065475464, -7.093967914581299
380, -5.166168212890625, 0.16337794065475464, -7.093967914581299
381, -5.166168212890625, 0.16337794065475464, -7.093967914581299
382, -5.074023723602295, 0.16337794065475464, -6.861568927764893
383, -5.074023723602295, 0.16337794065475464, -6.861568927764893
384, -5.074023723602295, 0.16337794065475464, -6.861568927764893
385, -5.173389434814453, 0.16337794065475464, -6.736074447631836
386, -5.173389434814453, 0.16337794065475464, -6.736074447631836
387, -5.173389434814453, 0.16337794065475464, -6.736074447631836
388, -5.173389434814453, 0.16337794065475464, -6.736074447631836
389, -5.173389434814453, 0.16337794065475464, -6.736074447631836
390, -5.173389434814453, 0.16337794065475464, -6.736074447631836
391, -5.173389434814453, 0.16337794065475464, -6.736074447631836
392, -5.173389434814453, 0.16337794065475464, -6.736074447631836
393, -5.173389434814453, 0.16337794065475464, -6.736074447631836
394, -5.173389434814453, 0.16337794065475464, -6.736074447631836
395, -5.173389434814453, 0.16337794065475464, -6.736074447631836
396, -4.926053524017334, 0.16337794065475464, -6.699674606323242
397, -4.926053524017334, 0.16337794065475464, -6.699674606323242
398, -4.926053524017334, 0.16337794065475464, -6.699674606323242
399, -4.833909034729004, 0.16337794065475464, -6.467275619506836
400, -4.833909034729004, 0.16337794065475464, -6.467275619506836
401, -4.870309352874756, 0.16337794065475464, -6.219939708709717
402, -4.870309352874756, 0.16337794065475464, -6.219939708709717
403, -4.870309352874756, 0.16337794065475464, -6.219939708709717
404, -4.870309352874756, 0.16337794065475464, -6.219939708709717
405, -4.870309352874756, 0.16337794065475464, -6.219939708709717
406, -4.870309352874756, 0.16337794065475464, -6.219939708709717
407, -4.870309352874756, 0.16337794065475464, -6.219939708709717
408, -4.870309352874756, 0.16337794065475464, -6.219939708709717
409, -4.870309352874756, 0.16337794065475464, -6.219939708709717
410, -4.870309352874756, 0.16337794065475464, -6.219939708709717
411, -4.870309352874756, 0.16337794065475464, -6.219939708709717
412, -4.870309352874756, 0.16337794065475464, -6.219939708709717
413, -4.962453842163086, 0.16337794065475464, -6.452338695526123
414, -5.054598331451416, 0.16337794065475464, -6.684737682342529
415, -5.146742820739746, 0.16337794065475464, -6.9171366691589355
416, -5.146742820739746, 0.16337794065475464, -6.9171366691589355
417, -5.110342979431152, 0.16337794065475464, -7.164472579956055
418, -5.073943138122559, 0.16337794065475464, -7.411808490753174
419, -5.073943138122559, 0.16337794065475464, -7.411808490753174
420, -5.073943138122559, 0.16337794065475464, -7.411808490753174
421, -4.841544151306152, 0.16337794065475464, -7.503952980041504
422, -4.841544151306152, 0.16337794065475464, -7.503952980041504
423, -4.594208240509033, 0.16337794065475464, -7.46755313873291
424, -4.346872329711914, 0.16337794065475464, -7.431153297424316
425, -4.346872329711914, 0.16337794065475464, -7.431153297424316
426, -4.150873184204102, 0.16337794065475464, -7.275961875915527
427, -4.150873184204102, 0.16337794065475464, -7.275961875915527
428, -3.9035372734069824, 0.16337794065475464, -7.239562034606934
429, -3.6562013626098633, 0.16337794065475464, -7.20316219329834
430, -3.6562013626098633, 0.16337794065475464, -7.20316219329834
431, -3.423802137374878, 0.16337794065475464, -7.29530668258667
432, -3.423802137374878, 0.16337794065475464, -7.29530668258667
433, -3.176466226577759, 0.16337794065475464, -7.258906364440918
434, -2.9291303157806396, 0.16337794065475464, -7.222506046295166
435, -2.6817944049835205, 0.16337794065475464, -7.186105728149414
436, -2.4344584941864014, 0.16337794065475464, -7.149705410003662
437, -2.1871225833892822, 0.16337794065475464, -7.11330509185791
438, -2.1871225833892822, 0.16337794065475464, -7.11330509185791
439, -2.1871225833892822, 0.16337794065475464, -7.11330509185791
440, -2.1871225833892822, 0.16337794065475464, -7.11330509185791
441, -2.1871225833892822, 0.16337794065475464, -7.11330509185791
442, -2.1871225833892822, 0.16337794065475464, -7.11330509185791
443, -2.1871225833892822, 0.16337794065475464, -7.11330509185791
444, -2.1871225833892822, 0.16337794065475464, -7.11330509185791
445, -2.1871225833892822, 0.16337794065475464, -7.11330509185791
446, -2.4344584941864014, 0.16337794065475464, -7.149704933166504
447, -2.4344584941864014, 0.16337794065475464, -7.149704933166504
448, -2.4344584941864014, 0.16337794065475464, -7.149704933166504
449, -2.4344584941864014, 0.16337794065475464, -7.149704933166504
450, -2.4344584941864014, 0.16337794065475464, -7.149704933166504
451, -2.4344584941864014, 0.16337794065475464, -7.149704933166504
452, -2.202059268951416, 0.16337794065475464, -7.241849422454834
453, -2.202059268951416, 0.16337794065475464, -7.241849422454834
454, -2.0758540630340576, 0.16337794065475464, -7.401240348815918
455, -2.0758538246154785, 0.16337794065475464, -7.401240348815918
456, -2.0758538246154785, 0.16337794065475464, -7.401240348815918
457, -2.0280895233154297, 0.16337794065475464, -7.420178413391113
458, -2.0280895233154297, 0.16337794065475464, -7.420178413391113
459, -2.0280895233154297, 0.16337794065475464, -7.420178413391113
460, -2.0280895233154297, 0.16337794065475464, -7.420178413391113
461, -2.0280895233154297, 0.16337794065475464, -7.420178413391113
462, -2.0280895233154297, 0.16337794065475464, -7.420178413391113
463, -2.0280895233154297, 0.16337794065475464, -7.420178413391113
464, -2.0280892848968506, 0.16337794065475464, -7.420178413391113
465, -2.0280892848968506, 0.16337794065475464, -7.420178413391113
466, -1.7807533740997314, 0.16337794065475464, -7.3837785720825195
467, -1.7807533740997314, 0.16337794065475464, -7.3837785720825195
468, -1.7807533740997314, 0.16337794065475464, -7.3837785720825195
469, -1.7807533740997314, 0.16337794065475464, -7.3837785720825195
470, -1.7805997133255005, 0.16337794065475464, -7.384822845458984
471, -1.7805997133255005, 0.16337794065475464, -7.384822845458984
472, -1.7805997133255005, 0.16337794065475464, -7.384822845458984
473, -1.7805997133255005, 0.16337794065475464, -7.384822845458984
474, -1.7805997133255005, 0.16337794065475464, -7.384822845458984
475, -1.7805997133255005, 0.16337794065475464, -7.384822845458984
476, -1.7805997133255005, 0.16337794065475464, -7.384822845458984
477, -1.7805997133255005, 0.16337794065475464, -7.384822845458984
478, -1.7805997133255005, 0.16337794065475464, -7.384822845458984
479, -1.7805997133255005, 0.16337794065475464, -7.384822845458984
480, -1.7805997133255005, 0.16337794065475464, -7.384822845458984
481, -1.7805997133255005, 0.16337794065475464, -7.384822845458984
482, -1.7805997133255005, 0.16337794065475464, -7.384822845458984
483, -1.7805997133255005, 0.16337794065475464, -7.384822845458984
484, -2.0129988193511963, 0.16337794065475464, -7.292678356170654
485, -2.2453980445861816, 0.16337794065475464, -7.200533866882324
486, -2.2453980445861816, 0.16337794065475464, -7.200533866882324
487, -2.492733955383301, 0.16337794065475464, -7.236933708190918
488, -2.492733955383301, 0.16337794065475464, -7.236933708190918
489, -2.492733955383301, 0.16337794065475464, -7.236933708190918
490, -2.492733955383301, 0.16337794065475464, -7.236933708190918
491, -2.492733955383301, 0.16337794065475464, -7.236933708190918
492, -2.492733955383301, 0.16337794065475464, -7.236933708190918
493, -2.492733955383301, 0.16337794065475464, -7.236933708190918
494, -2.2453980445861816, 0.16337794065475464, -7.200533390045166
495, -2.2453980445861816, 0.16337794065475464, -7.200533390045166
496, -2.2453980445861816, 0.16337794065475464, -7.200533390045166
497, -2.10201358795166, 0.16337794065475464, -7.38162088394165
498, -2.10201358795166, 0.16337794065475464, -7.38162088394165
499, -2.10201358795166, 0.16337794065475464, -7.38162088394165
