1, 0.17696359753608704, -0.005079984664916992, -10.417966842651367
2, 0.17696359753608704, -0.005079984664916992, -10.417966842651367
3, 0.17696359753608704, -0.005079984664916992, -10.417966842651367
4, 0.17696359753608704, -0.005079984664916992, -10.417966842651367
5, 0.17696359753608704, -0.005079984664916992, -10.417966842651367
6, 0.17696359753608704, -0.005079984664916992, -10.417966842651367
7, 0.17696359753608704, -0.005079984664916992, -10.417966842651367
8, 0.17696359753608704, -0.005079984664916992, -10.417966842651367
9, 0.17696359753608704, -0.005079984664916992, -10.417966842651367
10, 0.17696359753608704, -0.005079984664916992, -10.417966842651367
11, 0.17696359753608704, -0.005079984664916992, -10.417966842651367
12, 0.17696359753608704, -0.005079984664916992, -10.417966842651367
13, 0.17696359753608704, -0.005079984664916992, -10.417966842651367
14, 0.17696359753608704, -0.005079984664916992, -10.417966842651367
15, 0.17696359753608704, -0.005079984664916992, -10.417966842651367
16, 0.17696359753608704, -0.005079984664916992, -10.417966842651367
17, 0.17696359753608704, -0.005079984664916992, -10.417966842651367
18, 0.17696359753608704, -0.005079984664916992, -10.417966842651367
19, 0.42681294679641724, 0.09118665009737015, -10.426645278930664
20, 0.6766623258590698, 0.1835462749004364, -10.435323715209961
21, 0.9265117049217224, 0.19491982460021973, -10.444002151489258
22, 0.9265117049217224, 0.19491982460021973, -10.444002151489258
23, 1.1472266912460327, 0.19491982460021973, -10.326593399047852
24, 1.1472266912460327, 0.19491982460021973, -10.326593399047852
25, 1.2796669006347656, 0.19491982460021973, -10.114556312561035
26, 1.4121071100234985, 0.19491982460021973, -9.902519226074219
27, 1.5445473194122314, 0.19491982460021973, -9.690482139587402
28, 1.6769875288009644, 0.1915929913520813, -9.478445053100586
29, -1.3229758739471436, -0.005079984664916992, -9.497986793518066
