1, -3.5556154251098633, 0.021223172545433044, 3.5556507110595703
2, -3.5556154251098633, 0.021223172545433044, 3.5556507110595703
3, -3.5556154251098633, 0.021223172545433044, 3.5556507110595703
4, -3.5556154251098633, 0.021223172545433044, 3.5556507110595703
5, -3.5556154251098633, 0.021223172545433044, 3.5556507110595703
6, -3.5556154251098633, 0.021223172545433044, 3.5556507110595703
7, -3.5556154251098633, 0.021223172545433044, 3.5556507110595703
8, -3.5556154251098633, 0.021223172545433044, 3.5556507110595703
9, -3.5556154251098633, 0.021223172545433044, 3.5556507110595703
10, -3.5556154251098633, 0.021223172545433044, 3.5556507110595703
11, -3.5556154251098633, 0.021223172545433044, 3.5556507110595703
12, -3.5556154251098633, 0.021223172545433044, 3.5556507110595703
13, -3.571223020553589, 0.021223172545433044, 3.8051631450653076
14, -3.5868306159973145, 0.021223172545433044, 4.054675579071045
15, -3.5868306159973145, 0.021223172545433044, 4.054675579071045
16, -3.7251033782958984, 0.021223172545433044, 4.262955665588379
17, -3.8633761405944824, 0.021223172545433044, 4.471235752105713
18, -4.001648902893066, 0.021223172545433044, 4.679515838623047
19, -4.001648902893066, 0.021223172545433044, 4.679515838623047
20, -4.017256259918213, 0.021223172545433044, 4.929028034210205
21, -4.032863616943359, 0.021223172545433044, 5.178540229797363
22, -4.048470973968506, 0.021223172545433044, 5.4280524253845215
23, -4.064078330993652, 0.021223172545433044, 5.67756462097168
24, -4.079685688018799, 0.021223172545433044, 5.927076816558838
25, -4.095293045043945, 0.021223172545433044, 6.176589012145996
26, -4.110900402069092, 0.021223172545433044, 6.426101207733154
27, -4.110900402069092, 0.021223172545433044, 6.426101207733154
28, -4.110900402069092, 0.021223172545433044, 6.426101207733154
29, -4.110900402069092, 0.021223172545433044, 6.426101207733154
30, -4.36041259765625, 0.021223172545433044, 6.410493850708008
31, -4.36041259765625, 0.021223172545433044, 6.410493850708008
32, -4.36041259765625, 0.021223172545433044, 6.410493850708008
33, -4.36041259765625, 0.021223172545433044, 6.410493850708008
34, -4.36041259765625, 0.021223172545433044, 6.410493850708008
35, -4.36041259765625, 0.021223172545433044, 6.410493850708008
36, -4.3760199546813965, 0.021223172545433044, 6.660006046295166
37, -4.3760199546813965, 0.021223172545433044, 6.660006046295166
38, -4.3760199546813965, 0.021223172545433044, 6.660006046295166
39, -4.3760199546813965, 0.021223172545433044, 6.660006046295166
40, -4.3760199546813965, 0.021223172545433044, 6.660006046295166
41, -4.3760199546813965, 0.021223172545433044, 6.660006046295166
42, -4.3760199546813965, 0.021223172545433044, 6.660006046295166
43, -4.3760199546813965, 0.021223172545433044, 6.660006046295166
44, -4.625532150268555, 0.021223172545433044, 6.6443986892700195
45, -4.625532150268555, 0.021223172545433044, 6.6443986892700195
46, -4.833812236785889, 0.021223172545433044, 6.5061259269714355
47, -4.931976795196533, 0.021223172545433044, 6.4409565925598145
48, -4.931976795196533, 0.021223172545433044, 6.4409565925598145
49, -5.007053375244141, 0.021223172545433044, 6.289853096008301
50, -5.007053375244141, 0.021223172545433044, 6.289853096008301
51, -5.007053375244141, 0.021223172545433044, 6.289853096008301
52, -5.007053375244141, 0.021223172545433044, 6.289853096008301
53, -5.007053375244141, 0.021223172545433044, 6.289853096008301
54, -5.007053375244141, 0.021223172545433044, 6.289853096008301
55, -5.007053375244141, 0.021223172545433044, 6.289853096008301
56, -5.007053375244141, 0.021223172545433044, 6.289853096008301
57, -5.007053375244141, 0.021223172545433044, 6.289853096008301
58, -5.007053375244141, 0.021223172545433044, 6.289853096008301
59, -5.007053375244141, 0.021223172545433044, 6.289853096008301
60, -4.757541179656982, 0.021223172545433044, 6.305460453033447
61, -4.508028984069824, 0.021223172545433044, 6.321067810058594
62, -4.508028984069824, 0.021223172545433044, 6.321067810058594
63, -4.508028984069824, 0.021223172545433044, 6.321067810058594
64, -4.36975622177124, 0.021223172545433044, 6.11278772354126
65, -4.231483459472656, 0.021223172545433044, 5.904507637023926
66, -4.231483459472656, 0.021223172545433044, 5.904507637023926
67, -4.21587610244751, 0.021223172545433044, 5.654995441436768
68, -4.200268745422363, 0.021223172545433044, 5.405483245849609
69, -4.184661388397217, 0.021223172545433044, 5.155971050262451
70, -4.16905403137207, 0.021223172545433044, 4.906458854675293
71, -4.153446674346924, 0.021223172545433044, 4.656946659088135
72, -4.137839317321777, 0.021223172545433044, 4.407434463500977
73, -4.122231960296631, 0.021223172545433044, 4.157922267913818
74, -4.106624603271484, 0.021223172545433044, 3.908409833908081
75, -4.106624603271484, 0.021223172545433044, 3.908409833908081
76, -4.106624603271484, 0.021223172545433044, 3.908409833908081
77, -4.314904689788818, 0.021223172545433044, 3.770137071609497
78, -4.314904689788818, 0.021223172545433044, 3.770137071609497
79, -4.426144123077393, 0.021223172545433044, 3.5462493896484375
80, -4.537383556365967, 0.021223172545433044, 3.322361707687378
81, -4.537383556365967, 0.021223172545433044, 3.322361707687378
82, -4.52177619934082, 0.021223172545433044, 3.0728492736816406
83, -4.52177619934082, 0.021223172545433044, 3.0728492736816406
84, -4.52177619934082, 0.021223172545433044, 3.0728492736816406
85, -4.52177619934082, 0.021223172545433044, 3.0728492736816406
86, -4.383503437042236, 0.021223172545433044, 2.8645689487457275
87, -4.383503437042236, 0.021223172545433044, 2.8645689487457275
88, -4.159615516662598, 0.021223172545433044, 2.753329277038574
89, -3.935727596282959, 0.021223172545433044, 2.642089605331421
90, -3.7118396759033203, 0.021223172545433044, 2.5308499336242676
91, -3.7118396759033203, 0.021223172545433044, 2.5308499336242676
92, -3.462327241897583, 0.021223172545433044, 2.546457529067993
93, -3.2128148078918457, 0.021223172545433044, 2.5620651245117188
94, -2.9633023738861084, 0.021223172545433044, 2.5776727199554443
95, -2.713789939880371, 0.021223172545433044, 2.59328031539917
96, -2.464277505874634, 0.021223172545433044, 2.6088879108428955
97, -2.2147650718688965, 0.021223172545433044, 2.624495506286621
98, -1.9652527570724487, 0.021223172545433044, 2.6401031017303467
99, -1.715740442276001, 0.021223172545433044, 2.6557106971740723
100, -1.4662281274795532, 0.021223172545433044, 2.671318292617798
101, -1.2167158126831055, 0.021223172545433044, 2.6869258880615234
102, -0.9672034978866577, 0.021223172545433044, 2.702533483505249
103, -0.9672034978866577, 0.021223172545433044, 2.702533483505249
104, -0.9672034978866577, 0.021223172545433044, 2.702533483505249
105, -0.9672034978866577, 0.021223172545433044, 2.702533483505249
106, -0.9672034978866577, 0.021223172545433044, 2.702533483505249
107, -0.9672034978866577, 0.021223172545433044, 2.702533483505249
108, -0.9828110337257385, 0.021223172545433044, 2.9520459175109863
109, -0.9984185695648193, 0.042211659252643585, 3.2015583515167236
110, -1.0140260457992554, 0.14996977150440216, 3.451070785522461
111, -1.0296335220336914, 0.22122317552566528, 3.7005832195281982
112, -1.0296335220336914, 0.22122317552566528, 3.7005832195281982
113, -0.9183938503265381, 0.21727652847766876, 3.924470901489258
114, -0.8071541786193848, 0.18556086719036102, 4.1483588218688965
115, -0.8071541786193848, 0.18556086719036102, 4.1483588218688965
116, -0.8071541786193848, 0.18556086719036102, 4.1483588218688965
117, -0.8071541786193848, 0.18556086719036102, 4.1483588218688965
118, -0.8071541786193848, 0.18556086719036102, 4.1483588218688965
119, -0.8071541786193848, 0.18556086719036102, 4.1483588218688965
120, -0.8071541786193848, 0.18556086719036102, 4.1483588218688965
121, -0.9183938503265381, 0.21727652847766876, 3.924471139907837
122, -1.0296335220336914, 0.22122317552566528, 3.7005834579467773
123, -1.0296335220336914, 0.22122317552566528, 3.7005834579467773
124, -1.0140260457992554, 0.14996987581253052, 3.45107102394104
125, -0.9984185099601746, 0.042211681604385376, 3.2015585899353027
126, -0.9828109741210938, 0.021223172545433044, 2.9520461559295654
127, -0.9828109741210938, 0.021223172545433044, 2.9520461559295654
128, -0.9828109741210938, 0.021223172545433044, 2.9520461559295654
129, -1.1910912990570068, 0.021223172545433044, 2.8137733936309814
130, -1.39937162399292, 0.021223172545433044, 2.6755006313323975
131, -1.39937162399292, 0.021223172545433044, 2.6755006313323975
132, -1.6488839387893677, 0.021223172545433044, 2.659893035888672
133, -1.8983962535858154, 0.021223172545433044, 2.6442856788635254
134, -2.1479086875915527, 0.021223172545433044, 2.628678321838379
135, -2.39742112159729, 0.021223172545433044, 2.6130709648132324
136, -2.6469335556030273, 0.021223172545433044, 2.597463607788086
137, -2.8964459896087646, 0.021223172545433044, 2.5818562507629395
138, -3.145958423614502, 0.021223172545433044, 2.566248893737793
139, -3.3954708576202393, 0.021223172545433044, 2.5506415367126465
140, -3.6449832916259766, 0.021223172545433044, 2.5350341796875
141, -3.6449832916259766, 0.021223172545433044, 2.5350341796875
142, -3.8688712120056152, 0.021223172545433044, 2.6462738513946533
143, -4.092759132385254, 0.021223172545433044, 2.7575135231018066
144, -4.316647052764893, 0.021223172545433044, 2.86875319480896
145, -4.316647052764893, 0.021223172545433044, 2.86875319480896
146, -4.454919815063477, 0.021223172545433044, 3.077033519744873
147, -4.454919815063477, 0.021223172545433044, 3.077033519744873
148, -4.470527172088623, 0.021223172545433044, 3.3265459537506104
149, -4.4861345291137695, 0.021223172545433044, 3.5760583877563477
150, -4.4861345291137695, 0.021223172545433044, 3.5760583877563477
151, -4.374894618988037, 0.021223172545433044, 3.7999463081359863
152, -4.263654708862305, 0.021223172545433044, 4.023834228515625
153, -4.152414798736572, 0.021223172545433044, 4.247722148895264
154, -4.04117488861084, 0.021223172545433044, 4.471610069274902
155, -4.04117488861084, 0.021223172545433044, 4.471610069274902
156, -4.056782245635986, 0.021223172545433044, 4.7211222648620605
157, -4.072389602661133, 0.021223172545433044, 4.970634460449219
158, -4.087996959686279, 0.021223172545433044, 5.220146656036377
159, -4.103604316711426, 0.021223172545433044, 5.469658851623535
160, -4.119211673736572, 0.021223172545433044, 5.719171047210693
161, -4.119211673736572, 0.021223172545433044, 5.719171047210693
162, -4.257484436035156, 0.021223172545433044, 5.927451133728027
163, -4.39575719833374, 0.021223172545433044, 6.135731220245361
164, -4.39575719833374, 0.021223172545433044, 6.135731220245361
165, -4.619645118713379, 0.021223172545433044, 6.246971130371094
166, -4.843533039093018, 0.021223172545433044, 6.358210563659668
167, -4.843533039093018, 0.021223172545433044, 6.358210563659668
168, -5.093045234680176, 0.021223172545433044, 6.3426032066345215
169, -5.342557430267334, 0.021223172545433044, 6.326995849609375
170, -5.592069625854492, 0.021223172545433044, 6.3113884925842285
171, -5.592069625854492, 0.021223172545433044, 6.3113884925842285
172, -5.800349712371826, 0.021223172545433044, 6.1731157302856445
173, -5.800349712371826, 0.021223172545433044, 6.1731157302856445
174, -5.911589622497559, 0.021223172545433044, 5.949227809906006
175, -5.948998928070068, 0.021223172545433044, 5.873935222625732
176, -5.948998928070068, 0.021223172545433044, 5.873935222625732
177, -5.948998928070068, 0.021223172545433044, 5.873935222625732
178, -5.948998928070068, 0.021223172545433044, 5.873935222625732
179, -5.948998928070068, 0.021223172545433044, 5.873935222625732
180, -5.948998928070068, 0.021223172545433044, 5.873935222625732
181, -6.157279014587402, 0.021223172545433044, 5.735662460327148
182, -6.157279014587402, 0.021223172545433044, 5.735662460327148
183, -6.157279014587402, 0.021223172545433044, 5.735662460327148
184, -6.141671657562256, 0.021223172545433044, 5.48615026473999
185, -6.126064300537109, 0.021223172545433044, 5.236638069152832
186, -6.110456943511963, 0.021223172545433044, 4.987125873565674
187, -6.094849586486816, 0.021223172545433044, 4.737613677978516
188, -6.07924222946167, 0.021223172545433044, 4.488101482391357
189, -6.063634872436523, 0.021223172545433044, 4.238589286804199
190, -6.063634872436523, 0.021223172545433044, 4.238589286804199
191, -6.174874305725098, 0.021223172545433044, 4.0147013664245605
192, -6.174874305725098, 0.021223172545433044, 4.0147013664245605
193, -6.174874305725098, 0.021223172545433044, 4.0147013664245605
194, -6.174874305725098, 0.021223172545433044, 4.0147013664245605
195, -6.174874305725098, 0.021223172545433044, 4.0147013664245605
196, -6.174874305725098, 0.021223172545433044, 4.0147013664245605
197, -6.174874305725098, 0.021223172545433044, 4.0147013664245605
198, -6.174874305725098, 0.021223172545433044, 4.0147013664245605
199, -6.174874305725098, 0.021223172545433044, 4.0147013664245605
200, -6.063634872436523, 0.021223172545433044, 4.238589286804199
201, -6.063634872436523, 0.021223172545433044, 4.238589286804199
202, -6.07924222946167, 0.021223172545433044, 4.488101482391357
203, -6.094849586486816, 0.021223172545433044, 4.737613677978516
204, -6.110456943511963, 0.021223172545433044, 4.987125873565674
205, -6.126064300537109, 0.021223172545433044, 5.236638069152832
206, -6.141671657562256, 0.021223172545433044, 5.48615026473999
207, -6.157279014587402, 0.021223172545433044, 5.735662460327148
208, -6.157279014587402, 0.021223172545433044, 5.735662460327148
209, -6.046039581298828, 0.021223172545433044, 5.959550380706787
210, -5.934800148010254, 0.021223172545433044, 6.183438301086426
211, -5.934800148010254, 0.021223172545433044, 6.183438301086426
212, -5.934800148010254, 0.021223172545433044, 6.183438301086426
213, -5.685287952423096, 0.021223172545433044, 6.199045658111572
214, -5.685287952423096, 0.021223172545433044, 6.199045658111572
215, -5.477007865905762, 0.021223172545433044, 6.337318420410156
216, -5.477007865905762, 0.021223172545433044, 6.337318420410156
217, -5.2274956703186035, 0.021223172545433044, 6.352925777435303
218, -4.977983474731445, 0.021223172545433044, 6.368533134460449
219, -4.977983474731445, 0.021223172545433044, 6.368533134460449
220, -4.754095554351807, 0.021223172545433044, 6.257293224334717
221, -4.530207633972168, 0.021223172545433044, 6.146053314208984
222, -4.530207633972168, 0.021223172545433044, 6.146053314208984
223, -4.391934871673584, 0.021223172545433044, 5.93777322769165
224, -4.253662109375, 0.021223172545433044, 5.729493141174316
225, -4.115389347076416, 0.021223172545433044, 5.521213054656982
226, -4.115389347076416, 0.021223172545433044, 5.521213054656982
227, -4.0997819900512695, 0.021223172545433044, 5.271700859069824
228, -4.084174633026123, 0.021223172545433044, 5.022188663482666
229, -4.068567276000977, 0.021223172545433044, 4.772676467895508
230, -4.05295991897583, 0.021223172545433044, 4.52316427230835
231, -4.037352561950684, 0.021223172545433044, 4.273652076721191
232, -4.037352561950684, 0.021223172545433044, 4.273652076721191
233, -4.148592472076416, 0.021223172545433044, 4.049764156341553
234, -4.259832382202148, 0.021223172545433044, 3.825876474380493
235, -4.371072292327881, 0.021223172545433044, 3.6019887924194336
236, -4.482312202453613, 0.021223172545433044, 3.378101110458374
237, -4.593552112579346, 0.021223172545433044, 3.1542134284973145
238, -4.704792022705078, 0.021223172545433044, 2.930325746536255
239, -4.704792022705078, 0.021223172545433044, 2.930325746536255
240, -4.689184665679932, 0.021223172545433044, 2.6808133125305176
241, -4.673577308654785, 0.021223172545433044, 2.4313008785247803
242, -4.657969951629639, 0.021223172545433044, 2.181788444519043
243, -4.642362594604492, 0.021223172545433044, 1.9322761297225952
244, -4.642362594604492, 0.021223172545433044, 1.9322761297225952
245, -4.504089832305908, 0.021223172545433044, 1.7239958047866821
246, -4.365817070007324, 0.021223172545433044, 1.515715479850769
247, -4.365817070007324, 0.021223172545433044, 1.515715479850769
248, -4.1419291496276855, 0.021223172545433044, 1.4044758081436157
249, -3.918041229248047, 0.021223172545433044, 1.2932361364364624
250, -3.694153308868408, 0.021223172545433044, 1.181996464729309
251, -3.694153308868408, 0.021223172545433044, 1.181996464729309
252, -3.694153308868408, 0.021223172545433044, 1.181996464729309
253, -3.694153308868408, 0.021223172545433044, 1.181996464729309
254, -3.694153308868408, 0.021223172545433044, 1.181996464729309
255, -3.694153308868408, 0.021223172545433044, 1.181996464729309
256, -3.694153308868408, 0.021223172545433044, 1.181996464729309
257, -3.918041229248047, 0.021223172545433044, 1.293236255645752
258, -4.1419291496276855, 0.021223172545433044, 1.4044759273529053
259, -4.365817070007324, 0.021223172545433044, 1.5157155990600586
260, -4.365817070007324, 0.021223172545433044, 1.5157155990600586
261, -4.504089832305908, 0.021223172545433044, 1.7239959239959717
262, -4.642362594604492, 0.021223172545433044, 1.9322762489318848
263, -4.642362594604492, 0.021223172545433044, 1.9322762489318848
264, -4.657969951629639, 0.021223172545433044, 2.181788682937622
265, -4.657969951629639, 0.021223172545433044, 2.181788682937622
266, -4.546730041503906, 0.021223172545433044, 2.4056763648986816
267, -4.546730041503906, 0.021223172545433044, 2.4056763648986816
268, -4.338449954986572, 0.021223172545433044, 2.5439491271972656
269, -4.338449954986572, 0.021223172545433044, 2.5439491271972656
270, -4.088937759399414, 0.021223172545433044, 2.559556722640991
271, -3.8394253253936768, 0.021223172545433044, 2.575164318084717
272, -3.5899128913879395, 0.021223172545433044, 2.5907719135284424
273, -3.340400457382202, 0.021223172545433044, 2.606379508972168
274, -3.090888023376465, 0.021223172545433044, 2.6219871044158936
275, -2.8413755893707275, 0.021223172545433044, 2.637594699859619
276, -2.5918631553649902, 0.021223172545433044, 2.6532022953033447
277, -2.342350721359253, 0.021223172545433044, 2.6688098907470703
278, -2.0928382873535156, 0.021223172545433044, 2.684417486190796
279, -1.8433259725570679, 0.021223172545433044, 2.7000250816345215
280, -1.5938136577606201, 0.021223172545433044, 2.715632677078247
281, -1.3443013429641724, 0.021223172545433044, 2.7312402725219727
282, -1.0947890281677246, 0.021223172545433044, 2.7468478679656982
283, -0.8452766537666321, 0.021223172545433044, 2.762455463409424
284, -0.5957642793655396, 0.021223172545433044, 2.7780630588531494
285, -0.346251904964447, 0.021223172545433044, 2.793670654296875
286, -0.09673954546451569, 0.021223172545433044, 2.8092782497406006
287, 0.15277281403541565, 0.021223172545433044, 2.824885845184326
288, 0.4022851586341858, 0.021223172545433044, 2.8404934406280518
289, 0.6517975330352783, 0.021223172545433044, 2.8561010360717773
290, 0.9013099074363708, 0.021223172545433044, 2.871708631515503
291, 1.1508222818374634, 0.021223172545433044, 2.8873162269592285
292, 1.4003345966339111, 0.021223172545433044, 2.902923822402954
293, 1.6498469114303589, 0.021223172545433044, 2.9185314178466797
294, 1.6498469114303589, 0.021223172545433044, 2.9185314178466797
295, 1.873734712600708, 0.021223172545433044, 2.8072917461395264
296, 2.0976223945617676, 0.021223172545433044, 2.696052074432373
297, 2.3215103149414062, 0.021223172545433044, 2.5848124027252197
298, 2.545398235321045, 0.021223172545433044, 2.4735727310180664
299, 2.7692861557006836, 0.021223172545433044, 2.362333059310913
300, 2.7692861557006836, 0.021223172545433044, 2.362333059310913
301, 2.7692861557006836, 0.021223172545433044, 2.362333059310913
302, 2.7692861557006836, 0.021223172545433044, 2.362333059310913
303, 2.7692861557006836, 0.021223172545433044, 2.362333059310913
304, 2.7692861557006836, 0.021223172545433044, 2.362333059310913
305, 2.7692861557006836, 0.021223172545433044, 2.362333059310913
306, 2.545398235321045, 0.021223172545433044, 2.4735727310180664
307, 2.3215103149414062, 0.021223172545433044, 2.5848124027252197
308, 2.3215103149414062, 0.021223172545433044, 2.5848124027252197
309, 2.071997880935669, 0.021223172545433044, 2.569204807281494
310, 1.8224855661392212, 0.021223172545433044, 2.5535974502563477
311, 1.5729732513427734, 0.021223172545433044, 2.537990093231201
312, 1.3234609365463257, 0.021223172545433044, 2.5223827362060547
313, 1.073948621749878, 0.021223172545433044, 2.506775379180908
314, 0.8244362473487854, 0.021223172545433044, 2.4911680221557617
315, 0.5749238729476929, 0.021223172545433044, 2.4755606651306152
316, 0.32541149854660034, 0.021223172545433044, 2.4599533081054688
317, 0.075899139046669, 0.021223172545433044, 2.4443459510803223
318, -0.17361322045326233, 0.021223172545433044, 2.428738594055176
319, -0.42312556505203247, 0.021223172545433044, 2.4131312370300293
320, -0.42312556505203247, 0.021223172545433044, 2.4131312370300293
321, -0.6470133662223816, 0.021223172545433044, 2.5243709087371826
322, -0.8709011673927307, 0.021223172545433044, 2.635610580444336
323, -1.0947890281677246, 0.021223172545433044, 2.7468502521514893
324, -1.3186768293380737, 0.021223172545433044, 2.8580899238586426
325, -1.3186768293380737, 0.021223172545433044, 2.8580899238586426
326, -1.5681891441345215, 0.021223172545433044, 2.842482566833496
327, -1.8177014589309692, 0.021223172545433044, 2.8268752098083496
328, -2.067213773727417, 0.021223172545433044, 2.811267852783203
329, -2.3167262077331543, 0.021223172545433044, 2.7956604957580566
330, -2.5662386417388916, 0.021223172545433044, 2.78005313873291
331, -2.815751075744629, 0.021223172545433044, 2.7644457817077637
332, -3.065263509750366, 0.021223172545433044, 2.748838424682617
333, -3.3147759437561035, 0.021223172545433044, 2.7332310676574707
334, -3.564288377761841, 0.021223172545433044, 2.717623710632324
335, -3.813800811767578, 0.021223172545433044, 2.7020163536071777
336, -4.063313007354736, 0.021223172545433044, 2.6864089965820312
337, -4.063313007354736, 0.021223172545433044, 2.6864089965820312
338, -4.27159309387207, 0.021223172545433044, 2.5481362342834473
339, -4.479873180389404, 0.021223172545433044, 2.4098634719848633
340, -4.479873180389404, 0.021223172545433044, 2.4098634719848633
341, -4.591113090515137, 0.021223172545433044, 2.1859757900238037
342, -4.702353000640869, 0.021223172545433044, 1.9620879888534546
343, -4.813592910766602, 0.021223172545433044, 1.7382001876831055
344, -4.924832820892334, 0.021223172545433044, 1.5143123865127563
345, -4.924832820892334, 0.021223172545433044, 1.5143123865127563
346, -4.9092254638671875, 0.021223172545433044, 1.2648000717163086
347, -4.893618106842041, 0.021223172545433044, 1.0152877569198608
348, -4.8780107498168945, 0.021223172545433044, 0.7657754421234131
349, -4.862403392791748, 0.021223172545433044, 0.5162631273269653
350, -4.846796035766602, 0.021223172545433044, 0.2667508125305176
351, -4.831188678741455, 0.021223172545433044, 0.01723848283290863
352, -4.815581321716309, 0.021223172545433044, -0.23227384686470032
353, -4.815581321716309, 0.021223172545433044, -0.23227384686470032
354, -4.926821231842041, 0.021223172545433044, -0.45616161823272705
355, -4.926821231842041, 0.021223172545433044, -0.45616161823272705
356, -4.926821231842041, 0.021223172545433044, -0.45616161823272705
357, -4.926821231842041, 0.021223172545433044, -0.45616161823272705
358, -4.926821231842041, 0.021223172545433044, -0.45616161823272705
359, -4.926821231842041, 0.021223172545433044, -0.45616161823272705
360, -4.926821231842041, 0.021223172545433044, -0.45616161823272705
361, -4.926821231842041, 0.021223172545433044, -0.45616161823272705
362, -4.926821231842041, 0.021223172545433044, -0.45616161823272705
363, -4.815581321716309, 0.021223172545433044, -0.23227381706237793
364, -4.815581321716309, 0.021223172545433044, -0.23227381706237793
365, -4.831188678741455, 0.021223172545433044, 0.0172385573387146
366, -4.846796035766602, 0.021223172545433044, 0.26675093173980713
367, -4.862403392791748, 0.021223172545433044, 0.5162633061408997
368, -4.862403392791748, 0.021223172545433044, 0.5162633061408997
369, -4.751163482666016, 0.021223172545433044, 0.7401511073112488
370, -4.639924049377441, 0.021223172545433044, 0.9640389084815979
371, -4.528684616088867, 0.021223172545433044, 1.1879267692565918
372, -4.417445182800293, 0.021223172545433044, 1.411814570426941
373, -4.417445182800293, 0.021223172545433044, 1.411814570426941
374, -4.417445182800293, 0.021223172545433044, 1.411814570426941
375, -4.167932987213135, 0.021223172545433044, 1.427422046661377
376, -3.9184205532073975, 0.021223172545433044, 1.443029522895813
377, -3.9184205532073975, 0.021223172545433044, 1.443029522895813
378, -3.9184205532073975, 0.021223172545433044, 1.443029522895813
379, -3.9184205532073975, 0.021223172545433044, 1.443029522895813
380, -3.9184205532073975, 0.021223172545433044, 1.443029522895813
381, -3.9184205532073975, 0.021223172545433044, 1.443029522895813
382, -3.9184205532073975, 0.021223172545433044, 1.443029522895813
383, -4.167932987213135, 0.021223172545433044, 1.427422046661377
384, -4.417445182800293, 0.021223172545433044, 1.411814570426941
385, -4.417445182800293, 0.021223172545433044, 1.411814570426941
386, -4.625725269317627, 0.021223172545433044, 1.2735419273376465
387, -4.625725269317627, 0.021223172545433044, 1.2735419273376465
388, -4.736965179443359, 0.021223172545433044, 1.0496541261672974
389, -4.848205089569092, 0.021223172545433044, 0.8257663249969482
390, -4.848205089569092, 0.021223172545433044, 0.8257663249969482
391, -4.832597732543945, 0.021223172545433044, 0.5762540102005005
392, -4.816990375518799, 0.021223172545433044, 0.32674169540405273
393, -4.801383018493652, 0.021223172545433044, 0.07722936570644379
394, -4.801383018493652, 0.021223172545433044, 0.07722936570644379
395, -4.912622928619385, 0.021223172545433044, -0.14665840566158295
396, -5.023862838745117, 0.021223172545433044, -0.3705461621284485
397, -5.023862838745117, 0.021223172545433044, -0.3705461621284485
398, -5.023862838745117, 0.021223172545433044, -0.3705461621284485
399, -5.023862838745117, 0.021223172545433044, -0.3705461621284485
400, -5.023862838745117, 0.021223172545433044, -0.3705461621284485
401, -5.023862838745117, 0.021223172545433044, -0.3705461621284485
402, -5.039470195770264, 0.021223172545433044, -0.12103378772735596
403, -5.039470195770264, 0.021223172545433044, -0.12103378772735596
404, -4.928230285644531, 0.021223172545433044, 0.10285401344299316
405, -4.816990375518799, 0.021223172545433044, 0.3267418146133423
406, -4.816990375518799, 0.021223172545433044, 0.3267418146133423
407, -4.832597732543945, 0.021223172545433044, 0.5762541890144348
408, -4.848205089569092, 0.021223172545433044, 0.8257665634155273
409, -4.863812446594238, 0.021223172545433044, 1.0752789974212646
410, -4.879419803619385, 0.021223172545433044, 1.324791431427002
411, -4.895027160644531, 0.021223172545433044, 1.5743038654327393
412, -4.910634517669678, 0.021223172545433044, 1.8238162994384766
413, -4.910634517669678, 0.021223172545433044, 1.8238162994384766
414, -5.048907279968262, 0.021223172545433044, 2.0320966243743896
415, -5.048907279968262, 0.021223172545433044, 2.0320966243743896
416, -5.048907279968262, 0.021223172545433044, 2.0320966243743896
417, -5.048907279968262, 0.021223172545433044, 2.0320966243743896
418, -5.26578426361084, 0.021223172545433044, 2.13985276222229
419, -5.26578426361084, 0.021223172545433044, 2.13985276222229
420, -5.515296459197998, 0.021223172545433044, 2.1242451667785645
421, -5.764808654785156, 0.021223172545433044, 2.108637571334839
422, -5.764808654785156, 0.021223172545433044, 2.108637571334839
423, -5.764808654785156, 0.021223172545433044, 2.108637571334839
424, -5.764808654785156, 0.021223172545433044, 2.108637571334839
425, -5.764808654785156, 0.021223172545433044, 2.108637571334839
426, -5.764808654785156, 0.021223172545433044, 2.108637571334839
427, -5.764808654785156, 0.021223172545433044, 2.108637571334839
428, -5.764808654785156, 0.021223172545433044, 2.108637571334839
429, -5.610032081604004, 0.021223172545433044, 2.031736135482788
430, -5.610032081604004, 0.021223172545433044, 2.031736135482788
431, -5.360519886016846, 0.021223172545433044, 2.0473437309265137
432, -5.360519886016846, 0.021223172545433044, 2.0473437309265137
433, -5.152239799499512, 0.021223172545433044, 2.1856164932250977
434, -4.943959712982178, 0.021223172545433044, 2.3238892555236816
435, -4.735679626464844, 0.021223172545433044, 2.4621620178222656
436, -4.52739953994751, 0.021223172545433044, 2.6004347801208496
437, -4.52739953994751, 0.021223172545433044, 2.6004347801208496
438, -4.277887344360352, 0.021223172545433044, 2.616042375564575
439, -4.028375148773193, 0.021223172545433044, 2.631649971008301
440, -3.778862714767456, 0.021223172545433044, 2.6472575664520264
441, -3.5293502807617188, 0.021223172545433044, 2.662865161895752
442, -3.2798378467559814, 0.021223172545433044, 2.6784727573394775
443, -3.030325412750244, 0.021223172545433044, 2.694080352783203
444, -2.780812978744507, 0.021223172545433044, 2.7096879482269287
445, -2.5313005447387695, 0.021223172545433044, 2.7252955436706543
446, -2.2817881107330322, 0.021223172545433044, 2.74090313911438
447, -2.032275676727295, 0.021223172545433044, 2.7565107345581055
448, -1.7827633619308472, 0.021223172545433044, 2.772118330001831
449, -1.5332510471343994, 0.021223172545433044, 2.7877259254455566
450, -1.2837387323379517, 0.021223172545433044, 2.8033335208892822
451, -1.034226417541504, 0.021223172545433044, 2.818941116333008
452, -0.7847140431404114, 0.021223172545433044, 2.8345487117767334
453, -0.5352016687393188, 0.021223172545433044, 2.850156307220459
454, -0.2856892943382263, 0.021223172545433044, 2.8657639026641846
455, -0.03617693483829498, 0.021223172545433044, 2.88137149810791
456, 0.21333542466163635, 0.021223172545433044, 2.8969790935516357
457, 0.4628477692604065, 0.021223172545433044, 2.9125866889953613
458, 0.712360143661499, 0.021223172545433044, 2.928194284439087
459, 0.9618725180625916, 0.021223172545433044, 2.9438018798828125
460, 1.211384892463684, 0.021223172545433044, 2.959409475326538
461, 1.4608972072601318, 0.021223172545433044, 2.9750170707702637
462, 1.7104095220565796, 0.021223172545433044, 2.9906246662139893
463, 1.9599218368530273, 0.021223172545433044, 3.006232261657715
464, 1.9599218368530273, 0.021223172545433044, 3.006232261657715
465, 2.183809757232666, 0.021223172545433044, 2.8949925899505615
466, 2.4076976776123047, 0.021223172545433044, 2.783752918243408
467, 2.6315855979919434, 0.021223172545433044, 2.672513246536255
468, 2.855473518371582, 0.021223172545433044, 2.5612735748291016
469, 3.0793614387512207, 0.021223172545433044, 2.4500339031219482
470, 3.0793614387512207, 0.021223172545433044, 2.4500339031219482
471, 3.328873872756958, 0.021223172545433044, 2.465641498565674
472, 3.5783863067626953, 0.021223172545433044, 2.4812490940093994
473, 3.8278987407684326, 0.021223172545433044, 2.496856689453125
474, 4.07741117477417, 0.021223172545433044, 2.5124642848968506
475, 4.07741117477417, 0.021223172545433044, 2.5124642848968506
476, 4.07741117477417, 0.021223172545433044, 2.5124642848968506
477, 4.326923370361328, 0.021223172545433044, 2.528071880340576
478, 4.326923370361328, 0.021223172545433044, 2.528071880340576
479, 4.326923370361328, 0.021223172545433044, 2.528071880340576
480, 4.326923370361328, 0.021223172545433044, 2.528071880340576
481, 4.326923370361328, 0.021223172545433044, 2.528071880340576
482, 4.326923370361328, 0.021223172545433044, 2.528071880340576
483, 4.326923370361328, 0.021223172545433044, 2.528071880340576
484, 4.07741117477417, 0.021223172545433044, 2.5124645233154297
485, 3.8278987407684326, 0.021223172545433044, 2.496857166290283
486, 3.5783863067626953, 0.021223172545433044, 2.4812498092651367
487, 3.328873872756958, 0.021223172545433044, 2.4656424522399902
488, 3.0793614387512207, 0.021223172545433044, 2.4500350952148438
489, 2.8298490047454834, 0.021223172545433044, 2.4344277381896973
490, 2.580336570739746, 0.021223172545433044, 2.418820381164551
491, 2.330824136734009, 0.021223172545433044, 2.4032130241394043
492, 2.0813117027282715, 0.021223172545433044, 2.387605667114258
493, 1.8317993879318237, 0.021223172545433044, 2.3719983100891113
494, 1.582287073135376, 0.021223172545433044, 2.356390953063965
495, 1.582287073135376, 0.021223172545433044, 2.356390953063965
496, 1.3583992719650269, 0.021223172545433044, 2.467630624771118
497, 1.1345114707946777, 0.021223172545433044, 2.5788702964782715
498, 0.9106236696243286, 0.021223172545433044, 2.690109968185425
499, 0.9106236696243286, 0.021223172545433044, 2.690109968185425
