1, 6.876029968261719, 2.0644748210906982, -0.5198566913604736
2, 6.876029968261719, 2.0644748210906982, -0.5198566913604736
3, 6.876029968261719, 2.0644748210906982, -0.5198566913604736
4, 6.876029968261719, 2.0644748210906982, -0.5198566913604736
5, 6.876029968261719, 2.0644748210906982, -0.5198566913604736
6, 6.876029968261719, 2.0644748210906982, -0.5198566913604736
7, 6.876029968261719, 2.0644748210906982, -0.5198566913604736
8, 6.876029968261719, 2.0644748210906982, -0.5198566913604736
9, 6.876029968261719, 2.0644748210906982, -0.5198566913604736
10, 6.876029968261719, 2.0644748210906982, -0.5198566913604736
11, 6.876029968261719, 2.0644748210906982, -0.5198566913604736
12, 6.876029968261719, 2.0644748210906982, -0.5198566913604736
13, 6.876029968261719, 2.0644748210906982, -0.5198566913604736
14, 6.876029968261719, 2.0644748210906982, -0.5198566913604736
15, 6.876029968261719, 2.0644748210906982, -0.5198566913604736
16, 6.876029968261719, 2.0644748210906982, -0.5198566913604736
17, 7.125889301300049, 2.0644748210906982, -0.5282465219497681
18, 7.125889301300049, 2.0644748210906982, -0.5282465219497681
19, 7.141617298126221, 2.0644748210906982, -0.5198566913604736
20, 7.141617298126221, 2.0644748210906982, -0.5198566913604736
21, 7.141617298126221, 2.0644748210906982, -0.5198566913604736
22, 7.391476631164551, 2.0644748210906982, -0.5282465219497681
23, 7.391476631164551, 2.0644748210906982, -0.5282465219497681
24, 7.612055778503418, 2.0644748210906982, -0.4105827510356903
25, 7.612055778503418, 2.0644748210906982, -0.4105827510356903
26, 7.744251251220703, 2.0644748210906982, -0.19839328527450562
27, 7.876446723937988, 2.0644748210906982, 0.013796180486679077
28, 7.876446723937988, 2.0644748210906982, 0.013796180486679077
29, 7.884836673736572, 2.0644748210906982, 0.2636553943157196
30, 7.893226623535156, 2.0644748210906982, 0.5135146379470825
31, 7.90161657333374, 2.0644748210906982, 0.763373851776123
32, 7.910006523132324, 2.0644748210906982, 1.0132330656051636
33, 7.918396472930908, 2.0644748210906982, 1.263092279434204
34, 7.926786422729492, 2.0644748210906982, 1.5129514932632446
35, 7.926786422729492, 2.0644748210906982, 1.5129514932632446
36, 7.809122562408447, 2.0644748210906982, 1.7335307598114014
37, 7.691458702087402, 2.0644748210906982, 1.9541101455688477
38, 7.573794841766357, 2.0644748210906982, 2.174689531326294
39, 7.4561309814453125, 2.0644748210906982, 2.3952689170837402
40, 7.338467121124268, 2.0644748210906982, 2.6158483028411865
41, 7.220803260803223, 2.0644748210906982, 2.836427688598633
42, 7.103139400482178, 2.0644748210906982, 3.057007074356079
43, 6.985475540161133, 2.0644748210906982, 3.2775864601135254
44, 6.985475540161133, 2.0644748210906982, 3.2775864601135254
45, 6.993865489959717, 2.0644748210906982, 3.5274457931518555
46, 7.002255439758301, 2.0644748210906982, 3.7773051261901855
47, 7.010645389556885, 2.0644748210906982, 4.027164459228516
48, 7.010645389556885, 2.0644748210906982, 4.027164459228516
49, 7.14284086227417, 2.0644748210906982, 4.239354133605957
50, 7.275036334991455, 2.0644748210906982, 4.451543807983398
51, 7.275036334991455, 2.0644748210906982, 4.451543807983398
52, 7.495615482330322, 2.0644748210906982, 4.569207668304443
53, 7.7161946296691895, 2.0644748210906982, 4.686871528625488
54, 7.7161946296691895, 2.0644748210906982, 4.686871528625488
55, 7.7161946296691895, 2.0644748210906982, 4.686871528625488
56, 7.7161946296691895, 2.0644748210906982, 4.686871528625488
57, 7.7161946296691895, 2.0644748210906982, 4.686871528625488
58, 7.7161946296691895, 2.0644748210906982, 4.686871528625488
59, 7.7161946296691895, 2.0644748210906982, 4.686871528625488
60, 7.495615482330322, 2.0644748210906982, 4.569207668304443
61, 7.275036334991455, 2.0644748210906982, 4.451543807983398
62, 7.054457187652588, 2.0644748210906982, 4.3338799476623535
63, 7.054457187652588, 2.0644748210906982, 4.3338799476623535
64, 6.922261714935303, 2.0644748210906982, 4.121690273284912
65, 6.922261714935303, 2.0644748210906982, 4.121690273284912
66, 6.7016825675964355, 2.0644748210906982, 4.004026412963867
67, 6.481103420257568, 2.0644748210906982, 3.8863625526428223
68, 6.260524272918701, 2.0644748210906982, 3.7686986923217773
69, 6.039945125579834, 2.0644748210906982, 3.6510348320007324
70, 5.819365978240967, 2.0644748210906982, 3.5333709716796875
71, 5.819365978240967, 2.0644748210906982, 3.5333709716796875
72, 5.687170505523682, 2.0644748210906982, 3.321181535720825
73, 5.687170505523682, 2.0644748210906982, 3.321181535720825
74, 5.4665913581848145, 2.0644748210906982, 3.2035176753997803
75, 5.246012210845947, 2.0644748210906982, 3.0858538150787354
76, 5.246012210845947, 2.0644748210906982, 3.0858538150787354
77, 4.996152877807617, 2.0644748210906982, 3.0942437648773193
78, 4.746293544769287, 2.0644748210906982, 3.1026337146759033
79, 4.496434211730957, 2.0644748210906982, 3.1110236644744873
80, 4.246574878692627, 2.0644748210906982, 3.1194136142730713
81, 3.996715784072876, 2.0644748210906982, 3.1278035640716553
82, 3.746856689453125, 2.0644748210906982, 3.1361935138702393
83, 3.496997594833374, 2.0644748210906982, 3.1445834636688232
84, 3.247138500213623, 2.0644748210906982, 3.1529734134674072
85, 2.997279405593872, 2.0644748210906982, 3.161363363265991
86, 2.747420310974121, 2.0644748210906982, 3.169753313064575
87, 2.747420310974121, 2.0644748210906982, 3.169753313064575
88, 2.747420310974121, 2.0644748210906982, 3.169753313064575
89, 2.747420310974121, 2.0644748210906982, 3.169753313064575
90, 2.747420310974121, 2.0644748210906982, 3.169753313064575
91, 2.747420310974121, 2.0644748210906982, 3.169753313064575
92, 2.747420310974121, 2.0644748210906982, 3.169753313064575
93, 2.997279405593872, 2.0644748210906982, 3.161363363265991
94, 2.997279405593872, 2.0644748210906982, 3.161363363265991
95, 2.997279405593872, 2.0644748210906982, 3.161363363265991
96, 2.997279405593872, 2.0644748210906982, 3.161363363265991
97, 2.997279405593872, 2.0644748210906982, 3.161363363265991
98, 2.997279405593872, 2.0644748210906982, 3.161363363265991
99, 2.997279405593872, 2.0644748210906982, 3.161363363265991
100, 2.747420310974121, 2.0644748210906982, 3.169753313064575
101, 2.49756121635437, 2.0644748210906982, 3.178143262863159
102, 2.49756121635437, 2.0644748210906982, 3.178143262863159
103, 2.285371780395508, 2.0644748210906982, 3.3103387355804443
104, 2.285371780395508, 2.0644748210906982, 3.3103387355804443
105, 2.167707920074463, 2.0644748210906982, 3.5309181213378906
106, 2.050044059753418, 2.0644748210906982, 3.751497507095337
107, 2.050044059753418, 2.0644748210906982, 3.751497507095337
108, 1.8378546237945557, 2.0644748210906982, 3.883692979812622
109, 1.8378546237945557, 2.0644748210906982, 3.883692979812622
110, 1.8378546237945557, 2.0644748210906982, 3.883692979812622
111, 1.8378546237945557, 2.0644748210906982, 3.883692979812622
112, 1.8378546237945557, 2.0644748210906982, 3.883692979812622
113, 1.8378546237945557, 2.0644748210906982, 3.883692979812622
114, 1.8378546237945557, 2.0644748210906982, 3.883692979812622
115, 2.050044059753418, 2.0644748210906982, 3.751497507095337
116, 2.050044059753418, 2.0644748210906982, 3.751497507095337
117, 2.167707920074463, 2.0644748210906982, 3.5309181213378906
118, 2.285371780395508, 2.0644748210906982, 3.3103387355804443
119, 2.285371780395508, 2.0644748210906982, 3.3103387355804443
120, 2.276981830596924, 2.0644748210906982, 3.0604796409606934
121, 2.26859188079834, 2.0644748210906982, 2.8106205463409424
122, 2.260201930999756, 2.0644748210906982, 2.5607614517211914
123, 2.260201930999756, 2.0644748210906982, 2.5607614517211914
124, 2.1280064582824707, 2.0644748210906982, 2.348572015762329
125, 1.9958109855651855, 2.0644748210906982, 2.136382579803467
126, 1.9958109855651855, 2.0644748210906982, 2.136382579803467
127, 1.9958109855651855, 2.0644748210906982, 2.136382579803467
128, 1.9958109855651855, 2.0644748210906982, 2.136382579803467
129, 1.9958109855651855, 2.0644748210906982, 2.136382579803467
130, 1.9958109855651855, 2.0644748210906982, 2.136382579803467
131, 1.9958109855651855, 2.0644748210906982, 2.136382579803467
132, 1.9958109855651855, 2.0644748210906982, 2.136382579803467
133, 1.9958109855651855, 2.0644748210906982, 2.136382579803467
134, 1.9958109855651855, 2.0644748210906982, 2.136382579803467
135, 1.9958109855651855, 2.0644748210906982, 2.136382579803467
136, 2.1280064582824707, 2.0644748210906982, 2.348572015762329
137, 2.260201930999756, 2.0644748210906982, 2.5607614517211914
138, 2.392397403717041, 2.0644748210906982, 2.7729508876800537
139, 2.524592876434326, 2.0644748210906982, 2.985140323638916
140, 2.524592876434326, 2.0644748210906982, 2.985140323638916
141, 2.7451722621917725, 2.0644748210906982, 3.102804183959961
142, 2.7451722621917725, 2.0644748210906982, 3.102804183959961
143, 2.9950313568115234, 2.0644748210906982, 3.094414234161377
144, 3.2448904514312744, 2.0644748210906982, 3.086024284362793
145, 3.4947495460510254, 2.0644748210906982, 3.077634334564209
146, 3.7446086406707764, 2.0644748210906982, 3.069244384765625
147, 3.9944677352905273, 2.0644748210906982, 3.060854434967041
148, 4.244327068328857, 2.0644748210906982, 3.052464485168457
149, 4.4941864013671875, 2.0644748210906982, 3.044074535369873
150, 4.744045734405518, 2.0644748210906982, 3.035684585571289
151, 4.993905067443848, 2.0644748210906982, 3.027294635772705
152, 4.993905067443848, 2.0644748210906982, 3.027294635772705
153, 5.206094741821289, 2.0644748210906982, 2.89509916305542
154, 5.206094741821289, 2.0644748210906982, 2.89509916305542
155, 5.206094741821289, 2.0644748210906982, 2.89509916305542
156, 5.206094741821289, 2.0644748210906982, 2.89509916305542
157, 5.206094741821289, 2.0644748210906982, 2.89509916305542
158, 5.206094741821289, 2.0644748210906982, 2.89509916305542
159, 5.455954074859619, 2.0644748210906982, 2.886709213256836
160, 5.455954074859619, 2.0644748210906982, 2.886709213256836
161, 5.676533222198486, 2.0644748210906982, 3.004373073577881
162, 5.8971123695373535, 2.0644748210906982, 3.122036933898926
163, 5.8971123695373535, 2.0644748210906982, 3.122036933898926
164, 6.146971702575684, 2.0644748210906982, 3.113646984100342
165, 6.146971702575684, 2.0644748210906982, 3.113646984100342
166, 6.359161376953125, 2.0644748210906982, 2.9814515113830566
167, 6.571351051330566, 2.0644748210906982, 2.8492560386657715
168, 6.783540725708008, 2.0644748210906982, 2.7170605659484863
169, 6.995730400085449, 2.0644748210906982, 2.584865093231201
170, 7.207920074462891, 2.0644748210906982, 2.452669620513916
171, 7.420109748840332, 2.0644748210906982, 2.320474147796631
172, 7.420109748840332, 2.0644748210906982, 2.320474147796631
173, 7.420109748840332, 2.0644748210906982, 2.320474147796631
174, 7.420109748840332, 2.0644748210906982, 2.320474147796631
175, 7.420109748840332, 2.0644748210906982, 2.320474147796631
176, 7.420109748840332, 2.0644748210906982, 2.320474147796631
177, 7.420109748840332, 2.0644748210906982, 2.320474147796631
178, 7.207920074462891, 2.0644748210906982, 2.452669620513916
179, 6.995730400085449, 2.0644748210906982, 2.584865093231201
180, 6.783540725708008, 2.0644748210906982, 2.7170605659484863
181, 6.571351051330566, 2.0644748210906982, 2.8492560386657715
182, 6.359161376953125, 2.0644748210906982, 2.9814515113830566
183, 6.359161376953125, 2.0644748210906982, 2.9814515113830566
184, 6.109302043914795, 2.0644748210906982, 2.9898414611816406
185, 5.859442710876465, 2.0644748210906982, 2.9982314109802246
186, 5.859442710876465, 2.0644748210906982, 2.9982314109802246
187, 5.638863563537598, 2.0644748210906982, 2.8805675506591797
188, 5.4182844161987305, 2.0644748210906982, 2.7629036903381348
189, 5.4182844161987305, 2.0644748210906982, 2.7629036903381348
190, 5.4182844161987305, 2.0644748210906982, 2.7629036903381348
191, 5.4182844161987305, 2.0644748210906982, 2.7629036903381348
192, 5.4182844161987305, 2.0644748210906982, 2.7629036903381348
193, 5.4182844161987305, 2.0644748210906982, 2.7629036903381348
194, 5.4182844161987305, 2.0644748210906982, 2.7629036903381348
195, 5.206094741821289, 2.0644748210906982, 2.89509916305542
196, 4.993905067443848, 2.0644748210906982, 3.027294635772705
197, 4.993905067443848, 2.0644748210906982, 3.027294635772705
198, 4.744045734405518, 2.0644748210906982, 3.035684585571289
199, 4.4941864013671875, 2.0644748210906982, 3.044074535369873
200, 4.244327068328857, 2.0644748210906982, 3.052464485168457
201, 3.9944679737091064, 2.0644748210906982, 3.060854434967041
202, 3.7446088790893555, 2.0644748210906982, 3.069244384765625
203, 3.4947497844696045, 2.0644748210906982, 3.077634334564209
204, 3.2448906898498535, 2.0644748210906982, 3.086024284362793
205, 2.9950315952301025, 2.0644748210906982, 3.094414234161377
206, 2.7451725006103516, 2.0644748210906982, 3.102804183959961
207, 2.7451725006103516, 2.0644748210906982, 3.102804183959961
208, 2.5245931148529053, 2.0644748210906982, 2.985140323638916
209, 2.5245931148529053, 2.0644748210906982, 2.985140323638916
210, 2.39239764213562, 2.0644748210906982, 2.7729508876800537
211, 2.260202169418335, 2.0644748210906982, 2.5607614517211914
212, 2.260202169418335, 2.0644748210906982, 2.5607614517211914
213, 2.260202169418335, 2.0644748210906982, 2.5607614517211914
214, 2.260202169418335, 2.0644748210906982, 2.5607614517211914
215, 2.260202169418335, 2.0644748210906982, 2.5607614517211914
216, 2.260202169418335, 2.0644748210906982, 2.5607614517211914
217, 2.260202169418335, 2.0644748210906982, 2.5607614517211914
218, 2.39239764213562, 2.0644748210906982, 2.7729508876800537
219, 2.5245931148529053, 2.0644748210906982, 2.985140323638916
220, 2.5245931148529053, 2.0644748210906982, 2.985140323638916
221, 2.7451725006103516, 2.0644748210906982, 3.102804183959961
222, 2.7451725006103516, 2.0644748210906982, 3.102804183959961
223, 2.9950315952301025, 2.0644748210906982, 3.094414234161377
224, 3.2448906898498535, 2.0644748210906982, 3.086024284362793
225, 3.4947497844696045, 2.0644748210906982, 3.077634334564209
226, 3.7446088790893555, 2.0644748210906982, 3.069244384765625
227, 3.9944679737091064, 2.0644748210906982, 3.060854434967041
228, 4.244327068328857, 2.0644748210906982, 3.052464485168457
229, 4.4941864013671875, 2.0644748210906982, 3.044074535369873
230, 4.744045734405518, 2.0644748210906982, 3.035684585571289
231, 4.993905067443848, 2.0644748210906982, 3.027294635772705
232, 4.993905067443848, 2.0644748210906982, 3.027294635772705
233, 4.993905067443848, 2.0644748210906982, 3.027294635772705
234, 4.993905067443848, 2.0644748210906982, 3.027294635772705
235, 4.993905067443848, 2.0644748210906982, 3.027294635772705
236, 5.243764400482178, 2.0644748210906982, 3.018904685974121
237, 5.493623733520508, 2.0644748210906982, 3.010514736175537
238, 5.743483066558838, 2.0644748210906982, 3.002124786376953
239, 5.993342399597168, 2.0644748210906982, 2.993734836578369
240, 6.243201732635498, 2.0644748210906982, 2.985344886779785
241, 6.243201732635498, 2.0644748210906982, 2.985344886779785
242, 6.4553914070129395, 2.0644748210906982, 2.8531494140625
243, 6.667581081390381, 2.0644748210906982, 2.720953941345215
244, 6.879770755767822, 2.0644748210906982, 2.5887584686279297
245, 7.091960430145264, 2.0644748210906982, 2.4565629959106445
246, 7.304150104522705, 2.0644748210906982, 2.3243675231933594
247, 7.5163397789001465, 2.0644748210906982, 2.192172050476074
248, 7.5163397789001465, 2.0644748210906982, 2.192172050476074
249, 7.634003639221191, 2.0644748210906982, 1.971592664718628
250, 7.751667499542236, 2.0644748210906982, 1.7510132789611816
251, 7.751667499542236, 2.0644748210906982, 1.7510132789611816
252, 7.751667499542236, 2.0644748210906982, 1.7510132789611816
253, 7.751667499542236, 2.0644748210906982, 1.7510132789611816
254, 7.751667499542236, 2.0644748210906982, 1.7510132789611816
255, 7.751667499542236, 2.0644748210906982, 1.7510132789611816
256, 7.751667499542236, 2.0644748210906982, 1.7510132789611816
257, 7.634003639221191, 2.0644748210906982, 1.971592664718628
258, 7.5163397789001465, 2.0644748210906982, 2.192172050476074
259, 7.5163397789001465, 2.0644748210906982, 2.192172050476074
260, 7.5163397789001465, 2.0644748210906982, 2.192172050476074
261, 7.5163397789001465, 2.0644748210906982, 2.192172050476074
262, 7.304150104522705, 2.0644748210906982, 2.3243675231933594
263, 7.091960430145264, 2.0644748210906982, 2.4565629959106445
264, 6.879770755767822, 2.0644748210906982, 2.5887584686279297
265, 6.667581081390381, 2.0644748210906982, 2.720953941345215
266, 6.4553914070129395, 2.0644748210906982, 2.8531494140625
267, 6.243201732635498, 2.0644748210906982, 2.985344886779785
268, 6.243201732635498, 2.0644748210906982, 2.985344886779785
269, 5.993342399597168, 2.0644748210906982, 2.993734836578369
270, 5.993342399597168, 2.0644748210906982, 2.993734836578369
271, 5.993342399597168, 2.0644748210906982, 2.993734836578369
272, 5.993342399597168, 2.0644748210906982, 2.993734836578369
273, 5.780397891998291, 2.0644748210906982, 2.880143642425537
274, 5.780397891998291, 2.0644748210906982, 2.880143642425537
275, 5.780397891998291, 2.0644748210906982, 2.880143642425537
276, 5.530538558959961, 2.0644748210906982, 2.888533592224121
277, 5.530538558959961, 2.0644748210906982, 2.888533592224121
278, 5.530538558959961, 2.0644748210906982, 2.888533592224121
279, 5.530538558959961, 2.0644748210906982, 2.888533592224121
280, 5.530538558959961, 2.0644748210906982, 2.888533592224121
281, 5.530538558959961, 2.0644748210906982, 2.888533592224121
282, 5.530538558959961, 2.0644748210906982, 2.888533592224121
283, 5.280679225921631, 2.0644748210906982, 2.896923542022705
284, 5.280679225921631, 2.0644748210906982, 2.896923542022705
285, 5.0684895515441895, 2.0644748210906982, 3.0291190147399902
286, 5.0684895515441895, 2.0644748210906982, 3.0291190147399902
287, 4.818630218505859, 2.0644748210906982, 3.037508964538574
288, 4.568770885467529, 2.0644748210906982, 3.045898914337158
289, 4.318911552429199, 2.0644748210906982, 3.054288864135742
290, 4.069052219390869, 2.0644748210906982, 3.062678813934326
291, 3.819193124771118, 2.0644748210906982, 3.07106876373291
292, 3.569334030151367, 2.0644748210906982, 3.079458713531494
293, 3.319474935531616, 2.0644748210906982, 3.087848663330078
294, 3.0696158409118652, 2.0644748210906982, 3.096238613128662
295, 2.8197567462921143, 2.0644748210906982, 3.104628562927246
296, 2.8197567462921143, 2.0644748210906982, 3.104628562927246
297, 2.599177360534668, 2.0644748210906982, 2.986964702606201
298, 2.3785979747772217, 2.0644748210906982, 2.8693008422851562
299, 2.3785979747772217, 2.0644748210906982, 2.8693008422851562
300, 2.2464025020599365, 2.0644748210906982, 2.657111406326294
301, 2.2464025020599365, 2.0644748210906982, 2.657111406326294
302, 2.2464025020599365, 2.0644748210906982, 2.657111406326294
303, 2.2464025020599365, 2.0644748210906982, 2.657111406326294
304, 2.2464025020599365, 2.0644748210906982, 2.657111406326294
305, 2.2464025020599365, 2.0644748210906982, 2.657111406326294
306, 2.2464025020599365, 2.0644748210906982, 2.657111406326294
307, 2.3785979747772217, 2.0644748210906982, 2.8693008422851562
308, 2.3785979747772217, 2.0644748210906982, 2.8693008422851562
309, 2.599177360534668, 2.0644748210906982, 2.986964702606201
310, 2.599177360534668, 2.0644748210906982, 2.986964702606201
311, 2.849036455154419, 2.0644748210906982, 2.978574752807617
312, 3.09889554977417, 2.0644748210906982, 2.970184803009033
313, 3.348754644393921, 2.0644748210906982, 2.961794853210449
314, 3.598613739013672, 2.0644748210906982, 2.9534049034118652
315, 3.598613739013672, 2.0644748210906982, 2.9534049034118652
316, 3.819193124771118, 2.0644748210906982, 3.07106876373291
317, 4.0397725105285645, 2.0644748210906982, 3.188732624053955
318, 4.0397725105285645, 2.0644748210906982, 3.188732624053955
319, 4.2896318435668945, 2.0644748210906982, 3.180342674255371
320, 4.539491176605225, 2.0644748210906982, 3.171952724456787
321, 4.539491176605225, 2.0644748210906982, 3.171952724456787
322, 4.751680850982666, 2.0644748210906982, 3.039757251739502
323, 4.963870525360107, 2.0644748210906982, 2.907561779022217
324, 5.176060199737549, 2.0644748210906982, 2.7753663063049316
325, 5.176060199737549, 2.0644748210906982, 2.7753663063049316
326, 5.176060199737549, 2.0644748210906982, 2.7753663063049316
327, 5.176060199737549, 2.0644748210906982, 2.7753663063049316
328, 5.176060199737549, 2.0644748210906982, 2.7753663063049316
329, 5.176060199737549, 2.0644748210906982, 2.7753663063049316
330, 5.176060199737549, 2.0644748210906982, 2.7753663063049316
331, 5.396639347076416, 2.0644748210906982, 2.8930301666259766
332, 5.617218494415283, 2.0644748210906982, 3.0106940269470215
333, 5.617218494415283, 2.0644748210906982, 3.0106940269470215
334, 5.867077827453613, 2.0644748210906982, 3.0023040771484375
335, 6.116937160491943, 2.0644748210906982, 2.9939141273498535
336, 6.116937160491943, 2.0644748210906982, 2.9939141273498535
337, 6.329126834869385, 2.0644748210906982, 2.8617186546325684
338, 6.541316509246826, 2.0644748210906982, 2.729523181915283
339, 6.753506183624268, 2.0644748210906982, 2.597327709197998
340, 6.965695858001709, 2.0644748210906982, 2.465132236480713
341, 7.17788553237915, 2.0644748210906982, 2.3329367637634277
342, 7.390075206756592, 2.0644748210906982, 2.2007412910461426
343, 7.602264881134033, 2.0644748210906982, 2.0685458183288574
344, 7.602264881134033, 2.0644748210906982, 2.0685458183288574
345, 7.719928741455078, 2.0644748210906982, 1.8479664325714111
346, 7.837592601776123, 2.0644748210906982, 1.6273870468139648
347, 7.837592601776123, 2.0644748210906982, 1.6273870468139648
348, 7.837592601776123, 2.0644748210906982, 1.6273870468139648
349, 7.837592601776123, 2.0644748210906982, 1.6273870468139648
350, 7.837592601776123, 2.0644748210906982, 1.6273870468139648
351, 7.837592601776123, 2.0644748210906982, 1.6273870468139648
352, 7.837592601776123, 2.0644748210906982, 1.6273870468139648
353, 7.719928741455078, 2.0644748210906982, 1.8479664325714111
354, 7.602264881134033, 2.0644748210906982, 2.0685458183288574
355, 7.602264881134033, 2.0644748210906982, 2.0685458183288574
356, 7.390075206756592, 2.0644748210906982, 2.2007412910461426
357, 7.17788553237915, 2.0644748210906982, 2.3329367637634277
358, 6.965695858001709, 2.0644748210906982, 2.465132236480713
359, 6.753506183624268, 2.0644748210906982, 2.597327709197998
360, 6.541316509246826, 2.0644748210906982, 2.729523181915283
361, 6.329126834869385, 2.0644748210906982, 2.8617186546325684
362, 6.116937160491943, 2.0644748210906982, 2.9939141273498535
363, 6.116937160491943, 2.0644748210906982, 2.9939141273498535
364, 5.867077827453613, 2.0644748210906982, 3.0023040771484375
365, 5.867077827453613, 2.0644748210906982, 3.0023040771484375
366, 5.867077827453613, 2.0644748210906982, 3.0023040771484375
367, 5.867077827453613, 2.0644748210906982, 3.0023040771484375
368, 5.646498680114746, 2.0644748210906982, 2.8846402168273926
369, 5.646498680114746, 2.0644748210906982, 2.8846402168273926
370, 5.646498680114746, 2.0644748210906982, 2.8846402168273926
371, 5.646498680114746, 2.0644748210906982, 2.8846402168273926
372, 5.396639347076416, 2.0644748210906982, 2.8930301666259766
373, 5.146780014038086, 2.0644748210906982, 2.9014201164245605
374, 4.896920680999756, 2.0644748210906982, 2.9098100662231445
375, 4.647061347961426, 2.0644748210906982, 2.9182000160217285
376, 4.397202014923096, 2.0644748210906982, 2.9265899658203125
377, 4.147342681884766, 2.0644748210906982, 2.9349799156188965
378, 3.8974835872650146, 2.0644748210906982, 2.9433698654174805
379, 3.6476244926452637, 2.0644748210906982, 2.9517598152160645
380, 3.3977653980255127, 2.0644748210906982, 2.9601497650146484
381, 3.1479063034057617, 2.0644748210906982, 2.9685397148132324
382, 2.8980472087860107, 2.0644748210906982, 2.9769296646118164
383, 2.6481881141662598, 2.0644748210906982, 2.9853196144104004
384, 2.6481881141662598, 2.0644748210906982, 2.9853196144104004
385, 2.4276087284088135, 2.0644748210906982, 2.8676557540893555
386, 2.4276087284088135, 2.0644748210906982, 2.8676557540893555
387, 2.2954132556915283, 2.0644748210906982, 2.655466318130493
388, 2.2954132556915283, 2.0644748210906982, 2.655466318130493
389, 2.2954132556915283, 2.0644748210906982, 2.655466318130493
390, 2.2954132556915283, 2.0644748210906982, 2.655466318130493
391, 2.2954132556915283, 2.0644748210906982, 2.655466318130493
392, 2.2954132556915283, 2.0644748210906982, 2.655466318130493
393, 2.2954132556915283, 2.0644748210906982, 2.655466318130493
394, 2.4276087284088135, 2.0644748210906982, 2.8676557540893555
395, 2.4276087284088135, 2.0644748210906982, 2.8676557540893555
396, 2.6481881141662598, 2.0644748210906982, 2.9853196144104004
397, 2.868767499923706, 2.0644748210906982, 3.1029834747314453
398, 2.868767499923706, 2.0644748210906982, 3.1029834747314453
399, 3.118626594543457, 2.0644748210906982, 3.0945935249328613
400, 3.368485689163208, 2.0644748210906982, 3.0862035751342773
401, 3.618344783782959, 2.0644748210906982, 3.0778136253356934
402, 3.86820387840271, 2.0644748210906982, 3.0694236755371094
403, 4.118062973022461, 2.0644748210906982, 3.0610337257385254
404, 4.367922306060791, 2.0644748210906982, 3.0526437759399414
405, 4.617781639099121, 2.0644748210906982, 3.0442538261413574
406, 4.867640972137451, 2.0644748210906982, 3.0358638763427734
407, 4.867640972137451, 2.0644748210906982, 3.0358638763427734
408, 5.079830646514893, 2.0644748210906982, 2.9036684036254883
409, 5.292020320892334, 2.0644748210906982, 2.771472930908203
410, 5.292020320892334, 2.0644748210906982, 2.771472930908203
411, 5.292020320892334, 2.0644748210906982, 2.771472930908203
412, 5.292020320892334, 2.0644748210906982, 2.771472930908203
413, 5.292020320892334, 2.0644748210906982, 2.771472930908203
414, 5.292020320892334, 2.0644748210906982, 2.771472930908203
415, 5.292020320892334, 2.0644748210906982, 2.771472930908203
416, 5.512599468231201, 2.0644748210906982, 2.889136791229248
417, 5.733178615570068, 2.0644748210906982, 3.006800651550293
418, 5.733178615570068, 2.0644748210906982, 3.006800651550293
419, 5.983037948608398, 2.0644748210906982, 2.998410701751709
420, 6.2328972816467285, 2.0644748210906982, 2.990020751953125
421, 6.2328972816467285, 2.0644748210906982, 2.990020751953125
422, 6.44508695602417, 2.0644748210906982, 2.85782527923584
423, 6.657276630401611, 2.0644748210906982, 2.7256298065185547
424, 6.869466304779053, 2.0644748210906982, 2.5934343338012695
425, 7.081655979156494, 2.0644748210906982, 2.4612388610839844
426, 7.2938456535339355, 2.0644748210906982, 2.329043388366699
427, 7.506035327911377, 2.0644748210906982, 2.196847915649414
428, 7.506035327911377, 2.0644748210906982, 2.196847915649414
429, 7.623699188232422, 2.0644748210906982, 1.9762685298919678
430, 7.741363048553467, 2.0644748210906982, 1.7556891441345215
431, 7.859026908874512, 2.0644748210906982, 1.5351097583770752
432, 7.859026908874512, 2.0644748210906982, 1.5351097583770752
433, 7.859026908874512, 2.0644748210906982, 1.5351097583770752
434, 7.859026908874512, 2.0644748210906982, 1.5351097583770752
435, 7.859026908874512, 2.0644748210906982, 1.5351097583770752
436, 7.859026908874512, 2.0644748210906982, 1.5351097583770752
437, 7.859026908874512, 2.0644748210906982, 1.5351097583770752
438, 7.741363048553467, 2.0644748210906982, 1.7556891441345215
439, 7.623699188232422, 2.0644748210906982, 1.9762685298919678
440, 7.506035327911377, 2.0644748210906982, 2.196847915649414
441, 7.506035327911377, 2.0644748210906982, 2.196847915649414
442, 7.2938456535339355, 2.0644748210906982, 2.329043388366699
443, 7.081655979156494, 2.0644748210906982, 2.4612388610839844
444, 6.869466304779053, 2.0644748210906982, 2.5934343338012695
445, 6.657276630401611, 2.0644748210906982, 2.7256298065185547
446, 6.44508695602417, 2.0644748210906982, 2.85782527923584
447, 6.2328972816467285, 2.0644748210906982, 2.990020751953125
448, 6.2328972816467285, 2.0644748210906982, 2.990020751953125
449, 5.983037948608398, 2.0644748210906982, 2.998410701751709
450, 5.733178615570068, 2.0644748210906982, 3.006800651550293
451, 5.733178615570068, 2.0644748210906982, 3.006800651550293
452, 5.733178615570068, 2.0644748210906982, 3.006800651550293
453, 5.733178615570068, 2.0644748210906982, 3.006800651550293
454, 5.733178615570068, 2.0644748210906982, 3.006800651550293
455, 5.483319282531738, 2.0644748210906982, 3.015190601348877
456, 5.233459949493408, 2.0644748210906982, 3.023580551147461
457, 4.983600616455078, 2.0644748210906982, 3.031970500946045
458, 4.733741283416748, 2.0644748210906982, 3.040360450744629
459, 4.483881950378418, 2.0644748210906982, 3.048750400543213
460, 4.234022617340088, 2.0644748210906982, 3.057140350341797
461, 3.984163522720337, 2.0644748210906982, 3.065530300140381
462, 3.734304428100586, 2.0644748210906982, 3.073920249938965
463, 3.484445333480835, 2.0644748210906982, 3.082310199737549
464, 3.234586238861084, 2.0644748210906982, 3.090700149536133
465, 2.984727144241333, 2.0644748210906982, 3.099090099334717
466, 2.984727144241333, 2.0644748210906982, 3.099090099334717
467, 2.7641477584838867, 2.0644748210906982, 2.981426239013672
468, 2.5435683727264404, 2.0644748210906982, 2.863762378692627
469, 2.322988986968994, 2.0644748210906982, 2.746098518371582
470, 2.322988986968994, 2.0644748210906982, 2.746098518371582
471, 2.322988986968994, 2.0644748210906982, 2.746098518371582
472, 2.322988986968994, 2.0644748210906982, 2.746098518371582
473, 2.322988986968994, 2.0644748210906982, 2.746098518371582
474, 2.31459903717041, 2.0644748210906982, 2.496239423751831
475, 2.31459903717041, 2.0644748210906982, 2.496239423751831
476, 2.31459903717041, 2.0644748210906982, 2.496239423751831
477, 2.31459903717041, 2.0644748210906982, 2.496239423751831
478, 2.31459903717041, 2.0644748210906982, 2.496239423751831
479, 2.31459903717041, 2.0644748210906982, 2.496239423751831
480, 2.31459903717041, 2.0644748210906982, 2.496239423751831
481, 2.322988986968994, 2.0644748210906982, 2.746098518371582
482, 2.322988986968994, 2.0644748210906982, 2.746098518371582
483, 2.4551844596862793, 2.0644748210906982, 2.9582879543304443
484, 2.4551844596862793, 2.0644748210906982, 2.9582879543304443
485, 2.6757638454437256, 2.0644748210906982, 3.0759518146514893
486, 2.6757638454437256, 2.0644748210906982, 3.0759518146514893
487, 2.9256229400634766, 2.0644748210906982, 3.0675618648529053
488, 3.1754820346832275, 2.0644748210906982, 3.0591719150543213
489, 3.4253411293029785, 2.0644748210906982, 3.0507819652557373
490, 3.6752002239227295, 2.0644748210906982, 3.0423920154571533
491, 3.9250593185424805, 2.0644748210906982, 3.0340020656585693
492, 4.1749186515808105, 2.0644748210906982, 3.0256121158599854
493, 4.424777984619141, 2.0644748210906982, 3.0172221660614014
494, 4.674637317657471, 2.0644748210906982, 3.0088322162628174
495, 4.924496650695801, 2.0644748210906982, 3.0004422664642334
496, 4.924496650695801, 2.0644748210906982, 3.0004422664642334
497, 5.136686325073242, 2.0644748210906982, 2.8682467937469482
498, 5.348875999450684, 2.0644748210906982, 2.736051321029663
499, 5.348875999450684, 2.0644748210906982, 2.736051321029663
