1, 6.142210006713867, 2.8994359970092773, -0.37281692028045654
2, 6.142210006713867, 2.8994359970092773, -0.37281692028045654
3, 6.142210006713867, 2.8994359970092773, -0.37281692028045654
4, 6.142210006713867, 2.8994359970092773, -0.37281692028045654
5, 6.142210006713867, 2.8994359970092773, -0.37281692028045654
6, 6.142210006713867, 2.8994359970092773, -0.37281692028045654
7, 6.142210006713867, 2.8994359970092773, -0.37281692028045654
8, 6.142210006713867, 2.8994359970092773, -0.37281692028045654
9, 6.142210006713867, 2.8994359970092773, -0.37281692028045654
10, 6.142210006713867, 2.8994359970092773, -0.37281692028045654
11, 6.142210006713867, 2.8994359970092773, -0.37281692028045654
12, 6.142210006713867, 2.8994359970092773, -0.37281692028045654
13, 6.142210006713867, 2.8994359970092773, -0.37281692028045654
14, 6.142210006713867, 2.8994359970092773, -0.37281692028045654
15, 6.142210006713867, 2.8994359970092773, -0.37281692028045654
16, 6.142210006713867, 2.8994359970092773, -0.37281692028045654
17, 6.142210006713867, 2.8994359970092773, -0.37281692028045654
18, 6.142210006713867, 2.8994359970092773, -0.37281692028045654
19, 6.142210006713867, 2.8994359970092773, -0.37281692028045654
20, 6.142210006713867, 2.8994359970092773, -0.37281692028045654
21, 6.142210006713867, 2.8994359970092773, -0.37281692028045654
22, 6.142210006713867, 2.8994359970092773, -0.37281692028045654
23, 6.142210006713867, 2.8994359970092773, -0.37281692028045654
24, 6.142210006713867, 2.8994359970092773, -0.37281692028045654
25, 6.142210006713867, 2.8994359970092773, -0.37281692028045654
26, 6.142210006713867, 2.8994359970092773, -0.37281692028045654
27, 6.142210006713867, 2.8994359970092773, -0.37281692028045654
28, 6.142210006713867, 2.8994359970092773, -0.37281692028045654
29, 6.142210006713867, 2.8994359970092773, -0.37281692028045654
30, 6.142210006713867, 2.8994359970092773, -0.37281692028045654
31, 6.142210006713867, 2.8994359970092773, -0.37281692028045654
32, 6.142210006713867, 2.8994359970092773, -0.37281692028045654
33, 6.142210006713867, 2.8994359970092773, -0.37281692028045654
34, 6.142210006713867, 2.8994359970092773, -0.37281692028045654
35, 6.142210006713867, 2.8994359970092773, -0.37281692028045654
36, 5.917537689208984, 2.8994359970092773, -0.4824637174606323
37, 5.692865371704102, 2.8994359970092773, -0.5921105146408081
38, 5.692865371704102, 2.8994359970092773, -0.5921105146408081
39, 5.692865371704102, 2.8994359970092773, -0.5921105146408081
40, 5.692865371704102, 2.8994359970092773, -0.5921105146408081
41, 5.692865371704102, 2.8994359970092773, -0.5921105146408081
42, 5.692865371704102, 2.8994359970092773, -0.5921105146408081
43, 5.692865371704102, 2.8994359970092773, -0.5921105146408081
44, 5.692865371704102, 2.8994359970092773, -0.5921105146408081
45, 5.692865371704102, 2.8994359970092773, -0.5921105146408081
46, 5.692865371704102, 2.8994359970092773, -0.5921105146408081
47, 5.443470001220703, 2.8994359970092773, -0.5747313499450684
48, 5.194074630737305, 2.8994359970092773, -0.5573521852493286
49, 4.944679260253906, 2.8994359970092773, -0.5399730205535889
50, 4.695283889770508, 2.8994359970092773, -0.5225938558578491
51, 4.695283889770508, 2.8994359970092773, -0.5225938558578491
52, 4.470611572265625, 2.8994359970092773, -0.6322406530380249
53, 4.470611572265625, 2.8994359970092773, -0.6322406530380249
54, 4.470611572265625, 2.8994359970092773, -0.6322406530380249
55, 4.470611572265625, 2.8994359970092773, -0.6322406530380249
56, 4.330862998962402, 2.8994359970092773, -0.8395336866378784
57, 4.330862998962402, 2.8994359970092773, -0.8395336866378784
58, 4.313483715057373, 2.8994359970092773, -1.0889289379119873
59, 4.296104431152344, 2.8994359970092773, -1.3383240699768066
60, 4.296104431152344, 2.8994359970092773, -1.3383240699768066
61, 4.4057512283325195, 2.8994359970092773, -1.5629962682724
62, 4.515398025512695, 2.8994359970092773, -1.7876684665679932
63, 4.625044822692871, 2.8994359970092773, -2.012340545654297
64, 4.734691619873047, 2.8994359970092773, -2.2370126247406006
65, 4.734691619873047, 2.8994359970092773, -2.2370126247406006
66, 4.734691619873047, 2.8994359970092773, -2.2370126247406006
67, 4.844338417053223, 2.8994359970092773, -2.4616847038269043
68, 4.844338417053223, 2.8994359970092773, -2.4616847038269043
69, 4.826959133148193, 2.8994359970092773, -2.7110798358917236
70, 4.809579849243164, 2.8994359970092773, -2.960474967956543
71, 4.792200565338135, 2.8994359970092773, -3.2098701000213623
72, 4.7748212814331055, 2.8994359970092773, -3.4592652320861816
73, 4.7748212814331055, 2.8994359970092773, -3.4592652320861816
74, 4.635072708129883, 2.8994359970092773, -3.666558265686035
75, 4.635072708129883, 2.8994359970092773, -3.666558265686035
76, 4.635072708129883, 2.8994359970092773, -3.666558265686035
77, 4.635072708129883, 2.8994359970092773, -3.666558265686035
78, 4.635072708129883, 2.8994359970092773, -3.666558265686035
79, 4.635072708129883, 2.8994359970092773, -3.666558265686035
80, 4.635072708129883, 2.8994359970092773, -3.666558265686035
81, 4.7748212814331055, 2.8994359970092773, -3.4592652320861816
82, 4.914569854736328, 2.8994359970092773, -3.251972198486328
83, 4.914569854736328, 2.8994359970092773, -3.251972198486328
84, 4.931949138641357, 2.8994359970092773, -3.002577066421509
85, 4.949328422546387, 2.8994359970092773, -2.7531819343566895
86, 4.966707706451416, 2.8994359970092773, -2.50378680229187
87, 4.966707706451416, 2.8994359970092773, -2.50378680229187
88, 4.85706090927124, 2.8994359970092773, -2.2791147232055664
89, 4.7474141120910645, 2.8994359970092773, -2.0544424057006836
90, 4.637767314910889, 2.8994359970092773, -1.8297702074050903
91, 4.528120517730713, 2.8994359970092773, -1.605098009109497
92, 4.418473720550537, 2.8994359970092773, -1.3804258108139038
93, 4.308826923370361, 2.8994359970092773, -1.1557536125183105
94, 4.1991801261901855, 2.8994359970092773, -0.9310814142227173
95, 4.08953332901001, 2.8994359970092773, -0.706409215927124
96, 4.08953332901001, 2.8994359970092773, -0.706409215927124
97, 4.106912612915039, 2.8994359970092773, -0.4570140242576599
98, 4.106912612915039, 2.8994359970092773, -0.4570140242576599
99, 3.9972658157348633, 2.8994359970092773, -0.23234182596206665
100, 3.9972658157348633, 2.8994359970092773, -0.23234182596206665
101, 3.9972658157348633, 2.8994359970092773, -0.23234182596206665
102, 3.747870683670044, 2.8994359970092773, -0.21496263146400452
103, 3.4984755516052246, 2.8994359970092773, -0.19758343696594238
104, 3.2490804195404053, 2.8994359970092773, -0.18020424246788025
105, 2.999685287475586, 2.8994359970092773, -0.16282504796981812
106, 2.999685287475586, 2.8994359970092773, -0.16282504796981812
107, 2.775012969970703, 2.8994359970092773, -0.2724718153476715
108, 2.775012969970703, 2.8994359970092773, -0.2724718153476715
109, 2.775012969970703, 2.8994359970092773, -0.2724718153476715
110, 2.775012969970703, 2.8994359970092773, -0.2724718153476715
111, 2.6352646350860596, 2.8994359970092773, -0.47976481914520264
112, 2.6352646350860596, 2.8994359970092773, -0.47976481914520264
113, 2.410592555999756, 2.8994359970092773, -0.5894116163253784
114, 2.185920476913452, 2.8994359970092773, -0.6990584135055542
115, 1.9612482786178589, 2.8994359970092773, -0.80870521068573
116, 1.7365760803222656, 2.8994359970092773, -0.9183520078659058
117, 1.5119038820266724, 2.8994359970092773, -1.0279988050460815
118, 1.5119038820266724, 2.8994359970092773, -1.0279988050460815
119, 1.5119038820266724, 2.8994359970092773, -1.0279988050460815
120, 1.287231683731079, 2.8994359970092773, -1.1376456022262573
121, 1.287231683731079, 2.8994359970092773, -1.1376456022262573
122, 1.287231683731079, 2.8994359970092773, -1.1376456022262573
123, 1.287231683731079, 2.8994359970092773, -1.1376456022262573
124, 1.287231683731079, 2.8994359970092773, -1.1376456022262573
125, 1.287231683731079, 2.8994359970092773, -1.1376456022262573
126, 1.287231683731079, 2.8994359970092773, -1.1376456022262573
127, 1.5119038820266724, 2.8994359970092773, -1.0279988050460815
128, 1.7365760803222656, 2.8994359970092773, -0.9183520078659058
129, 1.9612482786178589, 2.8994359970092773, -0.80870521068573
130, 2.185920476913452, 2.8994359970092773, -0.6990584135055542
131, 2.410592555999756, 2.8994359970092773, -0.5894116163253784
132, 2.6352646350860596, 2.8994359970092773, -0.47976478934288025
133, 2.8599367141723633, 2.8994359970092773, -0.3701179623603821
134, 3.084608793258667, 2.8994359970092773, -0.2604711353778839
135, 3.3092808723449707, 2.8994359970092773, -0.15082430839538574
136, 3.3092808723449707, 2.8994359970092773, -0.15082430839538574
137, 3.55867600440979, 2.8994359970092773, -0.1682034581899643
138, 3.8080711364746094, 2.8994359970092773, -0.18558260798454285
139, 4.057466506958008, 2.8994359970092773, -0.2029617577791214
140, 4.306861877441406, 2.8994359970092773, -0.22034090757369995
141, 4.306861877441406, 2.8994359970092773, -0.22034090757369995
142, 4.51415491104126, 2.8994359970092773, -0.3600893020629883
143, 4.721447944641113, 2.8994359970092773, -0.4998376965522766
144, 4.721447944641113, 2.8994359970092773, -0.4998376965522766
145, 4.970843315124512, 2.8994359970092773, -0.5172168612480164
146, 5.22023868560791, 2.8994359970092773, -0.5345960259437561
147, 5.469634056091309, 2.8994359970092773, -0.5519751906394958
148, 5.719029426574707, 2.8994359970092773, -0.5693543553352356
149, 5.9684247970581055, 2.8994359970092773, -0.5867335200309753
150, 6.217820167541504, 2.8994359970092773, -0.6041126847267151
151, 6.467215538024902, 2.8994359970092773, -0.6214918494224548
152, 6.716610908508301, 2.8994359970092773, -0.6388710141181946
153, 6.716610908508301, 2.8994359970092773, -0.6388710141181946
154, 6.941283226013184, 2.8994359970092773, -0.529224157333374
155, 7.165955543518066, 2.8994359970092773, -0.41957733035087585
156, 7.390627861022949, 2.8994359970092773, -0.3099305033683777
157, 7.615300178527832, 2.8994359970092773, -0.20028367638587952
158, 7.839972496032715, 2.8994359970092773, -0.09063684940338135
159, 7.839972496032715, 2.8994359970092773, -0.09063684940338135
160, 8.089367866516113, 2.8994359970092773, -0.1080159991979599
161, 8.338763236999512, 2.8994359970092773, -0.12539514899253845
162, 8.58815860748291, 2.8994359970092773, -0.142774298787117
163, 8.837553977966309, 2.8994359970092773, -0.16015344858169556
164, 8.837553977966309, 2.8994359970092773, -0.16015344858169556
165, 9.044846534729004, 2.8994359970092773, -0.2999018430709839
166, 9.2521390914917, 2.8994359970092773, -0.4396502375602722
167, 9.459431648254395, 2.8994359970092773, -0.5793986320495605
168, 9.459431648254395, 2.8994359970092773, -0.5793986320495605
169, 9.708827018737793, 2.8994359970092773, -0.5967777967453003
170, 9.958222389221191, 2.8994359970092773, -0.61415696144104
171, 10.20761775970459, 2.8994359970092773, -0.6315361261367798
172, 10.20761775970459, 2.8994359970092773, -0.6315361261367798
173, 10.20761775970459, 2.8994359970092773, -0.6315361261367798
174, 10.20761775970459, 2.8994359970092773, -0.6315361261367798
175, 10.20761775970459, 2.8994359970092773, -0.6315361261367798
176, 10.20761775970459, 2.8994359970092773, -0.6315361261367798
177, 10.20761775970459, 2.8994359970092773, -0.6315361261367798
178, 10.20761775970459, 2.8994359970092773, -0.6315361261367798
179, 10.432290077209473, 2.8994359970092773, -0.521889328956604
180, 10.432290077209473, 2.8994359970092773, -0.521889328956604
181, 10.681685447692871, 2.8994359970092773, -0.5392684936523438
182, 10.681685447692871, 2.8994359970092773, -0.5392684936523438
183, 10.681685447692871, 2.8994359970092773, -0.5392684936523438
184, 10.681685447692871, 2.8994359970092773, -0.5392684936523438
185, 10.681685447692871, 2.8994359970092773, -0.5392684936523438
186, 10.681685447692871, 2.8994359970092773, -0.5392684936523438
187, 10.681685447692871, 2.8994359970092773, -0.5392684936523438
188, 10.432290077209473, 2.8994359970092773, -0.521889328956604
189, 10.432290077209473, 2.8994359970092773, -0.521889328956604
190, 10.432290077209473, 2.8994359970092773, -0.521889328956604
191, 10.432290077209473, 2.8994359970092773, -0.521889328956604
192, 10.432290077209473, 2.8994359970092773, -0.521889328956604
193, 10.432290077209473, 2.8994359970092773, -0.521889328956604
194, 10.639582633972168, 2.8994359970092773, -0.6616377234458923
195, 10.639582633972168, 2.8994359970092773, -0.6616377234458923
196, 10.888978004455566, 2.8994359970092773, -0.6790168881416321
197, 11.138373374938965, 2.8994359970092773, -0.6963960528373718
198, 11.387768745422363, 2.8994359970092773, -0.7137752175331116
199, 11.637164115905762, 2.8994359970092773, -0.7311543822288513
200, 11.88655948638916, 2.8994359970092773, -0.7485335469245911
201, 12.135954856872559, 2.8994359970092773, -0.7659127116203308
202, 12.385350227355957, 2.8994359970092773, -0.7832918763160706
203, 12.634745597839355, 2.8994359970092773, -0.8006710410118103
204, 12.884140968322754, 2.8994359970092773, -0.81805020570755
205, 12.884140968322754, 2.8994359970092773, -0.81805020570755
206, 13.108813285827637, 2.8994359970092773, -0.7084033489227295
207, 13.33348560333252, 2.8994359970092773, -0.5987565517425537
208, 13.33348560333252, 2.8994359970092773, -0.5987565517425537
209, 13.373997688293457, 2.8994359970092773, -0.5386634469032288
210, 13.373997688293457, 2.8994359970092773, -0.5386634469032288
211, 13.373997688293457, 2.8994359970092773, -0.5386634469032288
212, 13.373997688293457, 2.8994359970092773, -0.5386634469032288
213, 13.373997688293457, 2.8994359970092773, -0.5386634469032288
214, 13.373997688293457, 2.8994359970092773, -0.5386634469032288
215, 13.373997688293457, 2.8994359970092773, -0.5386634469032288
216, 2.147223711013794, 2.8994359970092773, -0.4468989968299866
