1, 2.98482346534729, 2.8239920139312744, -1.0901777744293213
2, 2.98482346534729, 2.8239920139312744, -1.0901777744293213
3, 2.98482346534729, 2.8239920139312744, -1.0901777744293213
4, 2.98482346534729, 2.8239920139312744, -1.0901777744293213
5, 2.98482346534729, 2.8239920139312744, -1.0901777744293213
6, 2.98482346534729, 2.8239920139312744, -1.0901777744293213
7, 2.98482346534729, 2.8239920139312744, -1.0901777744293213
8, 2.98482346534729, 2.8239920139312744, -1.0901777744293213
9, 2.98482346534729, 2.8239920139312744, -1.0901777744293213
10, 2.98482346534729, 2.8239920139312744, -1.0901777744293213
11, 2.98482346534729, 2.8239920139312744, -1.0901777744293213
12, 2.98482346534729, 2.8239920139312744, -1.0901777744293213
13, 2.98482346534729, 2.8239920139312744, -1.0901777744293213
14, 2.98482346534729, 2.8239920139312744, -1.0901777744293213
15, 2.98482346534729, 2.8239920139312744, -1.0901777744293213
16, 2.98482346534729, 2.8239920139312744, -1.0901777744293213
17, 3.2315027713775635, 2.8239920139312744, -1.0495659112930298
18, 3.478182077407837, 2.8239920139312744, -1.0089540481567383
19, 3.7248613834381104, 2.8239920139312744, -0.9683421850204468
20, 3.971540689468384, 2.8239920139312744, -0.9277303218841553
21, 4.218219757080078, 2.8239920139312744, -0.8871184587478638
22, 4.464899063110352, 2.8239920139312744, -0.8465065956115723
23, 4.464899063110352, 2.8239920139312744, -0.8465065956115723
24, 4.464899063110352, 2.8239920139312744, -0.8465065956115723
25, 4.711578369140625, 2.8239920139312744, -0.8058947324752808
26, 4.711578369140625, 2.8239920139312744, -0.8058947324752808
27, 4.945514678955078, 2.8239920139312744, -0.8940634727478027
28, 4.945514678955078, 2.8239920139312744, -0.8940634727478027
29, 4.945514678955078, 2.8239920139312744, -0.8940634727478027
30, 4.945514678955078, 2.8239920139312744, -0.8940634727478027
31, 4.945514678955078, 2.8239920139312744, -0.8940634727478027
32, 5.138839244842529, 2.8239920139312744, -0.7355529069900513
33, 5.3321638107299805, 2.8239920139312744, -0.5770423412322998
34, 5.3321638107299805, 2.8239920139312744, -0.5770423412322998
35, 5.3321638107299805, 2.8239920139312744, -0.5770423412322998
36, 5.3321638107299805, 2.8239920139312744, -0.5770423412322998
37, 5.3321638107299805, 2.8239920139312744, -0.5770423412322998
38, 5.3321638107299805, 2.8239920139312744, -0.5770423412322998
39, 5.3321638107299805, 2.8239920139312744, -0.5770423412322998
40, 5.138839244842529, 2.8239920139312744, -0.7355528473854065
41, 4.945514678955078, 2.8239920139312744, -0.8940633535385132
42, 4.945514678955078, 2.8239920139312744, -0.8940633535385132
43, 4.698835372924805, 2.8239920139312744, -0.9346752166748047
44, 4.698835372924805, 2.8239920139312744, -0.9346752166748047
45, 4.464899063110352, 2.8239920139312744, -0.8465064167976379
46, 4.230962753295898, 2.8239920139312744, -0.7583376169204712
47, 4.230962753295898, 2.8239920139312744, -0.7583376169204712
48, 3.984283447265625, 2.8239920139312744, -0.7989494800567627
49, 3.7376041412353516, 2.8239920139312744, -0.8395613431930542
50, 3.490924835205078, 2.8239920139312744, -0.8801732063293457
51, 3.2442455291748047, 2.8239920139312744, -0.9207850694656372
52, 3.2442455291748047, 2.8239920139312744, -0.9207850694656372
53, 3.0103089809417725, 2.8239920139312744, -0.8326162695884705
54, 2.7763724327087402, 2.8239920139312744, -0.7444474697113037
55, 2.7763724327087402, 2.8239920139312744, -0.7444474697113037
56, 2.6178619861602783, 2.8239920139312744, -0.551122784614563
57, 2.6178619861602783, 2.8239920139312744, -0.551122784614563
58, 2.5772502422332764, 2.8239920139312744, -0.3044434189796448
59, 2.5772502422332764, 2.8239920139312744, -0.3044434189796448
60, 2.4187397956848145, 2.8239920139312744, -0.11111876368522644
61, 2.2602291107177734, 2.8239920139312744, 0.0822058916091919
62, 2.1017184257507324, 2.8239920139312744, 0.27553054690361023
63, 2.1017184257507324, 2.8239920139312744, 0.27553054690361023
64, 2.1017184257507324, 2.8239920139312744, 0.27553054690361023
65, 2.1017184257507324, 2.8239920139312744, 0.27553054690361023
66, 2.1017184257507324, 2.8239920139312744, 0.27553054690361023
67, 2.1017184257507324, 2.8239920139312744, 0.27553054690361023
68, 2.1017184257507324, 2.8239920139312744, 0.27553054690361023
69, 2.2602288722991943, 2.8239920139312744, 0.08220593631267548
70, 2.4187393188476562, 2.8239920139312744, -0.11111867427825928
71, 2.577249765396118, 2.8239920139312744, -0.3044432997703552
72, 2.577249765396118, 2.8239920139312744, -0.3044432997703552
73, 2.61786150932312, 2.8239920139312744, -0.5511226058006287
74, 2.61786150932312, 2.8239920139312744, -0.5511226058006287
75, 2.776371955871582, 2.8239920139312744, -0.7444472312927246
76, 2.776371955871582, 2.8239920139312744, -0.7444472312927246
77, 3.0103085041046143, 2.8239920139312744, -0.8326159715652466
78, 3.2442450523376465, 2.8239920139312744, -0.9207847118377686
79, 3.2442450523376465, 2.8239920139312744, -0.9207847118377686
80, 3.2442450523376465, 2.8239920139312744, -0.9207847118377686
81, 3.2442450523376465, 2.8239920139312744, -0.9207847118377686
82, 3.49092435836792, 2.8239920139312744, -0.880172848701477
83, 3.7376036643981934, 2.8239920139312744, -0.8395609855651855
84, 3.984282970428467, 2.8239920139312744, -0.798949122428894
85, 3.984282970428467, 2.8239920139312744, -0.798949122428894
86, 4.177607536315918, 2.8239920139312744, -0.6404385566711426
87, 4.177607536315918, 2.8239920139312744, -0.6404385566711426
88, 4.26577615737915, 2.8239920139312744, -0.4065020680427551
89, 4.26577615737915, 2.8239920139312744, -0.4065020680427551
90, 4.26577615737915, 2.8239920139312744, -0.4065020680427551
91, 4.26577615737915, 2.8239920139312744, -0.4065020680427551
92, 4.26577615737915, 2.8239920139312744, -0.4065020680427551
93, 4.26577615737915, 2.8239920139312744, -0.4065020680427551
94, 4.26577615737915, 2.8239920139312744, -0.4065020680427551
95, 4.26577615737915, 2.8239920139312744, -0.4065020680427551
96, 4.26577615737915, 2.8239920139312744, -0.4065020680427551
97, 4.177607536315918, 2.8239920139312744, -0.6404385566711426
98, 4.0894389152526855, 2.8239920139312744, -0.8743749856948853
99, 4.0894389152526855, 2.8239920139312744, -0.8743749856948853
100, 4.0894389152526855, 2.8239920139312744, -0.8743749856948853
101, 4.0894389152526855, 2.8239920139312744, -0.8743749856948853
102, 4.0894389152526855, 2.8239920139312744, -0.8743749856948853
103, 4.0894389152526855, 2.8239920139312744, -0.8743749856948853
104, 4.0894389152526855, 2.8239920139312744, -0.8743749856948853
105, 4.0894389152526855, 2.8239920139312744, -0.8743749856948853
106, 4.0894389152526855, 2.8239920139312744, -0.8743749856948853
107, 4.0894389152526855, 2.8239920139312744, -0.8743749856948853
108, 4.0894389152526855, 2.8239920139312744, -0.8743749856948853
109, 3.842759609222412, 2.8239920139312744, -0.914986789226532
110, 3.5960803031921387, 2.8239920139312744, -0.9555985927581787
111, 3.3494009971618652, 2.8239920139312744, -0.9962103962898254
112, 3.3494009971618652, 2.8239920139312744, -0.9962103962898254
113, 3.115464687347412, 2.8239920139312744, -0.9080416560173035
114, 2.881528377532959, 2.8239920139312744, -0.8198729157447815
115, 2.881528377532959, 2.8239920139312744, -0.8198729157447815
116, 2.723017930984497, 2.8239920139312744, -0.6265482902526855
117, 2.564507484436035, 2.8239920139312744, -0.4332236349582672
118, 2.564507484436035, 2.8239920139312744, -0.4332236349582672
119, 2.564507484436035, 2.8239920139312744, -0.4332236349582672
120, 2.564507484436035, 2.8239920139312744, -0.4332236349582672
121, 2.523895740509033, 2.8239920139312744, -0.186544269323349
122, 2.523895740509033, 2.8239920139312744, -0.186544269323349
123, 2.3653852939605713, 2.8239920139312744, 0.006780385971069336
124, 2.2068748474121094, 2.8239920139312744, 0.20010504126548767
125, 2.0483644008636475, 2.8239920139312744, 0.393429696559906
126, 2.0483644008636475, 2.8239920139312744, 0.393429696559906
127, 2.0483644008636475, 2.8239920139312744, 0.393429696559906
128, 2.0483644008636475, 2.8239920139312744, 0.393429696559906
129, 2.0483644008636475, 2.8239920139312744, 0.393429696559906
130, 2.0483644008636475, 2.8239920139312744, 0.393429696559906
131, 2.0483644008636475, 2.8239920139312744, 0.393429696559906
132, 2.2068748474121094, 2.8239920139312744, 0.20010502636432648
133, 2.3653852939605713, 2.8239920139312744, 0.006780356168746948
134, 2.523895740509033, 2.8239920139312744, -0.18654431402683258
135, 2.523895740509033, 2.8239920139312744, -0.18654431402683258
136, 2.564507484436035, 2.8239920139312744, -0.4332236349582672
137, 2.564507484436035, 2.8239920139312744, -0.4332236349582672
138, 2.723017930984497, 2.8239920139312744, -0.6265482902526855
139, 2.881528377532959, 2.8239920139312744, -0.8198729753494263
140, 2.881528377532959, 2.8239920139312744, -0.8198729753494263
141, 2.881528377532959, 2.8239920139312744, -0.8198729753494263
142, 2.881528377532959, 2.8239920139312744, -0.8198729753494263
143, 3.115464687347412, 2.8239920139312744, -0.9080418348312378
144, 3.115464687347412, 2.8239920139312744, -0.9080418348312378
145, 3.3621439933776855, 2.8239920139312744, -0.8674300909042358
146, 3.608823299407959, 2.8239920139312744, -0.8268183469772339
147, 3.8555026054382324, 2.8239920139312744, -0.7862066030502319
148, 4.102181911468506, 2.8239920139312744, -0.74559485912323
149, 4.102181911468506, 2.8239920139312744, -0.74559485912323
150, 4.295506477355957, 2.8239920139312744, -0.5870844125747681
151, 4.295506477355957, 2.8239920139312744, -0.5870844125747681
152, 4.295506477355957, 2.8239920139312744, -0.5870844125747681
153, 4.295506477355957, 2.8239920139312744, -0.5870844125747681
154, 4.295506477355957, 2.8239920139312744, -0.5870844125747681
155, 4.254894733428955, 2.8239920139312744, -0.34040504693984985
156, 4.254894733428955, 2.8239920139312744, -0.34040504693984985
157, 4.254894733428955, 2.8239920139312744, -0.34040504693984985
158, 4.254894733428955, 2.8239920139312744, -0.34040504693984985
159, 4.254894733428955, 2.8239920139312744, -0.34040504693984985
160, 4.254894733428955, 2.8239920139312744, -0.34040504693984985
161, 4.210134029388428, 2.8239920139312744, -0.4591673016548157
162, 4.210134029388428, 2.8239920139312744, -0.4591673016548157
163, 4.210134029388428, 2.8239920139312744, -0.4591673016548157
164, 4.25074577331543, 2.8239920139312744, -0.7058466076850891
165, 4.25074577331543, 2.8239920139312744, -0.7058466076850891
166, 4.409256458282471, 2.8239920139312744, -0.8991712927818298
167, 4.409256458282471, 2.8239920139312744, -0.8991712927818298
168, 4.409256458282471, 2.8239920139312744, -0.8991712927818298
169, 4.409256458282471, 2.8239920139312744, -0.8991712927818298
170, 4.409256458282471, 2.8239920139312744, -0.8991712927818298
171, 4.162577152252197, 2.8239920139312744, -0.939782977104187
172, 3.915897846221924, 2.8239920139312744, -0.980394721031189
173, 3.6692185401916504, 2.8239920139312744, -1.021006464958191
174, 3.422539234161377, 2.8239920139312744, -1.0616182088851929
175, 3.422539234161377, 2.8239920139312744, -1.0616182088851929
176, 3.188602924346924, 2.8239920139312744, -0.9734493494033813
177, 2.9546666145324707, 2.8239920139312744, -0.8852804899215698
178, 2.7207303047180176, 2.8239920139312744, -0.7971116304397583
179, 2.7207303047180176, 2.8239920139312744, -0.7971116304397583
180, 2.7207303047180176, 2.8239920139312744, -0.7971116304397583
181, 2.6801185607910156, 2.8239920139312744, -0.5504322648048401
182, 2.6801185607910156, 2.8239920139312744, -0.5504322648048401
183, 2.5216081142425537, 2.8239920139312744, -0.357107549905777
184, 2.5216081142425537, 2.8239920139312744, -0.357107549905777
185, 2.4809963703155518, 2.8239920139312744, -0.11042818427085876
186, 2.4809963703155518, 2.8239920139312744, -0.11042818427085876
187, 2.5691652297973633, 2.8239920139312744, 0.12350824475288391
188, 5.844833850860596, -2.576007843017578, -0.49585485458374023
