1, -8.3403902053833, 0.01920294761657715, 2.111293077468872
2, -8.3403902053833, 0.01920294761657715, 2.111293077468872
3, -8.3403902053833, 0.01920294761657715, 2.111293077468872
4, -8.3403902053833, 0.01920294761657715, 2.111293077468872
5, -8.3403902053833, 0.01920294761657715, 2.111293077468872
6, -8.3403902053833, 0.01920294761657715, 2.111293077468872
7, -8.3403902053833, 0.01920294761657715, 2.111293077468872
8, -8.3403902053833, 0.01920294761657715, 2.111293077468872
9, -8.3403902053833, 0.01920294761657715, 2.111293077468872
10, -8.3403902053833, 0.01920294761657715, 2.111293077468872
11, -8.3403902053833, 0.01920294761657715, 2.111293077468872
12, -8.3403902053833, 0.01920294761657715, 2.111293077468872
13, -8.3403902053833, 0.01920294761657715, 2.111293077468872
14, -8.3403902053833, 0.01920294761657715, 2.111293077468872
15, -8.589004516601562, 0.01920294761657715, 2.137575149536133
16, -8.589004516601562, 0.01920294761657715, 2.137575149536133
17, -8.589004516601562, 0.01920294761657715, 2.137575149536133
18, -8.589004516601562, 0.01920294761657715, 2.137575149536133
19, -8.589004516601562, 0.01920294761657715, 2.137575149536133
20, -8.589004516601562, 0.01920294761657715, 2.137575149536133
21, -8.360556602478027, 0.01920294761657715, 2.239121675491333
22, -8.360556602478027, 0.01920294761657715, 2.239121675491333
23, -8.111942291259766, 0.01920294761657715, 2.2128396034240723
24, -8.111942291259766, 0.01920294761657715, 2.2128396034240723
25, -8.111942291259766, 0.01920294761657715, 2.2128396034240723
26, -8.111942291259766, 0.01920294761657715, 2.2128396034240723
27, -8.111942291259766, 0.01920294761657715, 2.2128396034240723
28, -8.111942291259766, 0.01920294761657715, 2.2128396034240723
29, -8.111942291259766, 0.01920294761657715, 2.2128396034240723
30, -8.360556602478027, 0.01920294761657715, 2.239121675491333
31, -8.609170913696289, 0.01920294761657715, 2.2654037475585938
32, -8.85778522491455, 0.01920294761657715, 2.2916858196258545
33, -8.85778522491455, 0.01920294761657715, 2.2916858196258545
34, -8.85778522491455, 0.01920294761657715, 2.2916858196258545
35, -8.85778522491455, 0.01920294761657715, 2.2916858196258545
36, -8.85778522491455, 0.01920294761657715, 2.2916858196258545
37, -8.85778522491455, 0.01920294761657715, 2.2916858196258545
38, -8.85778522491455, 0.01920294761657715, 2.2916858196258545
39, -8.85778522491455, 0.01920294761657715, 2.2916858196258545
40, -8.85778522491455, 0.01920294761657715, 2.2916858196258545
41, -8.85778522491455, 0.01920294761657715, 2.2916858196258545
42, -8.85778522491455, 0.01920294761657715, 2.2916858196258545
43, -8.85778522491455, 0.01920294761657715, 2.2916858196258545
44, -8.85778522491455, 0.01920294761657715, 2.2916858196258545
45, -8.85778522491455, 0.01920294761657715, 2.2916858196258545
46, -8.85778522491455, 0.01920294761657715, 2.2916858196258545
47, -8.85778522491455, 0.01920294761657715, 2.2916858196258545
48, -8.85778522491455, 0.01920294761657715, 2.2916858196258545
49, -8.85778522491455, 0.01920294761657715, 2.2916858196258545
50, -8.85778522491455, 0.01920294761657715, 2.2916858196258545
51, -8.85778522491455, 0.01920294761657715, 2.2916858196258545
52, -8.85778522491455, 0.01920294761657715, 2.2916858196258545
53, -8.85778522491455, 0.01920294761657715, 2.2916858196258545
54, -8.85778522491455, 0.01920294761657715, 2.2916858196258545
55, -8.85778522491455, 0.01920294761657715, 2.2916858196258545
56, -8.85778522491455, 0.01920294761657715, 2.2916858196258545
57, -8.85778522491455, 0.01920294761657715, 2.2916858196258545
58, -8.85778522491455, 0.01920294761657715, 2.2916858196258545
59, -8.85778522491455, 0.01920294761657715, 2.2916858196258545
60, -8.85778522491455, 0.01920294761657715, 2.2916858196258545
61, -8.85778522491455, 0.01920294761657715, 2.2916858196258545
62, -8.85778522491455, 0.01920294761657715, 2.2916858196258545
63, -8.85778522491455, 0.01920294761657715, 2.2916858196258545
64, -8.85778522491455, 0.01920294761657715, 2.2916858196258545
65, -8.85778522491455, 0.01920294761657715, 2.2916858196258545
66, -8.85778522491455, 0.01920294761657715, 2.2916858196258545
67, -8.85778522491455, 0.01920294761657715, 2.2916858196258545
68, -8.85778522491455, 0.01920294761657715, 2.2916858196258545
69, -8.85778522491455, 0.01920294761657715, 2.2916858196258545
70, -8.85778522491455, 0.01920294761657715, 2.2916858196258545
71, -8.85778522491455, 0.01920294761657715, 2.2916858196258545
72, -8.85778522491455, 0.01920294761657715, 2.2916858196258545
73, -8.85778522491455, 0.01920294761657715, 2.2916858196258545
74, -8.85778522491455, 0.01920294761657715, 2.2916858196258545
75, -8.85778522491455, 0.01920294761657715, 2.2916858196258545
76, -8.85778522491455, 0.01920294761657715, 2.2916858196258545
77, -8.85778522491455, 0.01920294761657715, 2.2916858196258545
78, -8.85778522491455, 0.01920294761657715, 2.2916858196258545
79, -8.85778522491455, 0.01920294761657715, 2.2916858196258545
80, -8.85778522491455, 0.01920294761657715, 2.2916858196258545
81, -8.85778522491455, 0.01920294761657715, 2.2916858196258545
82, -8.85778522491455, 0.01920294761657715, 2.2916858196258545
83, -8.85778522491455, 0.01920294761657715, 2.2916858196258545
84, -8.85778522491455, 0.01920294761657715, 2.2916858196258545
85, -8.85778522491455, 0.01920294761657715, 2.2916858196258545
86, -8.85778522491455, 0.01920294761657715, 2.2916858196258545
87, -8.85778522491455, 0.01920294761657715, 2.2916858196258545
88, -8.85778522491455, 0.01920294761657715, 2.2916858196258545
89, -8.85778522491455, 0.01920294761657715, 2.2916858196258545
90, -8.85778522491455, 0.01920294761657715, 2.2916858196258545
91, -8.85778522491455, 0.01920294761657715, 2.2916858196258545
92, -8.85778522491455, 0.01920294761657715, 2.2916858196258545
93, -8.85778522491455, 0.01920294761657715, 2.2916858196258545
94, -8.85778522491455, 0.01920294761657715, 2.2916858196258545
95, -8.85778522491455, 0.01920294761657715, 2.2916858196258545
96, -8.85778522491455, 0.01920294761657715, 2.2916858196258545
97, -8.85778522491455, 0.01920294761657715, 2.2916858196258545
98, -8.85778522491455, 0.01920294761657715, 2.2916858196258545
99, -8.85778522491455, 0.01920294761657715, 2.2916858196258545
100, -8.85778522491455, 0.01920294761657715, 2.2916858196258545
101, -8.85778522491455, 0.01920294761657715, 2.2916858196258545
102, -8.85778522491455, 0.01920294761657715, 2.2916858196258545
103, -8.85778522491455, 0.01920294761657715, 2.2916858196258545
104, -8.85778522491455, 0.01920294761657715, 2.2916858196258545
105, -8.85778522491455, 0.01920294761657715, 2.2916858196258545
106, -8.85778522491455, 0.01920294761657715, 2.2916858196258545
107, -8.85778522491455, 0.01920294761657715, 2.2916858196258545
108, -8.85778522491455, 0.01920294761657715, 2.2916858196258545
109, -8.85778522491455, 0.01920294761657715, 2.2916858196258545
110, -8.85778522491455, 0.01920294761657715, 2.2916858196258545
111, -8.85778522491455, 0.01920294761657715, 2.2916858196258545
112, -8.85778522491455, 0.01920294761657715, 2.2916858196258545
113, -8.85778522491455, 0.01920294761657715, 2.2916858196258545
114, -8.85778522491455, 0.01920294761657715, 2.2916858196258545
115, -8.85778522491455, 0.01920294761657715, 2.2916858196258545
116, -8.85778522491455, 0.01920294761657715, 2.2916858196258545
117, -8.85778522491455, 0.01920294761657715, 2.2916858196258545
118, -8.85778522491455, 0.01920294761657715, 2.2916858196258545
119, -8.85778522491455, 0.01920294761657715, 2.2916858196258545
120, -8.85778522491455, 0.01920294761657715, 2.2916858196258545
121, -8.85778522491455, 0.01920294761657715, 2.2916858196258545
122, -8.85778522491455, 0.01920294761657715, 2.2916858196258545
123, -8.85778522491455, 0.01920294761657715, 2.2916858196258545
124, -8.85778522491455, 0.01920294761657715, 2.2916858196258545
125, -8.85778522491455, 0.01920294761657715, 2.2916858196258545
126, -8.85778522491455, 0.01920294761657715, 2.2916858196258545
127, -8.85778522491455, 0.01920294761657715, 2.2916858196258545
128, -8.85778522491455, 0.01920294761657715, 2.2916858196258545
129, -8.85778522491455, 0.01920294761657715, 2.2916858196258545
130, -8.85778522491455, 0.01920294761657715, 2.2916858196258545
131, -8.85778522491455, 0.01920294761657715, 2.2916858196258545
132, -8.85778522491455, 0.01920294761657715, 2.2916858196258545
133, -8.85778522491455, 0.01920294761657715, 2.2916858196258545
134, -8.85778522491455, 0.01920294761657715, 2.2916858196258545
135, -8.85778522491455, 0.01920294761657715, 2.2916858196258545
136, -8.85778522491455, 0.01920294761657715, 2.2916858196258545
137, -8.85778522491455, 0.01920294761657715, 2.2916858196258545
138, -8.85778522491455, 0.01920294761657715, 2.2916858196258545
139, -8.85778522491455, 0.01920294761657715, 2.2916858196258545
140, -8.85778522491455, 0.01920294761657715, 2.2916858196258545
141, -8.85778522491455, 0.01920294761657715, 2.2916858196258545
142, -8.85778522491455, 0.01920294761657715, 2.2916858196258545
143, -8.85778522491455, 0.01920294761657715, 2.2916858196258545
144, -8.85778522491455, 0.01920294761657715, 2.2916858196258545
145, -8.85778522491455, 0.01920294761657715, 2.2916858196258545
146, -8.85778522491455, 0.01920294761657715, 2.2916858196258545
147, -8.85778522491455, 0.01920294761657715, 2.2916858196258545
148, -8.85778522491455, 0.01920294761657715, 2.2916858196258545
149, -8.85778522491455, 0.01920294761657715, 2.2916858196258545
150, -8.85778522491455, 0.01920294761657715, 2.2916858196258545
151, -8.85778522491455, 0.01920294761657715, 2.2916858196258545
152, -8.85778522491455, 0.01920294761657715, 2.2916858196258545
153, -8.85778522491455, 0.01920294761657715, 2.2916858196258545
154, -8.85778522491455, 0.01920294761657715, 2.2916858196258545
155, -8.85778522491455, 0.01920294761657715, 2.2916858196258545
156, -8.85778522491455, 0.01920294761657715, 2.2916858196258545
157, -8.85778522491455, 0.01920294761657715, 2.2916858196258545
158, -8.85778522491455, 0.01920294761657715, 2.2916858196258545
159, -8.85778522491455, 0.01920294761657715, 2.2916858196258545
160, -8.85778522491455, 0.01920294761657715, 2.2916858196258545
161, -8.85778522491455, 0.01920294761657715, 2.2916858196258545
162, -8.85778522491455, 0.01920294761657715, 2.2916858196258545
163, -8.85778522491455, 0.01920294761657715, 2.2916858196258545
164, -8.85778522491455, 0.01920294761657715, 2.2916858196258545
165, -8.85778522491455, 0.01920294761657715, 2.2916858196258545
166, -8.85778522491455, 0.01920294761657715, 2.2916858196258545
167, -8.85778522491455, 0.01920294761657715, 2.2916858196258545
168, -8.85778522491455, 0.01920294761657715, 2.2916858196258545
169, -8.85778522491455, 0.01920294761657715, 2.2916858196258545
170, -8.85778522491455, 0.01920294761657715, 2.2916858196258545
171, -8.85778522491455, 0.01920294761657715, 2.2916858196258545
172, -8.85778522491455, 0.01920294761657715, 2.2916858196258545
173, -8.85778522491455, 0.01920294761657715, 2.2916858196258545
174, -8.85778522491455, 0.01920294761657715, 2.2916858196258545
175, -8.85778522491455, 0.01920294761657715, 2.2916858196258545
176, -8.85778522491455, 0.01920294761657715, 2.2916858196258545
177, -8.85778522491455, 0.01920294761657715, 2.2916858196258545
178, -8.85778522491455, 0.01920294761657715, 2.2916858196258545
179, -8.85778522491455, 0.01920294761657715, 2.2916858196258545
180, -8.85778522491455, 0.01920294761657715, 2.2916858196258545
181, -8.85778522491455, 0.01920294761657715, 2.2916858196258545
182, -8.85778522491455, 0.01920294761657715, 2.2916858196258545
183, -8.85778522491455, 0.01920294761657715, 2.2916858196258545
184, -8.85778522491455, 0.01920294761657715, 2.2916858196258545
185, -8.85778522491455, 0.01920294761657715, 2.2916858196258545
186, -8.85778522491455, 0.01920294761657715, 2.2916858196258545
187, -8.85778522491455, 0.01920294761657715, 2.2916858196258545
188, -8.85778522491455, 0.01920294761657715, 2.2916858196258545
189, -8.85778522491455, 0.01920294761657715, 2.2916858196258545
190, -8.85778522491455, 0.01920294761657715, 2.2916858196258545
191, -8.85778522491455, 0.01920294761657715, 2.2916858196258545
192, -8.85778522491455, 0.01920294761657715, 2.2916858196258545
193, -8.85778522491455, 0.01920294761657715, 2.2916858196258545
194, -8.85778522491455, 0.01920294761657715, 2.2916858196258545
195, -8.85778522491455, 0.01920294761657715, 2.2916858196258545
196, -8.85778522491455, 0.01920294761657715, 2.2916858196258545
197, -8.85778522491455, 0.01920294761657715, 2.2916858196258545
198, -8.85778522491455, 0.01920294761657715, 2.2916858196258545
199, -8.85778522491455, 0.01920294761657715, 2.2916858196258545
200, -8.85778522491455, 0.01920294761657715, 2.2916858196258545
201, -8.85778522491455, 0.01920294761657715, 2.2916858196258545
202, -8.85778522491455, 0.01920294761657715, 2.2916858196258545
203, -8.85778522491455, 0.01920294761657715, 2.2916858196258545
204, -8.85778522491455, 0.01920294761657715, 2.2916858196258545
205, -8.85778522491455, 0.01920294761657715, 2.2916858196258545
206, -8.85778522491455, 0.01920294761657715, 2.2916858196258545
207, -8.85778522491455, 0.01920294761657715, 2.2916858196258545
208, -8.85778522491455, 0.01920294761657715, 2.2916858196258545
209, -8.85778522491455, 0.01920294761657715, 2.2916858196258545
210, -8.85778522491455, 0.01920294761657715, 2.2916858196258545
211, -8.85778522491455, 0.01920294761657715, 2.2916858196258545
212, -8.85778522491455, 0.01920294761657715, 2.2916858196258545
213, -8.85778522491455, 0.01920294761657715, 2.2916858196258545
214, -8.85778522491455, 0.01920294761657715, 2.2916858196258545
215, -8.85778522491455, 0.01920294761657715, 2.2916858196258545
216, -8.85778522491455, 0.01920294761657715, 2.2916858196258545
217, -8.85778522491455, 0.01920294761657715, 2.2916858196258545
218, -8.85778522491455, 0.01920294761657715, 2.2916858196258545
219, -8.85778522491455, 0.01920294761657715, 2.2916858196258545
220, -8.85778522491455, 0.01920294761657715, 2.2916858196258545
221, -8.85778522491455, 0.01920294761657715, 2.2916858196258545
222, -8.85778522491455, 0.01920294761657715, 2.2916858196258545
223, -8.85778522491455, 0.01920294761657715, 2.2916858196258545
224, -8.85778522491455, 0.01920294761657715, 2.2916858196258545
225, -8.85778522491455, 0.01920294761657715, 2.2916858196258545
226, -8.85778522491455, 0.01920294761657715, 2.2916858196258545
227, -8.85778522491455, 0.01920294761657715, 2.2916858196258545
228, -8.85778522491455, 0.01920294761657715, 2.2916858196258545
229, -8.85778522491455, 0.01920294761657715, 2.2916858196258545
230, -8.85778522491455, 0.01920294761657715, 2.2916858196258545
231, -8.85778522491455, 0.01920294761657715, 2.2916858196258545
232, -8.85778522491455, 0.01920294761657715, 2.2916858196258545
233, -8.85778522491455, 0.01920294761657715, 2.2916858196258545
234, -8.85778522491455, 0.01920294761657715, 2.2916858196258545
235, -8.85778522491455, 0.01920294761657715, 2.2916858196258545
236, -8.85778522491455, 0.01920294761657715, 2.2916858196258545
237, -8.85778522491455, 0.01920294761657715, 2.2916858196258545
238, -8.85778522491455, 0.01920294761657715, 2.2916858196258545
239, -8.85778522491455, 0.01920294761657715, 2.2916858196258545
240, -8.85778522491455, 0.01920294761657715, 2.2916858196258545
241, -8.85778522491455, 0.01920294761657715, 2.2916858196258545
242, -8.85778522491455, 0.01920294761657715, 2.2916858196258545
243, -8.85778522491455, 0.01920294761657715, 2.2916858196258545
244, -8.85778522491455, 0.01920294761657715, 2.2916858196258545
245, -8.85778522491455, 0.01920294761657715, 2.2916858196258545
246, -8.85778522491455, 0.01920294761657715, 2.2916858196258545
247, -8.85778522491455, 0.01920294761657715, 2.2916858196258545
248, -8.85778522491455, 0.01920294761657715, 2.2916858196258545
249, -8.85778522491455, 0.01920294761657715, 2.2916858196258545
250, -8.85778522491455, 0.01920294761657715, 2.2916858196258545
251, -8.85778522491455, 0.01920294761657715, 2.2916858196258545
252, -8.85778522491455, 0.01920294761657715, 2.2916858196258545
253, -8.85778522491455, 0.01920294761657715, 2.2916858196258545
254, -8.85778522491455, 0.01920294761657715, 2.2916858196258545
255, -8.85778522491455, 0.01920294761657715, 2.2916858196258545
256, -8.85778522491455, 0.01920294761657715, 2.2916858196258545
257, -8.85778522491455, 0.01920294761657715, 2.2916858196258545
258, -8.85778522491455, 0.01920294761657715, 2.2916858196258545
259, -8.85778522491455, 0.01920294761657715, 2.2916858196258545
260, -8.85778522491455, 0.01920294761657715, 2.2916858196258545
261, -8.85778522491455, 0.01920294761657715, 2.2916858196258545
262, -8.85778522491455, 0.01920294761657715, 2.2916858196258545
263, -8.85778522491455, 0.01920294761657715, 2.2916858196258545
264, -8.85778522491455, 0.01920294761657715, 2.2916858196258545
265, -8.85778522491455, 0.01920294761657715, 2.2916858196258545
266, -8.85778522491455, 0.01920294761657715, 2.2916858196258545
267, -8.85778522491455, 0.01920294761657715, 2.2916858196258545
268, -8.85778522491455, 0.01920294761657715, 2.2916858196258545
269, -8.85778522491455, 0.01920294761657715, 2.2916858196258545
270, -8.85778522491455, 0.01920294761657715, 2.2916858196258545
271, -8.85778522491455, 0.01920294761657715, 2.2916858196258545
272, -8.85778522491455, 0.01920294761657715, 2.2916858196258545
273, -8.85778522491455, 0.01920294761657715, 2.2916858196258545
274, -8.85778522491455, 0.01920294761657715, 2.2916858196258545
275, -8.85778522491455, 0.01920294761657715, 2.2916858196258545
276, -8.85778522491455, 0.01920294761657715, 2.2916858196258545
277, -8.85778522491455, 0.01920294761657715, 2.2916858196258545
278, -8.85778522491455, 0.01920294761657715, 2.2916858196258545
279, -8.85778522491455, 0.01920294761657715, 2.2916858196258545
280, -8.85778522491455, 0.01920294761657715, 2.2916858196258545
281, -8.85778522491455, 0.01920294761657715, 2.2916858196258545
282, -8.85778522491455, 0.01920294761657715, 2.2916858196258545
283, -8.85778522491455, 0.01920294761657715, 2.2916858196258545
284, -8.85778522491455, 0.01920294761657715, 2.2916858196258545
285, -8.85778522491455, 0.01920294761657715, 2.2916858196258545
286, -8.85778522491455, 0.01920294761657715, 2.2916858196258545
287, -8.85778522491455, 0.01920294761657715, 2.2916858196258545
288, -8.85778522491455, 0.01920294761657715, 2.2916858196258545
289, -8.85778522491455, 0.01920294761657715, 2.2916858196258545
290, -8.85778522491455, 0.01920294761657715, 2.2916858196258545
291, -8.85778522491455, 0.01920294761657715, 2.2916858196258545
292, -8.85778522491455, 0.01920294761657715, 2.2916858196258545
293, -8.85778522491455, 0.01920294761657715, 2.2916858196258545
294, -8.85778522491455, 0.01920294761657715, 2.2916858196258545
295, -8.85778522491455, 0.01920294761657715, 2.2916858196258545
296, -8.85778522491455, 0.01920294761657715, 2.2916858196258545
297, -8.85778522491455, 0.01920294761657715, 2.2916858196258545
298, -8.85778522491455, 0.01920294761657715, 2.2916858196258545
299, -8.85778522491455, 0.01920294761657715, 2.2916858196258545
300, -8.85778522491455, 0.01920294761657715, 2.2916858196258545
301, -8.85778522491455, 0.01920294761657715, 2.2916858196258545
302, -8.85778522491455, 0.01920294761657715, 2.2916858196258545
303, -8.85778522491455, 0.01920294761657715, 2.2916858196258545
304, -8.85778522491455, 0.01920294761657715, 2.2916858196258545
305, -8.85778522491455, 0.01920294761657715, 2.2916858196258545
306, -8.85778522491455, 0.01920294761657715, 2.2916858196258545
307, -8.85778522491455, 0.01920294761657715, 2.2916858196258545
308, -8.85778522491455, 0.01920294761657715, 2.2916858196258545
309, -8.85778522491455, 0.01920294761657715, 2.2916858196258545
310, -8.85778522491455, 0.01920294761657715, 2.2916858196258545
311, -8.85778522491455, 0.01920294761657715, 2.2916858196258545
312, -8.85778522491455, 0.01920294761657715, 2.2916858196258545
313, -8.85778522491455, 0.01920294761657715, 2.2916858196258545
314, -8.85778522491455, 0.01920294761657715, 2.2916858196258545
315, -8.85778522491455, 0.01920294761657715, 2.2916858196258545
316, -8.85778522491455, 0.01920294761657715, 2.2916858196258545
317, -8.85778522491455, 0.01920294761657715, 2.2916858196258545
318, -8.85778522491455, 0.01920294761657715, 2.2916858196258545
319, -8.85778522491455, 0.01920294761657715, 2.2916858196258545
320, -8.85778522491455, 0.01920294761657715, 2.2916858196258545
321, -8.85778522491455, 0.01920294761657715, 2.2916858196258545
322, -8.85778522491455, 0.01920294761657715, 2.2916858196258545
323, -8.85778522491455, 0.01920294761657715, 2.2916858196258545
324, -8.85778522491455, 0.01920294761657715, 2.2916858196258545
325, -8.85778522491455, 0.01920294761657715, 2.2916858196258545
326, -8.85778522491455, 0.01920294761657715, 2.2916858196258545
327, -8.85778522491455, 0.01920294761657715, 2.2916858196258545
328, -8.85778522491455, 0.01920294761657715, 2.2916858196258545
329, -8.85778522491455, 0.01920294761657715, 2.2916858196258545
330, -8.85778522491455, 0.01920294761657715, 2.2916858196258545
331, -8.85778522491455, 0.01920294761657715, 2.2916858196258545
332, -8.85778522491455, 0.01920294761657715, 2.2916858196258545
333, -8.85778522491455, 0.01920294761657715, 2.2916858196258545
334, -8.85778522491455, 0.01920294761657715, 2.2916858196258545
335, -8.85778522491455, 0.01920294761657715, 2.2916858196258545
336, -8.85778522491455, 0.01920294761657715, 2.2916858196258545
337, -8.85778522491455, 0.01920294761657715, 2.2916858196258545
338, -8.85778522491455, 0.01920294761657715, 2.2916858196258545
339, -8.85778522491455, 0.01920294761657715, 2.2916858196258545
340, -8.85778522491455, 0.01920294761657715, 2.2916858196258545
341, -8.85778522491455, 0.01920294761657715, 2.2916858196258545
342, -8.85778522491455, 0.01920294761657715, 2.2916858196258545
343, -8.85778522491455, 0.01920294761657715, 2.2916858196258545
344, -8.85778522491455, 0.01920294761657715, 2.2916858196258545
345, -8.85778522491455, 0.01920294761657715, 2.2916858196258545
346, -8.85778522491455, 0.01920294761657715, 2.2916858196258545
347, -8.85778522491455, 0.01920294761657715, 2.2916858196258545
348, -8.85778522491455, 0.01920294761657715, 2.2916858196258545
349, -8.85778522491455, 0.01920294761657715, 2.2916858196258545
350, -8.85778522491455, 0.01920294761657715, 2.2916858196258545
351, -8.85778522491455, 0.01920294761657715, 2.2916858196258545
352, -8.85778522491455, 0.01920294761657715, 2.2916858196258545
353, -8.85778522491455, 0.01920294761657715, 2.2916858196258545
354, -8.85778522491455, 0.01920294761657715, 2.2916858196258545
355, -8.85778522491455, 0.01920294761657715, 2.2916858196258545
356, -8.85778522491455, 0.01920294761657715, 2.2916858196258545
357, -8.85778522491455, 0.01920294761657715, 2.2916858196258545
358, -8.85778522491455, 0.01920294761657715, 2.2916858196258545
359, -8.85778522491455, 0.01920294761657715, 2.2916858196258545
360, -8.85778522491455, 0.01920294761657715, 2.2916858196258545
361, -8.85778522491455, 0.01920294761657715, 2.2916858196258545
362, -8.85778522491455, 0.01920294761657715, 2.2916858196258545
363, -8.85778522491455, 0.01920294761657715, 2.2916858196258545
364, -8.85778522491455, 0.01920294761657715, 2.2916858196258545
365, -8.85778522491455, 0.01920294761657715, 2.2916858196258545
366, -8.85778522491455, 0.01920294761657715, 2.2916858196258545
367, -8.85778522491455, 0.01920294761657715, 2.2916858196258545
368, -8.85778522491455, 0.01920294761657715, 2.2916858196258545
369, -8.85778522491455, 0.01920294761657715, 2.2916858196258545
370, -8.85778522491455, 0.01920294761657715, 2.2916858196258545
371, -8.85778522491455, 0.01920294761657715, 2.2916858196258545
372, -8.85778522491455, 0.01920294761657715, 2.2916858196258545
373, -8.85778522491455, 0.01920294761657715, 2.2916858196258545
374, -8.85778522491455, 0.01920294761657715, 2.2916858196258545
375, -8.85778522491455, 0.01920294761657715, 2.2916858196258545
376, -8.85778522491455, 0.01920294761657715, 2.2916858196258545
377, -8.85778522491455, 0.01920294761657715, 2.2916858196258545
378, -8.85778522491455, 0.01920294761657715, 2.2916858196258545
379, -8.85778522491455, 0.01920294761657715, 2.2916858196258545
380, -8.85778522491455, 0.01920294761657715, 2.2916858196258545
381, -8.85778522491455, 0.01920294761657715, 2.2916858196258545
382, -8.85778522491455, 0.01920294761657715, 2.2916858196258545
383, -8.85778522491455, 0.01920294761657715, 2.2916858196258545
384, -8.85778522491455, 0.01920294761657715, 2.2916858196258545
385, -8.85778522491455, 0.01920294761657715, 2.2916858196258545
386, -8.85778522491455, 0.01920294761657715, 2.2916858196258545
387, -8.85778522491455, 0.01920294761657715, 2.2916858196258545
388, -8.85778522491455, 0.01920294761657715, 2.2916858196258545
389, -8.85778522491455, 0.01920294761657715, 2.2916858196258545
390, -8.85778522491455, 0.01920294761657715, 2.2916858196258545
391, -8.85778522491455, 0.01920294761657715, 2.2916858196258545
392, -8.85778522491455, 0.01920294761657715, 2.2916858196258545
393, -8.85778522491455, 0.01920294761657715, 2.2916858196258545
394, -8.85778522491455, 0.01920294761657715, 2.2916858196258545
395, -8.85778522491455, 0.01920294761657715, 2.2916858196258545
396, -8.85778522491455, 0.01920294761657715, 2.2916858196258545
397, -8.85778522491455, 0.01920294761657715, 2.2916858196258545
398, -8.85778522491455, 0.01920294761657715, 2.2916858196258545
399, -8.85778522491455, 0.01920294761657715, 2.2916858196258545
400, -8.85778522491455, 0.01920294761657715, 2.2916858196258545
401, -8.85778522491455, 0.01920294761657715, 2.2916858196258545
402, -8.85778522491455, 0.01920294761657715, 2.2916858196258545
403, -8.85778522491455, 0.01920294761657715, 2.2916858196258545
404, -8.85778522491455, 0.01920294761657715, 2.2916858196258545
405, -8.85778522491455, 0.01920294761657715, 2.2916858196258545
406, -8.85778522491455, 0.01920294761657715, 2.2916858196258545
407, -8.85778522491455, 0.01920294761657715, 2.2916858196258545
408, -8.85778522491455, 0.01920294761657715, 2.2916858196258545
409, -8.85778522491455, 0.01920294761657715, 2.2916858196258545
410, -8.85778522491455, 0.01920294761657715, 2.2916858196258545
411, -8.85778522491455, 0.01920294761657715, 2.2916858196258545
412, -8.85778522491455, 0.01920294761657715, 2.2916858196258545
413, -8.85778522491455, 0.01920294761657715, 2.2916858196258545
414, -8.85778522491455, 0.01920294761657715, 2.2916858196258545
415, -8.85778522491455, 0.01920294761657715, 2.2916858196258545
416, -8.85778522491455, 0.01920294761657715, 2.2916858196258545
417, -8.85778522491455, 0.01920294761657715, 2.2916858196258545
418, -8.85778522491455, 0.01920294761657715, 2.2916858196258545
419, -8.85778522491455, 0.01920294761657715, 2.2916858196258545
420, -8.85778522491455, 0.01920294761657715, 2.2916858196258545
421, -8.85778522491455, 0.01920294761657715, 2.2916858196258545
422, -8.85778522491455, 0.01920294761657715, 2.2916858196258545
423, -8.85778522491455, 0.01920294761657715, 2.2916858196258545
424, -8.85778522491455, 0.01920294761657715, 2.2916858196258545
425, -8.85778522491455, 0.01920294761657715, 2.2916858196258545
426, -8.85778522491455, 0.01920294761657715, 2.2916858196258545
427, -8.85778522491455, 0.01920294761657715, 2.2916858196258545
428, -8.85778522491455, 0.01920294761657715, 2.2916858196258545
429, -8.85778522491455, 0.01920294761657715, 2.2916858196258545
430, -8.85778522491455, 0.01920294761657715, 2.2916858196258545
431, -8.85778522491455, 0.01920294761657715, 2.2916858196258545
432, -8.85778522491455, 0.01920294761657715, 2.2916858196258545
433, -8.85778522491455, 0.01920294761657715, 2.2916858196258545
434, -8.85778522491455, 0.01920294761657715, 2.2916858196258545
435, -8.85778522491455, 0.01920294761657715, 2.2916858196258545
436, -8.85778522491455, 0.01920294761657715, 2.2916858196258545
437, -8.85778522491455, 0.01920294761657715, 2.2916858196258545
438, -8.85778522491455, 0.01920294761657715, 2.2916858196258545
439, -8.85778522491455, 0.01920294761657715, 2.2916858196258545
440, -8.85778522491455, 0.01920294761657715, 2.2916858196258545
441, -8.85778522491455, 0.01920294761657715, 2.2916858196258545
442, -8.85778522491455, 0.01920294761657715, 2.2916858196258545
443, -8.85778522491455, 0.01920294761657715, 2.2916858196258545
444, -8.85778522491455, 0.01920294761657715, 2.2916858196258545
445, -8.85778522491455, 0.01920294761657715, 2.2916858196258545
446, -8.85778522491455, 0.01920294761657715, 2.2916858196258545
447, -8.85778522491455, 0.01920294761657715, 2.2916858196258545
448, -8.85778522491455, 0.01920294761657715, 2.2916858196258545
449, -8.85778522491455, 0.01920294761657715, 2.2916858196258545
450, -8.85778522491455, 0.01920294761657715, 2.2916858196258545
451, -8.85778522491455, 0.01920294761657715, 2.2916858196258545
452, -8.85778522491455, 0.01920294761657715, 2.2916858196258545
453, -8.85778522491455, 0.01920294761657715, 2.2916858196258545
454, -8.85778522491455, 0.01920294761657715, 2.2916858196258545
455, -8.85778522491455, 0.01920294761657715, 2.2916858196258545
456, -8.85778522491455, 0.01920294761657715, 2.2916858196258545
457, -8.85778522491455, 0.01920294761657715, 2.2916858196258545
458, -8.85778522491455, 0.01920294761657715, 2.2916858196258545
459, -8.85778522491455, 0.01920294761657715, 2.2916858196258545
460, -8.85778522491455, 0.01920294761657715, 2.2916858196258545
461, -8.85778522491455, 0.01920294761657715, 2.2916858196258545
462, -8.85778522491455, 0.01920294761657715, 2.2916858196258545
463, -8.85778522491455, 0.01920294761657715, 2.2916858196258545
464, -8.85778522491455, 0.01920294761657715, 2.2916858196258545
465, -8.85778522491455, 0.01920294761657715, 2.2916858196258545
466, -8.85778522491455, 0.01920294761657715, 2.2916858196258545
467, -8.85778522491455, 0.01920294761657715, 2.2916858196258545
468, -8.85778522491455, 0.01920294761657715, 2.2916858196258545
469, -8.85778522491455, 0.01920294761657715, 2.2916858196258545
470, -8.85778522491455, 0.01920294761657715, 2.2916858196258545
471, -8.85778522491455, 0.01920294761657715, 2.2916858196258545
472, -8.85778522491455, 0.01920294761657715, 2.2916858196258545
473, -8.85778522491455, 0.01920294761657715, 2.2916858196258545
474, -8.85778522491455, 0.01920294761657715, 2.2916858196258545
475, -8.85778522491455, 0.01920294761657715, 2.2916858196258545
476, -8.85778522491455, 0.01920294761657715, 2.2916858196258545
477, -8.85778522491455, 0.01920294761657715, 2.2916858196258545
478, -8.85778522491455, 0.01920294761657715, 2.2916858196258545
479, -8.85778522491455, 0.01920294761657715, 2.2916858196258545
480, -8.85778522491455, 0.01920294761657715, 2.2916858196258545
481, -8.85778522491455, 0.01920294761657715, 2.2916858196258545
482, -8.85778522491455, 0.01920294761657715, 2.2916858196258545
483, -8.85778522491455, 0.01920294761657715, 2.2916858196258545
484, -8.85778522491455, 0.01920294761657715, 2.2916858196258545
485, -8.85778522491455, 0.01920294761657715, 2.2916858196258545
486, -8.85778522491455, 0.01920294761657715, 2.2916858196258545
487, -8.85778522491455, 0.01920294761657715, 2.2916858196258545
488, -8.85778522491455, 0.01920294761657715, 2.2916858196258545
489, -8.85778522491455, 0.01920294761657715, 2.2916858196258545
490, -8.85778522491455, 0.01920294761657715, 2.2916858196258545
491, -8.85778522491455, 0.01920294761657715, 2.2916858196258545
492, -8.85778522491455, 0.01920294761657715, 2.2916858196258545
493, -8.85778522491455, 0.01920294761657715, 2.2916858196258545
494, -8.85778522491455, 0.01920294761657715, 2.2916858196258545
495, -8.85778522491455, 0.01920294761657715, 2.2916858196258545
496, -8.85778522491455, 0.01920294761657715, 2.2916858196258545
497, -8.85778522491455, 0.01920294761657715, 2.2916858196258545
498, -8.85778522491455, 0.01920294761657715, 2.2916858196258545
499, -8.85778522491455, 0.01920294761657715, 2.2916858196258545
