1, -2.562648296356201, 0.16337794065475464, -2.7506062984466553
2, -2.562648296356201, 0.16337794065475464, -2.7506062984466553
3, -2.562648296356201, 0.16337794065475464, -2.7506062984466553
4, -2.562648296356201, 0.16337794065475464, -2.7506062984466553
5, -2.562648296356201, 0.16337794065475464, -2.7506062984466553
6, -2.562648296356201, 0.16337794065475464, -2.7506062984466553
7, -2.562648296356201, 0.16337794065475464, -2.7506062984466553
8, -2.562648296356201, 0.16337794065475464, -2.7506062984466553
9, -2.562648296356201, 0.16337794065475464, -2.7506062984466553
10, -2.562648296356201, 0.16337794065475464, -2.7506062984466553
11, -2.562648296356201, 0.16337794065475464, -2.7506062984466553
12, -2.562648296356201, 0.16337794065475464, -2.7506062984466553
13, -2.392164468765259, 0.16337794065475464, -2.933459520339966
14, -2.392164468765259, 0.16337794065475464, -2.933459520339966
15, -2.153094530105591, 0.16337794065475464, -3.00657320022583
16, -2.153094530105591, 0.16337794065475464, -3.00657320022583
17, -1.9094971418380737, 0.16337794065475464, -2.9503564834594727
18, -1.6658997535705566, 0.16337794065475464, -2.8941397666931152
19, -1.4223023653030396, 0.16337794065475464, -2.837923049926758
20, -5.387478828430176, 0.16337794065475464, -2.5084588527679443
