1, -2.7529702186584473, -0.005079984664916992, -5.902152061462402
2, -2.7529702186584473, -0.005079984664916992, -5.902152061462402
3, -2.7529702186584473, -0.005079984664916992, -5.902152061462402
4, -2.7529702186584473, -0.005079984664916992, -5.902152061462402
5, -2.7529702186584473, -0.005079984664916992, -5.902152061462402
6, -2.7529702186584473, -0.005079984664916992, -5.902152061462402
7, -2.7529702186584473, -0.005079984664916992, -5.902152061462402
8, -2.7529702186584473, -0.005079984664916992, -5.902152061462402
9, -2.7529702186584473, -0.005079984664916992, -5.902152061462402
10, -2.7529702186584473, -0.005079984664916992, -5.902152061462402
11, -2.7529702186584473, -0.005079984664916992, -5.902152061462402
12, -2.7529702186584473, -0.005079984664916992, -5.902152061462402
13, -2.7529702186584473, -0.005079984664916992, -5.902152061462402
14, -2.7529702186584473, -0.005079984664916992, -5.902152061462402
15, -2.7529702186584473, -0.005079984664916992, -5.902152061462402
16, -2.7529702186584473, -0.005079984664916992, -5.902152061462402
17, -2.7529702186584473, -0.005079984664916992, -5.902152061462402
18, -2.505993604660034, -0.005079984664916992, -5.863388538360596
19, -2.259016990661621, -0.005079984664916992, -5.824625015258789
20, -2.012040376663208, -0.005079984664916992, -5.785861492156982
21, -1.765063762664795, -0.005079984664916992, -5.747097969055176
22, -1.5180871486663818, -0.005079984664916992, -5.708334445953369
23, -1.2711105346679688, -0.005079984664916992, -5.6695709228515625
24, -1.2711105346679688, -0.005079984664916992, -5.6695709228515625
25, -1.0378409624099731, -0.005079984664916992, -5.759489059448242
26, -1.0378409624099731, -0.005079984664916992, -5.759489059448242
27, -0.7908644676208496, -0.005079984664916992, -5.7207255363464355
28, -0.5438879728317261, -0.005079984664916992, -5.681962013244629
29, -0.5438879728317261, -0.005079984664916992, -5.681962013244629
30, -0.3493816554546356, -0.005079984664916992, -5.524903774261475
31, -0.3493816554546356, -0.005079984664916992, -5.524903774261475
32, -0.3493816554546356, -0.005079984664916992, -5.524903774261475
33, -0.15487533807754517, -0.005079984664916992, -5.36784553527832
34, 0.03963097929954529, -0.005079984664916992, -5.210787296295166
35, 0.23413729667663574, -0.005079984664916992, -5.053729057312012
36, 0.4286436140537262, 0.0257399994879961, -4.896670818328857
37, 0.6231499314308167, 0.12125393748283386, -4.739612579345703
38, 0.6231499314308167, 0.12125393748283386, -4.739612579345703
39, 0.6231499314308167, 0.12125393748283386, -4.739612579345703
40, 0.8176562786102295, 0.16152049601078033, -4.582554340362549
41, 0.8176562786102295, 0.16152049601078033, -4.582554340362549
42, 1.0646328926086426, 0.1519862860441208, -4.543790817260742
43, 1.3116095066070557, 0.1639975756406784, -4.5050272941589355
44, 1.3116095066070557, 0.1639975756406784, -4.5050272941589355
45, 1.5448790788650513, 0.18717296421527863, -4.594945430755615
46, 1.7781486511230469, 0.19491982460021973, -4.684863567352295
47, 2.011418342590332, 0.19491982460021973, -4.774781703948975
48, 2.011418342590332, 0.19491982460021973, -4.774781703948975
49, 2.0667080879211426, 0.19120681285858154, -4.843254566192627
50, 2.0667080879211426, 0.19120681285858154, -4.843254566192627
51, 2.0667080879211426, 0.19120681285858154, -4.843254566192627
52, 2.0667080879211426, 0.19120681285858154, -4.843254566192627
53, 2.0667080879211426, 0.19120681285858154, -4.843254566192627
54, 2.3136847019195557, 0.19491982460021973, -4.80449104309082
55, 2.3136847019195557, 0.19491982460021973, -4.80449104309082
56, 2.546954393386841, 0.16537129878997803, -4.8944091796875
57, 2.546954393386841, 0.16537129878997803, -4.8944091796875
58, 2.546954393386841, 0.16537129878997803, -4.8944091796875
59, 2.5857176780700684, 0.09959445893764496, -5.141385555267334
60, 2.624480962753296, 0.03381761908531189, -5.388361930847168
61, 2.6632442474365234, 0.055068958550691605, -5.635338306427002
62, 2.702007532119751, 0.05556686222553253, -5.882314682006836
63, 2.702007532119751, 0.05556686222553253, -5.882314682006836
64, 2.612089157104492, 0.00869801640510559, -6.115584373474121
65, 2.5880579948425293, -0.005079984664916992, -6.177927017211914
66, 2.5880579948425293, -0.005079984664916992, -6.177927017211914
67, 2.5880579948425293, -0.005079984664916992, -6.177927017211914
68, 2.5880579948425293, -0.005079984664916992, -6.177927017211914
69, 2.5880579948425293, -0.005079984664916992, -6.177927017211914
70, 2.5880579948425293, -0.005079984664916992, -6.177927017211914
71, 2.626821279525757, -0.005079984664916992, -6.424903392791748
72, 2.626821279525757, -0.005079984664916992, -6.424903392791748
73, 2.536902904510498, -0.005079984664916992, -6.658173084259033
74, 2.536902904510498, -0.005079984664916992, -6.658173084259033
75, 2.3423964977264404, -0.005079984664916992, -6.8152313232421875
76, 2.147890090942383, -0.005079984664916992, -6.972289562225342
77, 2.147890090942383, -0.005079984664916992, -6.972289562225342
78, 1.9009134769439697, -0.005079984664916992, -7.01105260848999
79, 1.6539368629455566, -0.005079984664916992, -7.049815654754639
80, 1.6539368629455566, -0.005079984664916992, -7.049815654754639
81, 1.420667290687561, -0.005079984664916992, -6.959897518157959
82, 1.1873977184295654, -0.005079984664916992, -6.869979381561279
83, 1.0224233865737915, -0.005079984664916992, -6.806386947631836
84, 1.0224233865737915, -0.005079984664916992, -6.806386947631836
85, 0.7754468321800232, -0.005079984664916992, -6.845150470733643
86, 0.7754468321800232, -0.005079984664916992, -6.845150470733643
87, 0.5421772003173828, -0.005079984664916992, -6.755232334136963
88, 0.5421772003173828, -0.005079984664916992, -6.755232334136963
89, 0.2952006459236145, -0.005079984664916992, -6.7939958572387695
90, 0.04822409152984619, -0.005079984664916992, -6.832759380340576
91, -0.19875246286392212, -0.005079984664916992, -6.871522903442383
92, -0.44572901725769043, -0.005079984664916992, -6.9102864265441895
93, -0.6927055716514587, -0.005079984664916992, -6.949049949645996
94, -0.6927055716514587, -0.005079984664916992, -6.949049949645996
95, -0.8872118592262268, -0.005079984664916992, -7.10610818862915
96, -1.0817182064056396, -0.005079984664916992, -7.263166427612305
97, -1.0817182064056396, -0.005079984664916992, -7.263166427612305
98, -1.1716364622116089, -0.005079984664916992, -7.49643611907959
99, -1.2615547180175781, -0.005079984664916992, -7.729705810546875
100, -1.3514729738235474, -0.005079984664916992, -7.96297550201416
101, -1.4413912296295166, -0.005079984664916992, -8.196245193481445
102, -1.5313094854354858, -0.005079984664916992, -8.42951488494873
103, -1.621227741241455, -0.005079984664916992, -8.662784576416016
104, -1.7111459970474243, -0.005079984664916992, -8.8960542678833
105, -1.7111459970474243, -0.005079984664916992, -8.8960542678833
106, -1.7111459970474243, -0.005079984664916992, -8.8960542678833
107, -1.7111459970474243, -0.005079984664916992, -8.8960542678833
108, -1.7111459970474243, -0.005079984664916992, -8.8960542678833
109, -1.7111459970474243, -0.005079984664916992, -8.8960542678833
110, -1.5166397094726562, -0.005079984664916992, -8.738995552062988
111, -1.3221334218978882, -0.005079984664916992, -8.581936836242676
112, -1.3221334218978882, -0.005079984664916992, -8.581936836242676
113, -1.2322152853012085, -0.005079984664916992, -8.34866714477539
114, -1.1422971487045288, -0.005079984664916992, -8.115397453308105
115, -1.0523790121078491, -0.005079984664916992, -7.88212776184082
116, -0.9624608159065247, -0.005079984664916992, -7.648858070373535
117, -0.8725426197052002, -0.005079984664916992, -7.41558837890625
118, -0.7826244235038757, -0.005079984664916992, -7.182318687438965
119, -0.6927062273025513, -0.005079984664916992, -6.94904899597168
120, -0.6027880311012268, -0.005079984664916992, -6.7157793045043945
121, -0.5128698348999023, -0.005079984664916992, -6.482509613037109
122, -0.4229516386985779, -0.005079984664916992, -6.249239921569824
123, -0.3330334424972534, -0.005079984664916992, -6.015970230102539
124, -0.24311524629592896, -0.005079984664916992, -5.782700538635254
125, -0.1531970500946045, -0.005079984664916992, -5.549430847167969
126, -0.1531970500946045, -0.005079984664916992, -5.549430847167969
127, 0.041309207677841187, -0.005079984664916992, -5.3923726081848145
128, 0.23581546545028687, -0.005079984664916992, -5.23531436920166
129, 0.43032172322273254, -0.005079984664916992, -5.078256130218506
130, 0.43032172322273254, -0.005079984664916992, -5.078256130218506
131, 0.5202398896217346, 0.08878888934850693, -4.844986438751221
132, 0.6101580858230591, 0.1712084710597992, -4.6117167472839355
133, 0.7000762820243835, 0.19491982460021973, -4.37844705581665
134, 0.789994478225708, 0.19491982460021973, -4.145177364349365
135, 0.8799126744270325, 0.19491982460021973, -3.91190767288208
136, 0.9698308706283569, 0.19491982460021973, -3.678637981414795
137, 0.9698308706283569, 0.19491982460021973, -3.678637981414795
138, 0.9310674667358398, 0.19491982460021973, -3.431661367416382
139, 0.8923040628433228, 0.19491982460021973, -3.1846847534179688
140, 0.8923040628433228, 0.19491982460021973, -3.1846847534179688
141, 0.7352457046508789, 0.19491982460021973, -2.9901785850524902
142, 0.7352457046508789, 0.19491982460021973, -2.9901785850524902
143, 0.7352457046508789, 0.19491982460021973, -2.9901785850524902
144, 0.7352457046508789, 0.19491982460021973, -2.9901785850524902
145, 0.7352457046508789, 0.19491982460021973, -2.9901785850524902
146, 0.6453275084495544, 0.19491982460021973, -3.2234482765197754
147, 0.55540931224823, 0.19491982460021973, -3.4567179679870605
148, 0.55540931224823, 0.19491982460021973, -3.4567179679870605
149, 0.5941727161407471, 0.19491982460021973, -3.7036945819854736
150, 0.6329361200332642, 0.19491982460021973, -3.9506711959838867
151, 0.6716995239257812, 0.19491982460021973, -4.197647571563721
152, 0.6716995239257812, 0.19491982460021973, -4.197647571563721
153, 0.5817813873291016, 0.19491982460021973, -4.430917263031006
154, 0.4918632209300995, 0.16248266398906708, -4.664186954498291
155, 0.4019450545310974, 0.01412627100944519, -4.897456645965576
156, 0.31202688813209534, -0.005079984664916992, -5.130726337432861
157, 0.22210872173309326, -0.005079984664916992, -5.3639960289001465
158, 0.1321905553340912, -0.005079984664916992, -5.597265720367432
159, 0.04227239638566971, -0.005079984664916992, -5.830535411834717
160, -0.04764576256275177, -0.005079984664916992, -6.063805103302002
161, -0.13756391406059265, -0.005079984664916992, -6.297074794769287
162, -0.22748208045959473, -0.005079984664916992, -6.530344486236572
163, -0.3174002468585968, -0.005079984664916992, -6.763614177703857
164, -0.4073184132575989, -0.005079984664916992, -6.996883869171143
165, -0.49723657965660095, -0.005079984664916992, -7.230153560638428
166, -0.49723657965660095, -0.005079984664916992, -7.230153560638428
167, -0.6917428374290466, -0.005079984664916992, -7.387211799621582
168, -0.6917428374290466, -0.005079984664916992, -7.387211799621582
169, -0.7816610336303711, -0.005079984664916992, -7.620481491088867
170, -0.8715792298316956, -0.005079984664916992, -7.853751182556152
171, -0.96149742603302, -0.005079984664916992, -8.087020874023438
172, -1.0514155626296997, -0.005079984664916992, -8.320290565490723
173, -1.0514155626296997, -0.005079984664916992, -8.320290565490723
174, -1.0126521587371826, -0.005079984664916992, -8.567267417907715
175, -0.9738887548446655, -0.005079984664916992, -8.814244270324707
176, -0.9351253509521484, -0.005079984664916992, -9.0612211227417
177, -0.8963619470596313, -0.005079984664916992, -9.308197975158691
178, -0.8575985431671143, -0.005079984664916992, -9.555174827575684
179, -0.8188351392745972, -0.0025317370891571045, -9.802151679992676
180, -0.8188351392745972, -0.0025317370891571045, -9.802151679992676
181, -0.6617767810821533, -0.005079984664916992, -9.996658325195312
182, -0.5047184228897095, -0.005079984664916992, -10.19116497039795
183, -0.3476600646972656, -0.005079984664916992, -10.385671615600586
184, -0.3476600646972656, -0.005079984664916992, -10.385671615600586
185, -0.11439040303230286, -0.005079984664916992, -10.475589752197266
186, 0.11887925863265991, -0.005079984664916992, -10.565507888793945
187, 0.3521489202976227, 0.09331274032592773, -10.655426025390625
188, 0.461602121591568, 0.17375510931015015, -10.697616577148438
189, 0.46160250902175903, 0.17375539243221283, -10.697616577148438
190, 0.46160250902175903, 0.17375539243221283, -10.697616577148438
191, 0.4616060256958008, 0.17375825345516205, -10.697615623474121
192, 0.4616060256958008, 0.17375825345516205, -10.697615623474121
193, 0.4616060256958008, 0.17375825345516205, -10.697615623474121
194, 0.4616060256958008, 0.17375825345516205, -10.697615623474121
195, 0.4616060256958008, 0.17375825345516205, -10.697615623474121
196, 0.4616060256958008, 0.17375825345516205, -10.697615623474121
197, 0.4616060256958008, 0.17375825345516205, -10.697615623474121
198, 0.46161535382270813, 0.17376570403575897, -10.697613716125488
199, 0.46161535382270813, 0.17376570403575897, -10.697613716125488
200, 0.4616160988807678, 0.17376628518104553, -10.697613716125488
201, 0.4616160988807678, 0.17376628518104553, -10.697613716125488
202, 0.46161630749702454, 0.17376644909381866, -10.697613716125488
203, 0.46161630749702454, 0.17376644909381866, -10.697613716125488
204, 0.46161630749702454, 0.17376644909381866, -10.697613716125488
205, 0.4616221785545349, 0.17377112805843353, -10.697612762451172
206, 0.4616221785545349, 0.17377112805843353, -10.697612762451172
207, 0.6561284065246582, 0.19491982460021973, -10.54055404663086
208, 0.6561284065246582, 0.19491982460021973, -10.54055404663086
209, 0.9031049609184265, 0.19491982460021973, -10.501791000366211
210, 1.1500815153121948, 0.19491982460021973, -10.463027954101562
211, 1.1500815153121948, 0.19491982460021973, -10.463027954101562
212, 1.1500815153121948, 0.19491982460021973, -10.463027954101562
213, 1.2399996519088745, 0.19491982460021973, -10.229758262634277
214, 1.3299177885055542, 0.19491982460021973, -9.996488571166992
215, 1.4198359251022339, 0.19491982460021973, -9.763218879699707
216, 1.5097540616989136, 0.17616242170333862, -9.529949188232422
217, 1.5996721982955933, 0.15704891085624695, -9.296679496765137
218, 1.689590334892273, 0.13793540000915527, -9.063409805297852
219, 1.7795084714889526, 0.14502476155757904, -8.830140113830566
220, 1.7795084714889526, 0.14502476155757904, -8.830140113830566
221, 1.7407450675964355, 0.15338030457496643, -8.583163261413574
222, 1.7019816637039185, 0.14099577069282532, -8.336186408996582
223, 1.6632182598114014, 0.08900072425603867, -8.08920955657959
224, 1.6632182598114014, 0.08900072425603867, -8.08920955657959
225, 1.753136396408081, 0.04031336307525635, -7.855939865112305
226, 1.8430545330047607, -0.005079984664916992, -7.6226701736450195
227, 1.8430545330047607, -0.005079984664916992, -7.6226701736450195
228, 1.8042911291122437, -0.005079984664916992, -7.3756937980651855
229, 1.7655277252197266, -0.005079984664916992, -7.128717422485352
230, 1.154654860496521, 0.07454560697078705, -9.029182434082031
