1, -4.091742515563965, 0.021223172545433044, 4.434986114501953
2, -4.091742515563965, 0.021223172545433044, 4.434986114501953
3, -4.091742515563965, 0.021223172545433044, 4.434986114501953
4, -4.091742515563965, 0.021223172545433044, 4.434986114501953
5, -4.091742515563965, 0.021223172545433044, 4.434986114501953
6, -4.091742515563965, 0.021223172545433044, 4.434986114501953
7, -4.091742515563965, 0.021223172545433044, 4.434986114501953
8, -4.091742515563965, 0.021223172545433044, 4.434986114501953
9, -4.091742515563965, 0.021223172545433044, 4.434986114501953
10, -4.091742515563965, 0.021223172545433044, 4.434986114501953
11, -4.091742515563965, 0.021223172545433044, 4.434986114501953
12, -4.091742515563965, 0.021223172545433044, 4.434986114501953
13, -4.102632522583008, 0.021223172545433044, 4.684748649597168
14, -4.113522529602051, 0.021223172545433044, 4.934511184692383
15, -4.124412536621094, 0.021223172545433044, 5.184273719787598
16, -4.135302543640137, 0.021223172545433044, 5.4340362548828125
17, -4.14619255065918, 0.021223172545433044, 5.683798789978027
18, -4.14619255065918, 0.021223172545433044, 5.683798789978027
19, -4.280505180358887, 0.021223172545433044, 5.894654273986816
20, -4.414817810058594, 0.021223172545433044, 6.1055097579956055
21, -4.414817810058594, 0.021223172545433044, 6.1055097579956055
22, -4.425707817077637, 0.021223172545433044, 6.35527229309082
23, -4.43659782409668, 0.021223172545433044, 6.605034828186035
24, -4.43659782409668, 0.021223172545433044, 6.605034828186035
25, -4.321147918701172, 0.021223172545433044, 6.826780796051025
26, -4.205698013305664, 0.021223172545433044, 7.048526763916016
27, -4.205698013305664, 0.021223172545433044, 7.048526763916016
28, -4.205698013305664, 0.021223172545433044, 7.048526763916016
29, -4.205698013305664, 0.021223172545433044, 7.048526763916016
30, -4.205698013305664, 0.021223172545433044, 7.048526763916016
31, -4.205698013305664, 0.021223172545433044, 7.048526763916016
32, -4.194808006286621, 0.021223172545433044, 6.798764228820801
33, -4.183917999267578, 0.021223172545433044, 6.549001693725586
34, -4.173027992248535, 0.021223172545433044, 6.299239158630371
35, -4.162137985229492, 0.021223172545433044, 6.049476623535156
36, -4.151247978210449, 0.021223172545433044, 5.799714088439941
37, -4.140357971191406, 0.021223172545433044, 5.549951553344727
38, -4.129467964172363, 0.021223172545433044, 5.300189018249512
39, -4.11857795715332, 0.021223172545433044, 5.050426483154297
40, -4.11857795715332, 0.021223172545433044, 5.050426483154297
41, -4.11857795715332, 0.021223172545433044, 5.050426483154297
42, -4.107687473297119, 0.021223172545433044, 4.800663948059082
43, -4.096796989440918, 0.021223172545433044, 4.550901412963867
44, -4.096796989440918, 0.021223172545433044, 4.550901412963867
45, -4.096796989440918, 0.021223172545433044, 4.550901412963867
46, -4.096796989440918, 0.021223172545433044, 4.550901412963867
47, -4.096796989440918, 0.021223172545433044, 4.550901412963867
48, -4.096796989440918, 0.021223172545433044, 4.550901412963867
49, -4.096796989440918, 0.021223172545433044, 4.550901412963867
50, -4.107686996459961, 0.021223172545433044, 4.800663948059082
51, -4.118577003479004, 0.021223172545433044, 5.050426483154297
52, -4.129467010498047, 0.021223172545433044, 5.300189018249512
53, -4.14035701751709, 0.021223172545433044, 5.549951553344727
54, -4.14035701751709, 0.021223172545433044, 5.549951553344727
55, -4.274669647216797, 0.021223172545433044, 5.760807037353516
56, -4.408982276916504, 0.021223172545433044, 5.971662521362305
57, -4.543294906616211, 0.021223172545433044, 6.182518005371094
58, -4.543294906616211, 0.021223172545433044, 6.182518005371094
59, -4.765040874481201, 0.021223172545433044, 6.297967910766602
60, -4.765040874481201, 0.021223172545433044, 6.297967910766602
61, -4.981747150421143, 0.021223172545433044, 6.288519382476807
62, -4.981747150421143, 0.021223172545433044, 6.288519382476807
63, -4.981747150421143, 0.021223172545433044, 6.288519382476807
64, -4.981747150421143, 0.021223172545433044, 6.288519382476807
65, -5.0642218589782715, 0.021223172545433044, 6.417995929718018
66, -5.0642218589782715, 0.021223172545433044, 6.417995929718018
67, -5.0642218589782715, 0.021223172545433044, 6.417995929718018
68, -5.0642218589782715, 0.021223172545433044, 6.417995929718018
69, -5.0642218589782715, 0.021223172545433044, 6.417995929718018
70, -5.0642218589782715, 0.021223172545433044, 6.417995929718018
71, -5.0642218589782715, 0.021223172545433044, 6.417995929718018
72, -5.275077819824219, 0.021223172545433044, 6.2836833000183105
73, -5.275077819824219, 0.021223172545433044, 6.2836833000183105
74, -5.524840354919434, 0.021223172545433044, 6.272793292999268
75, -5.524840354919434, 0.021223172545433044, 6.272793292999268
76, -5.735696315765381, 0.021223172545433044, 6.1384806632995605
77, -5.946552276611328, 0.021223172545433044, 6.0041680335998535
78, -5.946552276611328, 0.021223172545433044, 6.0041680335998535
79, -6.062002658843994, 0.021223172545433044, 5.782422065734863
80, -6.062002658843994, 0.021223172545433044, 5.782422065734863
81, -6.062002658843994, 0.021223172545433044, 5.782422065734863
82, -6.17745304107666, 0.021223172545433044, 5.560676097869873
83, -6.17745304107666, 0.021223172545433044, 5.560676097869873
84, -6.17745304107666, 0.021223172545433044, 5.560676097869873
85, -6.17745304107666, 0.021223172545433044, 5.560676097869873
86, -6.166563034057617, 0.021223172545433044, 5.310913562774658
87, -6.155673027038574, 0.021223172545433044, 5.061151027679443
88, -6.144783020019531, 0.021223172545433044, 4.8113884925842285
89, -6.133893013000488, 0.021223172545433044, 4.561625957489014
90, -6.123003005981445, 0.021223172545433044, 4.311863422393799
91, -6.123003005981445, 0.021223172545433044, 4.311863422393799
92, -6.123003005981445, 0.021223172545433044, 4.311863422393799
93, -6.123003005981445, 0.021223172545433044, 4.311863422393799
94, -6.123003005981445, 0.021223172545433044, 4.311863422393799
95, -6.123003005981445, 0.021223172545433044, 4.311863422393799
96, -6.123003005981445, 0.021223172545433044, 4.311863422393799
97, -6.123003005981445, 0.021223172545433044, 4.311863422393799
98, -6.123003005981445, 0.021223172545433044, 4.311863422393799
99, -6.133893013000488, 0.021223172545433044, 4.561625957489014
100, -6.144783020019531, 0.021223172545433044, 4.8113884925842285
101, -6.155673027038574, 0.021223172545433044, 5.061151027679443
102, -6.166563034057617, 0.021223172545433044, 5.310913562774658
103, -6.17745304107666, 0.021223172545433044, 5.560676097869873
104, -6.17745304107666, 0.021223172545433044, 5.560676097869873
105, -6.062002658843994, 0.021223172545433044, 5.782422065734863
106, -5.946552276611328, 0.021223172545433044, 6.0041680335998535
107, -5.946552276611328, 0.021223172545433044, 6.0041680335998535
108, -5.735696315765381, 0.021223172545433044, 6.1384806632995605
109, -5.524840354919434, 0.021223172545433044, 6.272793292999268
110, -5.341070175170898, 0.021223172545433044, 6.389852523803711
111, -5.341070175170898, 0.021223172545433044, 6.389852523803711
112, -5.341070175170898, 0.021223172545433044, 6.389852523803711
113, -5.341070175170898, 0.021223172545433044, 6.389852523803711
114, -5.149001121520996, 0.021223172545433044, 6.289853096008301
115, -5.149001121520996, 0.021223172545433044, 6.289853096008301
116, -4.899238586425781, 0.021223172545433044, 6.300743103027344
117, -4.649476051330566, 0.021223172545433044, 6.311633110046387
118, -4.649476051330566, 0.021223172545433044, 6.311633110046387
119, -4.649476051330566, 0.021223172545433044, 6.311633110046387
120, -4.515163421630859, 0.021223172545433044, 6.1007771492004395
121, -4.380850791931152, 0.021223172545433044, 5.889921188354492
122, -4.28908109664917, 0.021223172545433044, 5.745852947235107
123, -4.28908109664917, 0.021223172545433044, 5.745852947235107
124, -4.28908109664917, 0.021223172545433044, 5.745852947235107
125, -4.06733512878418, 0.021223172545433044, 5.630402565002441
126, -4.06733512878418, 0.021223172545433044, 5.630402565002441
127, -4.06733512878418, 0.021223172545433044, 5.630402565002441
128, -4.056445121765137, 0.021223172545433044, 5.380640029907227
129, -4.045555114746094, 0.021223172545433044, 5.130877494812012
130, -4.034665107727051, 0.021223172545433044, 4.881114959716797
131, -4.023775100708008, 0.021223172545433044, 4.631352424621582
132, -4.012885093688965, 0.021223172545433044, 4.381589889526367
133, -4.001995086669922, 0.021223172545433044, 4.131827354431152
134, -4.001995086669922, 0.021223172545433044, 4.131827354431152
135, -4.117445468902588, 0.021223172545433044, 3.910081386566162
136, -4.232895851135254, 0.021223172545433044, 3.688335418701172
137, -4.34834623336792, 0.021223172545433044, 3.4665894508361816
138, -4.463796615600586, 0.021223172545433044, 3.2448434829711914
139, -4.579246997833252, 0.021223172545433044, 3.023097515106201
140, -4.694697380065918, 0.021223172545433044, 2.801351547241211
141, -4.810147762298584, 0.021223172545433044, 2.5796055793762207
142, -4.92559814453125, 0.021223172545433044, 2.3578596115112305
143, -5.041048526763916, 0.021223172545433044, 2.1361136436462402
144, -5.041048526763916, 0.021223172545433044, 2.1361136436462402
145, -5.041048526763916, 0.021223172545433044, 2.1361136436462402
146, -5.041048526763916, 0.021223172545433044, 2.1361136436462402
147, -5.030158519744873, 0.021223172545433044, 1.8863509893417358
148, -5.030158519744873, 0.021223172545433044, 1.8863509893417358
149, -4.895845890045166, 0.021223172545433044, 1.6754952669143677
150, -4.895845890045166, 0.021223172545433044, 1.6754952669143677
151, -4.674099922180176, 0.021223172545433044, 1.5600451231002808
152, -4.4523539543151855, 0.021223172545433044, 1.4445949792861938
153, -4.4523539543151855, 0.021223172545433044, 1.4445949792861938
154, -4.202591419219971, 0.021223172545433044, 1.4554851055145264
155, -4.202591419219971, 0.021223172545433044, 1.4554851055145264
156, -3.9808454513549805, 0.021223172545433044, 1.3400349617004395
157, -3.7590994834899902, 0.021223172545433044, 1.2245848178863525
158, -3.537353515625, 0.021223172545433044, 1.1091346740722656
159, -3.537353515625, 0.021223172545433044, 1.1091346740722656
160, -3.537353515625, 0.021223172545433044, 1.1091346740722656
161, -3.537353515625, 0.021223172545433044, 1.1091346740722656
162, -3.537353515625, 0.021223172545433044, 1.1091346740722656
163, -3.537353515625, 0.021223172545433044, 1.1091346740722656
164, -3.537353515625, 0.021223172545433044, 1.1091346740722656
165, -3.7590994834899902, 0.021223172545433044, 1.224584937095642
166, -3.9808454513549805, 0.021223172545433044, 1.3400352001190186
167, -4.202591419219971, 0.021223172545433044, 1.455485463142395
168, -4.424337387084961, 0.021223172545433044, 1.5709357261657715
169, -4.424337387084961, 0.021223172545433044, 1.5709357261657715
170, -4.558650016784668, 0.021223172545433044, 1.7817915678024292
171, -4.692962646484375, 0.021223172545433044, 1.992647409439087
172, -4.692962646484375, 0.021223172545433044, 1.992647409439087
173, -4.703852653503418, 0.021223172545433044, 2.242410182952881
174, -4.714742660522461, 0.021223172545433044, 2.492172956466675
175, -4.725632667541504, 0.021223172545433044, 2.7419357299804688
176, -4.725632667541504, 0.021223172545433044, 2.7419357299804688
177, -4.610182285308838, 0.021223172545433044, 2.963681697845459
178, -4.494731903076172, 0.021223172545433044, 3.185427665710449
179, -4.379281520843506, 0.021223172545433044, 3.4071736335754395
180, -4.26383113861084, 0.021223172545433044, 3.6289196014404297
181, -4.148380756378174, 0.021223172545433044, 3.85066556930542
182, 2.803995132446289, 0.021223172545433044, 2.3288590908050537
