1, 2.159114360809326, 2.8994359970092773, -0.04076576232910156
2, 2.159114360809326, 2.8994359970092773, -0.04076576232910156
3, 2.159114360809326, 2.8994359970092773, -0.04076576232910156
4, 2.159114360809326, 2.8994359970092773, -0.04076576232910156
5, 2.159114360809326, 2.8994359970092773, -0.04076576232910156
6, 2.159114360809326, 2.8994359970092773, -0.04076576232910156
7, 2.159114360809326, 2.8994359970092773, -0.04076576232910156
8, 2.159114360809326, 2.8994359970092773, -0.04076576232910156
9, 2.159114360809326, 2.8994359970092773, -0.04076576232910156
10, 2.159114360809326, 2.8994359970092773, -0.04076576232910156
11, 2.159114360809326, 2.8994359970092773, -0.04076576232910156
12, 2.159114360809326, 2.8994359970092773, -0.04076576232910156
13, 2.159114360809326, 2.8994359970092773, -0.04076576232910156
14, 2.159114360809326, 2.8994359970092773, -0.04076576232910156
15, 2.159114360809326, 2.8994359970092773, -0.04076576232910156
16, 2.159114360809326, 2.8994359970092773, -0.04076576232910156
17, 2.159114360809326, 2.8994359970092773, -0.04076576232910156
18, 2.159114360809326, 2.8994359970092773, -0.04076576232910156
19, 2.37876558303833, 2.8994359970092773, -0.16015303134918213
20, 2.598416805267334, 2.8994359970092773, -0.2795403003692627
21, 2.598416805267334, 2.8994359970092773, -0.2795403003692627
22, 2.598416805267334, 2.8994359970092773, -0.2795403003692627
23, 2.598416805267334, 2.8994359970092773, -0.2795403003692627
24, 2.479029417037964, 2.8994359970092773, -0.499191552400589
25, 2.479029417037964, 2.8994359970092773, -0.499191552400589
26, 2.2658114433288574, 2.8994359970092773, -0.629721462726593
27, 2.052593469619751, 2.8994359970092773, -0.7602514028549194
28, 1.839375376701355, 2.8994359970092773, -0.8907813429832458
29, 1.626157283782959, 2.8994359970092773, -1.0213112831115723
30, 1.412939190864563, 2.8994359970092773, -1.151841163635254
31, 1.199721097946167, 2.8994359970092773, -1.2823710441589355
32, 1.199721097946167, 2.8994359970092773, -1.2823710441589355
33, 1.0803338289260864, 2.8994359970092773, -1.5020222663879395
34, 0.9609465599060059, 2.8994359970092773, -1.7216734886169434
35, 0.8415592908859253, 2.8994359970092773, -1.9413247108459473
36, 0.8415592908859253, 2.8994359970092773, -1.9413247108459473
37, 0.847992479801178, 2.8994359970092773, -2.191241979598999
38, 0.8544256687164307, 2.8994359970092773, -2.441159248352051
39, 0.8608588576316833, 2.8994359970092773, -2.6910765171051025
40, 0.867292046546936, 2.8994359970092773, -2.9409937858581543
41, 0.867292046546936, 2.8994359970092773, -2.9409937858581543
42, 0.867292046546936, 2.8994359970092773, -2.9409937858581543
43, 0.867292046546936, 2.8994359970092773, -2.9409937858581543
44, 0.867292046546936, 2.8994359970092773, -2.9409937858581543
45, 0.867292046546936, 2.8994359970092773, -2.9409937858581543
46, 0.867292046546936, 2.8994359970092773, -2.9409937858581543
47, 0.8608587980270386, 2.8994359970092773, -2.6910765171051025
48, 0.8544255495071411, 2.8994359970092773, -2.441159248352051
49, 0.8479923009872437, 2.8994359970092773, -2.191241979598999
50, 0.8415590524673462, 2.8994359970092773, -1.9413247108459473
51, 0.8351258039474487, 2.8994359970092773, -1.6914074420928955
52, 0.8351258039474487, 2.8994359970092773, -1.6914074420928955
53, 0.9545130729675293, 2.8994359970092773, -1.4717562198638916
54, 1.0739003419876099, 2.8994359970092773, -1.2521049976348877
55, 1.0739003419876099, 2.8994359970092773, -1.2521049976348877
56, 1.2871184349060059, 2.8994359970092773, -1.121575117111206
57, 1.5003365278244019, 2.8994359970092773, -0.9910451769828796
58, 1.7135546207427979, 2.8994359970092773, -0.8605152368545532
59, 1.9267727136611938, 2.8994359970092773, -0.7299852967262268
60, 2.13999080657959, 2.8994359970092773, -0.5994553565979004
61, 2.3532087802886963, 2.8994359970092773, -0.468925416469574
62, 2.5664267539978027, 2.8994359970092773, -0.33839547634124756
63, 2.779644727706909, 2.8994359970092773, -0.20786553621292114
64, 2.779644727706909, 2.8994359970092773, -0.20786553621292114
65, 3.029561996459961, 2.8994359970092773, -0.20143231749534607
66, 3.2794792652130127, 2.8994359970092773, -0.194999098777771
67, 3.5293965339660645, 2.8994359970092773, -0.18856588006019592
68, 3.5293965339660645, 2.8994359970092773, -0.18856588006019592
69, 3.717426061630249, 2.8994359970092773, -0.29076576232910156
70, 3.717426061630249, 2.8994359970092773, -0.29076576232910156
71, 3.717426061630249, 2.8994359970092773, -0.29076576232910156
72, 3.717426061630249, 2.8994359970092773, -0.29076576232910156
73, 3.717426061630249, 2.8994359970092773, -0.29076576232910156
74, 3.717426061630249, 2.8994359970092773, -0.29076576232910156
75, 3.967343330383301, 2.8994359970092773, -0.2843325436115265
76, 4.217260360717773, 2.8994359970092773, -0.2778993248939514
77, 4.217260360717773, 2.8994359970092773, -0.2778993248939514
78, 4.217260360717773, 2.8994359970092773, -0.2778993248939514
79, 4.217260360717773, 2.8994359970092773, -0.2778993248939514
80, 4.223693370819092, 2.8994359970092773, -0.5278165340423584
81, 4.23012638092041, 2.8994359970092773, -0.7777337431907654
82, 4.2365593910217285, 2.8994359970092773, -1.0276509523391724
83, 4.242992401123047, 2.8994359970092773, -1.2775681018829346
84, 4.242992401123047, 2.8994359970092773, -1.2775681018829346
85, 4.3735222816467285, 2.8994359970092773, -1.490786075592041
86, 4.50405216217041, 2.8994359970092773, -1.7040040493011475
87, 4.634582042694092, 2.8994359970092773, -1.917222023010254
88, 4.765111923217773, 2.8994359970092773, -2.1304399967193604
89, 4.765111923217773, 2.8994359970092773, -2.1304399967193604
90, 4.771544933319092, 2.8994359970092773, -2.380357265472412
91, 4.771544933319092, 2.8994359970092773, -2.380357265472412
92, 4.902074813842773, 2.8994359970092773, -2.5935752391815186
93, 4.902074813842773, 2.8994359970092773, -2.5935752391815186
94, 5.121726036071777, 2.8994359970092773, -2.7129623889923096
95, 5.121726036071777, 2.8994359970092773, -2.7129623889923096
96, 5.121726036071777, 2.8994359970092773, -2.7129623889923096
97, 5.121726036071777, 2.8994359970092773, -2.7129623889923096
98, 5.121726036071777, 2.8994359970092773, -2.7129623889923096
99, 5.121726036071777, 2.8994359970092773, -2.7129623889923096
100, 5.121726036071777, 2.8994359970092773, -2.7129623889923096
101, 5.121726036071777, 2.8994359970092773, -2.7129623889923096
102, 5.121726036071777, 2.8994359970092773, -2.7129623889923096
103, 5.121726036071777, 2.8994359970092773, -2.7129623889923096
104, 5.241113185882568, 2.8994359970092773, -2.4933111667633057
105, 5.241113185882568, 2.8994359970092773, -2.4933111667633057
106, 5.241113185882568, 2.8994359970092773, -2.4933111667633057
107, 5.241113185882568, 2.8994359970092773, -2.4933111667633057
108, 5.241113185882568, 2.8994359970092773, -2.4933111667633057
109, 5.110583305358887, 2.8994359970092773, -2.280093193054199
110, 4.980053424835205, 2.8994359970092773, -2.0668752193450928
111, 4.980053424835205, 2.8994359970092773, -2.0668752193450928
112, 4.760402202606201, 2.8994359970092773, -1.9474879503250122
113, 4.760402202606201, 2.8994359970092773, -1.9474879503250122
114, 4.6298723220825195, 2.8994359970092773, -1.7342698574066162
115, 4.499342441558838, 2.8994359970092773, -1.5210517644882202
116, 4.368812561035156, 2.8994359970092773, -1.3078336715698242
117, 4.368812561035156, 2.8994359970092773, -1.3078336715698242
118, 4.362379550933838, 2.8994359970092773, -1.0579164028167725
119, 4.3559465408325195, 2.8994359970092773, -0.8079991340637207
120, 4.3559465408325195, 2.8994359970092773, -0.8079991340637207
121, 4.3559465408325195, 2.8994359970092773, -0.8079991340637207
122, 4.569164752960205, 2.8994359970092773, -0.6774691939353943
123, 4.569164752960205, 2.8994359970092773, -0.6774691939353943
124, 4.819081783294678, 2.8994359970092773, -0.6710360050201416
125, 5.06899881362915, 2.8994359970092773, -0.6646027565002441
126, 5.318915843963623, 2.8994359970092773, -0.6581695079803467
127, 5.568832874298096, 2.8994359970092773, -0.6517362594604492
128, 5.818749904632568, 2.8994359970092773, -0.6453030109405518
129, 6.068666934967041, 2.8994359970092773, -0.6388697624206543
130, 6.318583965301514, 2.8994359970092773, -0.6324365139007568
131, 6.568500995635986, 2.8994359970092773, -0.6260032653808594
132, 6.818418025970459, 2.8994359970092773, -0.6195700168609619
133, 6.818418025970459, 2.8994359970092773, -0.6195700168609619
134, 7.0316362380981445, 2.8994359970092773, -0.4890400767326355
135, 7.24485445022583, 2.8994359970092773, -0.3585101366043091
136, 7.458072662353516, 2.8994359970092773, -0.22798019647598267
137, 7.458072662353516, 2.8994359970092773, -0.22798019647598267
138, 7.458072662353516, 2.8994359970092773, -0.22798019647598267
139, 7.671290874481201, 2.8994359970092773, -0.09745025634765625
140, 7.671290874481201, 2.8994359970092773, -0.09745025634765625
141, 7.921207904815674, 2.8994359970092773, -0.09101703763008118
142, 8.171125411987305, 2.8994359970092773, -0.0845838189125061
143, 8.171125411987305, 2.8994359970092773, -0.0845838189125061
144, 8.390776634216309, 2.8994359970092773, -0.20397108793258667
145, 8.610427856445312, 2.8994359970092773, -0.32335835695266724
146, 8.830079078674316, 2.8994359970092773, -0.4427456259727478
147, 9.04973030090332, 2.8994359970092773, -0.5621328949928284
148, 9.269381523132324, 2.8994359970092773, -0.6815201640129089
149, 9.489032745361328, 2.8994359970092773, -0.8009074330329895
150, 9.489032745361328, 2.8994359970092773, -0.8009074330329895
151, 9.7389497756958, 2.8994359970092773, -0.7944742441177368
152, 9.988866806030273, 2.8994359970092773, -0.7880409955978394
153, 9.988866806030273, 2.8994359970092773, -0.7880409955978394
154, 9.988866806030273, 2.8994359970092773, -0.7880409955978394
155, 9.988866806030273, 2.8994359970092773, -0.7880409955978394
156, 9.99530029296875, 2.8994359970092773, -1.0379581451416016
157, 9.99530029296875, 2.8994359970092773, -1.0379581451416016
158, 9.99530029296875, 2.8994359970092773, -1.0379581451416016
159, 10.214951515197754, 2.8994359970092773, -1.1573454141616821
160, 10.214951515197754, 2.8994359970092773, -1.1573454141616821
161, 10.464868545532227, 2.8994359970092773, -1.1509121656417847
162, 10.7147855758667, 2.8994359970092773, -1.1444789171218872
163, 10.964702606201172, 2.8994359970092773, -1.1380456686019897
164, 11.214619636535645, 2.8994359970092773, -1.1316124200820923
165, 11.214619636535645, 2.8994359970092773, -1.1316124200820923
166, 11.427837371826172, 2.8994359970092773, -1.001082420349121
167, 11.6410551071167, 2.8994359970092773, -0.8705524802207947
168, 11.854272842407227, 2.8994359970092773, -0.7400225400924683
169, 11.854272842407227, 2.8994359970092773, -0.7400225400924683
170, 11.854272842407227, 2.8994359970092773, -0.7400225400924683
171, 11.854272842407227, 2.8994359970092773, -0.7400225400924683
172, 11.854272842407227, 2.8994359970092773, -0.7400225400924683
173, 11.854272842407227, 2.8994359970092773, -0.7400225400924683
174, 11.854272842407227, 2.8994359970092773, -0.7400225400924683
175, 11.634621620178223, 2.8994359970092773, -0.6206352710723877
176, 11.634621620178223, 2.8994359970092773, -0.6206352710723877
177, 11.38470458984375, 2.8994359970092773, -0.6270685195922852
178, 11.134787559509277, 2.8994359970092773, -0.6335017681121826
179, 10.884870529174805, 2.8994359970092773, -0.6399350166320801
180, 10.634953498840332, 2.8994359970092773, -0.6463682651519775
181, 10.38503646850586, 2.8994359970092773, -0.652801513671875
182, 10.38503646850586, 2.8994359970092773, -0.652801513671875
183, 10.165385246276855, 2.8994359970092773, -0.5334142446517944
184, 9.945734024047852, 2.8994359970092773, -0.41402697563171387
185, 9.726082801818848, 2.8994359970092773, -0.2946397066116333
186, 9.726082801818848, 2.8994359970092773, -0.2946397066116333
187, 9.726082801818848, 2.8994359970092773, -0.2946397066116333
188, 9.726082801818848, 2.8994359970092773, -0.2946397066116333
189, 9.726082801818848, 2.8994359970092773, -0.2946397066116333
190, 9.726082801818848, 2.8994359970092773, -0.2946397066116333
191, 9.726082801818848, 2.8994359970092773, -0.2946397066116333
192, 9.945734024047852, 2.8994359970092773, -0.41402697563171387
193, 10.165385246276855, 2.8994359970092773, -0.5334142446517944
194, 10.38503646850586, 2.8994359970092773, -0.652801513671875
195, 10.604687690734863, 2.8994359970092773, -0.7721887826919556
196, 10.604687690734863, 2.8994359970092773, -0.7721887826919556
197, 10.854604721069336, 2.8994359970092773, -0.7657555341720581
198, 11.104521751403809, 2.8994359970092773, -0.7593222856521606
199, 11.354438781738281, 2.8994359970092773, -0.7528890371322632
200, 11.604355812072754, 2.8994359970092773, -0.7464557886123657
201, 11.854272842407227, 2.8994359970092773, -0.7400225400924683
202, 12.1041898727417, 2.8994359970092773, -0.7335892915725708
203, 12.354106903076172, 2.8994359970092773, -0.7271560430526733
204, 12.354106903076172, 2.8994359970092773, -0.7271560430526733
205, 12.573758125305176, 2.8994359970092773, -0.8465433120727539
206, 12.573758125305176, 2.8994359970092773, -0.8465433120727539
207, 12.573758125305176, 2.8994359970092773, -0.8465433120727539
208, 12.573758125305176, 2.8994359970092773, -0.8465433120727539
209, 12.823675155639648, 2.8994359970092773, -0.8401100635528564
210, 13.073592185974121, 2.8994359970092773, -0.833676815032959
211, 13.073592185974121, 2.8994359970092773, -0.833676815032959
212, 13.286809921264648, 2.8994359970092773, -0.7031468749046326
213, 13.286809921264648, 2.8994359970092773, -0.7031468749046326
214, 13.286809921264648, 2.8994359970092773, -0.7031468749046326
215, 13.500027656555176, 2.8994359970092773, -0.5726169347763062
216, 13.500027656555176, 2.8994359970092773, -0.5726169347763062
217, 13.500027656555176, 2.8994359970092773, -0.5726169347763062
218, 2.1943359375, 2.8994359970092773, -0.8306273221969604
