1, 6.000063419342041, 2.8239920139312744, 0.8071935772895813
2, 6.000063419342041, 2.8239920139312744, 0.8071935772895813
3, 6.000063419342041, 2.8239920139312744, 0.8071935772895813
4, 6.000063419342041, 2.8239920139312744, 0.8071935772895813
5, 6.000063419342041, 2.8239920139312744, 0.8071935772895813
6, 6.000063419342041, 2.8239920139312744, 0.8071935772895813
7, 6.000063419342041, 2.8239920139312744, 0.8071935772895813
8, 6.000063419342041, 2.8239920139312744, 0.8071935772895813
9, 6.000063419342041, 2.8239920139312744, 0.8071935772895813
10, 6.000063419342041, 2.8239920139312744, 0.8071935772895813
11, 6.000063419342041, 2.8239920139312744, 0.8071935772895813
12, 6.000063419342041, 2.8239920139312744, 0.8071935772895813
13, 6.000063419342041, 2.8239920139312744, 0.8071935772895813
14, 6.000063419342041, 2.8239920139312744, 0.8071935772895813
15, 5.940479278564453, 2.8239920139312744, 0.564397931098938
16, 5.880895137786865, 2.8239920139312744, 0.3216022849082947
17, 5.821310997009277, 2.8239920139312744, 0.07880665361881256
18, 5.7617268562316895, 2.8239920139312744, -0.16398897767066956
19, 5.7617268562316895, 2.8239920139312744, -0.16398897767066956
20, 5.5887274742126465, 2.8239920139312744, -0.3444640338420868
21, 5.4157280921936035, 2.8239920139312744, -0.5249390602111816
22, 5.2427287101745605, 2.8239920139312744, -0.7054141163825989
23, 5.2427287101745605, 2.8239920139312744, -0.7054141163825989
24, 5.002669334411621, 2.8239920139312744, -0.7752103805541992
25, 4.762609958648682, 2.8239920139312744, -0.8450067043304443
26, 4.522550582885742, 2.8239920139312744, -0.9148030281066895
27, 4.282491207122803, 2.8239920139312744, -0.9845993518829346
28, 4.042431831359863, 2.8239920139312744, -1.0543956756591797
29, 4.042431831359863, 2.8239920139312744, -1.0543956756591797
30, 3.799636125564575, 2.8239920139312744, -0.9948114156723022
31, 3.556840419769287, 2.8239920139312744, -0.9352271556854248
32, 3.314044713973999, 2.8239920139312744, -0.8756428956985474
33, 3.071249008178711, 2.8239920139312744, -0.8160586357116699
34, 3.071249008178711, 2.8239920139312744, -0.8160586357116699
35, 2.994272232055664, 2.8239920139312744, -0.7422703504562378
36, 2.994272232055664, 2.8239920139312744, -0.7422703504562378
37, 2.994272232055664, 2.8239920139312744, -0.7422703504562378
38, 2.994272232055664, 2.8239920139312744, -0.7422703504562378
39, 2.7542128562927246, 2.8239920139312744, -0.8120666742324829
40, 2.7542128562927246, 2.8239920139312744, -0.8120666742324829
41, 2.7542128562927246, 2.8239920139312744, -0.8120666742324829
42, 2.7542128562927246, 2.8239920139312744, -0.8120666742324829
43, 2.6844165325164795, 2.8239920139312744, -0.572007417678833
44, 2.6146202087402344, 2.8239920139312744, -0.3319481313228607
45, 2.6146202087402344, 2.8239920139312744, -0.3319481313228607
46, 2.434145212173462, 2.8239920139312744, -0.1589488387107849
47, 2.2536702156066895, 2.8239920139312744, 0.014050453901290894
48, 2.073195219039917, 2.8239920139312744, 0.1870497465133667
49, 1.892720103263855, 2.8239920139312744, 0.3600490391254425
50, 1.892720103263855, 2.8239920139312744, 0.3600490391254425
51, 1.8229237794876099, 2.8239920139312744, 0.6001083254814148
52, 1.8229237794876099, 2.8239920139312744, 0.6001083254814148
53, 1.8229237794876099, 2.8239920139312744, 0.6001083254814148
54, 1.8229237794876099, 2.8239920139312744, 0.6001083254814148
55, 1.8229237794876099, 2.8239920139312744, 0.6001083254814148
56, 1.8229237794876099, 2.8239920139312744, 0.6001083254814148
57, 2.003398895263672, 2.8239920139312744, 0.4271090626716614
58, 2.1838738918304443, 2.8239920139312744, 0.25410979986190796
59, 2.364348888397217, 2.8239920139312744, 0.08111055195331573
60, 2.364348888397217, 2.8239920139312744, 0.08111055195331573
61, 2.434145212173462, 2.8239920139312744, -0.15894873440265656
62, 2.503941535949707, 2.8239920139312744, -0.39900803565979004
63, 2.503941535949707, 2.8239920139312744, -0.39900803565979004
64, 2.6844165325164795, 2.8239920139312744, -0.5720072984695435
65, 2.864891529083252, 2.8239920139312744, -0.7450065612792969
66, 3.0453665256500244, 2.8239920139312744, -0.9180058240890503
67, 3.0453665256500244, 2.8239920139312744, -0.9180058240890503
68, 3.2881622314453125, 2.8239920139312744, -0.9775899648666382
69, 3.2881622314453125, 2.8239920139312744, -0.9775899648666382
70, 3.528221607208252, 2.8239920139312744, -0.9077935814857483
71, 3.7682809829711914, 2.8239920139312744, -0.8379971981048584
72, 4.008340358734131, 2.8239920139312744, -0.7682008147239685
73, 4.008340358734131, 2.8239920139312744, -0.7682008147239685
74, 4.008340358734131, 2.8239920139312744, -0.7682008147239685
75, 4.008340358734131, 2.8239920139312744, -0.7682008147239685
76, 4.008340358734131, 2.8239920139312744, -0.7682008147239685
77, 4.008340358734131, 2.8239920139312744, -0.7682008147239685
78, 4.25113582611084, 2.8239920139312744, -0.8277849555015564
79, 4.493931293487549, 2.8239920139312744, -0.8873690962791443
80, 4.736726760864258, 2.8239920139312744, -0.9469532370567322
81, 4.736726760864258, 2.8239920139312744, -0.9469532370567322
82, 4.976786136627197, 2.8239920139312744, -0.8771568536758423
83, 4.976786136627197, 2.8239920139312744, -0.8771568536758423
84, 5.14978551864624, 2.8239920139312744, -0.6966817378997803
85, 5.14978551864624, 2.8239920139312744, -0.6966817378997803
86, 5.14978551864624, 2.8239920139312744, -0.6966817378997803
87, 5.14978551864624, 2.8239920139312744, -0.6966817378997803
88, 5.14978551864624, 2.8239920139312744, -0.6966817378997803
89, 5.14978551864624, 2.8239920139312744, -0.6966817378997803
90, 4.909726142883301, 2.8239920139312744, -0.7664781212806702
91, 4.669666767120361, 2.8239920139312744, -0.8362745046615601
92, 4.669666767120361, 2.8239920139312744, -0.8362745046615601
93, 4.426871299743652, 2.8239920139312744, -0.7766902446746826
94, 4.426871299743652, 2.8239920139312744, -0.7766902446746826
95, 4.186811923980713, 2.8239920139312744, -0.8464866280555725
96, 4.186811923980713, 2.8239920139312744, -0.8464866280555725
97, 4.01381254196167, 2.8239920139312744, -1.0269616842269897
98, 4.01381254196167, 2.8239920139312744, -1.0269616842269897
99, 3.7737531661987305, 2.8239920139312744, -1.0967581272125244
100, 3.7737531661987305, 2.8239920139312744, -1.0967581272125244
101, 3.5309574604034424, 2.8239920139312744, -1.037173867225647
102, 3.2881617546081543, 2.8239920139312744, -0.9775896072387695
103, 3.045366048812866, 2.8239920139312744, -0.9180053472518921
104, 3.045366048812866, 2.8239920139312744, -0.9180053472518921
105, 2.8648908138275146, 2.8239920139312744, -0.7450060844421387
106, 2.684415578842163, 2.8239920139312744, -0.5720068216323853
107, 2.684415578842163, 2.8239920139312744, -0.5720068216323853
108, 2.614619255065918, 2.8239920139312744, -0.3319474756717682
109, 2.614619255065918, 2.8239920139312744, -0.3319474756717682
110, 2.614619255065918, 2.8239920139312744, -0.3319474756717682
111, 2.614619255065918, 2.8239920139312744, -0.3319474756717682
112, 2.614619255065918, 2.8239920139312744, -0.3319474756717682
113, 2.614619255065918, 2.8239920139312744, -0.3319474756717682
114, 2.614619255065918, 2.8239920139312744, -0.3319474756717682
115, 2.684415578842163, 2.8239920139312744, -0.5720067620277405
116, 2.684415578842163, 2.8239920139312744, -0.5720067620277405
117, 2.8648905754089355, 2.8239920139312744, -0.7450059652328491
118, 3.045365810394287, 2.8239920139312744, -0.9180052280426025
119, 3.045365810394287, 2.8239920139312744, -0.9180052280426025
120, 3.288161516189575, 2.8239920139312744, -0.9775893688201904
121, 3.288161516189575, 2.8239920139312744, -0.9775893688201904
122, 3.5282208919525146, 2.8239920139312744, -0.9077929258346558
123, 3.768280267715454, 2.8239920139312744, -0.8379964828491211
124, 4.0083394050598145, 2.8239920139312744, -0.7682000398635864
125, 4.0083394050598145, 2.8239920139312744, -0.7682000398635864
126, 4.181338787078857, 2.8239920139312744, -0.5877249240875244
127, 4.181338787078857, 2.8239920139312744, -0.5877249240875244
128, 4.181338787078857, 2.8239920139312744, -0.5877249240875244
129, 4.181338787078857, 2.8239920139312744, -0.5877249240875244
130, 4.181338787078857, 2.8239920139312744, -0.5877249240875244
131, 4.181338787078857, 2.8239920139312744, -0.5877249240875244
132, 4.181338787078857, 2.8239920139312744, -0.5877249240875244
133, 4.0083394050598145, 2.8239920139312744, -0.7682000398635864
134, 4.0083394050598145, 2.8239920139312744, -0.7682000398635864
135, 3.768280029296875, 2.8239920139312744, -0.8379964232444763
136, 3.5282206535339355, 2.8239920139312744, -0.9077928066253662
137, 3.5282206535339355, 2.8239920139312744, -0.9077928066253662
138, 3.2854249477386475, 2.8239920139312744, -0.8482085466384888
139, 3.0426292419433594, 2.8239920139312744, -0.7886242866516113
140, 2.7998335361480713, 2.8239920139312744, -0.7290400266647339
141, 2.7998335361480713, 2.8239920139312744, -0.7290400266647339
142, 2.6193583011627197, 2.8239920139312744, -0.5560407638549805
143, 2.6193583011627197, 2.8239920139312744, -0.5560407638549805
144, 2.5495619773864746, 2.8239920139312744, -0.3159814178943634
145, 2.4797656536102295, 2.8239920139312744, -0.07592207193374634
146, 2.4797656536102295, 2.8239920139312744, -0.07592207193374634
147, 2.299290657043457, 2.8239920139312744, 0.09707716107368469
148, 2.1188154220581055, 2.8239920139312744, 0.2700763940811157
149, 2.1188154220581055, 2.8239920139312744, 0.2700763940811157
150, 2.0490190982818604, 2.8239920139312744, 0.5101356506347656
151, 2.0490190982818604, 2.8239920139312744, 0.5101356506347656
152, 2.0490190982818604, 2.8239920139312744, 0.5101356506347656
153, 2.0490190982818604, 2.8239920139312744, 0.5101356506347656
154, 2.0490190982818604, 2.8239920139312744, 0.5101356506347656
155, 2.0490190982818604, 2.8239920139312744, 0.5101356506347656
156, 2.229494333267212, 2.8239920139312744, 0.3371364176273346
157, 2.229494333267212, 2.8239920139312744, 0.3371364176273346
158, 2.299290657043457, 2.8239920139312744, 0.0970771312713623
159, 2.299290657043457, 2.8239920139312744, 0.0970771312713623
160, 2.4797658920288086, 2.8239920139312744, -0.07592210173606873
161, 2.4797658920288086, 2.8239920139312744, -0.07592210173606873
162, 2.5495622158050537, 2.8239920139312744, -0.315981388092041
163, 2.619358539581299, 2.8239920139312744, -0.5560406446456909
164, 2.619358539581299, 2.8239920139312744, -0.5560406446456909
165, 2.7998337745666504, 2.8239920139312744, -0.7290398478507996
166, 2.980309009552002, 2.8239920139312744, -0.9020390510559082
167, 2.980309009552002, 2.8239920139312744, -0.9020390510559082
168, 2.980309009552002, 2.8239920139312744, -0.9020390510559082
169, 2.980309009552002, 2.8239920139312744, -0.9020390510559082
170, 3.22310471534729, 2.8239920139312744, -0.9616231918334961
171, 3.22310471534729, 2.8239920139312744, -0.9616231918334961
172, 3.4631640911102295, 2.8239920139312744, -0.8918267488479614
173, 3.703223466873169, 2.8239920139312744, -0.8220303058624268
174, 3.9432828426361084, 2.8239920139312744, -0.7522338628768921
175, 4.183341979980469, 2.8239920139312744, -0.6824374198913574
176, 4.183341979980469, 2.8239920139312744, -0.6824374198913574
177, 4.183341979980469, 2.8239920139312744, -0.6824374198913574
178, 4.183341979980469, 2.8239920139312744, -0.6824374198913574
179, 4.183341979980469, 2.8239920139312744, -0.6824374198913574
180, 4.183341979980469, 2.8239920139312744, -0.6824374198913574
181, 4.183341979980469, 2.8239920139312744, -0.6824374198913574
182, 3.9432826042175293, 2.8239920139312744, -0.7522338628768921
183, 3.70322322845459, 2.8239920139312744, -0.8220303058624268
184, 3.4631638526916504, 2.8239920139312744, -0.8918267488479614
185, 3.4631638526916504, 2.8239920139312744, -0.8918267488479614
186, 3.2203681468963623, 2.8239920139312744, -0.8322426080703735
187, 2.977572441101074, 2.8239920139312744, -0.7726584672927856
188, 2.734776735305786, 2.8239920139312744, -0.7130743265151978
189, 2.734776735305786, 2.8239920139312744, -0.7130743265151978
190, 2.734776735305786, 2.8239920139312744, -0.7130743265151978
191, 2.664980411529541, 2.8239920139312744, -0.47301504015922546
192, 2.595184087753296, 2.8239920139312744, -0.23295575380325317
193, 2.595184087753296, 2.8239920139312744, -0.23295575380325317
194, 2.595184087753296, 2.8239920139312744, -0.23295575380325317
195, 2.595184087753296, 2.8239920139312744, -0.23295575380325317
196, 2.4147088527679443, 2.8239920139312744, -0.059956520795822144
197, 2.2342336177825928, 2.8239920139312744, 0.11304271221160889
198, 2.053758382797241, 2.8239920139312744, 0.2860419452190399
199, 2.053758382797241, 2.8239920139312744, 0.2860419452190399
200, 2.053758382797241, 2.8239920139312744, 0.2860419452190399
201, 2.053758382797241, 2.8239920139312744, 0.2860419452190399
202, 2.053758382797241, 2.8239920139312744, 0.2860419452190399
203, 2.053758382797241, 2.8239920139312744, 0.2860419452190399
204, 2.053758382797241, 2.8239920139312744, 0.2860419452190399
205, 2.2342333793640137, 2.8239920139312744, 0.11304271221160889
206, 2.414708375930786, 2.8239920139312744, -0.059956520795822144
207, 2.414708375930786, 2.8239920139312744, -0.059956520795822144
208, 2.4845046997070312, 2.8239920139312744, -0.30001580715179443
209, 2.5543010234832764, 2.8239920139312744, -0.5400750637054443
210, 2.5543010234832764, 2.8239920139312744, -0.5400750637054443
211, 2.734776258468628, 2.8239920139312744, -0.713074266910553
212, 2.9152514934539795, 2.8239920139312744, -0.8860734701156616
213, 2.9152514934539795, 2.8239920139312744, -0.8860734701156616
214, 2.9152514934539795, 2.8239920139312744, -0.8860734701156616
215, 2.9152514934539795, 2.8239920139312744, -0.8860734701156616
216, 3.1580471992492676, 2.8239920139312744, -0.9456576108932495
217, 3.1580471992492676, 2.8239920139312744, -0.9456576108932495
218, 3.398106575012207, 2.8239920139312744, -0.8758611679077148
219, 3.6381659507751465, 2.8239920139312744, -0.8060647249221802
220, 3.878225326538086, 2.8239920139312744, -0.7362682819366455
221, 4.015640735626221, 2.8239920139312744, -0.6963152289390564
222, 4.015640735626221, 2.8239920139312744, -0.6963152289390564
223, 4.015640735626221, 2.8239920139312744, -0.6963152289390564
224, 4.015640735626221, 2.8239920139312744, -0.6963152289390564
225, 4.015640735626221, 2.8239920139312744, -0.6963152289390564
226, 4.015640735626221, 2.8239920139312744, -0.6963152289390564
227, 4.25843620300293, 2.8239920139312744, -0.7558993697166443
228, 4.25843620300293, 2.8239920139312744, -0.7558993697166443
229, 4.25843620300293, 2.8239920139312744, -0.7558993697166443
230, 4.25843620300293, 2.8239920139312744, -0.7558993697166443
231, 4.25843620300293, 2.8239920139312744, -0.7558993697166443
232, 4.25843620300293, 2.8239920139312744, -0.7558993697166443
233, 4.25843620300293, 2.8239920139312744, -0.7558993697166443
234, 4.25843620300293, 2.8239920139312744, -0.7558993697166443
235, 4.01837682723999, 2.8239920139312744, -0.8256957530975342
236, 3.778317451477051, 2.8239920139312744, -0.8954921364784241
237, 3.5382580757141113, 2.8239920139312744, -0.965288519859314
238, 3.5382580757141113, 2.8239920139312744, -0.965288519859314
239, 3.2954623699188232, 2.8239920139312744, -0.9057042598724365
240, 3.052666664123535, 2.8239920139312744, -0.8461199998855591
241, 2.809870958328247, 2.8239920139312744, -0.7865357398986816
242, 2.809870958328247, 2.8239920139312744, -0.7865357398986816
243, 2.6293957233428955, 2.8239920139312744, -0.6135364770889282
244, 2.6293957233428955, 2.8239920139312744, -0.6135364770889282
245, 2.5595993995666504, 2.8239920139312744, -0.37347713112831116
246, 2.5595993995666504, 2.8239920139312744, -0.37347713112831116
247, 2.6191835403442383, 2.8239920139312744, -0.13068145513534546
248, 3.844099760055542, -2.576007843017578, -1.6931655406951904
