1, -3.866018295288086, -0.2970333993434906, 3.1823205947875977
2, -3.866018295288086, -0.2970333993434906, 3.1823205947875977
3, -3.866018295288086, -0.2970333993434906, 3.1823205947875977
4, -3.866018295288086, -0.2970333993434906, 3.1823205947875977
5, -3.866018295288086, -0.2970333993434906, 3.1823205947875977
6, -3.866018295288086, -0.2970333993434906, 3.1823205947875977
7, -3.866018295288086, -0.2970333993434906, 3.1823205947875977
8, -3.866018295288086, -0.2970333993434906, 3.1823205947875977
9, -3.866018295288086, -0.2970333993434906, 3.1823205947875977
10, -3.866018295288086, -0.2970333993434906, 3.1823205947875977
11, -3.866018295288086, -0.2970333993434906, 3.1823205947875977
12, -3.866018295288086, -0.2970333993434906, 3.1823205947875977
13, -3.866018295288086, -0.2970333993434906, 3.1823205947875977
14, -3.866018295288086, -0.2970333993434906, 3.1823205947875977
15, -3.866018295288086, -0.2970333993434906, 3.1823205947875977
16, -3.866018295288086, -0.2970333993434906, 3.1823205947875977
17, -3.866018295288086, -0.2970333993434906, 3.1823205947875977
18, -3.7895419597625732, -0.13443702459335327, 2.944305181503296
19, -3.7130656242370605, -0.06503765285015106, 2.706289768218994
20, -3.7130656242370605, -0.06503765285015106, 2.706289768218994
21, -3.765842914581299, 0.01178094744682312, 2.4619240760803223
22, -3.765842914581299, 0.01178094744682312, 2.4619240760803223
23, -3.689366579055786, 0.01920294761657715, 2.2239086627960205
24, -3.689366579055786, 0.01920294761657715, 2.2239086627960205
25, -3.689366579055786, 0.01920294761657715, 2.2239086627960205
26, -3.689366579055786, 0.01920294761657715, 2.2239086627960205
27, -3.689366579055786, 0.01920294761657715, 2.2239086627960205
28, -3.689366579055786, 0.01920294761657715, 2.2239086627960205
29, -3.5041284561157227, 0.01920294761657715, 2.0560193061828613
30, -3.318890333175659, 0.01920294761657715, 1.8881299495697021
31, -3.1336522102355957, 0.01920294761657715, 1.720240592956543
32, -2.9484140872955322, 0.01920294761657715, 1.5523512363433838
33, -2.7631759643554688, 0.01920294761657715, 1.3844618797302246
34, -2.7631759643554688, 0.01920294761657715, 1.3844618797302246
35, -2.7631759643554688, 0.01920294761657715, 1.3844618797302246
36, -2.7631759643554688, 0.01920294761657715, 1.3844618797302246
37, -2.7631759643554688, 0.01920294761657715, 1.3844618797302246
38, -2.7631759643554688, 0.01920294761657715, 1.3844618797302246
39, -2.7631759643554688, 0.01920294761657715, 1.3844618797302246
40, -2.7631759643554688, 0.01920294761657715, 1.3844618797302246
41, -2.7631759643554688, 0.01920294761657715, 1.3844618797302246
42, -2.7631759643554688, 0.01920294761657715, 1.3844618797302246
43, -2.7631759643554688, 0.01920294761657715, 1.3844618797302246
44, -2.7631759643554688, 0.01920294761657715, 1.3844618797302246
45, -2.7631759643554688, 0.01920294761657715, 1.3844618797302246
46, -2.7631759643554688, 0.01920294761657715, 1.3844618797302246
47, -2.7631759643554688, 0.01920294761657715, 1.3844618797302246
48, -2.7631759643554688, 0.01920294761657715, 1.3844618797302246
49, -2.7631759643554688, 0.01920294761657715, 1.3844618797302246
50, -2.7631759643554688, 0.01920294761657715, 1.3844618797302246
51, -2.7631759643554688, 0.01920294761657715, 1.3844618797302246
52, -2.7631759643554688, 0.01920294761657715, 1.3844618797302246
53, -2.7631759643554688, 0.01920294761657715, 1.3844618797302246
54, -2.7631759643554688, 0.01920294761657715, 1.3844618797302246
55, -2.7631759643554688, 0.01920294761657715, 1.3844618797302246
56, -2.7631759643554688, 0.01920294761657715, 1.3844618797302246
57, -2.7631759643554688, 0.01920294761657715, 1.3844618797302246
58, -2.7631759643554688, 0.01920294761657715, 1.3844618797302246
59, -2.7631759643554688, 0.01920294761657715, 1.3844618797302246
60, -2.7631759643554688, 0.01920294761657715, 1.3844618797302246
61, -2.7631759643554688, 0.01920294761657715, 1.3844618797302246
62, -2.7631759643554688, 0.01920294761657715, 1.3844618797302246
63, -2.7631759643554688, 0.01920294761657715, 1.3844618797302246
64, -2.7631759643554688, 0.01920294761657715, 1.3844618797302246
65, -2.7631759643554688, 0.01920294761657715, 1.3844618797302246
66, -2.7631759643554688, 0.01920294761657715, 1.3844618797302246
67, -2.7631759643554688, 0.01920294761657715, 1.3844618797302246
68, -2.7631759643554688, 0.01920294761657715, 1.3844618797302246
69, -2.7631759643554688, 0.01920294761657715, 1.3844618797302246
70, -2.7631759643554688, 0.01920294761657715, 1.3844618797302246
71, -2.7631759643554688, 0.01920294761657715, 1.3844618797302246
72, -2.7631759643554688, 0.01920294761657715, 1.3844618797302246
73, -2.7631759643554688, 0.01920294761657715, 1.3844618797302246
74, -2.7631759643554688, 0.01920294761657715, 1.3844618797302246
75, -2.7631759643554688, 0.01920294761657715, 1.3844618797302246
76, -2.7631759643554688, 0.01920294761657715, 1.3844618797302246
77, -2.7631759643554688, 0.01920294761657715, 1.3844618797302246
78, -2.7631759643554688, 0.01920294761657715, 1.3844618797302246
79, -2.7631759643554688, 0.01920294761657715, 1.3844618797302246
80, -2.7631759643554688, 0.01920294761657715, 1.3844618797302246
81, -2.7631759643554688, 0.01920294761657715, 1.3844618797302246
82, -2.7631759643554688, 0.01920294761657715, 1.3844618797302246
83, -2.7631759643554688, 0.01920294761657715, 1.3844618797302246
84, -2.7631759643554688, 0.01920294761657715, 1.3844618797302246
85, -2.7631759643554688, 0.01920294761657715, 1.3844618797302246
86, -2.7631759643554688, 0.01920294761657715, 1.3844618797302246
87, -2.7631759643554688, 0.01920294761657715, 1.3844618797302246
88, -2.7631759643554688, 0.01920294761657715, 1.3844618797302246
89, -2.7631759643554688, 0.01920294761657715, 1.3844618797302246
90, -2.7631759643554688, 0.01920294761657715, 1.3844618797302246
91, -2.7631759643554688, 0.01920294761657715, 1.3844618797302246
92, -2.7631759643554688, 0.01920294761657715, 1.3844618797302246
93, -2.7631759643554688, 0.01920294761657715, 1.3844618797302246
94, -2.7631759643554688, 0.01920294761657715, 1.3844618797302246
95, -2.7631759643554688, 0.01920294761657715, 1.3844618797302246
96, -2.7631759643554688, 0.01920294761657715, 1.3844618797302246
97, -2.7631759643554688, 0.01920294761657715, 1.3844618797302246
98, -2.7631759643554688, 0.01920294761657715, 1.3844618797302246
99, -2.7631759643554688, 0.01920294761657715, 1.3844618797302246
100, -2.7631759643554688, 0.01920294761657715, 1.3844618797302246
101, -2.7631759643554688, 0.01920294761657715, 1.3844618797302246
102, -2.7631759643554688, 0.01920294761657715, 1.3844618797302246
103, -2.7631759643554688, 0.01920294761657715, 1.3844618797302246
104, -2.7631759643554688, 0.01920294761657715, 1.3844618797302246
105, -2.7631759643554688, 0.01920294761657715, 1.3844618797302246
106, -2.7631759643554688, 0.01920294761657715, 1.3844618797302246
107, -2.7631759643554688, 0.01920294761657715, 1.3844618797302246
108, -2.7631759643554688, 0.01920294761657715, 1.3844618797302246
109, -2.7631759643554688, 0.01920294761657715, 1.3844618797302246
110, -2.7631759643554688, 0.01920294761657715, 1.3844618797302246
111, -2.7631759643554688, 0.01920294761657715, 1.3844618797302246
112, -2.7631759643554688, 0.01920294761657715, 1.3844618797302246
113, -2.7631759643554688, 0.01920294761657715, 1.3844618797302246
114, -2.7631759643554688, 0.01920294761657715, 1.3844618797302246
115, -2.7631759643554688, 0.01920294761657715, 1.3844618797302246
116, -2.7631759643554688, 0.01920294761657715, 1.3844618797302246
117, -2.7631759643554688, 0.01920294761657715, 1.3844618797302246
118, -2.7631759643554688, 0.01920294761657715, 1.3844618797302246
119, -2.7631759643554688, 0.01920294761657715, 1.3844618797302246
120, -2.7631759643554688, 0.01920294761657715, 1.3844618797302246
121, -2.7631759643554688, 0.01920294761657715, 1.3844618797302246
122, -2.7631759643554688, 0.01920294761657715, 1.3844618797302246
123, -2.7631759643554688, 0.01920294761657715, 1.3844618797302246
124, -2.7631759643554688, 0.01920294761657715, 1.3844618797302246
125, -2.7631759643554688, 0.01920294761657715, 1.3844618797302246
126, -2.7631759643554688, 0.01920294761657715, 1.3844618797302246
127, -2.7631759643554688, 0.01920294761657715, 1.3844618797302246
128, -2.7631759643554688, 0.01920294761657715, 1.3844618797302246
129, -2.7631759643554688, 0.01920294761657715, 1.3844618797302246
130, -2.7631759643554688, 0.01920294761657715, 1.3844618797302246
131, -2.7631759643554688, 0.01920294761657715, 1.3844618797302246
132, -2.7631759643554688, 0.01920294761657715, 1.3844618797302246
133, -2.7631759643554688, 0.01920294761657715, 1.3844618797302246
134, -2.7631759643554688, 0.01920294761657715, 1.3844618797302246
135, -2.7631759643554688, 0.01920294761657715, 1.3844618797302246
136, -2.7631759643554688, 0.01920294761657715, 1.3844618797302246
137, -2.7631759643554688, 0.01920294761657715, 1.3844618797302246
138, -2.7631759643554688, 0.01920294761657715, 1.3844618797302246
139, -2.7631759643554688, 0.01920294761657715, 1.3844618797302246
140, -2.7631759643554688, 0.01920294761657715, 1.3844618797302246
141, -2.7631759643554688, 0.01920294761657715, 1.3844618797302246
142, -2.7631759643554688, 0.01920294761657715, 1.3844618797302246
143, -2.7631759643554688, 0.01920294761657715, 1.3844618797302246
144, -2.7631759643554688, 0.01920294761657715, 1.3844618797302246
145, -2.7631759643554688, 0.01920294761657715, 1.3844618797302246
146, -2.7631759643554688, 0.01920294761657715, 1.3844618797302246
147, -2.7631759643554688, 0.01920294761657715, 1.3844618797302246
148, -2.7631759643554688, 0.01920294761657715, 1.3844618797302246
149, -2.7631759643554688, 0.01920294761657715, 1.3844618797302246
150, -2.7631759643554688, 0.01920294761657715, 1.3844618797302246
151, -2.7631759643554688, 0.01920294761657715, 1.3844618797302246
152, -2.7631759643554688, 0.01920294761657715, 1.3844618797302246
153, -2.7631759643554688, 0.01920294761657715, 1.3844618797302246
154, -2.7631759643554688, 0.01920294761657715, 1.3844618797302246
155, -2.7631759643554688, 0.01920294761657715, 1.3844618797302246
156, -2.7631759643554688, 0.01920294761657715, 1.3844618797302246
157, -2.7631759643554688, 0.01920294761657715, 1.3844618797302246
158, -2.7631759643554688, 0.01920294761657715, 1.3844618797302246
159, -2.7631759643554688, 0.01920294761657715, 1.3844618797302246
160, -2.7631759643554688, 0.01920294761657715, 1.3844618797302246
161, -2.7631759643554688, 0.01920294761657715, 1.3844618797302246
162, -2.7631759643554688, 0.01920294761657715, 1.3844618797302246
163, -2.7631759643554688, 0.01920294761657715, 1.3844618797302246
164, -2.7631759643554688, 0.01920294761657715, 1.3844618797302246
165, -2.7631759643554688, 0.01920294761657715, 1.3844618797302246
166, -2.7631759643554688, 0.01920294761657715, 1.3844618797302246
167, -2.7631759643554688, 0.01920294761657715, 1.3844618797302246
168, -2.7631759643554688, 0.01920294761657715, 1.3844618797302246
169, -2.7631759643554688, 0.01920294761657715, 1.3844618797302246
170, -2.7631759643554688, 0.01920294761657715, 1.3844618797302246
171, -2.7631759643554688, 0.01920294761657715, 1.3844618797302246
172, -2.7631759643554688, 0.01920294761657715, 1.3844618797302246
173, -2.7631759643554688, 0.01920294761657715, 1.3844618797302246
174, -2.7631759643554688, 0.01920294761657715, 1.3844618797302246
175, -2.7631759643554688, 0.01920294761657715, 1.3844618797302246
176, -2.7631759643554688, 0.01920294761657715, 1.3844618797302246
177, -2.7631759643554688, 0.01920294761657715, 1.3844618797302246
178, -2.7631759643554688, 0.01920294761657715, 1.3844618797302246
179, -2.7631759643554688, 0.01920294761657715, 1.3844618797302246
180, -2.7631759643554688, 0.01920294761657715, 1.3844618797302246
181, -2.7631759643554688, 0.01920294761657715, 1.3844618797302246
182, -2.7631759643554688, 0.01920294761657715, 1.3844618797302246
183, -2.7631759643554688, 0.01920294761657715, 1.3844618797302246
184, -2.7631759643554688, 0.01920294761657715, 1.3844618797302246
185, -2.7631759643554688, 0.01920294761657715, 1.3844618797302246
186, -2.7631759643554688, 0.01920294761657715, 1.3844618797302246
187, -2.7631759643554688, 0.01920294761657715, 1.3844618797302246
188, -2.7631759643554688, 0.01920294761657715, 1.3844618797302246
189, -2.7631759643554688, 0.01920294761657715, 1.3844618797302246
190, -2.7631759643554688, 0.01920294761657715, 1.3844618797302246
191, -2.7631759643554688, 0.01920294761657715, 1.3844618797302246
192, -2.7631759643554688, 0.01920294761657715, 1.3844618797302246
193, -2.7631759643554688, 0.01920294761657715, 1.3844618797302246
194, -2.7631759643554688, 0.01920294761657715, 1.3844618797302246
195, -2.7631759643554688, 0.01920294761657715, 1.3844618797302246
196, -2.7631759643554688, 0.01920294761657715, 1.3844618797302246
197, -2.7631759643554688, 0.01920294761657715, 1.3844618797302246
198, -2.7631759643554688, 0.01920294761657715, 1.3844618797302246
199, -2.7631759643554688, 0.01920294761657715, 1.3844618797302246
200, -2.7631759643554688, 0.01920294761657715, 1.3844618797302246
201, -2.7631759643554688, 0.01920294761657715, 1.3844618797302246
202, -2.7631759643554688, 0.01920294761657715, 1.3844618797302246
203, -2.7631759643554688, 0.01920294761657715, 1.3844618797302246
204, -2.7631759643554688, 0.01920294761657715, 1.3844618797302246
205, -2.7631759643554688, 0.01920294761657715, 1.3844618797302246
206, -2.7631759643554688, 0.01920294761657715, 1.3844618797302246
207, -2.7631759643554688, 0.01920294761657715, 1.3844618797302246
208, -2.7631759643554688, 0.01920294761657715, 1.3844618797302246
209, -2.7631759643554688, 0.01920294761657715, 1.3844618797302246
210, -2.7631759643554688, 0.01920294761657715, 1.3844618797302246
211, -2.7631759643554688, 0.01920294761657715, 1.3844618797302246
212, -2.7631759643554688, 0.01920294761657715, 1.3844618797302246
213, -2.7631759643554688, 0.01920294761657715, 1.3844618797302246
214, -2.7631759643554688, 0.01920294761657715, 1.3844618797302246
215, -2.7631759643554688, 0.01920294761657715, 1.3844618797302246
216, -2.7631759643554688, 0.01920294761657715, 1.3844618797302246
217, -2.7631759643554688, 0.01920294761657715, 1.3844618797302246
218, -2.7631759643554688, 0.01920294761657715, 1.3844618797302246
219, -2.7631759643554688, 0.01920294761657715, 1.3844618797302246
220, -2.7631759643554688, 0.01920294761657715, 1.3844618797302246
221, -2.7631759643554688, 0.01920294761657715, 1.3844618797302246
222, -2.7631759643554688, 0.01920294761657715, 1.3844618797302246
223, -2.7631759643554688, 0.01920294761657715, 1.3844618797302246
224, -2.7631759643554688, 0.01920294761657715, 1.3844618797302246
225, -2.7631759643554688, 0.01920294761657715, 1.3844618797302246
226, -2.7631759643554688, 0.01920294761657715, 1.3844618797302246
227, -2.7631759643554688, 0.01920294761657715, 1.3844618797302246
228, -2.7631759643554688, 0.01920294761657715, 1.3844618797302246
229, -2.7631759643554688, 0.01920294761657715, 1.3844618797302246
230, -2.7631759643554688, 0.01920294761657715, 1.3844618797302246
231, -2.7631759643554688, 0.01920294761657715, 1.3844618797302246
232, -2.7631759643554688, 0.01920294761657715, 1.3844618797302246
233, -2.7631759643554688, 0.01920294761657715, 1.3844618797302246
234, -2.7631759643554688, 0.01920294761657715, 1.3844618797302246
235, -2.7631759643554688, 0.01920294761657715, 1.3844618797302246
236, -2.7631759643554688, 0.01920294761657715, 1.3844618797302246
237, -2.7631759643554688, 0.01920294761657715, 1.3844618797302246
238, -2.7631759643554688, 0.01920294761657715, 1.3844618797302246
239, -2.7631759643554688, 0.01920294761657715, 1.3844618797302246
240, -2.7631759643554688, 0.01920294761657715, 1.3844618797302246
241, -2.7631759643554688, 0.01920294761657715, 1.3844618797302246
242, -2.7631759643554688, 0.01920294761657715, 1.3844618797302246
243, -2.7631759643554688, 0.01920294761657715, 1.3844618797302246
244, -2.7631759643554688, 0.01920294761657715, 1.3844618797302246
245, -2.7631759643554688, 0.01920294761657715, 1.3844618797302246
246, -2.7631759643554688, 0.01920294761657715, 1.3844618797302246
247, -2.7631759643554688, 0.01920294761657715, 1.3844618797302246
248, -2.7631759643554688, 0.01920294761657715, 1.3844618797302246
249, -2.7631759643554688, 0.01920294761657715, 1.3844618797302246
250, -2.7631759643554688, 0.01920294761657715, 1.3844618797302246
251, -2.7631759643554688, 0.01920294761657715, 1.3844618797302246
252, -2.7631759643554688, 0.01920294761657715, 1.3844618797302246
253, -2.7631759643554688, 0.01920294761657715, 1.3844618797302246
254, -2.7631759643554688, 0.01920294761657715, 1.3844618797302246
255, -2.7631759643554688, 0.01920294761657715, 1.3844618797302246
256, -2.7631759643554688, 0.01920294761657715, 1.3844618797302246
257, -2.7631759643554688, 0.01920294761657715, 1.3844618797302246
258, -2.7631759643554688, 0.01920294761657715, 1.3844618797302246
259, -2.7631759643554688, 0.01920294761657715, 1.3844618797302246
260, -2.7631759643554688, 0.01920294761657715, 1.3844618797302246
261, -2.7631759643554688, 0.01920294761657715, 1.3844618797302246
262, -2.7631759643554688, 0.01920294761657715, 1.3844618797302246
263, -2.7631759643554688, 0.01920294761657715, 1.3844618797302246
264, -2.7631759643554688, 0.01920294761657715, 1.3844618797302246
265, -2.7631759643554688, 0.01920294761657715, 1.3844618797302246
266, -2.7631759643554688, 0.01920294761657715, 1.3844618797302246
267, -2.7631759643554688, 0.01920294761657715, 1.3844618797302246
268, -2.7631759643554688, 0.01920294761657715, 1.3844618797302246
269, -2.7631759643554688, 0.01920294761657715, 1.3844618797302246
270, -2.7631759643554688, 0.01920294761657715, 1.3844618797302246
271, -2.7631759643554688, 0.01920294761657715, 1.3844618797302246
272, -2.7631759643554688, 0.01920294761657715, 1.3844618797302246
273, -2.7631759643554688, 0.01920294761657715, 1.3844618797302246
274, -2.7631759643554688, 0.01920294761657715, 1.3844618797302246
275, -2.7631759643554688, 0.01920294761657715, 1.3844618797302246
276, -2.7631759643554688, 0.01920294761657715, 1.3844618797302246
277, -2.7631759643554688, 0.01920294761657715, 1.3844618797302246
278, -2.7631759643554688, 0.01920294761657715, 1.3844618797302246
279, -2.7631759643554688, 0.01920294761657715, 1.3844618797302246
280, -2.7631759643554688, 0.01920294761657715, 1.3844618797302246
281, -2.7631759643554688, 0.01920294761657715, 1.3844618797302246
282, -2.7631759643554688, 0.01920294761657715, 1.3844618797302246
283, -2.7631759643554688, 0.01920294761657715, 1.3844618797302246
284, -2.7631759643554688, 0.01920294761657715, 1.3844618797302246
285, -2.7631759643554688, 0.01920294761657715, 1.3844618797302246
286, -2.7631759643554688, 0.01920294761657715, 1.3844618797302246
287, -2.7631759643554688, 0.01920294761657715, 1.3844618797302246
288, -2.7631759643554688, 0.01920294761657715, 1.3844618797302246
289, -2.7631759643554688, 0.01920294761657715, 1.3844618797302246
290, -2.7631759643554688, 0.01920294761657715, 1.3844618797302246
291, -2.7631759643554688, 0.01920294761657715, 1.3844618797302246
292, -2.7631759643554688, 0.01920294761657715, 1.3844618797302246
293, -2.7631759643554688, 0.01920294761657715, 1.3844618797302246
294, -2.7631759643554688, 0.01920294761657715, 1.3844618797302246
295, -2.7631759643554688, 0.01920294761657715, 1.3844618797302246
296, -2.7631759643554688, 0.01920294761657715, 1.3844618797302246
297, -2.7631759643554688, 0.01920294761657715, 1.3844618797302246
298, -2.7631759643554688, 0.01920294761657715, 1.3844618797302246
299, -2.7631759643554688, 0.01920294761657715, 1.3844618797302246
300, -2.7631759643554688, 0.01920294761657715, 1.3844618797302246
301, -2.7631759643554688, 0.01920294761657715, 1.3844618797302246
302, -2.7631759643554688, 0.01920294761657715, 1.3844618797302246
303, -2.7631759643554688, 0.01920294761657715, 1.3844618797302246
304, -2.7631759643554688, 0.01920294761657715, 1.3844618797302246
305, -2.7631759643554688, 0.01920294761657715, 1.3844618797302246
306, -2.7631759643554688, 0.01920294761657715, 1.3844618797302246
307, -2.7631759643554688, 0.01920294761657715, 1.3844618797302246
308, -2.7631759643554688, 0.01920294761657715, 1.3844618797302246
309, -2.7631759643554688, 0.01920294761657715, 1.3844618797302246
310, -2.7631759643554688, 0.01920294761657715, 1.3844618797302246
311, -2.7631759643554688, 0.01920294761657715, 1.3844618797302246
312, -2.7631759643554688, 0.01920294761657715, 1.3844618797302246
313, -2.7631759643554688, 0.01920294761657715, 1.3844618797302246
314, -2.7631759643554688, 0.01920294761657715, 1.3844618797302246
315, -2.7631759643554688, 0.01920294761657715, 1.3844618797302246
316, -2.7631759643554688, 0.01920294761657715, 1.3844618797302246
317, -2.7631759643554688, 0.01920294761657715, 1.3844618797302246
318, -2.7631759643554688, 0.01920294761657715, 1.3844618797302246
319, -2.7631759643554688, 0.01920294761657715, 1.3844618797302246
320, -2.7631759643554688, 0.01920294761657715, 1.3844618797302246
321, -2.7631759643554688, 0.01920294761657715, 1.3844618797302246
322, -2.7631759643554688, 0.01920294761657715, 1.3844618797302246
323, -2.7631759643554688, 0.01920294761657715, 1.3844618797302246
324, -2.7631759643554688, 0.01920294761657715, 1.3844618797302246
325, -2.7631759643554688, 0.01920294761657715, 1.3844618797302246
326, -2.7631759643554688, 0.01920294761657715, 1.3844618797302246
327, -2.7631759643554688, 0.01920294761657715, 1.3844618797302246
328, -2.7631759643554688, 0.01920294761657715, 1.3844618797302246
329, -2.7631759643554688, 0.01920294761657715, 1.3844618797302246
330, -2.7631759643554688, 0.01920294761657715, 1.3844618797302246
331, -2.7631759643554688, 0.01920294761657715, 1.3844618797302246
332, -2.7631759643554688, 0.01920294761657715, 1.3844618797302246
333, -2.7631759643554688, 0.01920294761657715, 1.3844618797302246
334, -2.7631759643554688, 0.01920294761657715, 1.3844618797302246
335, -2.7631759643554688, 0.01920294761657715, 1.3844618797302246
336, -2.7631759643554688, 0.01920294761657715, 1.3844618797302246
337, -2.7631759643554688, 0.01920294761657715, 1.3844618797302246
338, -2.7631759643554688, 0.01920294761657715, 1.3844618797302246
339, -2.7631759643554688, 0.01920294761657715, 1.3844618797302246
340, -2.7631759643554688, 0.01920294761657715, 1.3844618797302246
341, -2.7631759643554688, 0.01920294761657715, 1.3844618797302246
342, -2.7631759643554688, 0.01920294761657715, 1.3844618797302246
343, -2.7631759643554688, 0.01920294761657715, 1.3844618797302246
344, -2.7631759643554688, 0.01920294761657715, 1.3844618797302246
345, -2.7631759643554688, 0.01920294761657715, 1.3844618797302246
346, -2.7631759643554688, 0.01920294761657715, 1.3844618797302246
347, -2.7631759643554688, 0.01920294761657715, 1.3844618797302246
348, -2.7631759643554688, 0.01920294761657715, 1.3844618797302246
349, -2.7631759643554688, 0.01920294761657715, 1.3844618797302246
350, -2.7631759643554688, 0.01920294761657715, 1.3844618797302246
351, -2.7631759643554688, 0.01920294761657715, 1.3844618797302246
352, -2.7631759643554688, 0.01920294761657715, 1.3844618797302246
353, -2.7631759643554688, 0.01920294761657715, 1.3844618797302246
354, -2.7631759643554688, 0.01920294761657715, 1.3844618797302246
355, -2.7631759643554688, 0.01920294761657715, 1.3844618797302246
356, -2.7631759643554688, 0.01920294761657715, 1.3844618797302246
357, -2.7631759643554688, 0.01920294761657715, 1.3844618797302246
358, -2.7631759643554688, 0.01920294761657715, 1.3844618797302246
359, -2.7631759643554688, 0.01920294761657715, 1.3844618797302246
360, -2.7631759643554688, 0.01920294761657715, 1.3844618797302246
361, -2.7631759643554688, 0.01920294761657715, 1.3844618797302246
362, -2.7631759643554688, 0.01920294761657715, 1.3844618797302246
363, -2.7631759643554688, 0.01920294761657715, 1.3844618797302246
364, -2.7631759643554688, 0.01920294761657715, 1.3844618797302246
365, -2.7631759643554688, 0.01920294761657715, 1.3844618797302246
366, -2.7631759643554688, 0.01920294761657715, 1.3844618797302246
367, -2.7631759643554688, 0.01920294761657715, 1.3844618797302246
368, -2.7631759643554688, 0.01920294761657715, 1.3844618797302246
369, -2.7631759643554688, 0.01920294761657715, 1.3844618797302246
370, -2.7631759643554688, 0.01920294761657715, 1.3844618797302246
371, -2.7631759643554688, 0.01920294761657715, 1.3844618797302246
372, -2.7631759643554688, 0.01920294761657715, 1.3844618797302246
373, -2.7631759643554688, 0.01920294761657715, 1.3844618797302246
374, -2.7631759643554688, 0.01920294761657715, 1.3844618797302246
375, -2.7631759643554688, 0.01920294761657715, 1.3844618797302246
376, -2.7631759643554688, 0.01920294761657715, 1.3844618797302246
377, -2.7631759643554688, 0.01920294761657715, 1.3844618797302246
378, -2.7631759643554688, 0.01920294761657715, 1.3844618797302246
379, -2.7631759643554688, 0.01920294761657715, 1.3844618797302246
380, -2.7631759643554688, 0.01920294761657715, 1.3844618797302246
381, -2.7631759643554688, 0.01920294761657715, 1.3844618797302246
382, -2.7631759643554688, 0.01920294761657715, 1.3844618797302246
383, -2.7631759643554688, 0.01920294761657715, 1.3844618797302246
384, -2.7631759643554688, 0.01920294761657715, 1.3844618797302246
385, -2.7631759643554688, 0.01920294761657715, 1.3844618797302246
386, -2.7631759643554688, 0.01920294761657715, 1.3844618797302246
387, -2.7631759643554688, 0.01920294761657715, 1.3844618797302246
388, -2.7631759643554688, 0.01920294761657715, 1.3844618797302246
389, -2.7631759643554688, 0.01920294761657715, 1.3844618797302246
390, -2.7631759643554688, 0.01920294761657715, 1.3844618797302246
391, -2.7631759643554688, 0.01920294761657715, 1.3844618797302246
392, -2.7631759643554688, 0.01920294761657715, 1.3844618797302246
393, -2.7631759643554688, 0.01920294761657715, 1.3844618797302246
394, -2.7631759643554688, 0.01920294761657715, 1.3844618797302246
395, -2.7631759643554688, 0.01920294761657715, 1.3844618797302246
396, -2.7631759643554688, 0.01920294761657715, 1.3844618797302246
397, -2.7631759643554688, 0.01920294761657715, 1.3844618797302246
398, -2.7631759643554688, 0.01920294761657715, 1.3844618797302246
399, -2.7631759643554688, 0.01920294761657715, 1.3844618797302246
400, -2.7631759643554688, 0.01920294761657715, 1.3844618797302246
401, -2.7631759643554688, 0.01920294761657715, 1.3844618797302246
402, -2.7631759643554688, 0.01920294761657715, 1.3844618797302246
403, -2.7631759643554688, 0.01920294761657715, 1.3844618797302246
404, -2.7631759643554688, 0.01920294761657715, 1.3844618797302246
405, -2.7631759643554688, 0.01920294761657715, 1.3844618797302246
406, -2.7631759643554688, 0.01920294761657715, 1.3844618797302246
407, -2.7631759643554688, 0.01920294761657715, 1.3844618797302246
408, -2.7631759643554688, 0.01920294761657715, 1.3844618797302246
409, -2.7631759643554688, 0.01920294761657715, 1.3844618797302246
410, -2.7631759643554688, 0.01920294761657715, 1.3844618797302246
411, -2.7631759643554688, 0.01920294761657715, 1.3844618797302246
412, -2.7631759643554688, 0.01920294761657715, 1.3844618797302246
413, -2.7631759643554688, 0.01920294761657715, 1.3844618797302246
414, -2.7631759643554688, 0.01920294761657715, 1.3844618797302246
415, -2.7631759643554688, 0.01920294761657715, 1.3844618797302246
416, -2.7631759643554688, 0.01920294761657715, 1.3844618797302246
417, -2.7631759643554688, 0.01920294761657715, 1.3844618797302246
418, -2.7631759643554688, 0.01920294761657715, 1.3844618797302246
419, -2.7631759643554688, 0.01920294761657715, 1.3844618797302246
420, -2.7631759643554688, 0.01920294761657715, 1.3844618797302246
421, -2.7631759643554688, 0.01920294761657715, 1.3844618797302246
422, -2.7631759643554688, 0.01920294761657715, 1.3844618797302246
423, -2.7631759643554688, 0.01920294761657715, 1.3844618797302246
424, -2.7631759643554688, 0.01920294761657715, 1.3844618797302246
425, -2.7631759643554688, 0.01920294761657715, 1.3844618797302246
426, -2.7631759643554688, 0.01920294761657715, 1.3844618797302246
427, -2.7631759643554688, 0.01920294761657715, 1.3844618797302246
428, -2.7631759643554688, 0.01920294761657715, 1.3844618797302246
429, -2.7631759643554688, 0.01920294761657715, 1.3844618797302246
430, -2.7631759643554688, 0.01920294761657715, 1.3844618797302246
431, -2.7631759643554688, 0.01920294761657715, 1.3844618797302246
432, -2.7631759643554688, 0.01920294761657715, 1.3844618797302246
433, -2.7631759643554688, 0.01920294761657715, 1.3844618797302246
434, -2.7631759643554688, 0.01920294761657715, 1.3844618797302246
435, -2.7631759643554688, 0.01920294761657715, 1.3844618797302246
436, -2.7631759643554688, 0.01920294761657715, 1.3844618797302246
437, -2.7631759643554688, 0.01920294761657715, 1.3844618797302246
438, -2.7631759643554688, 0.01920294761657715, 1.3844618797302246
439, -2.7631759643554688, 0.01920294761657715, 1.3844618797302246
440, -2.7631759643554688, 0.01920294761657715, 1.3844618797302246
441, -2.7631759643554688, 0.01920294761657715, 1.3844618797302246
442, -2.7631759643554688, 0.01920294761657715, 1.3844618797302246
443, -2.7631759643554688, 0.01920294761657715, 1.3844618797302246
444, -2.7631759643554688, 0.01920294761657715, 1.3844618797302246
445, -2.7631759643554688, 0.01920294761657715, 1.3844618797302246
446, -2.7631759643554688, 0.01920294761657715, 1.3844618797302246
447, -2.7631759643554688, 0.01920294761657715, 1.3844618797302246
448, -2.7631759643554688, 0.01920294761657715, 1.3844618797302246
449, -2.7631759643554688, 0.01920294761657715, 1.3844618797302246
450, -2.7631759643554688, 0.01920294761657715, 1.3844618797302246
451, -2.7631759643554688, 0.01920294761657715, 1.3844618797302246
452, -2.7631759643554688, 0.01920294761657715, 1.3844618797302246
453, -2.7631759643554688, 0.01920294761657715, 1.3844618797302246
454, -2.7631759643554688, 0.01920294761657715, 1.3844618797302246
455, -2.7631759643554688, 0.01920294761657715, 1.3844618797302246
456, -2.7631759643554688, 0.01920294761657715, 1.3844618797302246
457, -2.7631759643554688, 0.01920294761657715, 1.3844618797302246
458, -2.7631759643554688, 0.01920294761657715, 1.3844618797302246
459, -2.7631759643554688, 0.01920294761657715, 1.3844618797302246
460, -2.7631759643554688, 0.01920294761657715, 1.3844618797302246
461, -2.7631759643554688, 0.01920294761657715, 1.3844618797302246
462, -2.7631759643554688, 0.01920294761657715, 1.3844618797302246
463, -2.7631759643554688, 0.01920294761657715, 1.3844618797302246
464, -2.7631759643554688, 0.01920294761657715, 1.3844618797302246
465, -2.7631759643554688, 0.01920294761657715, 1.3844618797302246
466, -2.7631759643554688, 0.01920294761657715, 1.3844618797302246
467, -2.7631759643554688, 0.01920294761657715, 1.3844618797302246
468, -2.7631759643554688, 0.01920294761657715, 1.3844618797302246
469, -2.7631759643554688, 0.01920294761657715, 1.3844618797302246
470, -2.7631759643554688, 0.01920294761657715, 1.3844618797302246
471, -2.7631759643554688, 0.01920294761657715, 1.3844618797302246
472, -2.7631759643554688, 0.01920294761657715, 1.3844618797302246
473, -2.7631759643554688, 0.01920294761657715, 1.3844618797302246
474, -2.7631759643554688, 0.01920294761657715, 1.3844618797302246
475, -2.7631759643554688, 0.01920294761657715, 1.3844618797302246
476, -2.7631759643554688, 0.01920294761657715, 1.3844618797302246
477, -2.7631759643554688, 0.01920294761657715, 1.3844618797302246
478, -2.7631759643554688, 0.01920294761657715, 1.3844618797302246
479, -2.7631759643554688, 0.01920294761657715, 1.3844618797302246
480, -2.7631759643554688, 0.01920294761657715, 1.3844618797302246
481, -2.7631759643554688, 0.01920294761657715, 1.3844618797302246
482, -2.7631759643554688, 0.01920294761657715, 1.3844618797302246
483, -2.7631759643554688, 0.01920294761657715, 1.3844618797302246
484, -2.7631759643554688, 0.01920294761657715, 1.3844618797302246
485, -2.7631759643554688, 0.01920294761657715, 1.3844618797302246
486, -2.7631759643554688, 0.01920294761657715, 1.3844618797302246
487, -2.7631759643554688, 0.01920294761657715, 1.3844618797302246
488, -2.7631759643554688, 0.01920294761657715, 1.3844618797302246
489, -2.7631759643554688, 0.01920294761657715, 1.3844618797302246
490, -2.7631759643554688, 0.01920294761657715, 1.3844618797302246
491, -2.7631759643554688, 0.01920294761657715, 1.3844618797302246
492, -2.7631759643554688, 0.01920294761657715, 1.3844618797302246
493, -2.7631759643554688, 0.01920294761657715, 1.3844618797302246
494, -2.7631759643554688, 0.01920294761657715, 1.3844618797302246
495, -2.7631759643554688, 0.01920294761657715, 1.3844618797302246
496, -2.7631759643554688, 0.01920294761657715, 1.3844618797302246
497, -2.7631759643554688, 0.01920294761657715, 1.3844618797302246
498, -2.7631759643554688, 0.01920294761657715, 1.3844618797302246
499, -2.7631759643554688, 0.01920294761657715, 1.3844618797302246
