1, -5.385029315948486, 0.16337794065475464, -2.5109081268310547
2, -5.385029315948486, 0.16337794065475464, -2.5109081268310547
3, -5.385029315948486, 0.16337794065475464, -2.5109081268310547
4, -5.385029315948486, 0.16337794065475464, -2.5109081268310547
5, -5.385029315948486, 0.16337794065475464, -2.5109081268310547
6, -5.385029315948486, 0.16337794065475464, -2.5109081268310547
7, -5.385029315948486, 0.16337794065475464, -2.5109081268310547
8, -5.385029315948486, 0.16337794065475464, -2.5109081268310547
9, -5.385029315948486, 0.16337794065475464, -2.5109081268310547
10, -5.385029315948486, 0.16337794065475464, -2.5109081268310547
11, -5.385029315948486, 0.16337794065475464, -2.5109081268310547
12, -5.385029315948486, 0.16337794065475464, -2.5109081268310547
13, -5.385029315948486, 0.16337794065475464, -2.5109081268310547
14, -5.385029315948486, 0.16337794065475464, -2.5109081268310547
15, -5.385029315948486, 0.16337794065475464, -2.5109081268310547
16, -5.385029315948486, 0.16337794065475464, -2.5109081268310547
17, -5.385029315948486, 0.16337794065475464, -2.5109081268310547
18, -5.385029315948486, 0.16337794065475464, -2.5109081268310547
19, -5.385029315948486, 0.16337794065475464, -2.5109081268310547
20, -5.1746320724487305, 0.16337794065475464, -2.6459381580352783
21, -4.964234828948975, 0.16337794065475464, -2.780968189239502
22, -4.964234828948975, 0.16337794065475464, -2.780968189239502
23, -4.714510440826416, 0.16337794065475464, -2.7927091121673584
24, -4.714510440826416, 0.16337794065475464, -2.7927091121673584
25, -4.492372512817383, 0.16337794065475464, -2.6780149936676025
26, -4.492372512817383, 0.16337794065475464, -2.6780149936676025
27, -4.492372512817383, 0.16337794065475464, -2.6780149936676025
28, -4.27023458480835, 0.16337794065475464, -2.5633208751678467
29, -4.27023458480835, 0.16337794065475464, -2.5633208751678467
30, -4.020510196685791, 0.16337794065475464, -2.575061798095703
31, -4.020510196685791, 0.16337794065475464, -2.575061798095703
32, -3.8101131916046143, 0.16337794065475464, -2.7100918292999268
33, -3.8101131916046143, 0.16337794065475464, -2.7100918292999268
34, -3.5603890419006348, 0.16337794065475464, -2.721832752227783
35, -3.3106648921966553, 0.16337794065475464, -2.7335736751556396
36, -3.060940742492676, 0.16337794065475464, -2.745314598083496
37, -2.8112165927886963, 0.16337794065475464, -2.7570555210113525
38, -2.561492443084717, 0.16337794065475464, -2.768796443939209
39, -2.3117682933807373, 0.16337794065475464, -2.7805373668670654
40, -2.062044143676758, 0.16337794065475464, -2.792278289794922
41, -1.8123199939727783, 0.16337794065475464, -2.8040192127227783
42, -1.5625958442687988, 0.16337794065475464, -2.8157601356506348
43, -3.3830173015594482, 3.1633780002593994, -5.623631954193115
