1, 2.3438076972961426, 2.794919967651367, -10.546031951904297
2, 2.3438076972961426, 2.794919967651367, -10.546031951904297
3, 2.3438076972961426, 2.794919967651367, -10.546031951904297
4, 2.3438076972961426, 2.794919967651367, -10.546031951904297
5, 2.3438076972961426, 2.794919967651367, -10.546031951904297
6, 2.3438076972961426, 2.794919967651367, -10.546031951904297
7, 2.3438076972961426, 2.794919967651367, -10.546031951904297
8, 2.3438076972961426, 2.794919967651367, -10.546031951904297
9, 2.3438076972961426, 2.794919967651367, -10.546031951904297
10, 2.3438076972961426, 2.794919967651367, -10.546031951904297
11, 2.3438076972961426, 2.794919967651367, -10.546031951904297
12, 2.3438076972961426, 2.794919967651367, -10.546031951904297
13, 2.3438076972961426, 2.794919967651367, -10.546031951904297
14, 2.3438076972961426, 2.794919967651367, -10.546031951904297
15, 2.3438076972961426, 2.794919967651367, -10.546031951904297
16, 2.0987043380737305, 2.794919967651367, -10.496793746948242
17, 1.853601098060608, 2.794919967651367, -10.447555541992188
18, 1.6084978580474854, 2.794919967651367, -10.398317337036133
19, 1.3633946180343628, 2.794919967651367, -10.349079132080078
20, 1.3633946180343628, 2.794919967651367, -10.349079132080078
21, 1.3633946180343628, 2.794919967651367, -10.349079132080078
22, 1.3633946180343628, 2.794919967651367, -10.349079132080078
23, 1.3633946180343628, 2.794919967651367, -10.349079132080078
24, 1.3633946180343628, 2.794919967651367, -10.349079132080078
25, 1.1757479906082153, 2.794919967651367, -10.183886528015137
26, 1.1757479906082153, 2.794919967651367, -10.183886528015137
27, 1.0958378314971924, 2.794919967651367, -9.947001457214355
28, 1.0958378314971924, 2.794919967651367, -9.947001457214355
29, 1.0958378314971924, 2.794919967651367, -9.947001457214355
30, 1.0159276723861694, 2.794919967651367, -9.710116386413574
31, 0.9360174536705017, 2.794919967651367, -9.473231315612793
32, 0.9360174536705017, 2.794919967651367, -9.473231315612793
33, 0.9852555394172668, 2.794919967651367, -9.228128433227539
34, 0.9852555394172668, 2.794919967651367, -9.228128433227539
35, 0.9053453207015991, 2.794919967651367, -8.991243362426758
36, 0.8254351019859314, 2.794919967651367, -8.754358291625977
37, 0.8254351019859314, 2.794919967651367, -8.754358291625977
38, 0.8254351019859314, 2.794919967651367, -8.754358291625977
39, 0.8254351019859314, 2.794919967651367, -8.754358291625977
40, 0.8254351019859314, 2.794919967651367, -8.754358291625977
41, 0.8254351019859314, 2.794919967651367, -8.754358291625977
42, 0.8254351019859314, 2.794919967651367, -8.754358291625977
43, 0.9053453207015991, 2.794919967651367, -8.991243362426758
44, 0.9852555394172668, 2.794919967651367, -9.228128433227539
45, 1.0651657581329346, 2.794919967651367, -9.46501350402832
46, 1.0651657581329346, 2.794919967651367, -9.46501350402832
47, 1.0159276723861694, 2.794919967651367, -9.710116386413574
48, 0.9666895866394043, 2.794919967651367, -9.955219268798828
49, 0.9174515008926392, 2.794919967651367, -10.200322151184082
50, 0.9174515008926392, 2.794919967651367, -10.200322151184082
51, 0.7522584199905396, 2.794919967651367, -10.387969017028809
52, 0.5870653390884399, 2.794919967651367, -10.575615882873535
53, 0.5870653390884399, 2.794919967651367, -10.575615882873535
54, 0.5870653390884399, 2.794919967651367, -10.575615882873535
55, 0.5870653390884399, 2.794919967651367, -10.575615882873535
56, 0.5870653390884399, 2.794919967651367, -10.575615882873535
57, 0.5870653390884399, 2.794919967651367, -10.575615882873535
58, 0.5870653390884399, 2.794919967651367, -10.575615882873535
59, 0.5870653390884399, 2.794919967651367, -10.575615882873535
60, 0.7747119665145874, 2.794919967651367, -10.740808486938477
61, 0.7747119665145874, 2.794919967651367, -10.740808486938477
62, 0.8546221256256104, 2.794919967651367, -10.977693557739258
63, 0.9345322847366333, 2.735968589782715, -11.214578628540039
64, 1.0144424438476562, 2.5927317142486572, -11.45146369934082
65, 1.0943526029586792, 2.55558443069458, -11.688348770141602
66, 1.0943526029586792, 2.55558443069458, -11.688348770141602
67, 1.045114517211914, 2.4672460556030273, -11.933451652526855
68, 0.9958764314651489, 2.3949198722839355, -12.17855453491211
69, 0.9466383457183838, 2.3949198722839355, -12.423657417297363
70, 0.8974002599716187, 2.459219455718994, -12.668760299682617
71, 0.8481621742248535, 2.5949201583862305, -12.913863182067871
72, 0.8481621742248535, 2.5949201583862305, -12.913863182067871
73, 0.9280723333358765, 2.5949201583862305, -13.150748252868652
74, 1.0079824924468994, 2.5949201583862305, -13.387633323669434
75, 1.0079824924468994, 2.5949201583862305, -13.387633323669434
76, 1.0079824924468994, 2.5949201583862305, -13.387633323669434
77, 1.0397461652755737, 2.5949201583862305, -13.394014358520508
78, 1.0397461652755737, 2.5949201583862305, -13.394014358520508
79, 1.0397471189498901, 2.5949201583862305, -13.394015312194824
80, 1.0397471189498901, 2.5949201583862305, -13.394015312194824
81, 1.119657278060913, 2.5949201583862305, -13.630900382995605
82, 1.119657278060913, 2.5949201583862305, -13.630900382995605
83, 1.119657278060913, 2.5949201583862305, -13.630900382995605
84, 1.3647605180740356, 2.5949201583862305, -13.68013858795166
85, 1.6098637580871582, 2.5949201583862305, -13.729376792907715
86, 1.6098637580871582, 2.5949201583862305, -13.729376792907715
87, 1.6098637580871582, 2.5949201583862305, -13.729376792907715
88, 1.6897739171981812, 2.5949201583862305, -13.966261863708496
89, 1.769684076309204, 2.5949201583862305, -14.203146934509277
90, 1.769684076309204, 2.5949201583862305, -14.203146934509277
91, 1.720445990562439, 2.5949201583862305, -14.448249816894531
92, 1.6712079048156738, 2.5949201583862305, -14.693352699279785
93, 1.6219698190689087, 2.5949201583862305, -14.938455581665039
94, 1.6219698190689087, 2.5949201583862305, -14.938455581665039
95, 1.6219698190689087, 2.5949201583862305, -14.938455581665039
96, 1.6219698190689087, 2.5949201583862305, -14.938455581665039
97, 1.6219698190689087, 2.5949201583862305, -14.938455581665039
98, 1.6219698190689087, 2.5949201583862305, -14.938455581665039
99, 1.6219698190689087, 2.5949201583862305, -14.938455581665039
100, 1.6219698190689087, 2.5949201583862305, -14.938455581665039
101, 1.6219698190689087, 2.5949201583862305, -14.938455581665039
102, 1.5727317333221436, 2.5949201583862305, -15.183558464050293
103, 1.5234936475753784, 2.5949201583862305, -15.428661346435547
104, 1.4742555618286133, 2.5949201583862305, -15.6737642288208
105, 1.4742555618286133, 2.5949201583862305, -15.6737642288208
106, 1.5541657209396362, 2.5949201583862305, -15.910649299621582
107, 1.5541657209396362, 2.5949201583862305, -15.910649299621582
108, 1.5541657209396362, 2.5949201583862305, -15.910649299621582
109, 1.5541657209396362, 2.5949201583862305, -15.910649299621582
110, 1.5541657209396362, 2.5949201583862305, -15.910649299621582
111, 1.5541657209396362, 2.5949201583862305, -15.910649299621582
112, 1.6034038066864014, 2.5949201583862305, -15.665546417236328
113, 1.6526418924331665, 2.5949201583862305, -15.420443534851074
114, 1.7018799781799316, 2.5949201583862305, -15.17534065246582
115, 1.7511180639266968, 2.5949201583862305, -14.930237770080566
116, 1.800356149673462, 2.5949201583862305, -14.685134887695312
117, 1.842831015586853, 2.5949201583862305, -14.473698616027832
118, 1.842831015586853, 2.5949201583862305, -14.473698616027832
119, 1.76292085647583, 2.5949201583862305, -14.23681354522705
120, 1.6830106973648071, 2.5949201583862305, -13.99992847442627
121, 1.6031005382537842, 2.5949201583862305, -13.763043403625488
122, 1.6031005382537842, 2.5949201583862305, -13.763043403625488
123, 1.6031005382537842, 2.5949201583862305, -13.763043403625488
124, 1.6031005382537842, 2.5949201583862305, -13.763043403625488
125, 1.6031005382537842, 2.5949201583862305, -13.763043403625488
126, 1.6031005382537842, 2.5949201583862305, -13.763043403625488
127, 1.6031005382537842, 2.5949201583862305, -13.763043403625488
128, 1.6830106973648071, 2.5949201583862305, -13.99992847442627
129, 1.76292085647583, 2.5949201583862305, -14.23681354522705
130, 1.842831015586853, 2.5949201583862305, -14.473698616027832
131, 1.842831015586853, 2.5949201583862305, -14.473698616027832
132, 1.793592929840088, 2.5949201583862305, -14.718801498413086
133, 1.7443548440933228, 2.5949201583862305, -14.96390438079834
134, 1.6951167583465576, 2.5949201583862305, -15.209007263183594
135, 1.6458786725997925, 2.5949201583862305, -15.454110145568848
136, 1.5966405868530273, 2.5949201583862305, -15.699213027954102
137, 1.5474025011062622, 2.5949201583862305, -15.944315910339355
138, 1.5474025011062622, 2.5949201583862305, -15.944315910339355
139, 1.5474025011062622, 2.5949201583862305, -15.944315910339355
140, 1.5474025011062622, 2.5949201583862305, -15.944315910339355
141, 1.6273126602172852, 2.5949201583862305, -16.18120002746582
142, 1.707222819328308, 2.5949201583862305, -16.4180850982666
143, 1.787132978439331, 2.5949201583862305, -16.654970169067383
144, 1.867043137550354, 2.5949201583862305, -16.891855239868164
145, 1.946953296661377, 2.5949201583862305, -17.128740310668945
146, 1.946953296661377, 2.5949201583862305, -17.128740310668945
147, 1.946953296661377, 2.5949201583862305, -17.128740310668945
148, 1.946953296661377, 2.5949201583862305, -17.128740310668945
149, 1.946953296661377, 2.5949201583862305, -17.128740310668945
150, 1.946953296661377, 2.5949201583862305, -17.128740310668945
151, 1.946953296661377, 2.5949201583862305, -17.128740310668945
152, 1.946953296661377, 2.5949201583862305, -17.128740310668945
153, 1.946953296661377, 2.5949201583862305, -17.128740310668945
154, 1.7018500566482544, 2.5949201583862305, -17.07950210571289
155, 1.4567468166351318, 2.5949201583862305, -17.030263900756836
156, 1.2116435766220093, 2.5949201583862305, -16.98102569580078
157, 0.9665402770042419, 2.5949201583862305, -16.931787490844727
158, 0.7214369773864746, 2.5949201583862305, -16.882549285888672
159, 0.7214369773864746, 2.5949201583862305, -16.882549285888672
160, 0.484552264213562, 2.5949201583862305, -16.962459564208984
161, 0.484552264213562, 2.5949201583862305, -16.962459564208984
162, 0.23944899439811707, 2.5949201583862305, -16.91322135925293
163, 0.23944899439811707, 2.5949201583862305, -16.91322135925293
164, 0.05180242657661438, 2.5949201583862305, -16.748027801513672
165, 0.05180242657661438, 2.5949201583862305, -16.748027801513672
166, -0.028107717633247375, 2.5949201583862305, -16.51114273071289
167, -0.10801786184310913, 2.5949201583862305, -16.27425765991211
168, -0.1879280060529709, 2.5949201583862305, -16.037372589111328
169, -0.26783815026283264, 2.5949201583862305, -15.800487518310547
170, -0.3477482795715332, 2.5949201583862305, -15.563602447509766
171, -0.3477482795715332, 2.5949201583862305, -15.563602447509766
172, -0.2985101342201233, 2.5949201583862305, -15.318499565124512
173, -0.24927198886871338, 2.5949201583862305, -15.073396682739258
174, -0.20003384351730347, 2.5949201583862305, -14.828293800354004
175, -0.15079569816589355, 2.5949201583862305, -14.58319091796875
176, -0.10155755281448364, 2.5949201583862305, -14.338088035583496
177, -0.05231941118836403, 2.5949201583862305, -14.092985153198242
178, -0.05231941118836403, 2.5949201583862305, -14.092985153198242
179, 0.11287370324134827, 2.5949201583862305, -13.905338287353516
180, 0.27806681394577026, 2.5949201583862305, -13.717691421508789
181, 0.27806681394577026, 2.5949201583862305, -13.717691421508789
182, 0.44820934534072876, 2.5949201583862305, -13.660295486450195
183, 0.44820934534072876, 2.5949201583862305, -13.660295486450195
184, 0.44820934534072876, 2.5949201583862305, -13.660295486450195
185, 0.6933125853538513, 2.5949201583862305, -13.70953369140625
186, 0.6933125853538513, 2.5949201583862305, -13.70953369140625
187, 0.6933125853538513, 2.5949201583862305, -13.70953369140625
188, 0.8585057258605957, 2.5949201583862305, -13.521886825561523
189, 0.8585057258605957, 2.5949201583862305, -13.521886825561523
190, 0.9077439308166504, 2.5949201583862305, -13.27678394317627
191, 0.9569821357727051, 2.5949201583862305, -13.031681060791016
192, 0.9569821357727051, 2.5949201583862305, -13.031681060791016
193, 0.8770720362663269, 2.5949201583862305, -12.794795989990234
194, 0.7971619367599487, 2.3949198722839355, -12.557910919189453
195, 0.7971619367599487, 2.3949198722839355, -12.557910919189453
196, 0.7971619367599487, 2.3949198722839355, -12.557910919189453
197, 0.7971619367599487, 2.3949198722839355, -12.557910919189453
198, 0.7971619367599487, 2.3949198722839355, -12.557910919189453
199, 0.7971619367599487, 2.3949198722839355, -12.557910919189453
200, 0.7971619367599487, 2.3949198722839355, -12.557910919189453
201, 0.8770720362663269, 2.5949201583862305, -12.794795989990234
202, 0.8770720362663269, 2.5949201583862305, -12.794795989990234
203, 0.8278338313102722, 2.5949201583862305, -13.039898872375488
204, 0.7785956263542175, 2.5949201583862305, -13.285001754760742
205, 0.7293574213981628, 2.5949201583862305, -13.530104637145996
206, 0.7293574213981628, 2.5949201583862305, -13.530104637145996
207, 0.5641642808914185, 2.5949201583862305, -13.717751502990723
208, 0.5641642808914185, 2.5949201583862305, -13.717751502990723
209, 0.32727956771850586, 2.5949201583862305, -13.797661781311035
210, 0.09039483964443207, 2.5949201583862305, -13.877572059631348
211, -0.14648988842964172, 2.5949201583862305, -13.95748233795166
212, -0.3833746314048767, 2.5949201583862305, -14.037392616271973
213, -0.3833746314048767, 2.5949201583862305, -14.037392616271973
214, -0.3833746314048767, 2.5949201583862305, -14.037392616271973
215, -0.3833746314048767, 2.5949201583862305, -14.037392616271973
216, -0.3833746314048767, 2.5949201583862305, -14.037392616271973
217, -0.3833746314048767, 2.5949201583862305, -14.037392616271973
218, -0.3833746314048767, 2.5949201583862305, -14.037392616271973
219, -0.3833746314048767, 2.5949201583862305, -14.037392616271973
220, -0.3833746314048767, 2.5949201583862305, -14.037392616271973
221, -0.14648990333080292, 2.5949201583862305, -13.95748233795166
222, 0.09039482474327087, 2.5949201583862305, -13.877572059631348
223, 0.32727956771850586, 2.5949201583862305, -13.797661781311035
224, 0.5641642808914185, 2.5949201583862305, -13.717751502990723
225, 0.5641642808914185, 2.5949201583862305, -13.717751502990723
226, 0.7293574213981628, 2.5949201583862305, -13.530104637145996
227, 0.8945505619049072, 2.5949201583862305, -13.34245777130127
228, 0.8945505619049072, 2.5949201583862305, -13.34245777130127
229, 0.9437887668609619, 2.5949201583862305, -13.097354888916016
230, 0.9437887668609619, 2.5949201583862305, -13.097354888916016
231, 0.8638786673545837, 2.5949201583862305, -12.860469818115234
232, 0.8638786673545837, 2.5949201583862305, -12.860469818115234
233, 0.8638786673545837, 2.5949201583862305, -12.860469818115234
234, 0.7839685678482056, 2.4000678062438965, -12.623584747314453
235, 0.7839685678482056, 2.4000678062438965, -12.623584747314453
236, 0.8332067728042603, 2.3949198722839355, -12.3784818649292
237, 0.8824449777603149, 2.3949198722839355, -12.133378982543945
238, 0.9316831827163696, 2.426358222961426, -11.888276100158691
239, 0.9809213876724243, 2.5146965980529785, -11.643173217773438
240, 1.030159592628479, 2.6208009719848633, -11.398070335388184
241, 1.030159592628479, 2.6208009719848633, -11.398070335388184
242, 0.9502494931221008, 2.764037847518921, -11.161185264587402
243, 0.8703393936157227, 2.794919967651367, -10.924300193786621
244, 0.7904292941093445, 2.794919967651367, -10.68741512298584
245, 0.7904292941093445, 2.794919967651367, -10.68741512298584
246, 0.6027827262878418, 2.794919967651367, -10.522221565246582
247, 0.6027827262878418, 2.794919967651367, -10.522221565246582
248, 0.35767948627471924, 2.794919967651367, -10.472983360290527
249, 0.11257623136043549, 2.794919967651367, -10.423745155334473
250, 0.11257623136043549, 2.794919967651367, -10.423745155334473
251, 0.11257623136043549, 2.794919967651367, -10.423745155334473
252, 0.11257623136043549, 2.794919967651367, -10.423745155334473
253, 0.11257623136043549, 2.794919967651367, -10.423745155334473
254, 0.11257623136043549, 2.794919967651367, -10.423745155334473
255, 0.11257623136043549, 2.794919967651367, -10.423745155334473
256, 0.35767948627471924, 2.794919967651367, -10.472983360290527
257, 0.6027827262878418, 2.794919967651367, -10.522221565246582
258, 0.6027827262878418, 2.794919967651367, -10.522221565246582
259, 0.6027827262878418, 2.794919967651367, -10.522221565246582
260, 0.7679758667945862, 2.794919967651367, -10.334574699401855
261, 0.9331690073013306, 2.794919967651367, -10.146927833557129
262, 0.9331690073013306, 2.794919967651367, -10.146927833557129
263, 0.9824072122573853, 2.794919967651367, -9.901824951171875
264, 1.03164541721344, 2.794919967651367, -9.656722068786621
265, 1.0808836221694946, 2.794919967651367, -9.411619186401367
266, 1.1301218271255493, 2.794919967651367, -9.166516304016113
267, 1.1301218271255493, 2.794919967651367, -9.166516304016113
268, 1.0502116680145264, 2.794919967651367, -8.929631233215332
269, 0.9703015685081482, 2.794919967651367, -8.69274616241455
270, 0.9703015685081482, 2.794919967651367, -8.69274616241455
271, 0.9703015685081482, 2.794919967651367, -8.69274616241455
272, 0.9703015685081482, 2.794919967651367, -8.69274616241455
273, 0.9703015685081482, 2.794919967651367, -8.69274616241455
274, 0.9703015685081482, 2.794919967651367, -8.69274616241455
275, 0.9703015685081482, 2.794919967651367, -8.69274616241455
276, 0.9703015685081482, 2.794919967651367, -8.69274616241455
277, 0.9210633635520935, 2.794919967651367, -8.937849044799805
278, 0.8718251585960388, 2.794919967651367, -9.182951927185059
279, 0.8718251585960388, 2.794919967651367, -9.182951927185059
280, 0.951735258102417, 2.794919967651367, -9.41983699798584
281, 1.03164541721344, 2.794919967651367, -9.656722068786621
282, 1.03164541721344, 2.794919967651367, -9.656722068786621
283, 0.9824072122573853, 2.794919967651367, -9.901824951171875
284, 0.9331690073013306, 2.794919967651367, -10.146927833557129
285, 0.9331690073013306, 2.794919967651367, -10.146927833557129
286, 0.7679758667945862, 2.794919967651367, -10.334574699401855
287, 0.6027827262878418, 2.794919967651367, -10.522221565246582
288, 0.6027827262878418, 2.794919967651367, -10.522221565246582
289, 0.6027827262878418, 2.794919967651367, -10.522221565246582
290, 0.35767948627471924, 2.794919967651367, -10.472983360290527
291, 0.11257623136043549, 2.794919967651367, -10.423745155334473
292, -0.13252702355384827, 2.794919967651367, -10.374506950378418
293, -0.3776302933692932, 2.794919967651367, -10.325268745422363
294, -0.6227335333824158, 2.794919967651367, -10.276030540466309
295, -0.6227335333824158, 2.794919967651367, -10.276030540466309
296, -0.6227335333824158, 2.794919967651367, -10.276030540466309
297, -0.6227335333824158, 2.794919967651367, -10.276030540466309
298, -0.6227335333824158, 2.794919967651367, -10.276030540466309
299, -0.6227335333824158, 2.794919967651367, -10.276030540466309
300, -0.6227335333824158, 2.794919967651367, -10.276030540466309
301, -0.6227335333824158, 2.794919967651367, -10.276030540466309
302, -0.3858488202095032, 2.794919967651367, -10.196120262145996
303, -0.3858488202095032, 2.794919967651367, -10.196120262145996
304, -0.14074556529521942, 2.794919967651367, -10.24535846710205
305, -0.14074556529521942, 2.794919967651367, -10.24535846710205
306, 0.04690098762512207, 2.794919967651367, -10.410552024841309
307, 0.04690098762512207, 2.794919967651367, -10.410552024841309
308, 0.29200422763824463, 2.794919967651367, -10.459790229797363
309, 0.5371074676513672, 2.794919967651367, -10.509028434753418
310, 0.5371074676513672, 2.794919967651367, -10.509028434753418
311, 0.7739921808242798, 2.794919967651367, -10.429118156433105
312, 0.7739921808242798, 2.794919967651367, -10.429118156433105
313, 0.9391853213310242, 2.794919967651367, -10.241471290588379
314, 0.9391853213310242, 2.794919967651367, -10.241471290588379
315, 0.9884235262870789, 2.794919967651367, -9.996368408203125
316, 1.0376616716384888, 2.794919967651367, -9.751265525817871
317, 1.0868998765945435, 2.794919967651367, -9.506162643432617
318, 1.0868998765945435, 2.794919967651367, -9.506162643432617
319, 1.0069897174835205, 2.794919967651367, -9.269277572631836
320, 0.9270796179771423, 2.794919967651367, -9.032392501831055
321, 0.8471695184707642, 2.794919967651367, -8.795507431030273
322, 0.8471695184707642, 2.794919967651367, -8.795507431030273
323, 0.6595229506492615, 2.794919967651367, -8.630313873291016
324, 0.4718763828277588, 2.794919967651367, -8.465120315551758
325, 0.4718763828277588, 2.794919967651367, -8.465120315551758
326, 0.3584063649177551, 2.794919967651367, -8.442325592041016
327, 0.3584063649177551, 2.794919967651367, -8.442325592041016
328, 0.3584063649177551, 2.794919967651367, -8.442325592041016
329, 0.12152163684368134, 2.794919967651367, -8.522235870361328
330, 0.12152163684368134, 2.794919967651367, -8.522235870361328
331, 0.12152163684368134, 2.794919967651367, -8.522235870361328
332, -0.06612491607666016, 2.794919967651367, -8.35704231262207
333, -0.25377148389816284, 2.794919967651367, -8.191848754882812
334, -0.25377148389816284, 2.794919967651367, -8.191848754882812
335, -0.25377148389816284, 2.794919967651367, -8.191848754882812
336, -0.25377148389816284, 2.794919967651367, -8.191848754882812
337, -0.25377148389816284, 2.794919967651367, -8.191848754882812
338, -0.25377148389816284, 2.794919967651367, -8.191848754882812
339, -0.25377148389816284, 2.794919967651367, -8.191848754882812
340, -0.06612493097782135, 2.794919967651367, -8.35704231262207
341, 0.12152162194252014, 2.794919967651367, -8.522235870361328
342, 0.12152162194252014, 2.794919967651367, -8.522235870361328
343, 0.3666248917579651, 2.794919967651367, -8.571474075317383
344, 0.6117281317710876, 2.794919967651367, -8.620712280273438
345, 0.6117281317710876, 2.794919967651367, -8.620712280273438
346, 0.8486128449440002, 2.794919967651367, -8.540802001953125
347, 0.8486128449440002, 2.794919967651367, -8.540802001953125
348, 1.0138059854507446, 2.794919967651367, -8.353155136108398
349, 1.0138059854507446, 2.794919967651367, -8.353155136108398
350, 1.0630441904067993, 2.794919967651367, -8.108052253723145
351, 1.0630441904067993, 2.794919967651367, -8.108052253723145
352, 1.0630441904067993, 2.794919967651367, -8.108052253723145
353, 1.299928903579712, 2.794919967651367, -8.028141975402832
354, 1.299928903579712, 2.794919967651367, -8.028141975402832
355, 1.299928903579712, 2.794919967651367, -8.028141975402832
356, 1.3034192323684692, 2.794919967651367, -8.02696418762207
357, 1.3034192323684692, 2.794919967651367, -8.02696418762207
358, 1.4686124324798584, 2.794919967651367, -7.839317798614502
359, 1.4686124324798584, 2.794919967651367, -7.839317798614502
360, 1.705497145652771, 2.794919967651367, -7.7594075202941895
361, 1.705497145652771, 2.794919967651367, -7.7594075202941895
362, 1.705497145652771, 2.794919967651367, -7.7594075202941895
363, 1.705497145652771, 2.794919967651367, -7.7594075202941895
364, 1.705497145652771, 2.794919967651367, -7.7594075202941895
365, 1.705497145652771, 2.794919967651367, -7.7594075202941895
366, 1.705497145652771, 2.794919967651367, -7.7594075202941895
367, 1.705497145652771, 2.794919967651367, -7.7594075202941895
368, 1.705497145652771, 2.794919967651367, -7.7594075202941895
369, 1.4686124324798584, 2.794919967651367, -7.839317798614502
370, 1.2317277193069458, 2.794919967651367, -7.9192280769348145
371, 1.2317277193069458, 2.794919967651367, -7.9192280769348145
372, 1.0665345191955566, 2.794919967651367, -8.106874465942383
373, 1.0665345191955566, 2.794919967651367, -8.106874465942383
374, 1.017296314239502, 2.794919967651367, -8.351977348327637
375, 0.9680581092834473, 2.794919967651367, -8.59708023071289
376, 0.9188199043273926, 2.794919967651367, -8.842183113098145
377, 0.8695816993713379, 2.794919967651367, -9.087285995483398
378, 0.8203434944152832, 2.794919967651367, -9.332388877868652
379, 0.8203434944152832, 2.794919967651367, -9.332388877868652
380, 0.9002535939216614, 2.794919967651367, -9.569273948669434
381, 0.9801636934280396, 2.794919967651367, -9.806159019470215
382, 1.0600738525390625, 2.794919967651367, -10.043044090270996
383, 1.1399840116500854, 2.794919967651367, -10.279929161071777
384, 1.1399840116500854, 2.794919967651367, -10.279929161071777
385, 1.0907458066940308, 2.794919967651367, -10.525032043457031
386, 1.041507601737976, 2.794919967651367, -10.770134925842285
387, 0.9922693967819214, 2.794919967651367, -11.015237808227539
388, 0.9430311918258667, 2.709165096282959, -11.260340690612793
389, 0.893792986869812, 2.577449321746826, -11.505443572998047
390, 0.8445547819137573, 2.4457333087921143, -11.7505464553833
391, 0.8349260091781616, 2.419975996017456, -11.798477172851562
392, 0.8349260091781616, 2.419975996017456, -11.798477172851562
393, 0.9148361086845398, 2.3949198722839355, -12.035362243652344
394, 0.994746208190918, 2.3949198722839355, -12.272247314453125
395, 1.0746562480926514, 2.3949198722839355, -12.509132385253906
396, 1.0746562480926514, 2.3949198722839355, -12.509132385253906
397, 1.0254180431365967, 2.557814836502075, -12.75423526763916
398, 0.976179838180542, 2.5949201583862305, -12.999338150024414
399, 0.9269416332244873, 2.5949201583862305, -13.244441032409668
400, 0.8777034282684326, 2.5949201583862305, -13.489543914794922
401, 0.8777034282684326, 2.5949201583862305, -13.489543914794922
402, 0.7125102281570435, 2.5949201583862305, -13.677190780639648
403, 0.7125102281570435, 2.5949201583862305, -13.677190780639648
404, 0.47562548518180847, 2.5949201583862305, -13.757101058959961
405, 0.2387407422065735, 2.5949201583862305, -13.837011337280273
406, 0.001855999231338501, 2.5949201583862305, -13.916921615600586
407, 0.001855999231338501, 2.5949201583862305, -13.916921615600586
408, 0.001855999231338501, 2.5949201583862305, -13.916921615600586
409, 0.001855999231338501, 2.5949201583862305, -13.916921615600586
410, 0.001855999231338501, 2.5949201583862305, -13.916921615600586
411, 0.001855999231338501, 2.5949201583862305, -13.916921615600586
412, 0.001855999231338501, 2.5949201583862305, -13.916921615600586
413, 0.001855999231338501, 2.5949201583862305, -13.916921615600586
414, 0.001855999231338501, 2.5949201583862305, -13.916921615600586
415, 0.001855999231338501, 2.5949201583862305, -13.916921615600586
416, 0.001855999231338501, 2.5949201583862305, -13.916921615600586
417, 0.23874077200889587, 2.5949201583862305, -13.837011337280273
418, 0.47562554478645325, 2.5949201583862305, -13.757101058959961
419, 0.47562554478645325, 2.5949201583862305, -13.757101058959961
420, 0.64081871509552, 2.5949201583862305, -13.569454193115234
421, 0.8060119152069092, 2.5949201583862305, -13.381807327270508
422, 0.8060119152069092, 2.5949201583862305, -13.381807327270508
423, 0.8552501797676086, 2.5949201583862305, -13.136704444885254
424, 0.9044884443283081, 2.5949201583862305, -12.8916015625
425, 0.9537267088890076, 2.447335958480835, -12.646498680114746
426, 1.002964973449707, 2.3949198722839355, -12.401395797729492
427, 1.0522031784057617, 2.4111297130584717, -12.156292915344238
428, 1.1014413833618164, 2.4994683265686035, -11.911190032958984
429, 1.150679588317871, 2.5878069400787354, -11.66608715057373
430, 1.150679588317871, 2.5878069400787354, -11.66608715057373
431, 1.0707695484161377, 2.613684892654419, -11.42920207977295
432, 0.9908595085144043, 2.7414498329162598, -11.192317008972168
433, 0.9109494686126709, 2.794919967651367, -10.955431938171387
434, 0.8310394287109375, 2.794919967651367, -10.718546867370605
435, 0.8310394287109375, 2.794919967651367, -10.718546867370605
436, 0.880277693271637, 2.794919967651367, -10.473443984985352
437, 0.9295159578323364, 2.794919967651367, -10.228341102600098
438, 0.9787542223930359, 2.794919967651367, -9.983238220214844
439, 1.0279924869537354, 2.794919967651367, -9.73813533782959
440, 1.07723069190979, 2.794919967651367, -9.493032455444336
441, 1.07723069190979, 2.794919967651367, -9.493032455444336
442, 0.9973206520080566, 2.794919967651367, -9.256147384643555
443, 0.9174106121063232, 2.794919967651367, -9.019262313842773
444, 0.8375005722045898, 2.794919967651367, -8.782377243041992
445, 0.8375005722045898, 2.794919967651367, -8.782377243041992
446, 0.6498540639877319, 2.794919967651367, -8.617183685302734
447, 0.6498540639877319, 2.794919967651367, -8.617183685302734
448, 0.4047508239746094, 2.794919967651367, -8.56794548034668
449, 0.159647598862648, 2.794919967651367, -8.518707275390625
450, -0.08545562624931335, 2.794919967651367, -8.46946907043457
451, -0.08545562624931335, 2.794919967651367, -8.46946907043457
452, -0.27310213446617126, 2.794919967651367, -8.304275512695312
453, -0.4607486426830292, 2.794919967651367, -8.139081954956055
454, -0.4607486426830292, 2.794919967651367, -8.139081954956055
455, -0.540658712387085, 2.794919967651367, -7.902197360992432
456, -0.6205687522888184, 2.794919967651367, -7.665312767028809
457, -0.6205687522888184, 2.794919967651367, -7.665312767028809
458, -0.6205687522888184, 2.794919967651367, -7.665312767028809
459, -0.8656719923019409, 2.794919967651367, -7.616074562072754
460, 1.8741182088851929, 2.794919967651367, -10.315199851989746
