1, -3.8482208251953125, 0.021223172545433044, 7.260669231414795
2, -3.8482208251953125, 0.021223172545433044, 7.260669231414795
3, -3.8482208251953125, 0.021223172545433044, 7.260669231414795
4, -3.8482208251953125, 0.021223172545433044, 7.260669231414795
5, -3.8482208251953125, 0.021223172545433044, 7.260669231414795
6, -3.8482208251953125, 0.021223172545433044, 7.260669231414795
7, -3.8482208251953125, 0.021223172545433044, 7.260669231414795
8, -3.8482208251953125, 0.021223172545433044, 7.260669231414795
9, -3.8482208251953125, 0.021223172545433044, 7.260669231414795
10, -3.8482208251953125, 0.021223172545433044, 7.260669231414795
11, -3.8482208251953125, 0.021223172545433044, 7.260669231414795
12, -3.8482208251953125, 0.021223172545433044, 7.260669231414795
13, -3.7154088020324707, 0.021223172545433044, 7.472473621368408
14, -3.7154088020324707, 0.021223172545433044, 7.472473621368408
15, -3.7154088020324707, 0.021223172545433044, 7.472473621368408
16, -3.7154088020324707, 0.021223172545433044, 7.472473621368408
17, -3.7154088020324707, 0.021223172545433044, 7.472473621368408
18, -3.7154088020324707, 0.021223172545433044, 7.472473621368408
19, -3.7154088020324707, 0.021223172545433044, 7.472473621368408
20, -3.8482208251953125, 0.021223172545433044, 7.260669708251953
21, -3.9810328483581543, 0.021223172545433044, 7.048865795135498
22, -4.113844871520996, 0.021223172545433044, 6.837061882019043
23, -4.246656894683838, 0.021223172545433044, 6.625257968902588
24, -4.246656894683838, 0.021223172545433044, 6.625257968902588
25, -4.246656894683838, 0.021223172545433044, 6.625257968902588
26, -4.246656894683838, 0.021223172545433044, 6.625257968902588
27, -4.255773544311523, 0.021223172545433044, 6.375424385070801
28, -4.264890193939209, 0.021223172545433044, 6.125590801239014
29, -4.2740068435668945, 0.021223172545433044, 5.875757217407227
30, -4.2740068435668945, 0.021223172545433044, 5.875757217407227
31, -4.2740068435668945, 0.021223172545433044, 5.875757217407227
32, -4.2740068435668945, 0.021223172545433044, 5.875757217407227
33, -4.156984806060791, 0.021223172545433044, 5.654836654663086
34, -4.156984806060791, 0.021223172545433044, 5.654836654663086
35, -4.166101455688477, 0.021223172545433044, 5.405003070831299
36, -4.175218105316162, 0.021223172545433044, 5.155169486999512
37, -4.184334754943848, 0.021223172545433044, 4.905335903167725
38, -4.193451404571533, 0.021223172545433044, 4.6555023193359375
39, -4.193451404571533, 0.021223172545433044, 4.6555023193359375
40, -4.193451404571533, 0.021223172545433044, 4.6555023193359375
41, -4.193451404571533, 0.021223172545433044, 4.6555023193359375
42, -4.193451404571533, 0.021223172545433044, 4.6555023193359375
43, -4.2025675773620605, 0.021223172545433044, 4.40566873550415
44, -4.211683750152588, 0.021223172545433044, 4.155835151672363
45, -4.211683750152588, 0.021223172545433044, 4.155835151672363
46, -4.211683750152588, 0.021223172545433044, 4.155835151672363
47, -4.211683750152588, 0.021223172545433044, 4.155835151672363
48, -4.211683750152588, 0.021223172545433044, 4.155835151672363
49, -4.211683750152588, 0.021223172545433044, 4.155835151672363
50, -4.211683750152588, 0.021223172545433044, 4.155835151672363
51, -4.211683750152588, 0.021223172545433044, 4.155835151672363
52, -4.211683750152588, 0.021223172545433044, 4.155835151672363
53, -4.202567100524902, 0.021223172545433044, 4.40566873550415
54, -4.193450450897217, 0.021223172545433044, 4.6555023193359375
55, -4.184333801269531, 0.021223172545433044, 4.905335903167725
56, -4.175217151641846, 0.021223172545433044, 5.155169486999512
57, -4.16610050201416, 0.021223172545433044, 5.405003070831299
58, -4.156983852386475, 0.021223172545433044, 5.654836654663086
59, -4.156983852386475, 0.021223172545433044, 5.654836654663086
60, -4.274005889892578, 0.021223172545433044, 5.875757217407227
61, -4.391027927398682, 0.021223172545433044, 6.096677780151367
62, -4.391027927398682, 0.021223172545433044, 6.096677780151367
63, -4.602831840515137, 0.021223172545433044, 6.229489803314209
64, -4.814635753631592, 0.021223172545433044, 6.362301826477051
65, -4.814635753631592, 0.021223172545433044, 6.362301826477051
66, -5.064469337463379, 0.021223172545433044, 6.371418476104736
67, -5.314302921295166, 0.021223172545433044, 6.380535125732422
68, -5.314302921295166, 0.021223172545433044, 6.380535125732422
69, -5.535223484039307, 0.021223172545433044, 6.263513565063477
70, -5.756144046783447, 0.021223172545433044, 6.146492004394531
71, -5.756144046783447, 0.021223172545433044, 6.146492004394531
72, -5.888956069946289, 0.021223172545433044, 5.934688091278076
73, -5.89015007019043, 0.021223172545433044, 5.932784080505371
74, -5.89015007019043, 0.021223172545433044, 5.932784080505371
75, -6.11107063293457, 0.021223172545433044, 5.815762519836426
76, -6.11107063293457, 0.021223172545433044, 5.815762519836426
77, -6.11107063293457, 0.021223172545433044, 5.815762519836426
78, -6.120187282562256, 0.021223172545433044, 5.565928936004639
79, -6.129303932189941, 0.021223172545433044, 5.316095352172852
80, -6.138420581817627, 0.021223172545433044, 5.0662617683410645
81, -6.1475372314453125, 0.021223172545433044, 4.816428184509277
82, -6.156653881072998, 0.021223172545433044, 4.56659460067749
83, -6.165770530700684, 0.021223172545433044, 4.316761016845703
84, -6.165770530700684, 0.021223172545433044, 4.316761016845703
85, -3.668605327606201, 0.021223172545433044, 7.907840251922607
