1, 12.447122573852539, 2.8994359970092773, -1.3557699918746948
2, 12.447122573852539, 2.8994359970092773, -1.3557699918746948
3, 12.447122573852539, 2.8994359970092773, -1.3557699918746948
4, 12.447122573852539, 2.8994359970092773, -1.3557699918746948
5, 12.447122573852539, 2.8994359970092773, -1.3557699918746948
6, 12.447122573852539, 2.8994359970092773, -1.3557699918746948
7, 12.447122573852539, 2.8994359970092773, -1.3557699918746948
8, 12.447122573852539, 2.8994359970092773, -1.3557699918746948
9, 12.447122573852539, 2.8994359970092773, -1.3557699918746948
10, 12.447122573852539, 2.8994359970092773, -1.3557699918746948
11, 12.447122573852539, 2.8994359970092773, -1.3557699918746948
12, 12.447122573852539, 2.8994359970092773, -1.3557699918746948
13, 12.697122573852539, 2.8994359970092773, -1.3560233116149902
14, 12.697122573852539, 2.8994359970092773, -1.3560233116149902
15, 12.913755416870117, 2.8994359970092773, -1.2312426567077637
16, 13.130388259887695, 2.8994359970092773, -1.106462001800537
17, 13.347021102905273, 2.8994359970092773, -0.9816814064979553
18, 13.347021102905273, 2.8994359970092773, -0.9816814064979553
19, 13.472240447998047, 2.8994359970092773, -0.7653018236160278
20, 13.472240447998047, 2.8994359970092773, -0.7653018236160278
21, 13.472240447998047, 2.8994359970092773, -0.7653018236160278
22, 13.472240447998047, 2.8994359970092773, -0.7653018236160278
23, 13.472240447998047, 2.8994359970092773, -0.7653018236160278
24, 13.222240447998047, 2.8994359970092773, -0.7650485038757324
25, 12.972240447998047, 2.8994359970092773, -0.764795184135437
26, 12.722240447998047, 2.8994359970092773, -0.7645418643951416
27, 12.472240447998047, 2.8994359970092773, -0.7642885446548462
28, 12.222240447998047, 2.8994359970092773, -0.7640352249145508
29, 11.972240447998047, 2.8994359970092773, -0.7637819051742554
30, 11.722240447998047, 2.8994359970092773, -0.76352858543396
31, 11.472240447998047, 2.8994359970092773, -0.7632752656936646
32, 11.472240447998047, 2.8994359970092773, -0.7632752656936646
33, 11.472240447998047, 2.8994359970092773, -0.7632752656936646
34, 11.472240447998047, 2.8994359970092773, -0.7632752656936646
35, 11.472240447998047, 2.8994359970092773, -0.7632752656936646
36, 11.472240447998047, 2.8994359970092773, -0.7632752656936646
37, 11.255607604980469, 2.8994359970092773, -0.8880558609962463
38, 11.255607604980469, 2.8994359970092773, -0.8880558609962463
39, 11.005607604980469, 2.8994359970092773, -0.8878025412559509
40, 10.755607604980469, 2.8994359970092773, -0.8875492215156555
41, 10.505607604980469, 2.8994359970092773, -0.8872959017753601
42, 10.255607604980469, 2.8994359970092773, -0.8870425820350647
43, 10.255607604980469, 2.8994359970092773, -0.8870425820350647
44, 10.039228439331055, 2.8994359970092773, -0.7618232369422913
45, 9.82284927368164, 2.8994359970092773, -0.6366038918495178
46, 9.606470108032227, 2.8994359970092773, -0.5113845467567444
47, 9.390090942382812, 2.8994359970092773, -0.38616520166397095
48, 9.173711776733398, 2.8994359970092773, -0.2609458565711975
49, 8.957332611083984, 2.8994359970092773, -0.13572651147842407
50, 8.957332611083984, 2.8994359970092773, -0.13572651147842407
51, 8.707332611083984, 2.8994359970092773, -0.13547319173812866
52, 8.457332611083984, 2.8994359970092773, -0.13521987199783325
53, 8.207332611083984, 2.8994359970092773, -0.13496655225753784
54, 7.957332611083984, 2.8994359970092773, -0.13471323251724243
55, 7.957332611083984, 2.8994359970092773, -0.13471323251724243
56, 7.773213863372803, 2.8994359970092773, -0.24076557159423828
57, 7.773213863372803, 2.8994359970092773, -0.24076557159423828
58, 7.773213863372803, 2.8994359970092773, -0.24076557159423828
59, 7.523213863372803, 2.8994359970092773, -0.24051225185394287
60, 7.523213863372803, 2.8994359970092773, -0.24051225185394287
61, 7.306581020355225, 2.8994359970092773, -0.36529281735420227
62, 7.306581020355225, 2.8994359970092773, -0.36529281735420227
63, 7.306581020355225, 2.8994359970092773, -0.36529281735420227
64, 7.306581020355225, 2.8994359970092773, -0.36529281735420227
65, 7.306581020355225, 2.8994359970092773, -0.36529281735420227
66, 7.0899481773376465, 2.8994359970092773, -0.49007338285446167
67, 6.873315334320068, 2.8994359970092773, -0.6148539781570435
68, 6.873315334320068, 2.8994359970092773, -0.6148539781570435
69, 6.623315334320068, 2.8994359970092773, -0.614600658416748
70, 6.373315334320068, 2.8994359970092773, -0.6143473386764526
71, 6.123315334320068, 2.8994359970092773, -0.6140940189361572
72, 5.873315334320068, 2.8994359970092773, -0.6138406991958618
73, 5.623315334320068, 2.8994359970092773, -0.6135873794555664
74, 5.373315334320068, 2.8994359970092773, -0.613334059715271
75, 5.123315334320068, 2.8994359970092773, -0.6130807399749756
76, 4.873315334320068, 2.8994359970092773, -0.6128274202346802
77, 4.623315334320068, 2.8994359970092773, -0.6125741004943848
78, 4.623315334320068, 2.8994359970092773, -0.6125741004943848
79, 4.623315334320068, 2.8994359970092773, -0.6125741004943848
80, 4.623315334320068, 2.8994359970092773, -0.6125741004943848
81, 4.406935691833496, 2.8994359970092773, -0.48735475540161133
82, 4.190556049346924, 2.8994359970092773, -0.3621354103088379
83, 4.190556049346924, 2.8994359970092773, -0.3621354103088379
84, 4.190556049346924, 2.8994359970092773, -0.3621354103088379
85, 3.9741764068603516, 2.8994359970092773, -0.23691606521606445
86, 3.9741764068603516, 2.8994359970092773, -0.23691606521606445
87, 3.7241764068603516, 2.8994359970092773, -0.23666274547576904
88, 3.4741764068603516, 2.8994359970092773, -0.23640942573547363
89, 3.2241764068603516, 2.8994359970092773, -0.23615610599517822
90, 2.9741764068603516, 2.8994359970092773, -0.2359027862548828
91, 2.7241764068603516, 2.8994359970092773, -0.2356494665145874
92, 2.4741764068603516, 2.8994359970092773, -0.235396146774292
93, 2.4741764068603516, 2.8994359970092773, -0.235396146774292
94, 2.2575435638427734, 2.8994359970092773, -0.3601767122745514
95, 2.0409107208251953, 2.8994359970092773, -0.4849572777748108
96, 1.8242778778076172, 2.8994359970092773, -0.6097378730773926
97, 1.607645034790039, 2.8994359970092773, -0.7345184087753296
98, 1.607645034790039, 2.8994359970092773, -0.7345184087753296
99, 1.607645034790039, 2.8994359970092773, -0.7345184087753296
100, 1.391012191772461, 2.8994359970092773, -0.8592989444732666
101, 1.1743793487548828, 2.8994359970092773, -0.9840794801712036
102, 1.1743793487548828, 2.8994359970092773, -0.9840794801712036
103, 1.0491600036621094, 2.8994359970092773, -1.2004591226577759
104, 0.9239407181739807, 2.8994359970092773, -1.4168387651443481
105, 0.798721432685852, 2.8994359970092773, -1.6332184076309204
106, 0.798721432685852, 2.8994359970092773, -1.6332184076309204
107, 0.7984681129455566, 2.8994359970092773, -1.8832182884216309
108, 0.7982147932052612, 2.8994359970092773, -2.1332180500030518
109, 0.7979614734649658, 2.8994359970092773, -2.3832178115844727
110, 0.7977081537246704, 2.8994359970092773, -2.6332175731658936
111, 0.797454833984375, 2.8994359970092773, -2.8832173347473145
112, 0.797454833984375, 2.8994359970092773, -2.8832173347473145
113, 0.797454833984375, 2.8994359970092773, -2.8832173347473145
114, 0.7972015142440796, 2.8994359970092773, -3.1332170963287354
115, 0.7969481945037842, 2.8994359970092773, -3.3832168579101562
116, 0.7969481945037842, 2.8994359970092773, -3.3832168579101562
117, 0.7969481945037842, 2.8994359970092773, -3.3832168579101562
118, 0.7969481945037842, 2.8994359970092773, -3.3832168579101562
119, 0.7969481945037842, 2.8994359970092773, -3.3832168579101562
120, 0.7969481945037842, 2.8994359970092773, -3.3832168579101562
121, 0.9221674799919128, 2.8994359970092773, -3.166837215423584
122, 0.9221674799919128, 2.8994359970092773, -3.166837215423584
123, 0.9224207401275635, 2.8994359970092773, -2.916837215423584
124, 0.9226740002632141, 2.8994359970092773, -2.666837215423584
125, 0.9229272603988647, 2.8994359970092773, -2.416837215423584
126, 0.9231805205345154, 2.8994359970092773, -2.166837215423584
127, 0.923433780670166, 2.8994359970092773, -1.916837215423584
128, 0.9236870408058167, 2.8994359970092773, -1.666837215423584
129, 0.9236870408058167, 2.8994359970092773, -1.666837215423584
130, 1.0489063262939453, 2.8994359970092773, -1.4504575729370117
131, 1.1741256713867188, 2.8994359970092773, -1.2340779304504395
132, 1.1741256713867188, 2.8994359970092773, -1.2340779304504395
133, 1.3907585144042969, 2.8994359970092773, -1.109297275543213
134, 1.607391357421875, 2.8994359970092773, -0.9845166802406311
135, 1.8240242004394531, 2.8994359970092773, -0.8597360849380493
136, 2.0406570434570312, 2.8994359970092773, -0.7349554896354675
137, 2.2572898864746094, 2.8994359970092773, -0.6101748943328857
138, 2.4739227294921875, 2.8994359970092773, -0.48539429903030396
139, 2.6905555725097656, 2.8994359970092773, -0.36061370372772217
140, 2.9071884155273438, 2.8994359970092773, -0.23583310842514038
141, 2.9071884155273438, 2.8994359970092773, -0.23583310842514038
142, 3.1571884155273438, 2.8994359970092773, -0.23608635365962982
143, 3.4071884155273438, 2.8994359970092773, -0.23633959889411926
144, 3.6571884155273438, 2.8994359970092773, -0.2365928441286087
145, 3.9071884155273438, 2.8994359970092773, -0.23684608936309814
146, 3.9071884155273438, 2.8994359970092773, -0.23684608936309814
147, 3.9071884155273438, 2.8994359970092773, -0.23684608936309814
148, 4.03196907043457, 2.8994359970092773, -0.45347899198532104
149, 4.156749725341797, 2.8994359970092773, -0.670111894607544
150, 4.281530380249023, 2.8994359970092773, -0.8867447972297668
151, 4.281530380249023, 2.8994359970092773, -0.8867447972297668
152, 4.281277179718018, 2.8994359970092773, -1.1367446184158325
153, 4.281277179718018, 2.8994359970092773, -1.1367446184158325
154, 4.406057834625244, 2.8994359970092773, -1.3533774614334106
155, 4.530838489532471, 2.8994359970092773, -1.5700103044509888
156, 4.655619144439697, 2.8994359970092773, -1.786643147468567
157, 4.780399799346924, 2.8994359970092773, -2.0032761096954346
158, 4.780399799346924, 2.8994359970092773, -2.0032761096954346
159, 4.780146598815918, 2.8994359970092773, -2.2532758712768555
160, 4.779893398284912, 2.8994359970092773, -2.5032756328582764
161, 4.779640197753906, 2.8994359970092773, -2.7532753944396973
162, 4.7793869972229, 2.8994359970092773, -3.003275156021118
163, 4.7793869972229, 2.8994359970092773, -3.003275156021118
164, 4.7793869972229, 2.8994359970092773, -3.003275156021118
165, 4.7793869972229, 2.8994359970092773, -3.003275156021118
166, 0.8047415614128113, 0.09943583607673645, -3.828461170196533
