1, 1.8034017086029053, 2.583876848220825, -0.7503232359886169
2, 1.8034017086029053, 2.583876848220825, -0.7503232359886169
3, 1.8034017086029053, 2.583876848220825, -0.7503232359886169
4, 1.8034017086029053, 2.583876848220825, -0.7503232359886169
5, 1.8034017086029053, 2.583876848220825, -0.7503232359886169
6, 1.8034017086029053, 2.583876848220825, -0.7503232359886169
7, 1.8034017086029053, 2.583876848220825, -0.7503232359886169
8, 1.8034017086029053, 2.583876848220825, -0.7503232359886169
9, 1.8034017086029053, 2.583876848220825, -0.7503232359886169
10, 1.8034017086029053, 2.583876848220825, -0.7503232359886169
11, 1.8034017086029053, 2.583876848220825, -0.7503232359886169
12, 1.8034017086029053, 2.583876848220825, -0.7503232359886169
13, 1.8034017086029053, 2.583876848220825, -0.7503232359886169
14, 1.8034017086029053, 2.583876848220825, -0.7503232359886169
15, 1.8034017086029053, 2.583876848220825, -0.7503232359886169
16, 1.8034017086029053, 2.583876848220825, -0.7503232359886169
17, 1.8034017086029053, 2.583876848220825, -0.7503232359886169
18, 1.566253900527954, 2.447664260864258, -0.7422703504562378
19, 1.566253900527954, 2.447664260864258, -0.7422703504562378
20, 1.3456300497055054, 2.257960319519043, -0.8598507046699524
21, 1.3456300497055054, 2.257960319519043, -0.8598507046699524
22, 1.0957740545272827, 2.0834856033325195, -0.851366400718689
23, 0.8459180593490601, 1.9090105295181274, -0.8428820371627808
24, 0.8459180593490601, 1.9090105295181274, -0.8428820371627808
25, 0.8459180593490601, 1.9090105295181274, -0.8428820371627808
26, 0.713642418384552, 1.805810570716858, -1.0550215244293213
27, 0.713642418384552, 1.805810570716858, -1.0550215244293213
28, 0.713642418384552, 1.805810570716858, -1.0550215244293213
29, 0.713642418384552, 1.805810570716858, -1.0550215244293213
30, 0.5499312877655029, 1.6859214305877686, -1.1422704458236694
31, 0.5499312877655029, 1.6859214305877686, -1.1422704458236694
32, 0.5499312877655029, 1.6859214305877686, -1.1422704458236694
33, 0.3000752925872803, 1.5117064714431763, -1.1337860822677612
34, 0.3000752925872803, 1.5117064714431763, -1.1337860822677612
35, 0.07945150136947632, 1.423992395401001, -1.2513664960861206
36, 0.07945150136947632, 1.423992395401001, -1.2513664960861206
37, 0.07945150136947632, 1.423992395401001, -1.2513664960861206
38, 0.0709671825170517, 1.423992395401001, -1.5012224912643433
39, 0.062482863664627075, 1.423992395401001, -1.751078486442566
40, 0.062482863664627075, 1.423992395401001, -1.751078486442566
41, 0.062482863664627075, 1.423992395401001, -1.751078486442566
42, 0.062482863664627075, 1.423992395401001, -1.751078486442566
43, 4.218477725982666, -2.576007843017578, -0.7904975414276123
