1, -4.281271934509277, 0.01920294761657715, 1.3021306991577148
2, -4.281271934509277, 0.01920294761657715, 1.3021306991577148
3, -4.281271934509277, 0.01920294761657715, 1.3021306991577148
4, -4.281271934509277, 0.01920294761657715, 1.3021306991577148
5, -4.281271934509277, 0.01920294761657715, 1.3021306991577148
6, -4.281271934509277, 0.01920294761657715, 1.3021306991577148
7, -4.281271934509277, 0.01920294761657715, 1.3021306991577148
8, -4.281271934509277, 0.01920294761657715, 1.3021306991577148
9, -4.281271934509277, 0.01920294761657715, 1.3021306991577148
10, -4.281271934509277, 0.01920294761657715, 1.3021306991577148
11, -4.281271934509277, 0.01920294761657715, 1.3021306991577148
12, -4.281271934509277, 0.01920294761657715, 1.3021306991577148
13, -4.281271934509277, 0.01920294761657715, 1.3021306991577148
14, -4.281271934509277, 0.01920294761657715, 1.3021306991577148
15, -4.281271934509277, 0.01920294761657715, 1.3021306991577148
16, -4.281271934509277, 0.01920294761657715, 1.3021306991577148
17, -4.281271934509277, 0.01920294761657715, 1.3021306991577148
18, -4.033713340759277, 0.01920294761657715, 1.2672778367996216
19, -4.033713340759277, 0.01920294761657715, 1.2672778367996216
20, -4.033713340759277, 0.01920294761657715, 1.2672778367996216
21, -4.033713340759277, 0.01920294761657715, 1.2672778367996216
22, -3.8018949031829834, 0.01920294761657715, 1.360873818397522
23, -3.5700764656066895, 0.01920294761657715, 1.4544697999954224
24, -3.3382580280303955, 0.01920294761657715, 1.5480657815933228
25, -3.3382580280303955, 0.01920294761657715, 1.5480657815933228
26, -3.0906994342803955, 0.01920294761657715, 1.513213038444519
27, -2.8431408405303955, 0.01920294761657715, 1.4783602952957153
28, -2.5955822467803955, 0.01920294761657715, 1.4435075521469116
29, -2.5955822467803955, 0.01920294761657715, 1.4435075521469116
30, -2.3986165523529053, 0.01920294761657715, 1.2895448207855225
31, -2.3986165523529053, 0.01920294761657715, 1.2895448207855225
32, -2.3986165523529053, 0.01920294761657715, 1.2895448207855225
33, -2.3986165523529053, 0.01920294761657715, 1.2895448207855225
34, -2.1510579586029053, 0.01920294761657715, 1.2546920776367188
35, -2.1510579586029053, 0.01920294761657715, 1.2546920776367188
36, -1.954092264175415, 0.01920294761657715, 1.1007294654846191
37, -1.7571265697479248, 0.01920294761657715, 0.9467667937278748
38, -1.5601608753204346, 0.01920294761657715, 0.7928041219711304
39, -1.3631951808929443, 0.01920294761657715, 0.638841450214386
40, -1.3631951808929443, 0.01920294761657715, 0.638841450214386
41, -1.3631951808929443, 0.01920294761657715, 0.638841450214386
42, -1.3631951808929443, 0.01920294761657715, 0.638841450214386
43, -1.3631951808929443, 0.01920294761657715, 0.638841450214386
44, -1.1313767433166504, 0.01920294761657715, 0.7324374914169312
45, -1.1313767433166504, 0.01920294761657715, 0.7324374914169312
46, -0.977414071559906, 0.01920294761657715, 0.9294032454490662
47, -0.8234513998031616, 0.01920294761657715, 1.1263689994812012
48, -0.6694887280464172, 0.01920294761657715, 1.3233346939086914
49, -0.6694887280464172, 0.01920294761657715, 1.3233346939086914
50, -0.6694887280464172, 0.01920294761657715, 1.3233346939086914
51, -0.6694887280464172, 0.01920294761657715, 1.3233346939086914
52, -0.6694887280464172, 0.01920294761657715, 1.3233346939086914
53, -0.6694887280464172, 0.01920294761657715, 1.3233346939086914
54, -0.6694887280464172, 0.01920294761657715, 1.3233346939086914
55, -0.6694887280464172, 0.01920294761657715, 1.3233346939086914
56, -0.7043414115905762, 0.01920294761657715, 1.0757759809494019
57, -0.7391940951347351, 0.01920294761657715, 0.8282173275947571
58, -0.774046778678894, 0.01920294761657715, 0.5806586742401123
59, -0.808899462223053, 0.01920294761657715, 0.33310002088546753
60, -0.8437521457672119, 0.01920294761657715, 0.08554135262966156
61, -0.8786048293113708, 0.01920294761657715, -0.1620173156261444
62, -0.9134575128555298, 0.01920294761657715, -0.4095759987831116
63, -0.9483101963996887, 0.01920294761657715, -0.6571346521377563
64, -0.9483101963996887, 0.01920294761657715, -0.6571346521377563
65, -0.8547141551971436, 0.01920294761657715, -0.8889530897140503
66, -0.8547141551971436, 0.01920294761657715, -0.8889530897140503
67, -0.8547141551971436, 0.01920294761657715, -0.8889530897140503
68, -0.8547141551971436, 0.01920294761657715, -0.8889530897140503
69, -0.8547141551971436, 0.01920294761657715, -0.8889530897140503
70, -0.8547141551971436, 0.01920294761657715, -0.8889530897140503
71, -0.8547141551971436, 0.01920294761657715, -0.8889530897140503
72, -0.8547141551971436, 0.01920294761657715, -0.8889530897140503
73, -0.8547141551971436, 0.01920294761657715, -0.8889530897140503
74, -0.8547141551971436, 0.01920294761657715, -0.8889530897140503
75, -0.8547141551971436, 0.01920294761657715, -0.8889530897140503
76, -0.8547141551971436, 0.01920294761657715, -0.8889530897140503
77, -0.8547141551971436, 0.01920294761657715, -0.8889530897140503
78, -0.7611181139945984, 0.01920294761657715, -1.1207715272903442
79, -0.6675220727920532, 0.01920294761657715, -1.3525899648666382
80, -0.5739260315895081, 0.01920294761657715, -1.5844084024429321
81, -0.5739260315895081, 0.01920294761657715, -1.5844084024429321
82, -0.5739260315895081, 0.01920294761657715, -1.5844084024429321
83, -0.5739260315895081, 0.01920294761657715, -1.5844084024429321
84, -0.5739260315895081, 0.01920294761657715, -1.5844084024429321
85, -0.5739260315895081, 0.01920294761657715, -1.5844084024429321
86, -0.5739260315895081, 0.01920294761657715, -1.5844084024429321
87, -0.6675220727920532, 0.01920294761657715, -1.3525899648666382
88, -0.7611181735992432, 0.01920294761657715, -1.1207715272903442
89, -0.8547142744064331, 0.01920294761657715, -0.8889530897140503
90, -0.948310375213623, 0.01920294761657715, -0.6571346521377563
91, -1.041906476020813, 0.01920294761657715, -0.4253162443637848
92, -1.0997819900512695, 0.01920294761657715, -0.28197038173675537
93, -1.0997819900512695, 0.01920294761657715, -0.28197038173675537
94, -1.0997819900512695, 0.01920294761657715, -0.28197038173675537
95, -1.0649293661117554, 0.01920294761657715, -0.03441166877746582
96, -1.0649293661117554, 0.01920294761657715, -0.03441166877746582
97, -1.1585254669189453, 0.01920294761657715, 0.19740673899650574
98, -1.1585254669189453, 0.01920294761657715, 0.19740673899650574
99, -1.355491280555725, 0.01920294761657715, 0.35136932134628296
100, -1.5524570941925049, 0.01920294761657715, 0.5053318738937378
101, -1.7494229078292847, 0.01920294761657715, 0.6592944860458374
102, -1.9463887214660645, 0.01920294761657715, 0.813257098197937
103, -2.1433544158935547, 0.01920294761657715, 0.9672197103500366
104, -2.340320110321045, 0.01920294761657715, 1.1211823225021362
105, -2.537285804748535, 0.01920294761657715, 1.2751449346542358
106, -2.7342514991760254, 0.01920294761657715, 1.4291075468063354
107, -2.9312171936035156, 0.01920294761657715, 1.583070158958435
108, -3.128182888031006, 0.01920294761657715, 1.7370327711105347
109, -3.325148582458496, 0.01920294761657715, 1.8909953832626343
110, -3.5221142768859863, 0.01920294761657715, 2.0449578762054443
111, -3.5221142768859863, 0.01920294761657715, 2.0449578762054443
112, -3.5221142768859863, 0.01920294761657715, 2.0449578762054443
113, -3.5221142768859863, 0.01920294761657715, 2.0449578762054443
114, -3.5221142768859863, 0.01920294761657715, 2.0449578762054443
115, -3.5221142768859863, 0.01920294761657715, 2.0449578762054443
116, -3.5221142768859863, 0.01920294761657715, 2.0449578762054443
117, -3.325148582458496, 0.01920294761657715, 1.8909952640533447
118, -3.325148582458496, 0.01920294761657715, 1.8909952640533447
119, -3.077589988708496, 0.01920294761657715, 1.8561426401138306
120, -3.077589988708496, 0.01920294761657715, 1.8561426401138306
121, -3.077589988708496, 0.01920294761657715, 1.8561426401138306
122, -2.830031394958496, 0.01920294761657715, 1.8212900161743164
123, -2.582472801208496, 0.01920294761657715, 1.7864373922348022
124, -2.334914207458496, 0.01920294761657715, 1.751584768295288
125, -2.334914207458496, 0.01920294761657715, 1.751584768295288
126, -2.334914207458496, 0.01920294761657715, 1.751584768295288
127, -2.087355613708496, 0.01920294761657715, 1.716732144355774
128, -1.8397969007492065, 0.01920294761657715, 1.6818795204162598
129, -1.592238187789917, 0.01920294761657715, 1.6470268964767456
130, -1.592238187789917, 0.01920294761657715, 1.6470268964767456
131, -1.360419750213623, 0.01920294761657715, 1.7406229972839355
132, -1.128601312637329, 0.01920294761657715, 1.8342190980911255
133, -0.8967828750610352, 0.01920294761657715, 1.9278151988983154
134, -0.8967828750610352, 0.01920294761657715, 1.9278151988983154
135, -0.7428202629089355, 0.01920294761657715, 2.1247811317443848
136, -0.5888576507568359, 0.01920294761657715, 2.321746826171875
137, -0.5888576507568359, 0.01920294761657715, 2.321746826171875
138, -0.5540050268173218, 0.01920294761657715, 2.569305419921875
139, -0.5540050268173218, 0.01920294761657715, 2.569305419921875
140, -0.5540050268173218, 0.01920294761657715, 2.569305419921875
141, -0.5540050268173218, 0.01920294761657715, 2.569305419921875
142, -0.5540050268173218, 0.01920294761657715, 2.569305419921875
143, -0.5540050268173218, 0.01920294761657715, 2.569305419921875
144, -0.6555942296981812, 0.01920294761657715, 2.4393415451049805
145, -0.6555942296981812, 0.01920294761657715, 2.4393415451049805
146, -0.6555942296981812, 0.01920294761657715, 2.4393415451049805
147, -0.6555942296981812, 0.01920294761657715, 2.4393415451049805
148, -0.6555942296981812, 0.01920294761657715, 2.4393415451049805
149, -0.5619981288909912, 0.01920294761657715, 2.2075231075286865
150, -0.5619981288909912, 0.01920294761657715, 2.2075231075286865
151, -0.5619981288909912, 0.01920294761657715, 2.2075231075286865
152, -0.5619981288909912, 0.01920294761657715, 2.2075231075286865
153, -0.7938165068626404, 0.01920294761657715, 2.113926887512207
154, -0.8810074925422668, 0.01920294761657715, 2.078723669052124
155, -0.8810074925422668, 0.01920294761657715, 2.078723669052124
156, -0.8810074925422668, 0.01920294761657715, 2.078723669052124
157, -0.881007730960846, 0.01920294761657715, 2.078723430633545
158, -0.881007730960846, 0.01920294761657715, 2.078723430633545
159, -0.9158602952957153, 0.01920294761657715, 1.8311647176742554
160, -0.9158602952957153, 0.01920294761657715, 1.8311647176742554
161, -0.9158602952957153, 0.01920294761657715, 1.8311647176742554
162, -1.1476786136627197, 0.01920294761657715, 1.7375686168670654
163, -1.3794970512390137, 0.01920294761657715, 1.6439725160598755
164, -1.3794970512390137, 0.01920294761657715, 1.6439725160598755
165, -1.6270557641983032, 0.01920294761657715, 1.6788250207901
166, -1.8746144771575928, 0.01920294761657715, 1.7136775255203247
167, -2.1221730709075928, 0.01920294761657715, 1.7485300302505493
168, -2.3697316646575928, 0.01920294761657715, 1.783382534980774
169, -2.6172902584075928, 0.01920294761657715, 1.8182350397109985
170, -2.8648488521575928, 0.01920294761657715, 1.8530875444412231
171, -3.1124074459075928, 0.01920294761657715, 1.8879400491714478
172, -3.3599660396575928, 0.01920294761657715, 1.9227925539016724
173, -3.3599660396575928, 0.01920294761657715, 1.9227925539016724
174, -3.556931972503662, 0.01920294761657715, 2.0767550468444824
175, -3.7538979053497314, 0.01920294761657715, 2.230717658996582
176, -3.7538979053497314, 0.01920294761657715, 2.230717658996582
177, -3.7538979053497314, 0.01920294761657715, 2.230717658996582
178, -3.719045400619507, -0.005547031760215759, 2.478276252746582
179, -3.6841928958892822, -0.07812588661909103, 2.725834846496582
180, -3.6493403911590576, -0.15070472657680511, 2.973393440246582
181, -3.6493403911590576, -0.15070472657680511, 2.973393440246582
182, -3.6750314235687256, -0.18079686164855957, 3.037024974822998
183, -3.6750314235687256, -0.18079686164855957, 3.037024974822998
184, -3.6750314235687256, -0.18079686164855957, 3.037024974822998
185, -3.6750314235687256, -0.18079686164855957, 3.037024974822998
186, -3.6750314235687256, -0.18079686164855957, 3.037024974822998
187, -3.6750314235687256, -0.18079686164855957, 3.037024974822998
188, -3.9068498611450195, -0.15944577753543854, 2.9434287548065186
189, -3.9068498611450195, -0.15944577753543854, 2.9434287548065186
190, -3.9068498611450195, -0.15944577753543854, 2.9434287548065186
191, -3.9068498611450195, -0.15944577753543854, 2.9434287548065186
192, -3.949781894683838, -0.23478944599628448, 3.049762725830078
193, -3.949781894683838, -0.23478944599628448, 3.049762725830078
194, -3.921377658843994, -0.35239261388778687, 3.2515196800231934
195, -3.921377658843994, -0.35239270329475403, 3.2515196800231934
196, -3.921377658843994, -0.35239270329475403, 3.2515196800231934
197, -3.921377658843994, -0.3523927330970764, 3.2515196800231934
198, -3.921377658843994, -0.3523927330970764, 3.2515196800231934
199, -3.949781894683838, -0.372610867023468, 3.2737226486206055
200, -3.949781894683838, -0.372610867023468, 3.2737226486206055
201, -3.949781894683838, -0.372610867023468, 3.2737226486206055
202, -3.949781894683838, -0.372610867023468, 3.2737226486206055
203, -3.949781894683838, -0.372610867023468, 3.2737226486206055
204, -3.9445226192474365, -0.375537633895874, 3.2804508209228516
205, -3.9445226192474365, -0.375537633895874, 3.2804508209228516
206, -3.9445226192474365, -0.37553760409355164, 3.2804508209228516
207, -3.9445226192474365, -0.37553760409355164, 3.2804508209228516
208, -3.9445226192474365, -0.37553757429122925, 3.2804508209228516
209, -3.9445226192474365, -0.37553757429122925, 3.2804508209228516
210, -3.9445226192474365, -0.37553757429122925, 3.2804508209228516
211, -3.9445226192474365, -0.37553757429122925, 3.2804508209228516
212, -3.9445226192474365, -0.37553757429122925, 3.2804508209228516
213, -3.9445226192474365, -0.37553757429122925, 3.2804508209228516
214, -3.9445226192474365, -0.37553757429122925, 3.2804508209228516
215, -3.949781894683838, -0.3792811632156372, 3.2845618724823
216, -3.949781894683838, -0.3792811632156372, 3.2845618724823
217, -3.949781894683838, -0.3792811632156372, 3.2845618724823
218, -3.949781894683838, -0.3792811632156372, 3.2845618724823
219, -3.949781894683838, -0.3792811632156372, 3.2845618724823
220, -3.949781894683838, -0.3792811632156372, 3.2845618724823
221, -3.949781894683838, -0.3792811632156372, 3.2845618724823
222, -3.949781894683838, -0.3792811632156372, 3.2845618724823
223, -3.948807954788208, -0.37982308864593506, 3.2858076095581055
224, -3.948807954788208, -0.37982308864593506, 3.2858076095581055
225, -3.948807954788208, -0.37982308864593506, 3.2858076095581055
226, -3.948807954788208, -0.37982308864593506, 3.2858076095581055
227, -3.948807954788208, -0.37982308864593506, 3.2858076095581055
228, -3.948807954788208, -0.37982308864593506, 3.2858076095581055
229, -3.948807954788208, -0.37982308864593506, 3.2858076095581055
230, -3.948807954788208, -0.37982308864593506, 3.2858076095581055
231, -3.8552117347717285, -0.21556642651557922, 3.0539891719818115
232, -3.761615514755249, -0.08073988556861877, 2.8221707344055176
233, -3.6680192947387695, -0.048334166407585144, 2.5903522968292236
234, -3.6680192947387695, -0.048334166407585144, 2.5903522968292236
235, -3.6680192947387695, -0.048334166407585144, 2.5903522968292236
236, -3.6680192947387695, -0.048334166407585144, 2.5903522968292236
237, -3.702871799468994, 0.01920294761657715, 2.3427937030792236
238, -3.7377243041992188, 0.01920294761657715, 2.0952351093292236
239, -3.7377243041992188, 0.01920294761657715, 2.0952351093292236
240, -3.7377243041992188, 0.01920294761657715, 2.0952351093292236
241, -3.5407583713531494, 0.01920294761657715, 1.9412726163864136
242, -3.5407583713531494, 0.01920294761657715, 1.9412726163864136
243, -3.5407583713531494, 0.01920294761657715, 1.9412726163864136
244, -3.5407583713531494, 0.01920294761657715, 1.9412726163864136
245, -3.5407583713531494, 0.01920294761657715, 1.9412726163864136
246, -3.5407583713531494, 0.01920294761657715, 1.9412726163864136
247, -3.5407583713531494, 0.01920294761657715, 1.9412726163864136
248, -3.5407583713531494, 0.01920294761657715, 1.9412726163864136
249, -3.2931997776031494, 0.01920294761657715, 1.906420111656189
250, -3.0456411838531494, 0.01920294761657715, 1.8715676069259644
251, -3.0456411838531494, 0.01920294761657715, 1.8715676069259644
252, -3.0456411838531494, 0.01920294761657715, 1.8715676069259644
253, -3.0456411838531494, 0.01920294761657715, 1.8715676069259644
254, -3.0456411838531494, 0.01920294761657715, 1.8715676069259644
255, -3.0456411838531494, 0.01920294761657715, 1.8715676069259644
256, -3.0456411838531494, 0.01920294761657715, 1.8715676069259644
257, -3.2931997776031494, 0.01920294761657715, 1.906420111656189
258, -3.5407583713531494, 0.01920294761657715, 1.9412726163864136
259, -3.5407583713531494, 0.01920294761657715, 1.9412726163864136
260, -3.5407583713531494, 0.01920294761657715, 1.9412726163864136
261, -3.5407583713531494, 0.01920294761657715, 1.9412726163864136
262, -3.5407583713531494, 0.01920294761657715, 1.9412726163864136
263, -3.5407583713531494, 0.01920294761657715, 1.9412726163864136
264, -3.5407583713531494, 0.01920294761657715, 1.9412726163864136
265, -3.2931997776031494, 0.01920294761657715, 1.906420111656189
266, -3.0456411838531494, 0.01920294761657715, 1.8715676069259644
267, -2.7980825901031494, 0.01920294761657715, 1.8367151021957397
268, -2.5505239963531494, 0.01920294761657715, 1.8018625974655151
269, -2.3029654026031494, 0.01920294761657715, 1.7670100927352905
270, -2.0554068088531494, 0.01920294761657715, 1.732157588005066
271, -1.8078480958938599, 0.01920294761657715, 1.6973050832748413
272, -1.5602893829345703, 0.01920294761657715, 1.6624525785446167
273, -1.5602893829345703, 0.01920294761657715, 1.6624525785446167
274, -1.3284709453582764, 0.01920294761657715, 1.7560487985610962
275, -1.0966525077819824, 0.01920294761657715, 1.8496450185775757
276, -0.8648341298103333, 0.01920294761657715, 1.9432412385940552
277, -0.8648341298103333, 0.01920294761657715, 1.9432412385940552
278, -0.8648341298103333, 0.01920294761657715, 1.9432412385940552
279, -0.8648341298103333, 0.01920294761657715, 1.9432412385940552
280, -0.7108716368675232, 0.01920294761657715, 2.140207052230835
281, -0.5569091439247131, 0.01920294761657715, 2.3371729850769043
282, -0.5569091439247131, 0.01920294761657715, 2.3371729850769043
283, -0.5569091439247131, 0.01920294761657715, 2.3371729850769043
284, -0.5569091439247131, 0.01920294761657715, 2.3371729850769043
285, -0.5569091439247131, 0.01920294761657715, 2.3371729850769043
286, -0.5569091439247131, 0.01920294761657715, 2.3371729850769043
287, -0.5569091439247131, 0.01920294761657715, 2.3371729850769043
288, -0.7108716368675232, 0.01920294761657715, 2.140207052230835
289, -0.8648341298103333, 0.01920294761657715, 1.9432411193847656
290, -0.8648341298103333, 0.01920294761657715, 1.9432411193847656
291, -1.0966525077819824, 0.01920294761657715, 1.8496448993682861
292, -1.3284709453582764, 0.01920294761657715, 1.7560486793518066
293, -1.5602893829345703, 0.01920294761657715, 1.6624524593353271
294, -1.5602893829345703, 0.01920294761657715, 1.6624524593353271
295, -1.8078480958938599, 0.01920294761657715, 1.6973049640655518
296, -2.0554068088531494, 0.01920294761657715, 1.7321574687957764
297, -2.3029654026031494, 0.01920294761657715, 1.767009973526001
298, -2.5505239963531494, 0.01920294761657715, 1.8018624782562256
299, -2.7980825901031494, 0.01920294761657715, 1.8367149829864502
300, -3.0456411838531494, 0.01920294761657715, 1.8715674877166748
301, -3.2931997776031494, 0.01920294761657715, 1.9064199924468994
302, -3.5407583713531494, 0.01920294761657715, 1.941272497177124
303, -3.5407583713531494, 0.01920294761657715, 1.941272497177124
304, -3.5407583713531494, 0.01920294761657715, 1.941272497177124
305, -3.5407583713531494, 0.01920294761657715, 1.941272497177124
306, -3.5407583713531494, 0.01920294761657715, 1.941272497177124
307, -3.5407583713531494, 0.01920294761657715, 1.941272497177124
308, -3.5407583713531494, 0.01920294761657715, 1.941272497177124
309, -3.5407583713531494, 0.01920294761657715, 1.941272497177124
310, -3.34379243850708, 0.01920294761657715, 1.787310004234314
311, -3.34379243850708, 0.01920294761657715, 1.787310004234314
312, -3.34379243850708, 0.01920294761657715, 1.787310004234314
313, -3.34379243850708, 0.01920294761657715, 1.787310004234314
314, -3.09623384475708, 0.01920294761657715, 1.7524574995040894
315, -2.84867525100708, 0.01920294761657715, 1.7176049947738647
316, -2.60111665725708, 0.01920294761657715, 1.6827524900436401
317, -2.35355806350708, 0.01920294761657715, 1.6478999853134155
318, -2.10599946975708, 0.01920294761657715, 1.613047480583191
319, -1.8584407567977905, 0.01920294761657715, 1.5781949758529663
320, -1.8584407567977905, 0.01920294761657715, 1.5781949758529663
321, -1.6266224384307861, 0.01920294761657715, 1.6717911958694458
322, -1.3948040008544922, 0.01920294761657715, 1.7653874158859253
323, -1.1629855632781982, 0.01920294761657715, 1.8589836359024048
324, -0.9311671853065491, 0.01920294761657715, 1.9525798559188843
325, -0.6993488073348999, 0.01920294761657715, 2.0461761951446533
326, -0.6993488073348999, 0.01920294761657715, 2.0461761951446533
327, -0.5453863143920898, 0.01920294761657715, 2.2431421279907227
328, -0.5453863143920898, 0.01920294761657715, 2.2431421279907227
329, -0.5105338096618652, 0.01920294761657715, 2.4907007217407227
330, -0.475681334733963, 0.01920294761657715, 2.7382593154907227
331, -0.4408288598060608, 0.01920294761657715, 2.9858179092407227
332, -0.40597638487815857, 0.01920294761657715, 3.2333765029907227
333, -0.40597638487815857, 0.01920294761657715, 3.2333765029907227
334, -0.40597638487815857, 0.01920294761657715, 3.2333765029907227
335, -0.40597638487815857, 0.01920294761657715, 3.2333765029907227
336, -0.40597638487815857, 0.01920294761657715, 3.2333765029907227
337, -0.40597638487815857, 0.01920294761657715, 3.2333765029907227
338, -0.40597638487815857, 0.01920294761657715, 3.2333765029907227
339, -0.4408288598060608, 0.01920294761657715, 2.9858179092407227
340, -0.475681334733963, 0.01920294761657715, 2.7382593154907227
341, -0.5105338096618652, 0.01920294761657715, 2.4907007217407227
342, -0.5453863143920898, 0.01920294761657715, 2.2431421279907227
343, -0.5453863143920898, 0.01920294761657715, 2.2431421279907227
344, -0.6993488073348999, 0.01920294761657715, 2.0461761951446533
345, -0.6993488073348999, 0.01920294761657715, 2.0461761951446533
346, -0.9311671853065491, 0.01920294761657715, 1.9525799751281738
347, -1.1629855632781982, 0.01920294761657715, 1.8589837551116943
348, -1.3948038816452026, 0.01920294761657715, 1.7653875350952148
349, -1.626622200012207, 0.01920294761657715, 1.6717913150787354
350, -1.8584405183792114, 0.01920294761657715, 1.5781950950622559
351, -1.8584405183792114, 0.01920294761657715, 1.5781950950622559
352, -2.105999231338501, 0.01920294761657715, 1.6130475997924805
353, -2.353557825088501, 0.01920294761657715, 1.647900104522705
354, -2.601116418838501, 0.01920294761657715, 1.6827526092529297
355, -2.848675012588501, 0.01920294761657715, 1.7176051139831543
356, -3.096233606338501, 0.01920294761657715, 1.752457618713379
357, -3.343792200088501, 0.01920294761657715, 1.7873101234436035
358, -3.343792200088501, 0.01920294761657715, 1.7873101234436035
359, -3.5407581329345703, 0.01920294761657715, 1.9412726163864136
360, -3.5407581329345703, 0.01920294761657715, 1.9412726163864136
361, -3.5407581329345703, 0.01920294761657715, 1.9412726163864136
362, -3.5407581329345703, 0.01920294761657715, 1.9412726163864136
363, -3.5407581329345703, 0.01920294761657715, 1.9412726163864136
364, -3.5407581329345703, 0.01920294761657715, 1.9412726163864136
365, -3.7883167266845703, 0.01920294761657715, 1.9761251211166382
366, -4.03587532043457, 0.01920294761657715, 2.0109777450561523
367, -4.28343391418457, 0.01920294761657715, 2.045830249786377
368, -4.53099250793457, 0.01920294761657715, 2.0806827545166016
369, -4.77855110168457, 0.01920294761657715, 2.115535259246826
370, -5.02610969543457, 0.01920294761657715, 2.150387763977051
371, -5.27366828918457, 0.01920294761657715, 2.1852402687072754
372, -5.52122688293457, 0.01920294761657715, 2.2200927734375
373, -5.52122688293457, 0.01920294761657715, 2.2200927734375
374, -5.7181925773620605, 0.01920294761657715, 2.3740553855895996
375, -5.915158271789551, 0.01920294761657715, 2.528017997741699
376, -5.915158271789551, 0.01920294761657715, 2.528017997741699
377, -6.008754253387451, 0.01920294761657715, 2.759836435317993
378, -6.102350234985352, 0.01920294761657715, 2.991654872894287
379, -6.102350234985352, 0.01920294761657715, 2.991654872894287
380, -6.102350234985352, 0.01920294761657715, 2.991654872894287
381, -6.102350234985352, 0.01920294761657715, 2.991654872894287
382, -6.102350234985352, 0.01920294761657715, 2.991654872894287
383, -6.102350234985352, 0.01920294761657715, 2.991654872894287
384, -6.102350234985352, 0.01920294761657715, 2.991654872894287
385, -6.008754253387451, 0.01920294761657715, 2.759836435317993
386, -5.915158271789551, 0.01920294761657715, 2.528017997741699
387, -5.915158271789551, 0.01920294761657715, 2.528017997741699
388, -5.7181925773620605, 0.01920294761657715, 2.3740553855895996
389, -5.52122688293457, 0.01920294761657715, 2.2200927734375
390, -5.32426118850708, 0.01920294761657715, 2.0661301612854004
391, -5.32426118850708, 0.01920294761657715, 2.0661301612854004
392, -5.07670259475708, 0.01920294761657715, 2.031277656555176
393, -4.82914400100708, 0.01920294761657715, 1.9964251518249512
394, -4.58158540725708, 0.01920294761657715, 1.9615726470947266
395, -4.33402681350708, 0.01920294761657715, 1.926720142364502
396, -4.08646821975708, 0.01920294761657715, 1.8918676376342773
397, -3.83890962600708, 0.01920294761657715, 1.8570151329040527
398, -3.59135103225708, 0.01920294761657715, 1.8221626281738281
399, -3.34379243850708, 0.01920294761657715, 1.7873101234436035
400, -3.09623384475708, 0.01920294761657715, 1.752457618713379
401, -2.84867525100708, 0.01920294761657715, 1.7176051139831543
402, -2.60111665725708, 0.01920294761657715, 1.6827526092529297
403, -2.35355806350708, 0.01920294761657715, 1.647900104522705
404, -2.10599946975708, 0.01920294761657715, 1.6130475997924805
405, -1.8584407567977905, 0.01920294761657715, 1.5781950950622559
406, -1.8584407567977905, 0.01920294761657715, 1.5781950950622559
407, -1.6266224384307861, 0.01920294761657715, 1.6717913150787354
408, -1.3948040008544922, 0.01920294761657715, 1.7653875350952148
409, -1.1629855632781982, 0.01920294761657715, 1.8589837551116943
410, -0.9311671853065491, 0.01920294761657715, 1.9525799751281738
411, -0.6993488073348999, 0.01920294761657715, 2.0461761951446533
412, -0.6993488073348999, 0.01920294761657715, 2.0461761951446533
413, -0.5453863143920898, 0.01920294761657715, 2.2431421279907227
414, -0.5453863143920898, 0.01920294761657715, 2.2431421279907227
415, -0.5105338096618652, 0.01920294761657715, 2.4907007217407227
416, -0.475681334733963, 0.01920294761657715, 2.7382593154907227
417, -0.4408288598060608, 0.01920294761657715, 2.9858179092407227
418, -0.40597638487815857, 0.01920294761657715, 3.2333765029907227
419, -0.40597638487815857, 0.01920294761657715, 3.2333765029907227
420, -0.40597638487815857, 0.01920294761657715, 3.2333765029907227
421, -0.40597638487815857, 0.01920294761657715, 3.2333765029907227
422, -0.40597638487815857, 0.01920294761657715, 3.2333765029907227
423, -0.40597638487815857, 0.01920294761657715, 3.2333765029907227
424, -0.40597638487815857, 0.01920294761657715, 3.2333765029907227
425, -0.4408288598060608, 0.01920294761657715, 2.9858179092407227
426, -0.475681334733963, 0.01920294761657715, 2.7382593154907227
427, -0.5105338096618652, 0.01920294761657715, 2.4907007217407227
428, -0.5453863143920898, 0.01920294761657715, 2.2431421279907227
429, -0.5453863143920898, 0.01920294761657715, 2.2431421279907227
430, -0.6993488073348999, 0.01920294761657715, 2.0461761951446533
431, -0.6993488073348999, 0.01920294761657715, 2.0461761951446533
432, -0.9311671853065491, 0.01920294761657715, 1.9525799751281738
433, -1.1629855632781982, 0.01920294761657715, 1.8589837551116943
434, -1.3948038816452026, 0.01920294761657715, 1.7653875350952148
435, -1.626622200012207, 0.01920294761657715, 1.6717913150787354
436, -1.8584405183792114, 0.01920294761657715, 1.5781950950622559
437, -1.8584405183792114, 0.01920294761657715, 1.5781950950622559
438, -2.105999231338501, 0.01920294761657715, 1.6130475997924805
439, -2.353557825088501, 0.01920294761657715, 1.647900104522705
440, -2.601116418838501, 0.01920294761657715, 1.6827526092529297
441, -2.848675012588501, 0.01920294761657715, 1.7176051139831543
442, -3.096233606338501, 0.01920294761657715, 1.752457618713379
443, -3.343792200088501, 0.01920294761657715, 1.7873101234436035
444, -3.343792200088501, 0.01920294761657715, 1.7873101234436035
445, -3.343792200088501, 0.01920294761657715, 1.7873101234436035
446, -3.343792200088501, 0.01920294761657715, 1.7873101234436035
447, -3.343792200088501, 0.01920294761657715, 1.7873101234436035
448, -3.343792200088501, 0.01920294761657715, 1.7873101234436035
449, -3.343792200088501, 0.01920294761657715, 1.7873101234436035
450, -3.096233606338501, 0.01920294761657715, 1.752457618713379
451, -3.096233606338501, 0.01920294761657715, 1.752457618713379
452, -3.096233606338501, 0.01920294761657715, 1.752457618713379
453, -2.848675012588501, 0.01920294761657715, 1.7176051139831543
454, -2.601116418838501, 0.01920294761657715, 1.6827526092529297
455, -2.353557825088501, 0.01920294761657715, 1.647900104522705
456, -2.105999231338501, 0.01920294761657715, 1.6130475997924805
457, -1.8584405183792114, 0.01920294761657715, 1.5781950950622559
458, -1.8584405183792114, 0.01920294761657715, 1.5781950950622559
459, -1.626622200012207, 0.01920294761657715, 1.6717913150787354
460, -1.394803762435913, 0.01920294761657715, 1.7653875350952148
461, -1.1629853248596191, 0.01920294761657715, 1.8589837551116943
462, -0.93116694688797, 0.01920294761657715, 1.9525799751281738
463, -0.6993485689163208, 0.01920294761657715, 2.0461761951446533
464, -0.6993485689163208, 0.01920294761657715, 2.0461761951446533
465, -0.5453860759735107, 0.01920294761657715, 2.2431421279907227
466, -0.5453860759735107, 0.01920294761657715, 2.2431421279907227
467, -0.5105335712432861, 0.01920294761657715, 2.4907007217407227
468, -0.4756810963153839, 0.01920294761657715, 2.7382593154907227
469, -0.4408286213874817, 0.01920294761657715, 2.9858179092407227
470, -0.40597614645957947, 0.01920294761657715, 3.2333765029907227
471, -0.40597614645957947, 0.01920294761657715, 3.2333765029907227
472, -0.40597614645957947, 0.01920294761657715, 3.2333765029907227
473, -0.40597614645957947, 0.01920294761657715, 3.2333765029907227
474, -0.40597614645957947, 0.01920294761657715, 3.2333765029907227
475, -0.40597614645957947, 0.01920294761657715, 3.2333765029907227
476, -0.40597614645957947, 0.01920294761657715, 3.2333765029907227
477, -0.4408286213874817, 0.01920294761657715, 2.9858179092407227
478, -0.4756810963153839, 0.01920294761657715, 2.7382593154907227
479, -0.5105335712432861, 0.01920294761657715, 2.4907007217407227
480, -0.5453860759735107, 0.01920294761657715, 2.2431421279907227
481, -0.5453860759735107, 0.01920294761657715, 2.2431421279907227
482, -0.6993485689163208, 0.01920294761657715, 2.0461761951446533
483, -0.6993485689163208, 0.01920294761657715, 2.0461761951446533
484, -0.93116694688797, 0.01920294761657715, 1.9525799751281738
485, -1.1629853248596191, 0.01920294761657715, 1.8589837551116943
486, -1.3948036432266235, 0.01920294761657715, 1.7653875350952148
487, -1.626621961593628, 0.01920294761657715, 1.6717913150787354
488, -1.8584402799606323, 0.01920294761657715, 1.5781950950622559
489, -1.8584402799606323, 0.01920294761657715, 1.5781950950622559
490, -2.105998992919922, 0.01920294761657715, 1.6130475997924805
491, -2.353557586669922, 0.01920294761657715, 1.647900104522705
492, -2.601116180419922, 0.01920294761657715, 1.6827526092529297
493, -2.848674774169922, 0.01920294761657715, 1.7176051139831543
494, -3.096233367919922, 0.01920294761657715, 1.752457618713379
495, -3.343791961669922, 0.01920294761657715, 1.7873101234436035
496, -3.343791961669922, 0.01920294761657715, 1.7873101234436035
497, -3.343791961669922, 0.01920294761657715, 1.7873101234436035
498, -3.343791961669922, 0.01920294761657715, 1.7873101234436035
499, -3.343791961669922, 0.01920294761657715, 1.7873101234436035
