1, -0.20287160575389862, 0.16337794065475464, -6.90418004989624
2, -0.20287160575389862, 0.16337794065475464, -6.90418004989624
3, -0.20287160575389862, 0.16337794065475464, -6.90418004989624
4, -0.20287160575389862, 0.16337794065475464, -6.90418004989624
5, -0.20287160575389862, 0.16337794065475464, -6.90418004989624
6, -0.20287160575389862, 0.16337794065475464, -6.90418004989624
7, -0.20287160575389862, 0.16337794065475464, -6.90418004989624
8, -0.20287160575389862, 0.16337794065475464, -6.90418004989624
9, -0.20287160575389862, 0.16337794065475464, -6.90418004989624
10, -0.20287160575389862, 0.16337794065475464, -6.90418004989624
11, -0.20287160575389862, 0.16337794065475464, -6.90418004989624
12, -0.20287160575389862, 0.16337794065475464, -6.90418004989624
13, -0.20287160575389862, 0.16337794065475464, -6.90418004989624
14, -0.20287160575389862, 0.16337794065475464, -6.90418004989624
15, -0.20287160575389862, 0.16337794065475464, -6.90418004989624
16, -0.20287160575389862, 0.16337794065475464, -6.90418004989624
17, 0.027272149920463562, 0.16337794065475464, -6.8065385818481445
18, 0.027272149920463562, 0.16337794065475464, -6.8065385818481445
19, 0.17776170372962952, 0.16337794065475464, -6.606906890869141
20, 0.3282512426376343, 0.16337794065475464, -6.407275199890137
21, 0.4787408113479614, 0.16337794065475464, -6.207643508911133
22, 0.6292303800582886, 0.16337794065475464, -6.008011817932129
23, 0.6292303800582886, 0.16337794065475464, -6.008011817932129
24, 0.8593741059303284, 0.16337794065475464, -5.910370349884033
25, 1.0895178318023682, 0.16337794065475464, -5.8127288818359375
26, 1.3196616172790527, 0.16337794065475464, -5.715087413787842
27, 1.3196616172790527, 0.16337794065475464, -5.715087413787842
28, 1.5677926540374756, 0.16337794065475464, -5.745599269866943
29, 1.8159236907958984, 0.16337794065475464, -5.776111125946045
30, 2.0640547275543213, 0.16337794065475464, -5.8066229820251465
31, 2.0640547275543213, 0.16337794065475464, -5.8066229820251465
32, 2.0640547275543213, 0.16337794065475464, -5.8066229820251465
33, 2.0640547275543213, 0.16337794065475464, -5.8066229820251465
34, 2.0640547275543213, 0.16337794065475464, -5.8066229820251465
35, 2.0640547275543213, 0.16337794065475464, -5.8066229820251465
36, 1.8644227981567383, 0.16337794065475464, -5.656133651733398
37, 1.8644227981567383, 0.16337794065475464, -5.656133651733398
38, 1.6162917613983154, 0.16337794065475464, -5.625621795654297
39, 1.3681607246398926, 0.16337794065475464, -5.595109939575195
40, 1.1200296878814697, 0.16337794065475464, -5.564598083496094
41, 1.1200296878814697, 0.16337794065475464, -5.564598083496094
42, 1.1200296878814697, 0.16337794065475464, -5.564598083496094
43, 1.1200296878814697, 0.16337794065475464, -5.564598083496094
44, 1.1200296878814697, 0.16337794065475464, -5.564598083496094
45, 1.1200296878814697, 0.16337794065475464, -5.564598083496094
46, 1.3501734733581543, 0.16337794065475464, -5.466956615447998
47, 1.3501734733581543, 0.16337794065475464, -5.466956615447998
48, 1.5983045101165771, 0.16337794065475464, -5.4974684715271
49, 1.846435546875, 0.16337794065475464, -5.527980327606201
50, 2.094566583633423, 0.16337794065475464, -5.558492183685303
51, 2.3426976203918457, 0.16337794065475464, -5.589004039764404
52, 2.3426976203918457, 0.16337794065475464, -5.589004039764404
53, 2.5728414058685303, 0.16337794065475464, -5.491362571716309
54, 2.802985191345215, 0.16337794065475464, -5.393721103668213
55, 2.802985191345215, 0.16337794065475464, -5.393721103668213
56, 2.802985191345215, 0.16337794065475464, -5.393721103668213
57, 2.802985191345215, 0.16337794065475464, -5.393721103668213
58, 2.802985191345215, 0.16337794065475464, -5.393721103668213
59, 2.802985191345215, 0.16337794065475464, -5.393721103668213
60, 2.802985191345215, 0.16337794065475464, -5.393721103668213
61, 2.802985191345215, 0.16337794065475464, -5.393721103668213
62, 2.802985191345215, 0.16337794065475464, -5.393721103668213
63, 2.802985191345215, 0.16337794065475464, -5.393721103668213
64, 2.6524956226348877, 0.16337794065475464, -5.593352794647217
65, 2.6524956226348877, 0.16337794065475464, -5.593352794647217
66, 2.422351837158203, 0.16337794065475464, -5.6909942626953125
67, 2.1922080516815186, 0.16337794065475464, -5.788635730743408
68, 2.1922080516815186, 0.16337794065475464, -5.788635730743408
69, 1.9440770149230957, 0.16337794065475464, -5.758123874664307
70, 1.6959459781646729, 0.16337794065475464, -5.727612018585205
71, 1.44781494140625, 0.16337794065475464, -5.6971001625061035
72, 1.1996839046478271, 0.16337794065475464, -5.666588306427002
73, 0.9515528082847595, 0.16337794065475464, -5.6360764503479
74, 0.7034217119216919, 0.16337794065475464, -5.605564594268799
75, 0.45529061555862427, 0.16337794065475464, -5.575052738189697
76, 0.20715951919555664, 0.16337794065475464, -5.544540882110596
77, 0.20715951919555664, 0.16337794065475464, -5.544540882110596
78, 0.007527604699134827, 0.16337794065475464, -5.3940510749816895
79, -0.192104309797287, 0.16337794065475464, -5.243561267852783
80, -0.192104309797287, 0.16337794065475464, -5.243561267852783
81, -0.192104309797287, 0.16337794065475464, -5.243561267852783
82, -0.192104309797287, 0.16337794065475464, -5.243561267852783
83, -0.192104309797287, 0.16337794065475464, -5.243561267852783
84, -0.22261616587638855, 0.16337794065475464, -5.491692543029785
85, -0.2531280219554901, 0.16337794065475464, -5.739823818206787
86, -0.2836398780345917, 0.16337794065475464, -5.987955093383789
87, -0.31415173411369324, 0.16337794065475464, -6.236086368560791
88, -0.3446635901927948, 0.16337794065475464, -6.484217643737793
89, -0.37517544627189636, 0.16337794065475464, -6.732348918914795
90, -0.4056873023509979, 0.16337794065475464, -6.980480194091797
91, -0.4056873023509979, 0.16337794065475464, -6.980480194091797
92, -0.5561769008636475, 0.16337794065475464, -7.180111885070801
93, -0.5561769008636475, 0.16337794065475464, -7.180111885070801
94, -0.5561769008636475, 0.16337794065475464, -7.180111885070801
95, -0.8043079972267151, 0.16337794065475464, -7.149600028991699
96, -1.0524390935897827, 0.16337794065475464, -7.119088172912598
97, -1.3005701303482056, 0.16337794065475464, -7.088576316833496
98, -1.3005701303482056, 0.16337794065475464, -7.088576316833496
99, -1.5307139158248901, 0.16337794065475464, -7.186217784881592
100, -1.7608577013015747, 0.16337794065475464, -7.2838592529296875
101, -1.7608577013015747, 0.16337794065475464, -7.2838592529296875
102, -1.7608577013015747, 0.16337794065475464, -7.2838592529296875
103, -1.7608577013015747, 0.16337794065475464, -7.2838592529296875
104, -1.7608577013015747, 0.16337794065475464, -7.2838592529296875
105, -1.7608577013015747, 0.16337794065475464, -7.2838592529296875
106, -2.008988857269287, 0.16337794065475464, -7.253347396850586
107, -2.25711989402771, 0.16337794065475464, -7.222835540771484
108, -2.505250930786133, 0.16337794065475464, -7.192323684692383
109, -2.7533819675445557, 0.16337794065475464, -7.161811828613281
110, -2.7533819675445557, 0.16337794065475464, -7.161811828613281
111, -2.9835257530212402, 0.16337794065475464, -7.259453296661377
112, -3.213669538497925, 0.16337794065475464, -7.357094764709473
113, -3.213669538497925, 0.16337794065475464, -7.357094764709473
114, -3.213669538497925, 0.16337794065475464, -7.357094764709473
115, -3.213669538497925, 0.16337794065475464, -7.357094764709473
116, -3.4618005752563477, 0.16337794065475464, -7.326582908630371
117, -3.7099316120147705, 0.16337794065475464, -7.2960710525512695
118, -3.9580626487731934, 0.16337794065475464, -7.265559196472168
119, -4.206193923950195, 0.16337794065475464, -7.235047340393066
120, -4.206193923950195, 0.16337794065475464, -7.235047340393066
121, -4.206193923950195, 0.16337794065475464, -7.235047340393066
122, -4.206193923950195, 0.16337794065475464, -7.235047340393066
123, -4.206193923950195, 0.16337794065475464, -7.235047340393066
124, -4.206193923950195, 0.16337794065475464, -7.235047340393066
125, -4.436337471008301, 0.16337794065475464, -7.332688808441162
126, -4.666481018066406, 0.16337794065475464, -7.430330276489258
127, -4.896624565124512, 0.16337794065475464, -7.5279717445373535
128, -4.896624565124512, 0.16337794065475464, -7.5279717445373535
129, -4.896624565124512, 0.16337794065475464, -7.5279717445373535
130, -4.896624565124512, 0.16337794065475464, -7.5279717445373535
131, -4.994266033172607, 0.16337794065475464, -7.297828197479248
132, -4.994266033172607, 0.16337794065475464, -7.297828197479248
133, -4.994266033172607, 0.16337794065475464, -7.297828197479248
134, -5.091907501220703, 0.16337794065475464, -7.067684650421143
135, -5.091907501220703, 0.16337794065475464, -7.067684650421143
136, -5.091907501220703, 0.16337794065475464, -7.067684650421143
137, -5.091907501220703, 0.16337794065475464, -7.067684650421143
138, -5.091907501220703, 0.16337794065475464, -7.067684650421143
139, -5.091907501220703, 0.16337794065475464, -7.067684650421143
140, -5.091907501220703, 0.16337794065475464, -7.067684650421143
141, -5.091907501220703, 0.16337794065475464, -7.067684650421143
142, -5.091907501220703, 0.16337794065475464, -7.067684650421143
143, -5.047001361846924, 0.16337794065475464, -7.008114814758301
144, -5.047001361846924, 0.16337794065475464, -7.008114814758301
145, -5.047001361846924, 0.16337794065475464, -7.008114814758301
146, -5.1446428298950195, 0.16337794065475464, -6.777971267700195
147, -5.1446428298950195, 0.16337794065475464, -6.777971267700195
148, -5.114130973815918, 0.16337794065475464, -6.529839992523193
149, -5.083619117736816, 0.16337794065475464, -6.281708717346191
150, -5.083619117736816, 0.16337794065475464, -6.281708717346191
151, -5.083619117736816, 0.16337794065475464, -6.281708717346191
152, -5.083619117736816, 0.16337794065475464, -6.281708717346191
153, -5.083619117736816, 0.16337794065475464, -6.281708717346191
154, -5.083619117736816, 0.16337794065475464, -6.281708717346191
155, -5.083619117736816, 0.16337794065475464, -6.281708717346191
156, -5.083619117736816, 0.16337794065475464, -6.281708717346191
157, -5.083619117736816, 0.16337794065475464, -6.281708717346191
158, -5.083619117736816, 0.16337794065475464, -6.281708717346191
159, -5.083619117736816, 0.16337794065475464, -6.281708717346191
160, -5.083619117736816, 0.16337794065475464, -6.281708717346191
161, -5.083619117736816, 0.16337794065475464, -6.281708717346191
162, -5.083619117736816, 0.16337794065475464, -6.281708717346191
163, -5.083619117736816, 0.16337794065475464, -6.281708717346191
164, -5.083619117736816, 0.16337794065475464, -6.281708717346191
165, -4.985977649688721, 0.16337794065475464, -6.511852264404297
166, -4.985977649688721, 0.16337794065475464, -6.511852264404297
167, -5.016489505767822, 0.16337794065475464, -6.759983539581299
168, -5.028770923614502, 0.16337794065475464, -6.85985803604126
169, -5.028770923614502, 0.16337794065475464, -6.859858512878418
170, -5.028770923614502, 0.16337794065475464, -6.859858512878418
171, -5.028770923614502, 0.16337794065475464, -6.859858512878418
172, -5.028770923614502, 0.16337794065475464, -6.859858512878418
173, -5.219050407409668, 0.16337794065475464, -6.940587043762207
174, -5.219050407409668, 0.16337794065475464, -6.940587043762207
175, -5.219050407409668, 0.16337794065475464, -6.940587043762207
176, -5.219050407409668, 0.16337794065475464, -6.940587043762207
177, -5.121408939361572, 0.16337794065475464, -7.1707305908203125
178, -5.121408939361572, 0.16337794065475464, -7.1707305908203125
179, -4.921777248382568, 0.16337794065475464, -7.321220397949219
180, -4.921777248382568, 0.16337794065475464, -7.321220397949219
181, -4.673645973205566, 0.16337794065475464, -7.35173225402832
182, -4.4255146980285645, 0.16337794065475464, -7.382244110107422
183, -4.1773834228515625, 0.16337794065475464, -7.412755966186523
184, -4.1773834228515625, 0.16337794065475464, -7.412755966186523
185, -3.947239637374878, 0.16337794065475464, -7.315114498138428
186, -3.7170958518981934, 0.16337794065475464, -7.217473030090332
187, -3.7170958518981934, 0.16337794065475464, -7.217473030090332
188, -3.4689648151397705, 0.16337794065475464, -7.247984886169434
189, -3.2208337783813477, 0.16337794065475464, -7.278496742248535
190, -2.972702741622925, 0.16337794065475464, -7.309008598327637
191, -2.972702741622925, 0.16337794065475464, -7.309008598327637
192, -2.7425589561462402, 0.16337794065475464, -7.211367130279541
193, -2.5124151706695557, 0.16337794065475464, -7.113725662231445
194, -2.282271385192871, 0.16337794065475464, -7.01608419418335
195, -2.0521275997161865, 0.16337794065475464, -6.918442726135254
196, -2.0521275997161865, 0.16337794065475464, -6.918442726135254
197, -1.8039965629577637, 0.16337794065475464, -6.9489545822143555
198, -1.5558655261993408, 0.16337794065475464, -6.979466438293457
199, -1.307734489440918, 0.16337794065475464, -7.009978294372559
200, -1.0596034526824951, 0.16337794065475464, -7.04049015045166
201, -0.8114723563194275, 0.16337794065475464, -7.071002006530762
202, -0.8114723563194275, 0.16337794065475464, -7.071002006530762
203, -0.6118404865264893, 0.16337794065475464, -7.221491813659668
204, -0.412208616733551, 0.16337794065475464, -7.371981620788574
205, -0.412208616733551, 0.16337794065475464, -7.371981620788574
206, -0.412208616733551, 0.16337794065475464, -7.371981620788574
207, -0.412208616733551, 0.16337794065475464, -7.371981620788574
208, -0.412208616733551, 0.16337794065475464, -7.371981620788574
209, -0.412208616733551, 0.16337794065475464, -7.371981620788574
210, -0.412208616733551, 0.16337794065475464, -7.371981620788574
211, -0.6118404865264893, 0.16337794065475464, -7.221491813659668
212, -0.6118404865264893, 0.16337794065475464, -7.221491813659668
213, -0.8599715828895569, 0.16337794065475464, -7.190979957580566
214, -1.1081026792526245, 0.16337794065475464, -7.160468101501465
215, -1.356233835220337, 0.16337794065475464, -7.129956245422363
216, -1.6043648719787598, 0.16337794065475464, -7.099444389343262
217, -1.6043648719787598, 0.16337794065475464, -7.099444389343262
218, -1.8039968013763428, 0.16337794065475464, -6.9489545822143555
219, -1.8039968013763428, 0.16337794065475464, -6.9489545822143555
220, -1.8039968013763428, 0.16337794065475464, -6.9489545822143555
221, -2.0341405868530273, 0.16337794065475464, -7.046596050262451
222, -2.0341405868530273, 0.16337794065475464, -7.046596050262451
223, -2.0341405868530273, 0.16337794065475464, -7.046596050262451
224, -2.0341405868530273, 0.16337794065475464, -7.046596050262451
225, -2.0341405868530273, 0.16337794065475464, -7.046596050262451
226, -2.0341405868530273, 0.16337794065475464, -7.046596050262451
227, -2.0341405868530273, 0.16337794065475464, -7.046596050262451
228, -2.264284372329712, 0.16337794065475464, -7.144237518310547
229, -2.264284372329712, 0.16337794065475464, -7.144237518310547
230, -2.264284372329712, 0.16337794065475464, -7.144237518310547
231, -2.264284372329712, 0.16337794065475464, -7.144237518310547
232, -2.264284372329712, 0.16337794065475464, -7.144237518310547
233, -2.064652442932129, 0.16337794065475464, -7.294727325439453
234, -2.064652442932129, 0.16337794065475464, -7.294727325439453
235, -2.0123801231384277, 0.16337794065475464, -7.417934417724609
236, -2.0123801231384277, 0.16337794065475464, -7.417934417724609
237, -2.0123801231384277, 0.16337794065475464, -7.417934417724609
238, -2.0123801231384277, 0.16337794065475464, -7.417934417724609
239, -2.0123801231384277, 0.16337794065475464, -7.417934417724609
240, -2.0123801231384277, 0.16337794065475464, -7.417934417724609
241, -1.7822363376617432, 0.16337794065475464, -7.320292949676514
242, -1.7822363376617432, 0.16337794065475464, -7.320292949676514
243, -1.7822363376617432, 0.16337794065475464, -7.320292949676514
244, -1.7822363376617432, 0.16337794065475464, -7.320292949676514
245, -1.7563297748565674, 0.16337794065475464, -7.381355285644531
246, -1.7563297748565674, 0.16337794065475464, -7.381355285644531
247, -1.7563297748565674, 0.16337794065475464, -7.381355285644531
248, -1.7563297748565674, 0.16337794065475464, -7.381355285644531
249, -1.7563300132751465, 0.16337794065475464, -7.3813557624816895
250, -1.7563300132751465, 0.16337794065475464, -7.3813557624816895
251, -1.7563300132751465, 0.16337794065475464, -7.3813557624816895
252, -1.7563300132751465, 0.16337794065475464, -7.3813557624816895
253, -2.0044610500335693, 0.16337794065475464, -7.350843906402588
254, -2.0044610500335693, 0.16337794065475464, -7.350843906402588
255, -2.0044610500335693, 0.16337794065475464, -7.350843906402588
256, -2.054515838623047, 0.16337794065475464, -7.417243957519531
257, -2.054515838623047, 0.16337794065475464, -7.417243957519531
258, -2.054515838623047, 0.16337794065475464, -7.417243957519531
259, -2.054515838623047, 0.16337794065475464, -7.417243957519531
260, -2.054515838623047, 0.16337794065475464, -7.417243957519531
261, -2.054515838623047, 0.16337794065475464, -7.417243957519531
262, -2.054506540298462, 0.16337794065475464, -7.417251110076904
263, -2.054506540298462, 0.16337794065475464, -7.417251110076904
264, -2.029297113418579, 0.16337794065475464, -7.420351028442383
265, -3.785112142562866, 3.1633780002593994, -5.31088399887085
