1, -0.7619419097900391, -0.005079984664916992, -8.382993698120117
2, -0.7619419097900391, -0.005079984664916992, -8.382993698120117
3, -0.7619419097900391, -0.005079984664916992, -8.382993698120117
4, -0.7619419097900391, -0.005079984664916992, -8.382993698120117
5, -0.7619419097900391, -0.005079984664916992, -8.382993698120117
6, -0.7619419097900391, -0.005079984664916992, -8.382993698120117
7, -0.7619419097900391, -0.005079984664916992, -8.382993698120117
8, -0.7619419097900391, -0.005079984664916992, -8.382993698120117
9, -0.7619419097900391, -0.005079984664916992, -8.382993698120117
10, -0.7619419097900391, -0.005079984664916992, -8.382993698120117
11, -0.7619419097900391, -0.005079984664916992, -8.382993698120117
12, -0.7619419097900391, -0.005079984664916992, -8.382993698120117
13, -0.8936721682548523, -0.005079984664916992, -8.170515060424805
14, -0.8936721682548523, -0.005079984664916992, -8.170515060424805
15, -0.9015146493911743, -0.005079984664916992, -7.920638084411621
16, -0.9093571305274963, -0.005079984664916992, -7.6707611083984375
17, -0.9093571305274963, -0.005079984664916992, -7.6707611083984375
18, -0.791210412979126, -0.005079984664916992, -7.450439929962158
19, -0.6730636954307556, -0.005079984664916992, -7.230118751525879
20, -0.6730636954307556, -0.005079984664916992, -7.230118751525879
21, -0.4605851173400879, -0.005079984664916992, -7.098388671875
22, -0.24810653924942017, -0.005079984664916992, -6.966658592224121
23, -0.24810653924942017, -0.005079984664916992, -6.966658592224121
24, -0.24810653924942017, -0.005079984664916992, -6.966658592224121
25, -0.24810653924942017, -0.005079984664916992, -6.966658592224121
26, -0.24810653924942017, -0.005079984664916992, -6.966658592224121
27, -0.4684275984764099, -0.005079984664916992, -6.848511695861816
28, -0.6887486577033997, -0.005079984664916992, -6.730364799499512
29, -0.9090697169303894, -0.005079984664916992, -6.612217903137207
30, -1.1293907165527344, -0.005079984664916992, -6.494071006774902
31, -1.3497117757797241, -0.005079984664916992, -6.375924110412598
32, -1.3497117757797241, -0.005079984664916992, -6.375924110412598
33, -1.4814420938491821, -0.005079984664916992, -6.163445472717285
34, -1.6131724119186401, -0.005079984664916992, -5.950966835021973
35, -1.6131724119186401, -0.005079984664916992, -5.950966835021973
36, -1.8334934711456299, -0.005079984664916992, -5.832819938659668
37, -2.053814649581909, -0.005079984664916992, -5.714673042297363
38, -2.053814649581909, -0.005079984664916992, -5.714673042297363
39, -2.053814649581909, -0.005079984664916992, -5.714673042297363
40, -2.053814649581909, -0.005079984664916992, -5.714673042297363
41, -2.053814649581909, -0.005079984664916992, -5.714673042297363
42, -1.8413361310958862, -0.005079984664916992, -5.582942962646484
43, -1.8413361310958862, -0.005079984664916992, -5.582942962646484
44, -1.5914591550827026, -0.005079984664916992, -5.575100421905518
45, -1.341582179069519, -0.005079984664916992, -5.567257881164551
46, -1.0917052030563354, -0.005079984664916992, -5.559415340423584
47, -0.8418282270431519, -0.005079984664916992, -5.551572799682617
48, -0.5919512510299683, -0.005079984664916992, -5.54373025894165
49, -0.5919512510299683, -0.005079984664916992, -5.54373025894165
50, -0.3794727027416229, -0.005079984664916992, -5.411999702453613
51, -0.1669941544532776, -0.005079984664916992, -5.280269145965576
52, 0.04548439383506775, -0.005079984664916992, -5.148538589477539
53, 0.2579629421234131, -0.005079984664916992, -5.016808032989502
54, 0.4704414904117584, 0.04883066937327385, -4.885077476501465
55, 0.4704414904117584, 0.04883066937327385, -4.885077476501465
56, 0.4704414904117584, 0.04883066937327385, -4.885077476501465
57, 0.4704414904117584, 0.04883066937327385, -4.885077476501465
58, 0.4704414904117584, 0.04883066937327385, -4.885077476501465
59, 0.4704414904117584, 0.04883066937327385, -4.885077476501465
60, 0.4704414904117584, 0.04883066937327385, -4.885077476501465
61, 0.4704414904117584, 0.04883066937327385, -4.885077476501465
62, 0.35229483246803284, -0.005079984664916992, -5.105398654937744
63, 0.23414817452430725, -0.005079984664916992, -5.325719833374023
64, 0.23414817452430725, -0.005079984664916992, -5.325719833374023
65, 0.24199070036411285, -0.005079984664916992, -5.575596809387207
66, 0.24983322620391846, -0.005079984664916992, -5.825473785400391
67, 0.25767576694488525, -0.005079984664916992, -6.075350761413574
68, 0.25767576694488525, -0.005079984664916992, -6.075350761413574
69, 0.38940608501434326, -0.005079984664916992, -6.287829399108887
70, 0.5211364030838013, -0.005079984664916992, -6.500308036804199
71, 0.6528667211532593, -0.005079984664916992, -6.712786674499512
72, 0.6528667211532593, -0.005079984664916992, -6.712786674499512
73, 0.873187780380249, -0.005079984664916992, -6.830933094024658
74, 0.873187780380249, -0.005079984664916992, -6.830933094024658
75, 1.1227113008499146, -0.005079984664916992, -6.82310152053833
76, 1.1227113008499146, -0.005079984664916992, -6.82310152053833
77, 1.1227113008499146, -0.005079984664916992, -6.82310152053833
78, 1.3430323600769043, -0.005079984664916992, -6.941247940063477
79, 1.563353419303894, -0.005079984664916992, -7.059394359588623
80, 1.563353419303894, -0.005079984664916992, -7.059394359588623
81, 1.563353419303894, -0.005079984664916992, -7.059394359588623
82, 1.5652401447296143, -0.005079984664916992, -7.119507789611816
83, 1.5652401447296143, -0.005079984664916992, -7.119507789611816
84, 1.5652401447296143, -0.005079984664916992, -7.119507789611816
85, 1.5652401447296143, -0.005079984664916992, -7.119507789611816
86, 1.5652401447296143, -0.005079984664916992, -7.119507789611816
87, 1.5652401447296143, -0.005079984664916992, -7.119507789611816
88, 1.5652401447296143, -0.005079984664916992, -7.119507789611816
89, 1.785561203956604, -0.005079984664916992, -7.237654209136963
90, 1.785561203956604, -0.005079984664916992, -7.237654209136963
91, 1.785561203956604, -0.005079984664916992, -7.237654209136963
92, 1.7934037446975708, -0.005079984664916992, -7.4875311851501465
93, 1.8012462854385376, -0.005079984664916992, -7.73740816116333
94, 1.8090888261795044, 0.09118784219026566, -7.987285137176514
95, 1.8169313669204712, 0.1562749445438385, -8.237161636352539
96, 1.824773907661438, 0.17107057571411133, -8.487038612365723
97, 1.8326164484024048, 0.17272163927555084, -8.736915588378906
98, 1.8404589891433716, 0.14783558249473572, -8.98679256439209
99, 1.8483015298843384, 0.18219813704490662, -9.236669540405273
100, 1.8483015298843384, 0.18219813704490662, -9.236669540405273
101, 1.7301548719406128, 0.19491982460021973, -9.456990242004395
102, 1.6120082139968872, 0.19491982460021973, -9.677310943603516
103, 1.4938615560531616, 0.19491982460021973, -9.897631645202637
104, 1.375714898109436, 0.19491982460021973, -10.117952346801758
105, 1.2575682401657104, 0.19491982460021973, -10.338273048400879
106, 1.1394215822219849, 0.19491982460021973, -10.55859375
107, 1.0212749242782593, 0.19491982460021973, -10.778914451599121
108, 1.0212749242782593, 0.19491982460021973, -10.778914451599121
109, 1.029117465019226, 0.19491982460021973, -11.028791427612305
110, 1.0369600057601929, 0.19491982460021973, -11.278668403625488
111, 1.0448025465011597, 0.19491982460021973, -11.528545379638672
112, 1.0448025465011597, 0.19491982460021973, -11.528545379638672
113, 0.9266559481620789, 0.19491982460021973, -11.748866081237793
114, 0.8368228673934937, 0.19491982460021973, -11.916387557983398
115, 0.8368228673934937, 0.19491982460021973, -11.916387557983398
116, 0.8368228673934937, 0.19491982460021973, -11.916387557983398
117, 0.8368228673934937, 0.19491982460021973, -11.916387557983398
118, 0.8368228673934937, 0.19491982460021973, -11.916387557983398
119, 0.8368228673934937, 0.19491982460021973, -11.916387557983398
120, 0.8289803266525269, 0.19491982460021973, -11.666510581970215
121, 0.8289803266525269, 0.19491982460021973, -11.666510581970215
122, 0.9471269845962524, 0.19491982460021973, -11.446189880371094
123, 0.9471269845962524, 0.19491982460021973, -11.446189880371094
124, 0.9392844438552856, 0.19491982460021973, -11.19631290435791
125, 0.9314419031143188, 0.19491982460021973, -10.946435928344727
126, 0.9314419031143188, 0.19491982460021973, -10.946435928344727
127, 0.7997115850448608, 0.19491982460021973, -10.733957290649414
128, 0.7997115850448608, 0.19491982460021973, -10.733957290649414
129, 0.5793905258178711, 0.19491982460021973, -10.61581039428711
130, 0.5793905258178711, 0.19491982460021973, -10.61581039428711
131, 0.3295135498046875, 0.07923775166273117, -10.623653411865234
132, 0.0796365886926651, -0.005079984664916992, -10.63149642944336
133, -0.1702403724193573, -0.005079984664916992, -10.639339447021484
134, -0.4201173186302185, -0.005079984664916992, -10.64718246459961
135, -0.6699942946434021, -0.005079984664916992, -10.655025482177734
136, -0.9198712706565857, -0.005079984664916992, -10.66286849975586
137, -1.1697481870651245, -0.0004533231258392334, -10.670711517333984
138, -1.1697481870651245, -0.0004533231258392334, -10.670711517333984
139, -1.3822267055511475, 0.027272537350654602, -10.802441596984863
140, -1.3822267055511475, 0.027272537350654602, -10.802441596984863
141, -1.500373363494873, 0.0281820185482502, -11.022762298583984
142, -1.6181139945983887, 0.0324057936668396, -11.242325782775879
143, -1.6181139945983887, 0.0324057936668396, -11.242325782775879
144, -1.6181139945983887, 0.0324057936668396, -11.242325782775879
145, -1.6181139945983887, 0.0324057936668396, -11.242325782775879
146, -1.6181139945983887, 0.0324057936668396, -11.242325782775879
147, -1.6181139945983887, 0.0324057936668396, -11.242325782775879
148, -1.6181139945983887, 0.0324057936668396, -11.242325782775879
149, -1.8384350538253784, 0.07800199091434479, -11.124178886413574
150, -1.8384350538253784, 0.07800199091434479, -11.124178886413574
151, -1.8384350538253784, 0.07800199091434479, -11.124178886413574
152, -1.8384350538253784, 0.07800199091434479, -11.124178886413574
153, -1.9017910957336426, 0.0839834064245224, -11.242325782775879
154, -1.9017910957336426, 0.0839834064245224, -11.242325782775879
155, -1.9017910957336426, 0.0839834064245224, -11.242325782775879
156, -1.9017910957336426, 0.0839834064245224, -11.242325782775879
157, -1.9017910957336426, 0.0839834064245224, -11.242325782775879
158, -1.9017910957336426, 0.0839834064245224, -11.242325782775879
159, -1.9017910957336426, 0.0839834064245224, -11.242325782775879
160, -1.7836445569992065, 0.08192861825227737, -11.022005081176758
161, -1.6654980182647705, 0.0779351219534874, -10.801684379577637
162, -1.5473514795303345, 0.07394162565469742, -10.581363677978516
163, -1.4292049407958984, 0.06994814425706863, -10.361042976379395
164, -1.3110584020614624, 0.04638226330280304, -10.140722274780273
165, -1.1929118633270264, 0.019907355308532715, -9.920401573181152
166, -1.1929118633270264, 0.019907355308532715, -9.920401573181152
167, -1.2007545232772827, -0.005079984664916992, -9.670524597167969
168, -1.208597183227539, -0.005079984664916992, -9.420647621154785
169, -1.2164398431777954, -0.005079984664916992, -9.170770645141602
170, -1.2242825031280518, -0.005079984664916992, -8.920893669128418
171, -1.232125163078308, -0.005079984664916992, -8.671016693115234
172, -1.2399678230285645, -0.005079984664916992, -8.42113971710205
173, -1.2399678230285645, -0.005079984664916992, -8.42113971710205
174, -1.1218212842941284, -0.005079984664916992, -8.20081901550293
175, -1.0036747455596924, -0.005079984664916992, -7.98049783706665
176, -0.8855282068252563, -0.005079984664916992, -7.760176658630371
177, -0.7673816680908203, -0.005079984664916992, -7.539855480194092
178, -0.6492351293563843, -0.005079984664916992, -7.3195343017578125
179, -0.5310885906219482, -0.005079984664916992, -7.099213123321533
180, -0.4129420518875122, -0.005079984664916992, -6.878891944885254
181, -0.29479551315307617, -0.005079984664916992, -6.658570766448975
182, -0.17664897441864014, -0.005079984664916992, -6.438249588012695
183, -0.0585024356842041, -0.005079984664916992, -6.217928409576416
184, 0.059644103050231934, -0.005079984664916992, -5.997607231140137
185, 0.17779064178466797, -0.005079984664916992, -5.777286052703857
186, 0.295937180519104, -0.005079984664916992, -5.556964874267578
187, 0.41408371925354004, -0.005079984664916992, -5.336643695831299
188, 0.5322302579879761, -0.005079984664916992, -5.1163225173950195
189, 0.6503767967224121, 0.07623942941427231, -4.89600133895874
190, 0.7685233354568481, 0.12132900953292847, -4.675680160522461
191, 0.8866698741912842, 0.19491982460021973, -4.455358982086182
192, 1.0048164129257202, 0.19491982460021973, -4.235037803649902
193, 1.1229629516601562, 0.19491982460021973, -4.014716625213623
194, 1.1229629516601562, 0.19491982460021973, -4.014716625213623
195, 1.1151202917099, 0.19491982460021973, -3.7648396492004395
196, 1.1072776317596436, 0.19491982460021973, -3.514962673187256
197, 1.1072776317596436, 0.19491982460021973, -3.514962673187256
198, 0.975547194480896, 0.19491982460021973, -3.3024842739105225
199, 0.975547194480896, 0.19491982460021973, -3.3024842739105225
200, 0.7552260756492615, 0.19491982460021973, -3.184337615966797
201, 0.7552260756492615, 0.19491982460021973, -3.184337615966797
202, 0.6234956383705139, 0.19491982460021973, -2.9718592166900635
203, 0.6234956383705139, 0.19491982460021973, -2.9718592166900635
204, 0.6234956383705139, 0.19491982460021973, -2.9718592166900635
205, 0.49176520109176636, 0.19491982460021973, -2.75938081741333
206, 0.3600347638130188, 0.19491982460021973, -2.5469024181365967
207, 0.3600347638130188, 0.19491982460021973, -2.5469024181365967
208, 0.13971363008022308, 0.19491982460021973, -2.428755760192871
209, -0.08060750365257263, 0.19491982460021973, -2.3106093406677246
210, -0.30092865228652954, 0.19491982460021973, -2.192462921142578
211, -0.5212497711181641, 0.19491982460021973, -2.0743165016174316
212, -0.5212497711181641, 0.19491982460021973, -2.0743165016174316
213, -0.6529802083969116, 0.19491982460021973, -1.8618381023406982
214, -0.7847106456756592, 0.19491982460021973, -1.6493597030639648
215, -0.7847106456756592, 0.19491982460021973, -1.6493597030639648
216, -0.7925533056259155, 0.19491982460021973, -1.3994827270507812
217, -0.8003959655761719, 0.19491982460021973, -1.1496057510375977
218, -0.8082386255264282, 0.19491982460021973, -0.8997287750244141
219, -0.8082386255264282, 0.19491982460021973, -0.8997287750244141
220, -0.8082386255264282, 0.19491982460021973, -0.8997287750244141
221, -0.8082386255264282, 0.19491982460021973, -0.8997287750244141
222, -0.8082386255264282, 0.19491982460021973, -0.8997287750244141
223, -0.8082386255264282, 0.19491982460021973, -0.8997287750244141
224, -0.8082386255264282, 0.19491982460021973, -0.8997287750244141
225, -0.8082386255264282, 0.19491982460021973, -0.8997287750244141
226, -0.8082386255264282, 0.19491982460021973, -0.8997287750244141
227, -0.8082386255264282, 0.19491982460021973, -0.8997287750244141
228, -0.8082386255264282, 0.19491982460021973, -0.8997287750244141
229, -0.8082386255264282, 0.19491982460021973, -0.8997287750244141
230, -0.8082386255264282, 0.19491982460021973, -0.8997287750244141
231, -0.8160813450813293, 0.19491982460021973, -0.6498517990112305
232, -0.8239240646362305, 0.19491982460021973, -0.3999748229980469
233, -0.8239240646362305, 0.19491982460021973, -0.3999748229980469
234, -0.9556545615196228, 0.19491982460021973, -0.1874963641166687
235, -1.0873850584030151, 0.19491982460021973, 0.024982094764709473
236, -1.2191154956817627, 0.19491982460021973, 0.23746055364608765
237, -1.3508459329605103, 0.19491982460021973, 0.4499390125274658
238, -1.4825763702392578, 0.19491982460021973, 0.662417471408844
239, -1.4825763702392578, 0.19491982460021973, 0.662417471408844
240, -0.26782119274139404, 2.5949201583862305, -13.437578201293945
