1, 4.868839740753174, 2.8994359970092773, -0.502289354801178
2, 4.868839740753174, 2.8994359970092773, -0.502289354801178
3, 4.868839740753174, 2.8994359970092773, -0.502289354801178
4, 4.868839740753174, 2.8994359970092773, -0.502289354801178
5, 4.868839740753174, 2.8994359970092773, -0.502289354801178
6, 4.868839740753174, 2.8994359970092773, -0.502289354801178
7, 4.868839740753174, 2.8994359970092773, -0.502289354801178
8, 4.868839740753174, 2.8994359970092773, -0.502289354801178
9, 4.868839740753174, 2.8994359970092773, -0.502289354801178
10, 4.868839740753174, 2.8994359970092773, -0.502289354801178
11, 4.868839740753174, 2.8994359970092773, -0.502289354801178
12, 4.868839740753174, 2.8994359970092773, -0.502289354801178
13, 4.650597095489502, 2.8994359970092773, -0.3803459405899048
14, 4.43235445022583, 2.8994359970092773, -0.2584025263786316
15, 4.43235445022583, 2.8994359970092773, -0.2584025263786316
16, 4.43235445022583, 2.8994359970092773, -0.2584025263786316
17, 4.214111804962158, 2.8994359970092773, -0.1364591121673584
18, 4.214111804962158, 2.8994359970092773, -0.1364591121673584
19, 3.9641366004943848, 2.8994359970092773, -0.13997423648834229
20, 3.7141613960266113, 2.8994359970092773, -0.14348936080932617
21, 3.7141613960266113, 2.8994359970092773, -0.14348936080932617
22, 3.7141613960266113, 2.8994359970092773, -0.14348936080932617
23, 3.7141613960266113, 2.8994359970092773, -0.14348936080932617
24, 3.7141613960266113, 2.8994359970092773, -0.14348936080932617
25, 3.7141613960266113, 2.8994359970092773, -0.14348936080932617
26, 3.932404041290283, 2.8994359970092773, -0.26543277502059937
27, 3.932404041290283, 2.8994359970092773, -0.26543277502059937
28, 4.060435771942139, 2.8994359970092773, -0.4801601469516754
29, 4.188467502593994, 2.8994359970092773, -0.6948875188827515
30, 4.31649923324585, 2.8994359970092773, -0.9096149206161499
31, 4.31649923324585, 2.8994359970092773, -0.9096149206161499
32, 4.320014476776123, 2.8994359970092773, -1.159590244293213
33, 4.3235297203063965, 2.8994359970092773, -1.4095655679702759
34, 4.3235297203063965, 2.8994359970092773, -1.4095655679702759
35, 4.451561450958252, 2.8994359970092773, -1.6242929697036743
36, 4.579593181610107, 2.8994359970092773, -1.8390203714370728
37, 4.707624912261963, 2.8994359970092773, -2.0537476539611816
38, 4.835656642913818, 2.8994359970092773, -2.26847505569458
39, 4.835656642913818, 2.8994359970092773, -2.26847505569458
40, 4.839171886444092, 2.8994359970092773, -2.5184502601623535
41, 4.842687129974365, 2.8994359970092773, -2.768425464630127
42, 4.846202373504639, 2.8994359970092773, -3.0184006690979004
43, 4.849717617034912, 2.8994359970092773, -3.268375873565674
44, 4.849717617034912, 2.8994359970092773, -3.268375873565674
45, 4.849717617034912, 2.8994359970092773, -3.268375873565674
46, 4.849717617034912, 2.8994359970092773, -3.268375873565674
47, 4.849717617034912, 2.8994359970092773, -3.268375873565674
48, 4.849717617034912, 2.8994359970092773, -3.268375873565674
49, 4.849717617034912, 2.8994359970092773, -3.268375873565674
50, 4.849717617034912, 2.8994359970092773, -3.268375873565674
51, 4.849717617034912, 2.8994359970092773, -3.268375873565674
52, 4.846202373504639, 2.8994359970092773, -3.0184006690979004
53, 4.842687129974365, 2.8994359970092773, -2.768425464630127
54, 4.839171886444092, 2.8994359970092773, -2.5184502601623535
55, 4.835656642913818, 2.8994359970092773, -2.26847505569458
56, 4.832141399383545, 2.8994359970092773, -2.0184998512268066
57, 4.832141399383545, 2.8994359970092773, -2.0184998512268066
58, 4.7041096687316895, 2.8994359970092773, -1.8037724494934082
59, 4.576077938079834, 2.8994359970092773, -1.5890450477600098
60, 4.4480462074279785, 2.8994359970092773, -1.3743176460266113
61, 4.320014476776123, 2.8994359970092773, -1.159590244293213
62, 4.320014476776123, 2.8994359970092773, -1.159590244293213
63, 4.31649923324585, 2.8994359970092773, -0.9096149206161499
64, 4.31649923324585, 2.8994359970092773, -0.9096149206161499
65, 4.188467502593994, 2.8994359970092773, -0.6948875188827515
66, 4.060435771942139, 2.8994359970092773, -0.480160117149353
67, 3.932403802871704, 2.8994359970092773, -0.2654327154159546
68, 3.932403802871704, 2.8994359970092773, -0.2654327154159546
69, 3.7141613960266113, 2.8994359970092773, -0.1434893012046814
70, 3.7141613960266113, 2.8994359970092773, -0.1434893012046814
71, 3.464186191558838, 2.8994359970092773, -0.14700442552566528
72, 3.2142109870910645, 2.8994359970092773, -0.15051954984664917
73, 2.964235782623291, 2.8994359970092773, -0.15403467416763306
74, 2.7142605781555176, 2.8994359970092773, -0.15754979848861694
75, 2.7142605781555176, 2.8994359970092773, -0.15754979848861694
76, 2.499533176422119, 2.8994359970092773, -0.28558164834976196
77, 2.2848057746887207, 2.8994359970092773, -0.413613498210907
78, 2.0700783729553223, 2.8994359970092773, -0.541645348072052
79, 1.8553509712219238, 2.8994359970092773, -0.669677197933197
80, 1.6406235694885254, 2.8994359970092773, -0.797709047794342
81, 1.425896167755127, 2.8994359970092773, -0.9257408976554871
82, 1.425896167755127, 2.8994359970092773, -0.9257408976554871
83, 1.425896167755127, 2.8994359970092773, -0.9257408976554871
84, 1.2111687660217285, 2.8994359970092773, -1.0537728071212769
85, 1.2111687660217285, 2.8994359970092773, -1.0537728071212769
86, 1.0892254114151, 2.8994359970092773, -1.2720153331756592
87, 0.9672819972038269, 2.8994359970092773, -1.4902578592300415
88, 0.8453385829925537, 2.8994359970092773, -1.7085003852844238
89, 0.8453385829925537, 2.8994359970092773, -1.7085003852844238
90, 0.8488537669181824, 2.8994359970092773, -1.9584757089614868
91, 0.852368950843811, 2.8994359970092773, -2.20845103263855
92, 0.8558841347694397, 2.8994359970092773, -2.4584262371063232
93, 0.8593993186950684, 2.8994359970092773, -2.7084014415740967
94, 0.862914502620697, 2.8994359970092773, -2.95837664604187
95, 0.862914502620697, 2.8994359970092773, -2.95837664604187
96, 0.862914502620697, 2.8994359970092773, -2.95837664604187
97, 0.8664296865463257, 2.8994359970092773, -3.2083518505096436
98, 0.8699448704719543, 2.8994359970092773, -3.458327054977417
99, 0.873460054397583, 2.8994359970092773, -3.7083022594451904
100, 0.873460054397583, 2.8994359970092773, -3.7083022594451904
101, 0.873460054397583, 2.8994359970092773, -3.7083022594451904
102, 0.873460054397583, 2.8994359970092773, -3.7083022594451904
103, 0.873460054397583, 2.8994359970092773, -3.7083022594451904
104, 0.873460054397583, 2.8994359970092773, -3.7083022594451904
105, 0.873460054397583, 2.8994359970092773, -3.7083022594451904
106, 0.8699448704719543, 2.8994359970092773, -3.458326816558838
107, 0.8664296865463257, 2.8994359970092773, -3.2083516120910645
108, 0.862914502620697, 2.8994359970092773, -2.958376407623291
109, 0.8593993186950684, 2.8994359970092773, -2.7084012031555176
110, 0.8558841347694397, 2.8994359970092773, -2.458425998687744
111, 0.852368950843811, 2.8994359970092773, -2.2084507942199707
112, 0.8488537669181824, 2.8994359970092773, -1.9584754705429077
113, 0.8453385829925537, 2.8994359970092773, -1.7085001468658447
114, 0.8453385829925537, 2.8994359970092773, -1.7085001468658447
115, 0.9672819972038269, 2.8994359970092773, -1.4902575016021729
116, 1.0892254114151, 2.8994359970092773, -1.272014856338501
117, 1.0892254114151, 2.8994359970092773, -1.272014856338501
118, 1.3039528131484985, 2.8994359970092773, -1.1439828872680664
119, 1.518680214881897, 2.8994359970092773, -1.0159509181976318
120, 1.7334076166152954, 2.8994359970092773, -0.8879189491271973
121, 1.9481350183486938, 2.8994359970092773, -0.7598869800567627
122, 2.1628623008728027, 2.8994359970092773, -0.6318550109863281
123, 2.377589702606201, 2.8994359970092773, -0.5038230419158936
124, 2.5923171043395996, 2.8994359970092773, -0.37579110264778137
125, 2.807044506072998, 2.8994359970092773, -0.2477591633796692
126, 2.807044506072998, 2.8994359970092773, -0.2477591633796692
127, 3.0570197105407715, 2.8994359970092773, -0.24424394965171814
128, 3.306994915008545, 2.8994359970092773, -0.2407287359237671
129, 3.5569701194763184, 2.8994359970092773, -0.23721352219581604
130, 3.806945323944092, 2.8994359970092773, -0.233698308467865
131, 4.056920528411865, 2.8994359970092773, -0.23018309473991394
132, 4.306895732879639, 2.8994359970092773, -0.2266678810119629
133, 4.306895732879639, 2.8994359970092773, -0.2266678810119629
134, 4.5251383781433105, 2.8994359970092773, -0.3486112952232361
135, 4.743381023406982, 2.8994359970092773, -0.4705547094345093
136, 4.961623668670654, 2.8994359970092773, -0.5924981236457825
137, 4.961623668670654, 2.8994359970092773, -0.5924981236457825
138, 5.211598873138428, 2.8994359970092773, -0.5889829397201538
139, 5.461574077606201, 2.8994359970092773, -0.5854676961898804
140, 5.711549282073975, 2.8994359970092773, -0.5819524526596069
141, 5.961524486541748, 2.8994359970092773, -0.5784372091293335
142, 6.2114996910095215, 2.8994359970092773, -0.5749219655990601
143, 6.461474895477295, 2.8994359970092773, -0.5714067220687866
144, 6.711450099945068, 2.8994359970092773, -0.5678914785385132
145, 6.961425304412842, 2.8994359970092773, -0.5643762350082397
146, 6.961425304412842, 2.8994359970092773, -0.5643762350082397
147, 7.17615270614624, 2.8994359970092773, -0.43634432554244995
148, 7.390880107879639, 2.8994359970092773, -0.30831241607666016
149, 7.605607509613037, 2.8994359970092773, -0.18028050661087036
150, 7.605607509613037, 2.8994359970092773, -0.18028050661087036
151, 7.8555827140808105, 2.8994359970092773, -0.1767652928829193
152, 8.105558395385742, 2.8994359970092773, -0.17325007915496826
153, 8.355533599853516, 2.8994359970092773, -0.1697348654270172
154, 8.605508804321289, 2.8994359970092773, -0.16621965169906616
155, 8.855484008789062, 2.8994359970092773, -0.1627044379711151
156, 9.105459213256836, 2.8994359970092773, -0.15918922424316406
157, 9.105459213256836, 2.8994359970092773, -0.15918922424316406
158, 9.105459213256836, 2.8994359970092773, -0.15918922424316406
159, 9.35543441772461, 2.8994359970092773, -0.155674010515213
160, 9.35543441772461, 2.8994359970092773, -0.155674010515213
161, 9.35543441772461, 2.8994359970092773, -0.155674010515213
162, 9.35543441772461, 2.8994359970092773, -0.155674010515213
163, 9.35543441772461, 2.8994359970092773, -0.155674010515213
164, 9.35543441772461, 2.8994359970092773, -0.155674010515213
165, 9.35543441772461, 2.8994359970092773, -0.155674010515213
166, 9.35543441772461, 2.8994359970092773, -0.155674010515213
167, 9.35543441772461, 2.8994359970092773, -0.155674010515213
168, 9.605409622192383, 2.8994359970092773, -0.15215876698493958
169, 9.605409622192383, 2.8994359970092773, -0.15215876698493958
170, 9.823652267456055, 2.8994359970092773, -0.2741021513938904
171, 10.041894912719727, 2.8994359970092773, -0.3960455060005188
172, 10.260137557983398, 2.8994359970092773, -0.5179888606071472
173, 10.47838020324707, 2.8994359970092773, -0.6399322152137756
174, 10.696622848510742, 2.8994359970092773, -0.761875569820404
175, 10.696622848510742, 2.8994359970092773, -0.761875569820404
176, 10.696622848510742, 2.8994359970092773, -0.761875569820404
177, 10.696622848510742, 2.8994359970092773, -0.761875569820404
178, 10.696622848510742, 2.8994359970092773, -0.761875569820404
179, 10.696622848510742, 2.8994359970092773, -0.761875569820404
180, 10.696622848510742, 2.8994359970092773, -0.761875569820404
181, 10.47838020324707, 2.8994359970092773, -0.6399322152137756
182, 10.47838020324707, 2.8994359970092773, -0.6399322152137756
183, 10.228404998779297, 2.8994359970092773, -0.6434473991394043
184, 10.228404998779297, 2.8994359970092773, -0.6434473991394043
185, 10.013677597045898, 2.8994359970092773, -0.7714793086051941
186, 10.013677597045898, 2.8994359970092773, -0.7714793086051941
187, 10.013677597045898, 2.8994359970092773, -0.7714793086051941
188, 10.013677597045898, 2.8994359970092773, -0.7714793086051941
189, 10.013677597045898, 2.8994359970092773, -0.7714793086051941
190, 10.23192024230957, 2.8994359970092773, -0.8934226632118225
191, 10.23192024230957, 2.8994359970092773, -0.8934226632118225
192, 10.481895446777344, 2.8994359970092773, -0.8899074792861938
193, 10.731870651245117, 2.8994359970092773, -0.8863922357559204
194, 10.98184585571289, 2.8994359970092773, -0.882876992225647
195, 11.231821060180664, 2.8994359970092773, -0.8793617486953735
196, 11.481796264648438, 2.8994359970092773, -0.8758465051651001
197, 11.731771469116211, 2.8994359970092773, -0.8723312616348267
198, 11.731771469116211, 2.8994359970092773, -0.8723312616348267
199, 11.94649887084961, 2.8994359970092773, -0.7442993521690369
200, 11.94649887084961, 2.8994359970092773, -0.7442993521690369
201, 12.196474075317383, 2.8994359970092773, -0.7407841682434082
202, 12.196474075317383, 2.8994359970092773, -0.7407841682434082
203, 12.196474075317383, 2.8994359970092773, -0.7407841682434082
204, 12.196474075317383, 2.8994359970092773, -0.7407841682434082
205, 12.414716720581055, 2.8994359970092773, -0.8627275228500366
206, 12.414716720581055, 2.8994359970092773, -0.8627275228500366
207, 12.664691925048828, 2.8994359970092773, -0.8592122793197632
208, 12.914667129516602, 2.8994359970092773, -0.8556970357894897
209, 13.164642333984375, 2.8994359970092773, -0.8521817922592163
210, 13.164642333984375, 2.8994359970092773, -0.8521817922592163
211, 13.164642333984375, 2.8994359970092773, -0.8521817922592163
212, 13.164642333984375, 2.8994359970092773, -0.8521817922592163
213, 13.379369735717773, 2.8994359970092773, -0.7241498231887817
214, 13.379369735717773, 2.8994359970092773, -0.7241498231887817
215, 9.67050838470459, 2.8994359970092773, -1.1583284139633179
