1, -6.030627727508545, 0.01920294761657715, 2.837521553039551
2, -6.030627727508545, 0.01920294761657715, 2.837521553039551
3, -6.030627727508545, 0.01920294761657715, 2.837521553039551
4, -6.030627727508545, 0.01920294761657715, 2.837521553039551
5, -6.030627727508545, 0.01920294761657715, 2.837521553039551
6, -6.030627727508545, 0.01920294761657715, 2.837521553039551
7, -6.030627727508545, 0.01920294761657715, 2.837521553039551
8, -6.030627727508545, 0.01920294761657715, 2.837521553039551
9, -6.030627727508545, 0.01920294761657715, 2.837521553039551
10, -6.030627727508545, 0.01920294761657715, 2.837521553039551
11, -6.030627727508545, 0.01920294761657715, 2.837521553039551
12, -6.030627727508545, 0.01920294761657715, 2.837521553039551
13, -6.030627727508545, 0.01920294761657715, 2.837521553039551
14, -6.030627727508545, 0.01920294761657715, 2.837521553039551
15, -6.030627727508545, 0.01920294761657715, 2.837521553039551
16, -6.030627727508545, 0.01920294761657715, 2.837521553039551
17, -6.131068229675293, 0.01920294761657715, 2.6085853576660156
18, -6.231508731842041, 0.01920294761657715, 2.3796491622924805
19, -6.331949234008789, 0.01920294761657715, 2.1507129669189453
20, -6.331949234008789, 0.01920294761657715, 2.1507129669189453
21, -6.331949234008789, 0.01920294761657715, 2.1507129669189453
22, -6.183905124664307, 0.01920294761657715, 1.949260950088501
23, -6.183905124664307, 0.01920294761657715, 1.949260950088501
24, -5.9549689292907715, 0.01920294761657715, 1.8488205671310425
25, -5.9549689292907715, 0.01920294761657715, 1.8488205671310425
26, -5.9549689292907715, 0.01920294761657715, 1.8488205671310425
27, -5.92748498916626, 0.01920294761657715, 1.600335955619812
28, -5.900001049041748, 0.01920294761657715, 1.3518513441085815
29, -5.872517108917236, 0.01920294761657715, 1.103366732597351
30, -5.845033168792725, 0.01920294761657715, 0.8548820614814758
31, -5.845033168792725, 0.01920294761657715, 0.8548820614814758
32, -5.845033168792725, 0.01920294761657715, 0.8548820614814758
33, -5.845033168792725, 0.01920294761657715, 0.8548820614814758
34, -5.845033168792725, 0.01920294761657715, 0.8548820614814758
35, -5.845033168792725, 0.01920294761657715, 0.8548820614814758
36, -5.845033168792725, 0.01920294761657715, 0.8548820614814758
37, -5.872517108917236, 0.01920294761657715, 1.103366732597351
38, -5.900001049041748, 0.01920294761657715, 1.3518513441085815
39, -5.92748498916626, 0.01920294761657715, 1.600335955619812
40, -5.92748498916626, 0.01920294761657715, 1.600335955619812
41, -5.827044486999512, 0.01920294761657715, 1.8292720317840576
42, -5.827044486999512, 0.01920294761657715, 1.8292720317840576
43, -5.827044486999512, 0.01920294761657715, 1.8292720317840576
44, -5.578559875488281, 0.01920294761657715, 1.8567562103271484
45, -5.330075263977051, 0.01920294761657715, 1.8842403888702393
46, -5.08159065246582, 0.01920294761657715, 1.91172456741333
47, -4.83310604095459, 0.01920294761657715, 1.939208745956421
48, -4.83310604095459, 0.01920294761657715, 1.939208745956421
49, -4.604169845581055, 0.01920294761657715, 1.8387683629989624
50, -4.604169845581055, 0.01920294761657715, 1.8387683629989624
51, -4.456125736236572, 0.01920294761657715, 1.637316346168518
52, -4.456125736236572, 0.01920294761657715, 1.637316346168518
53, -4.4286417961120605, 0.01920294761657715, 1.3888317346572876
54, -4.4286417961120605, 0.01920294761657715, 1.3888317346572876
55, -4.4286417961120605, 0.01920294761657715, 1.3888317346572876
56, -4.4286417961120605, 0.01920294761657715, 1.3888317346572876
57, -4.4286417961120605, 0.01920294761657715, 1.3888317346572876
58, -4.4286417961120605, 0.01920294761657715, 1.3888317346572876
59, -4.55045747756958, 0.01920294761657715, 1.5545929670333862
60, -4.55045747756958, 0.01920294761657715, 1.5545929670333862
61, -4.55045747756958, 0.01920294761657715, 1.5545929670333862
62, -4.55045747756958, 0.01920294761657715, 1.5545929670333862
63, -4.55045747756958, 0.01920294761657715, 1.5545929670333862
64, -4.450016975402832, 0.01920294761657715, 1.7835290431976318
65, -4.450016975402832, 0.01920294761657715, 1.7835290431976318
66, -4.450016975402832, 0.01920294761657715, 1.7835290431976318
67, -4.450016975402832, 0.01920294761657715, 1.7835290431976318
68, -4.678953170776367, 0.01920294761657715, 1.8839694261550903
69, -4.907889366149902, 0.01920294761657715, 1.9844098091125488
70, -4.907889366149902, 0.01920294761657715, 1.9844098091125488
71, -5.156373977661133, 0.01920294761657715, 1.9569257497787476
72, -5.404858589172363, 0.01920294761657715, 1.9294416904449463
73, -5.653343200683594, 0.01920294761657715, 1.901957631111145
74, -5.901827812194824, 0.01920294761657715, 1.8744735717773438
75, -6.150312423706055, 0.01920294761657715, 1.8469895124435425
76, -6.398797035217285, 0.01920294761657715, 1.8195054531097412
77, -6.647281646728516, 0.01920294761657715, 1.79202139377594
78, -6.895766258239746, 0.01920294761657715, 1.7645373344421387
79, -7.144250869750977, 0.01920294761657715, 1.7370532751083374
80, -7.392735481262207, 0.01920294761657715, 1.7095692157745361
81, -7.6412200927734375, 0.01920294761657715, 1.6820851564407349
82, -7.889704704284668, 0.01920294761657715, 1.6546010971069336
83, -7.889704704284668, 0.01920294761657715, 1.6546010971069336
84, -8.118640899658203, 0.01920294761657715, 1.755041480064392
85, -8.347577095031738, 0.01920294761657715, 1.8554818630218506
86, -8.347577095031738, 0.01920294761657715, 1.8554818630218506
87, -8.495621681213379, 0.01920294761657715, 2.056933879852295
88, -8.64366626739502, 0.01920294761657715, 2.2583858966827393
89, -8.702200889587402, 0.01920294761657715, 2.3380374908447266
90, -8.702200889587402, 0.01920294761657715, 2.3380374908447266
91, -8.702200889587402, 0.01920294761657715, 2.3380374908447266
92, -8.702200889587402, 0.01920294761657715, 2.3380374908447266
93, -8.950685501098633, 0.01920294761657715, 2.3105533123016357
94, -8.950685501098633, 0.01920294761657715, 2.3105533123016357
95, -8.950685501098633, 0.01920294761657715, 2.3105533123016357
96, -9.098730087280273, 0.01920294761657715, 2.51200532913208
97, -9.246774673461914, 0.01920294761657715, 2.7134573459625244
98, -9.246774673461914, 0.01920294761657715, 2.7134573459625244
99, -9.274258613586426, 0.01920294761657715, 2.961941957473755
100, -9.301742553710938, 0.01920294761657715, 3.2104265689849854
101, -9.32922649383545, 0.01920294761657715, 3.458911180496216
102, -9.32922649383545, 0.01920294761657715, 3.458911180496216
103, -9.22878646850586, 0.01920294761657715, 3.687847375869751
104, -9.22878646850586, 0.01920294761657715, 3.687847375869751
105, -9.027334213256836, 0.01920294761657715, 3.8358917236328125
106, -9.027334213256836, 0.01920294761657715, 3.8358917236328125
107, -9.027334213256836, 0.01920294761657715, 3.8358917236328125
108, -9.027334213256836, 0.01920294761657715, 3.8358917236328125
109, -9.027334213256836, 0.01920294761657715, 3.8358917236328125
110, -9.027334213256836, 0.01920294761657715, 3.8358917236328125
111, -9.027334213256836, 0.01920294761657715, 3.8358917236328125
112, -9.22878646850586, 0.01920294761657715, 3.687847375869751
113, -9.430238723754883, 0.01920294761657715, 3.5398030281066895
114, -9.430238723754883, 0.01920294761657715, 3.5398030281066895
115, -9.530678749084473, 0.01920294761657715, 3.3108670711517334
116, -9.530678749084473, 0.01920294761657715, 3.3108670711517334
117, -9.503194808959961, 0.01920294761657715, 3.062382459640503
118, -9.503194808959961, 0.01920294761657715, 3.062382459640503
119, -9.35515022277832, 0.01920294761657715, 2.8609304428100586
120, -9.20710563659668, 0.01920294761657715, 2.6594784259796143
121, -9.059061050415039, 0.01920294761657715, 2.45802640914917
122, -9.059061050415039, 0.01920294761657715, 2.45802640914917
123, -8.830124855041504, 0.01920294761657715, 2.357585906982422
124, -8.601188659667969, 0.01920294761657715, 2.257145404815674
125, -8.372252464294434, 0.01920294761657715, 2.156704902648926
126, -8.143316268920898, 0.01920294761657715, 2.0562644004821777
127, -7.914380073547363, 0.01920294761657715, 1.9558240175247192
128, -7.685443878173828, 0.01920294761657715, 1.8553836345672607
129, -7.685443878173828, 0.01920294761657715, 1.8553836345672607
130, -7.436959266662598, 0.01920294761657715, 1.8828678131103516
131, -7.188474655151367, 0.01920294761657715, 1.9103519916534424
132, -6.939990043640137, 0.01920294761657715, 1.9378361701965332
133, -6.691505432128906, 0.01920294761657715, 1.965320348739624
134, -6.443020820617676, 0.01920294761657715, 1.9928045272827148
135, -6.194536209106445, 0.01920294761657715, 2.0202887058258057
136, -5.946051597595215, 0.01920294761657715, 2.0477728843688965
137, -5.697566986083984, 0.01920294761657715, 2.0752570629119873
138, -5.449082374572754, 0.01920294761657715, 2.102741241455078
139, -5.200597763061523, 0.01920294761657715, 2.130225419998169
140, -4.952113151550293, 0.01920294761657715, 2.1577095985412598
141, -4.7036285400390625, 0.01920294761657715, 2.1851937770843506
142, -4.455143928527832, 0.01920294761657715, 2.2126779556274414
143, -4.455143928527832, 0.01920294761657715, 2.2126779556274414
144, -4.226207733154297, 0.01920294761657715, 2.1122376918792725
145, -3.9972715377807617, 0.01920294761657715, 2.0117974281311035
146, -3.7683353424072266, 0.01920294761657715, 1.911357045173645
147, -3.5393991470336914, 0.01920294761657715, 1.8109166622161865
148, -3.3104629516601562, 0.01920294761657715, 1.710476279258728
149, -3.081526756286621, 0.01920294761657715, 1.6100358963012695
150, -2.852590560913086, 0.01920294761657715, 1.509595513343811
151, -2.623654365539551, 0.01920294761657715, 1.4091551303863525
152, -2.3947181701660156, 0.01920294761657715, 1.308714747428894
153, -2.1657819747924805, 0.01920294761657715, 1.2082743644714355
154, -1.9368458986282349, 0.01920294761657715, 1.107833981513977
155, -1.7079098224639893, 0.01920294761657715, 1.0073935985565186
156, -1.7079098224639893, 0.01920294761657715, 1.0073935985565186
157, -1.5598655939102173, 0.01920294761657715, 0.805941641330719
158, -1.4118213653564453, 0.01920294761657715, 0.6044896841049194
159, -1.2637771368026733, 0.01920294761657715, 0.4030377268791199
160, -1.1157329082489014, 0.01920294761657715, 0.20158575475215912
161, -0.9676886200904846, 0.01920294761657715, 0.00013378262519836426
162, -0.8196443319320679, 0.01920294761657715, -0.2013181895017624
163, -0.8196443319320679, 0.01920294761657715, -0.2013181895017624
164, -0.7921602129936218, 0.01920294761657715, -0.44980284571647644
165, -0.7646760940551758, 0.01920294761657715, -0.6982874870300293
166, -0.7371919751167297, 0.01920294761657715, -0.9467721581459045
167, -0.7097078561782837, 0.01920294761657715, -1.1952568292617798
168, -0.6822237372398376, 0.01920294761657715, -1.4437414407730103
169, -0.6822237372398376, 0.01920294761657715, -1.4437414407730103
170, -0.6822237372398376, 0.01920294761657715, -1.4437414407730103
171, -0.6822237372398376, 0.01920294761657715, -1.4437414407730103
172, -0.6822237372398376, 0.01920294761657715, -1.4437414407730103
173, -0.6822237372398376, 0.01920294761657715, -1.4437414407730103
174, -0.6822237372398376, 0.01920294761657715, -1.4437414407730103
175, -0.7097078561782837, 0.01920294761657715, -1.1952568292617798
176, -0.7371919751167297, 0.01920294761657715, -0.9467722177505493
177, -0.7646760940551758, 0.01920294761657715, -0.6982876062393188
178, -0.7921602129936218, 0.01920294761657715, -0.449802964925766
179, -0.7921602129936218, 0.01920294761657715, -0.449802964925766
180, -0.9402045011520386, 0.01920294761657715, -0.24835097789764404
181, -0.9402045011520386, 0.01920294761657715, -0.24835097789764404
182, -0.9402045011520386, 0.01920294761657715, -0.24835097789764404
183, -0.9402045011520386, 0.01920294761657715, -0.24835097789764404
184, -0.9402045011520386, 0.01920294761657715, -0.24835097789764404
185, -0.9402045011520386, 0.01920294761657715, -0.24835097789764404
186, -0.9127203822135925, 0.01920294761657715, -0.4968356490135193
187, -0.8852362632751465, 0.01920294761657715, -0.7453203201293945
188, -0.8577521443367004, 0.01920294761657715, -0.9938049912452698
189, -0.8302680253982544, 0.01920294761657715, -1.242289662361145
190, -0.8302680253982544, 0.01920294761657715, -1.242289662361145
191, -0.6822236776351929, 0.01920294761657715, -1.4437415599822998
192, -0.5341793298721313, 0.01920294761657715, -1.6451934576034546
193, -0.5341793298721313, 0.01920294761657715, -1.6451934576034546
194, -0.5341793298721313, 0.01920294761657715, -1.6451934576034546
195, -0.3877638578414917, 0.01920294761657715, -1.628998875617981
196, -0.3877638578414917, 0.01920294761657715, -1.628998875617981
197, -0.3877638578414917, 0.01920294761657715, -1.628998875617981
198, -0.3877638578414917, 0.01920294761657715, -1.628998875617981
199, -0.3877638578414917, 0.01920294761657715, -1.628998875617981
200, -0.3877638578414917, 0.01920294761657715, -1.628998875617981
201, -0.3877638578414917, 0.01920294761657715, -1.628998875617981
202, -0.3877638578414917, 0.01920294761657715, -1.628998875617981
203, -0.3877638578414917, 0.01920294761657715, -1.628998875617981
204, -0.3877638578414917, 0.01920294761657715, -1.628998875617981
205, -0.3877638578414917, 0.01920294761657715, -1.628998875617981
206, -0.38776499032974243, 0.01920294761657715, -1.6289973258972168
207, -0.38776499032974243, 0.01920294761657715, -1.6289973258972168
208, -0.6167011260986328, 0.01920294761657715, -1.5285570621490479
209, -0.6167011260986328, 0.01920294761657715, -1.5285570621490479
210, -0.7647454142570496, 0.01920294761657715, -1.327105164527893
211, -0.7647454142570496, 0.01920294761657715, -1.327105164527893
212, -0.7922295928001404, 0.01920294761657715, -1.0786205530166626
213, -0.8197137713432312, 0.01920294761657715, -0.8301359415054321
214, -0.847197949886322, 0.01920294761657715, -0.5816513299942017
215, -0.8746821284294128, 0.01920294761657715, -0.3331666886806488
216, -0.8746821284294128, 0.01920294761657715, -0.3331666886806488
217, -1.0227264165878296, 0.01920294761657715, -0.13171476125717163
218, -1.1707707643508911, 0.01920294761657715, 0.06973716616630554
219, -1.3188151121139526, 0.01920294761657715, 0.2711890935897827
220, -1.4668594598770142, 0.01920294761657715, 0.4726410210132599
221, -1.6149038076400757, 0.01920294761657715, 0.6740929484367371
222, -1.7629481554031372, 0.01920294761657715, 0.8755449056625366
223, -1.9109925031661987, 0.01920294761657715, 1.0769968032836914
224, -1.9109925031661987, 0.01920294761657715, 1.0769968032836914
225, -2.1399285793304443, 0.01920294761657715, 1.17743718624115
226, -2.3688647747039795, 0.01920294761657715, 1.2778775691986084
227, -2.5978009700775146, 0.01920294761657715, 1.378317952156067
228, -2.82673716545105, 0.01920294761657715, 1.4787583351135254
229, -3.055673360824585, 0.01920294761657715, 1.5791987180709839
230, -3.28460955619812, 0.01920294761657715, 1.6796391010284424
231, -3.28460955619812, 0.01920294761657715, 1.6796391010284424
232, -3.4326539039611816, 0.01920294761657715, 1.8810911178588867
233, -3.4326539039611816, 0.01920294761657715, 1.8810911178588867
234, -3.4326539039611816, 0.01920294761657715, 1.8810911178588867
235, -3.4326539039611816, 0.01920294761657715, 1.8810911178588867
236, -3.4326539039611816, 0.01920294761657715, 1.8810911178588867
237, -3.4326539039611816, 0.01920294761657715, 1.8810911178588867
238, -3.2037177085876465, 0.01920294761657715, 1.7806507349014282
239, -2.9747815132141113, 0.01920294761657715, 1.6802103519439697
240, -2.745845317840576, 0.01920294761657715, 1.5797699689865112
241, -2.516909122467041, 0.01920294761657715, 1.4793295860290527
242, -2.287972927093506, 0.01920294761657715, 1.3788892030715942
243, -2.0590367317199707, 0.01920294761657715, 1.2784488201141357
244, -2.0590367317199707, 0.01920294761657715, 1.2784488201141357
245, -1.9109925031661987, 0.01920294761657715, 1.0769968032836914
246, -1.7629482746124268, 0.01920294761657715, 0.8755448460578918
247, -1.6149040460586548, 0.01920294761657715, 0.6740928888320923
248, -1.4668598175048828, 0.01920294761657715, 0.4726409316062927
249, -1.3188155889511108, 0.01920294761657715, 0.27118897438049316
250, -1.1707713603973389, 0.01920294761657715, 0.06973700225353241
251, -1.022727131843567, 0.01920294761657715, -0.13171496987342834
252, -0.8746828436851501, 0.01920294761657715, -0.3331669569015503
253, -0.8746828436851501, 0.01920294761657715, -0.3331669569015503
254, -0.8471987247467041, 0.01920294761657715, -0.5816516280174255
255, -0.8197146058082581, 0.01920294761657715, -0.8301362991333008
256, -0.792230486869812, 0.01920294761657715, -1.0786209106445312
257, -0.764746367931366, 0.01920294761657715, -1.3271055221557617
258, -0.764746367931366, 0.01920294761657715, -1.3271055221557617
259, -0.6167020797729492, 0.01920294761657715, -1.528557538986206
260, -0.6167020797729492, 0.01920294761657715, -1.528557538986206
261, -0.3877660036087036, 0.01920294761657715, -1.6289979219436646
262, -0.3877660036087036, 0.01920294761657715, -1.6289979219436646
263, -0.3877646327018738, 0.01920294761657715, -1.628997802734375
264, -0.3877646327018738, 0.01920294761657715, -1.628997802734375
265, -0.3877646327018738, 0.01920294761657715, -1.628997802734375
266, -0.3877646327018738, 0.01920294761657715, -1.628997802734375
267, -0.3877646327018738, 0.01920294761657715, -1.628997802734375
268, -0.3877646327018738, 0.01920294761657715, -1.628997802734375
269, -0.3877646327018738, 0.01920294761657715, -1.628997802734375
270, -0.3877646327018738, 0.01920294761657715, -1.628997802734375
271, -0.3877646327018738, 0.01920294761657715, -1.628997802734375
272, -0.3877646327018738, 0.01920294761657715, -1.628997802734375
273, -0.2525623142719269, 0.01920294761657715, -1.8129750490188599
274, -0.2525623142719269, 0.01920294761657715, -1.8129750490188599
275, -0.2525623142719269, 0.01920294761657715, -1.8129750490188599
276, -0.2525623142719269, 0.01920294761657715, -1.8129750490188599
277, -0.2507696747779846, 0.01920294761657715, -1.8116576671600342
278, -0.2507696747779846, 0.01920294761657715, -1.8116576671600342
279, -0.2507696747779846, 0.01920294761657715, -1.8116576671600342
280, -0.2507696747779846, 0.01920294761657715, -1.8116576671600342
281, -0.250769704580307, 0.01920294761657715, -1.8116576671600342
282, -0.250769704580307, 0.01920294761657715, -1.8116576671600342
283, -0.250769704580307, 0.01920294761657715, -1.8116576671600342
284, -0.250769704580307, 0.01920294761657715, -1.8116576671600342
285, -0.25076964497566223, 0.01920294761657715, -1.8116576671600342
286, -0.25076964497566223, 0.01920294761657715, -1.8116576671600342
287, -0.25076964497566223, 0.01920294761657715, -1.8116576671600342
288, -0.25076964497566223, 0.01920294761657715, -1.8116576671600342
289, -0.24980148673057556, 0.01920294761657715, -1.8129750490188599
290, -0.24980148673057556, 0.01920294761657715, -1.8129750490188599
291, -0.24980148673057556, 0.01920294761657715, -1.8129750490188599
292, 0.2988831400871277, 3.219202995300293, 3.5208070278167725
