1, -6.095629692077637, 3.1633780002593994, -4.292728424072266
2, -6.095629692077637, 3.1633780002593994, -4.292728424072266
3, -6.095629692077637, 3.1633780002593994, -4.292728424072266
4, -6.095629692077637, 3.1633780002593994, -4.292728424072266
5, -6.095629692077637, 3.1633780002593994, -4.292728424072266
6, -6.095629692077637, 3.1633780002593994, -4.292728424072266
7, -6.095629692077637, 3.1633780002593994, -4.292728424072266
8, -6.095629692077637, 3.1633780002593994, -4.292728424072266
9, -6.095629692077637, 3.1633780002593994, -4.292728424072266
10, -6.095629692077637, 3.1633780002593994, -4.292728424072266
11, -6.095629692077637, 3.1633780002593994, -4.292728424072266
12, -6.095629692077637, 3.1633780002593994, -4.292728424072266
13, -6.095629692077637, 3.1633780002593994, -4.292728424072266
14, -6.095629692077637, 3.1633780002593994, -4.292728424072266
15, -6.095629692077637, 3.1633780002593994, -4.292728424072266
16, -6.095629692077637, 3.1633780002593994, -4.292728424072266
17, -6.20318078994751, 3.1633780002593994, -4.067045211791992
18, -6.20318078994751, 3.1633780002593994, -4.067045211791992
19, -6.20318078994751, 3.1633780002593994, -4.067045211791992
20, -6.061509132385254, 3.1633780002593994, -3.8610618114471436
21, -6.061509132385254, 3.1633780002593994, -3.8610618114471436
22, -6.041809558868408, 3.1633780002593994, -3.6118390560150146
23, -6.0221099853515625, 3.1633780002593994, -3.3626163005828857
24, -6.002410411834717, 3.1633780002593994, -3.113393545150757
25, -5.982710838317871, 3.1633780002593994, -2.864170789718628
26, -5.982710838317871, 3.1633780002593994, -2.864170789718628
27, -5.982710838317871, 3.1633780002593994, -2.864170789718628
28, -5.757027626037598, 3.1633780002593994, -2.756619930267334
29, -5.531344413757324, 3.1633780002593994, -2.64906907081604
30, -5.305661201477051, 3.1633780002593994, -2.541518211364746
31, -5.305661201477051, 3.1633780002593994, -2.541518211364746
32, -5.056438446044922, 3.1633780002593994, -2.561217784881592
33, -5.056438446044922, 3.1633780002593994, -2.561217784881592
34, -5.056438446044922, 3.1633780002593994, -2.561217784881592
35, -5.056438446044922, 3.1633780002593994, -2.561217784881592
36, -5.056438446044922, 3.1633780002593994, -2.561217784881592
37, -5.056438446044922, 3.1633780002593994, -2.561217784881592
38, -5.056438446044922, 3.1633780002593994, -2.561217784881592
39, -5.305661201477051, 3.1633780002593994, -2.541518211364746
40, -5.55488395690918, 3.1633780002593994, -2.5218186378479004
41, -5.55488395690918, 3.1633780002593994, -2.5218186378479004
42, -5.780567169189453, 3.1633780002593994, -2.6293694972991943
43, -5.780567169189453, 3.1633780002593994, -2.6293694972991943
44, -5.922238826751709, 3.1633780002593994, -2.835352897644043
45, -6.063910484313965, 3.1633780002593994, -3.0413362979888916
46, -6.063910484313965, 3.1633780002593994, -3.0413362979888916
47, -6.0836100578308105, 3.1633780002593994, -3.2905588150024414
48, -6.103309631347656, 3.1633780002593994, -3.5397815704345703
49, -6.123009204864502, 3.1633780002593994, -3.789004325866699
50, -6.142708778381348, 3.1633780002593994, -4.038227081298828
51, -6.162408351898193, 3.1633780002593994, -4.287449836730957
52, -6.182107925415039, 3.1633780002593994, -4.536672592163086
53, -6.182107925415039, 3.1633780002593994, -4.536672592163086
54, -6.074556827545166, 3.1633780002593994, -4.762355327606201
55, -6.074556827545166, 3.1633780002593994, -4.762355327606201
56, -6.074556827545166, 3.1633780002593994, -4.762355327606201
57, -6.074556827545166, 3.1633780002593994, -4.762355327606201
58, -6.074556827545166, 3.1633780002593994, -4.762355327606201
59, -6.074556827545166, 3.1633780002593994, -4.762355327606201
60, -6.074556827545166, 3.1633780002593994, -4.762355327606201
61, -6.074556827545166, 3.1633780002593994, -4.762355327606201
62, -6.074556827545166, 3.1633780002593994, -4.762355327606201
63, -6.074556827545166, 3.1633780002593994, -4.762355327606201
64, -6.074556827545166, 3.1633780002593994, -4.762355327606201
65, -6.074556827545166, 3.1633780002593994, -4.762355327606201
66, -6.074556827545166, 3.1633780002593994, -4.762355327606201
67, -6.074556827545166, 3.1633780002593994, -4.762355327606201
68, -6.074556827545166, 3.1633780002593994, -4.762355327606201
69, -6.074556827545166, 3.1633780002593994, -4.762355327606201
70, -6.074556827545166, 3.1633780002593994, -4.762355327606201
71, -6.074556827545166, 3.1633780002593994, -4.762355327606201
72, -6.074556827545166, 3.1633780002593994, -4.762355327606201
73, -6.074556827545166, 3.1633780002593994, -4.762355327606201
74, -6.074556827545166, 3.1633780002593994, -4.762355327606201
75, -6.074556827545166, 3.1633780002593994, -4.762355327606201
76, -5.8685736656188965, 3.1633780002593994, -4.904026985168457
77, -5.8685736656188965, 3.1633780002593994, -4.904026985168457
78, -5.8685736656188965, 3.1633780002593994, -4.904026985168457
79, -5.8685736656188965, 3.1633780002593994, -4.904026985168457
80, -5.8685736656188965, 3.1633780002593994, -4.904026985168457
81, -5.8685736656188965, 3.1633780002593994, -4.904026985168457
82, -5.8685736656188965, 3.1633780002593994, -4.904026985168457
83, -5.8685736656188965, 3.1633780002593994, -4.904026985168457
84, -5.8685736656188965, 3.1633780002593994, -4.904026985168457
85, -5.8685736656188965, 3.1633780002593994, -4.904026985168457
86, -5.761022567749023, 3.1633780002593994, -5.129709720611572
87, -5.761022567749023, 3.1633780002593994, -5.129709720611572
88, -5.761022567749023, 3.1633780002593994, -5.129709720611572
89, -5.761022567749023, 3.1633780002593994, -5.129709720611572
90, -5.761022567749023, 3.1633780002593994, -5.129709720611572
91, -5.761022567749023, 3.1633780002593994, -5.129709720611572
92, -5.761022567749023, 3.1633780002593994, -5.129709720611572
93, -5.761022567749023, 3.1633780002593994, -5.129709720611572
94, -5.761022567749023, 3.1633780002593994, -5.129709720611572
95, -5.761022567749023, 3.1633780002593994, -5.129709720611572
96, -5.761022567749023, 3.1633780002593994, -5.129709720611572
97, -5.761022567749023, 3.1633780002593994, -5.129709720611572
98, -5.555039405822754, 3.1633780002593994, -5.271381378173828
99, -5.555039405822754, 3.1633780002593994, -5.271381378173828
100, -5.305816650390625, 3.1633780002593994, -5.291080951690674
101, -5.056593894958496, 3.1633780002593994, -5.3107805252075195
102, -4.807371139526367, 3.1633780002593994, -5.330480098724365
103, -4.558148384094238, 3.1633780002593994, -5.350179672241211
104, -4.308925628662109, 3.1633780002593994, -5.369879245758057
105, -4.0597028732299805, 3.1633780002593994, -5.389578819274902
106, -3.8104801177978516, 3.1633780002593994, -5.409278392791748
107, -3.5612573623657227, 3.1633780002593994, -5.428977966308594
108, -3.5612573623657227, 3.1633780002593994, -5.428977966308594
109, -3.5612573623657227, 3.1633780002593994, -5.428977966308594
110, -3.5612573623657227, 3.1633780002593994, -5.428977966308594
111, -3.5612573623657227, 3.1633780002593994, -5.428977966308594
112, -3.5612573623657227, 3.1633780002593994, -5.428977966308594
113, -3.7672407627105713, 3.1633780002593994, -5.287306308746338
114, -3.7672407627105713, 3.1633780002593994, -5.287306308746338
115, -4.016463279724121, 3.1633780002593994, -5.267606735229492
116, -4.26568603515625, 3.1633780002593994, -5.2479071617126465
117, -4.514908790588379, 3.1633780002593994, -5.228207588195801
118, -4.764131546020508, 3.1633780002593994, -5.208508014678955
119, -5.013354301452637, 3.1633780002593994, -5.188808441162109
120, -5.262577056884766, 3.1633780002593994, -5.169108867645264
121, -5.5117998123168945, 3.1633780002593994, -5.149409294128418
122, -5.761022567749023, 3.1633780002593994, -5.129709720611572
123, -6.010245323181152, 3.1633780002593994, -5.110010147094727
124, -6.259468078613281, 3.1633780002593994, -5.090310573577881
125, -6.259468078613281, 3.1633780002593994, -5.090310573577881
126, -6.465451240539551, 3.1633780002593994, -4.948638916015625
127, -6.67143440246582, 3.1633780002593994, -4.806967258453369
128, -6.67143440246582, 3.1633780002593994, -4.806967258453369
129, -6.67143440246582, 3.1633780002593994, -4.806967258453369
130, -6.67143440246582, 3.1633780002593994, -4.806967258453369
131, -6.778985500335693, 3.1633780002593994, -4.581284523010254
132, -6.886536598205566, 3.1633780002593994, -4.3556013107299805
133, -6.886536598205566, 3.1633780002593994, -4.3556013107299805
134, -6.886536598205566, 3.1633780002593994, -4.3556013107299805
135, -6.886536598205566, 3.1633780002593994, -4.3556013107299805
136, -6.886536598205566, 3.1633780002593994, -4.3556013107299805
137, -6.886536598205566, 3.1633780002593994, -4.3556013107299805
138, -6.886536598205566, 3.1633780002593994, -4.3556013107299805
139, -6.886536598205566, 3.1633780002593994, -4.3556013107299805
140, -6.886536598205566, 3.1633780002593994, -4.3556013107299805
141, -6.886536598205566, 3.1633780002593994, -4.3556013107299805
142, -6.886536598205566, 3.1633780002593994, -4.3556013107299805
143, -6.886536598205566, 3.1633780002593994, -4.3556013107299805
144, -6.886536598205566, 3.1633780002593994, -4.3556013107299805
145, -6.7448649406433105, 3.1633780002593994, -4.149618148803711
146, -6.603193283081055, 3.1633780002593994, -3.9436347484588623
147, -6.603193283081055, 3.1633780002593994, -3.9436347484588623
148, -6.3775105476379395, 3.1633780002593994, -3.8360838890075684
149, -6.3775105476379395, 3.1633780002593994, -3.8360838890075684
150, -6.235838890075684, 3.1633780002593994, -3.6301004886627197
151, -6.094167232513428, 3.1633780002593994, -3.424117088317871
152, -6.094167232513428, 3.1633780002593994, -3.424117088317871
153, -6.074467658996582, 3.1633780002593994, -3.174894332885742
154, -6.074467658996582, 3.1633780002593994, -3.174894332885742
155, -5.932796001434326, 3.1633780002593994, -2.9689109325408936
156, -5.79112434387207, 3.1633780002593994, -2.762927532196045
157, -5.6494526863098145, 3.1633780002593994, -2.5569441318511963
158, -5.6494526863098145, 3.1633780002593994, -2.5569441318511963
159, -5.6494526863098145, 3.1633780002593994, -2.5569441318511963
160, -5.6494526863098145, 3.1633780002593994, -2.5569441318511963
161, -5.6494526863098145, 3.1633780002593994, -2.5569441318511963
162, -5.6494526863098145, 3.1633780002593994, -2.5569441318511963
163, -5.6494526863098145, 3.1633780002593994, -2.5569441318511963
164, -5.79112434387207, 3.1633780002593994, -2.762927532196045
165, -5.932796001434326, 3.1633780002593994, -2.9689109325408936
166, -6.074467658996582, 3.1633780002593994, -3.174894332885742
167, -6.097001552581787, 3.1633780002593994, -3.2076575756073
168, -6.097001552581787, 3.1633780002593994, -3.2076575756073
169, -6.097001552581787, 3.1633780002593994, -3.2076575756073
170, -6.097001552581787, 3.1633780002593994, -3.2076575756073
171, -5.989450454711914, 3.1633780002593994, -3.433340549468994
172, -5.989450454711914, 3.1633780002593994, -3.433340549468994
173, -6.00915002822876, 3.1633780002593994, -3.682563304901123
174, -6.00915002822876, 3.1633780002593994, -3.682563304901123
175, -6.150821685791016, 3.1633780002593994, -3.8885467052459717
176, -6.2924933433532715, 3.1633780002593994, -4.09453010559082
177, -6.2924933433532715, 3.1633780002593994, -4.09453010559082
178, -6.518176078796387, 3.1633780002593994, -4.202081203460693
179, -6.743858814239502, 3.1633780002593994, -4.309632301330566
180, -6.743858814239502, 3.1633780002593994, -4.309632301330566
181, -6.743858814239502, 3.1633780002593994, -4.309632301330566
182, -6.743858814239502, 3.1633780002593994, -4.309632301330566
183, -6.743858814239502, 3.1633780002593994, -4.309632301330566
184, -6.743858814239502, 3.1633780002593994, -4.309632301330566
185, -6.636307716369629, 3.1633780002593994, -4.535315036773682
186, -6.636307716369629, 3.1633780002593994, -4.535315036773682
187, -6.636307716369629, 3.1633780002593994, -4.535315036773682
188, -6.636307716369629, 3.1633780002593994, -4.535315036773682
189, -6.636307716369629, 3.1633780002593994, -4.535315036773682
190, -6.636307716369629, 3.1633780002593994, -4.535315036773682
191, -6.636307716369629, 3.1633780002593994, -4.535315036773682
192, -6.636307716369629, 3.1633780002593994, -4.535315036773682
193, -6.636307716369629, 3.1633780002593994, -4.535315036773682
194, -6.636307716369629, 3.1633780002593994, -4.535315036773682
195, -6.636307716369629, 3.1633780002593994, -4.535315036773682
196, -6.636307716369629, 3.1633780002593994, -4.535315036773682
197, -6.636307716369629, 3.1633780002593994, -4.535315036773682
198, -6.636307716369629, 3.1633780002593994, -4.535315036773682
199, -6.636307716369629, 3.1633780002593994, -4.535315036773682
200, -6.636307716369629, 3.1633780002593994, -4.535315036773682
201, -6.616608142852783, 3.1633780002593994, -4.286092281341553
202, -6.5969085693359375, 3.1633780002593994, -4.036869525909424
203, -6.5969085693359375, 3.1633780002593994, -4.036869525909424
204, -6.455236911773682, 3.1633780002593994, -3.830886125564575
205, -6.313565254211426, 3.1633780002593994, -3.6249027252197266
206, -6.17189359664917, 3.1633780002593994, -3.418919324874878
207, -6.030221939086914, 3.1633780002593994, -3.2129359245300293
208, -6.030221939086914, 3.1633780002593994, -3.2129359245300293
209, -6.010522365570068, 3.1633780002593994, -2.9637131690979004
210, -6.010522365570068, 3.1633780002593994, -2.9637131690979004
211, -5.8688507080078125, 3.1633780002593994, -2.7577297687530518
212, -5.727179050445557, 3.1633780002593994, -2.551746368408203
213, -5.727179050445557, 3.1633780002593994, -2.551746368408203
214, -5.501496315002441, 3.1633780002593994, -2.44419527053833
215, -5.501496315002441, 3.1633780002593994, -2.44419527053833
216, -5.501496315002441, 3.1633780002593994, -2.44419527053833
217, -5.501496315002441, 3.1633780002593994, -2.44419527053833
218, -5.501496315002441, 3.1633780002593994, -2.44419527053833
219, -5.501496315002441, 3.1633780002593994, -2.44419527053833
220, -5.501496315002441, 3.1633780002593994, -2.44419527053833
221, -5.501496315002441, 3.1633780002593994, -2.44419527053833
222, -5.501496315002441, 3.1633780002593994, -2.44419527053833
223, -5.727179050445557, 3.1633780002593994, -2.551746368408203
224, -5.727179050445557, 3.1633780002593994, -2.551746368408203
225, -5.8688507080078125, 3.1633780002593994, -2.7577297687530518
226, -6.010522365570068, 3.1633780002593994, -2.9637131690979004
227, -6.097001552581787, 3.1633780002593994, -3.089449405670166
228, -6.097001552581787, 3.1633780002593994, -3.089449405670166
229, -6.097001552581787, 3.1633780002593994, -3.089449405670166
230, -6.097001552581787, 3.1633780002593994, -3.089449405670166
231, -6.097001552581787, 3.1633780002593994, -3.089449405670166
232, -5.989450454711914, 3.1633780002593994, -3.3151323795318604
233, -5.989450454711914, 3.1633780002593994, -3.3151323795318604
234, -5.989450454711914, 3.1633780002593994, -3.3151323795318604
235, -6.13112211227417, 3.1633780002593994, -3.521115779876709
236, -6.272793769836426, 3.1633780002593994, -3.7270991802215576
237, -6.414465427398682, 3.1633780002593994, -3.9330825805664062
238, -6.414465427398682, 3.1633780002593994, -3.9330825805664062
239, -6.640148162841797, 3.1633780002593994, -4.040633678436279
240, -6.865830898284912, 3.1633780002593994, -4.148184776306152
241, -7.091513633728027, 3.1736106872558594, -4.255735874176025
242, -7.091513633728027, 3.1736106872558594, -4.255735874176025
243, -7.091513633728027, 3.1736106872558594, -4.255735874176025
244, -7.091513633728027, 3.1736106872558594, -4.255735874176025
245, -7.091513633728027, 3.1736106872558594, -4.255735874176025
246, -7.091513633728027, 3.1736106872558594, -4.255735874176025
247, -6.983962535858154, 3.1633780002593994, -4.481418609619141
248, -6.983962535858154, 3.1633780002593994, -4.481418609619141
249, -6.983962535858154, 3.1633780002593994, -4.481418609619141
250, -6.983962535858154, 3.1633780002593994, -4.481418609619141
251, -6.983962535858154, 3.1633780002593994, -4.481418609619141
252, -6.983962535858154, 3.1633780002593994, -4.481418609619141
253, -6.983962535858154, 3.1633780002593994, -4.481418609619141
254, -6.983962535858154, 3.1633780002593994, -4.481418609619141
255, -6.983962535858154, 3.1633780002593994, -4.481418609619141
256, -6.983962535858154, 3.1633780002593994, -4.481418609619141
257, -6.983962535858154, 3.1633780002593994, -4.481418609619141
258, -6.983962535858154, 3.1633780002593994, -4.481418609619141
259, -6.983962535858154, 3.1633780002593994, -4.481418609619141
260, -6.983962535858154, 3.1633780002593994, -4.481418609619141
261, -6.983962535858154, 3.1633780002593994, -4.481418609619141
262, -6.983962535858154, 3.1633780002593994, -4.481418609619141
263, -6.983962535858154, 3.1633780002593994, -4.481418609619141
264, -6.983962535858154, 3.1633780002593994, -4.481418609619141
265, -6.983962535858154, 3.1633780002593994, -4.481418609619141
266, -6.983962535858154, 3.1633780002593994, -4.481418609619141
267, -6.983962535858154, 3.1633780002593994, -4.481418609619141
268, -6.983962535858154, 3.1633780002593994, -4.481418609619141
269, -6.983962535858154, 3.1633780002593994, -4.481418609619141
270, -6.983962535858154, 3.1633780002593994, -4.481418609619141
271, -6.983962535858154, 3.1633780002593994, -4.481418609619141
272, -6.983962535858154, 3.1633780002593994, -4.481418609619141
273, -6.983962535858154, 3.1633780002593994, -4.481418609619141
274, -6.983962535858154, 3.1633780002593994, -4.481418609619141
275, -6.983962535858154, 3.1633780002593994, -4.481418609619141
276, -6.983962535858154, 3.1633780002593994, -4.481418609619141
277, -6.983962535858154, 3.1633780002593994, -4.481418609619141
278, -6.983962535858154, 3.1633780002593994, -4.481418609619141
279, -6.983962535858154, 3.1633780002593994, -4.481418609619141
280, -6.842290878295898, 3.1633780002593994, -4.275434970855713
281, -6.700619220733643, 3.1633780002593994, -4.069451332092285
282, -6.700619220733643, 3.1633780002593994, -4.069451332092285
283, -6.700619220733643, 3.1633780002593994, -4.069451332092285
284, -6.700619220733643, 3.1633780002593994, -4.069451332092285
285, -6.700619220733643, 3.1633780002593994, -4.069451332092285
286, -6.558947563171387, 3.1633780002593994, -3.8634679317474365
287, -6.558947563171387, 3.1633780002593994, -3.8634679317474365
288, -6.3332648277282715, 3.1633780002593994, -3.7559168338775635
289, -6.3332648277282715, 3.1633780002593994, -3.7559168338775635
290, -6.191593170166016, 3.1633780002593994, -3.549933433532715
291, -6.04992151260376, 3.1633780002593994, -3.343950033187866
292, -6.04992151260376, 3.1633780002593994, -3.343950033187866
293, -6.04992151260376, 3.1633780002593994, -3.343950033187866
294, -6.04992151260376, 3.1633780002593994, -3.343950033187866
295, -6.04992151260376, 3.1633780002593994, -3.343950033187866
296, -6.04992151260376, 3.1633780002593994, -3.343950033187866
297, -6.275604248046875, 3.1633780002593994, -3.4515011310577393
298, -6.275604248046875, 3.1633780002593994, -3.4515011310577393
299, -6.417275905609131, 3.1633780002593994, -3.657484531402588
300, -6.558947563171387, 3.1633780002593994, -3.8634679317474365
301, -6.700619220733643, 3.1633780002593994, -4.069451332092285
302, -6.700619220733643, 3.1633780002593994, -4.069451332092285
303, -6.700619220733643, 3.1633780002593994, -4.069451332092285
304, -6.700619220733643, 3.1633780002593994, -4.069451332092285
305, -6.700619220733643, 3.1633780002593994, -4.069451332092285
306, -6.700619220733643, 3.1633780002593994, -4.069451332092285
307, -6.700619220733643, 3.1633780002593994, -4.069451332092285
308, -6.558947563171387, 3.1633780002593994, -3.8634676933288574
309, -6.558947563171387, 3.1633780002593994, -3.8634676933288574
310, -6.3332648277282715, 3.1633780002593994, -3.7559165954589844
311, -6.3332648277282715, 3.1633780002593994, -3.7559165954589844
312, -6.191593170166016, 3.1633780002593994, -3.5499329566955566
313, -6.04992151260376, 3.1633780002593994, -3.343949317932129
314, -6.04992151260376, 3.1633780002593994, -3.343949317932129
315, -6.030221939086914, 3.1633780002593994, -3.0947265625
316, -6.030221939086914, 3.1633780002593994, -3.0947265625
317, -5.888550281524658, 3.1633780002593994, -2.8887431621551514
318, -5.746878623962402, 3.1633780002593994, -2.6827597618103027
319, -5.6052069664001465, 3.1633780002593994, -2.476776361465454
320, -5.6052069664001465, 3.1633780002593994, -2.476776361465454
321, -5.6052069664001465, 3.1633780002593994, -2.476776361465454
322, -5.6052069664001465, 3.1633780002593994, -2.476776361465454
323, -5.6052069664001465, 3.1633780002593994, -2.476776361465454
324, -5.6052069664001465, 3.1633780002593994, -2.476776361465454
325, -5.6052069664001465, 3.1633780002593994, -2.476776361465454
326, -5.746878623962402, 3.1633780002593994, -2.6827597618103027
327, -5.888550281524658, 3.1633780002593994, -2.8887431621551514
328, -6.030221939086914, 3.1633780002593994, -3.0947265625
329, -6.097001552581787, 3.1633780002593994, -3.1918206214904785
330, -6.097001552581787, 3.1633780002593994, -3.1918206214904785
331, -6.097001552581787, 3.1633780002593994, -3.1918206214904785
332, -6.097001552581787, 3.1633780002593994, -3.1918206214904785
333, -5.989450454711914, 3.1633780002593994, -3.4175033569335938
334, -5.989450454711914, 3.1633780002593994, -3.4175033569335938
335, -6.00915002822876, 3.1633780002593994, -3.6667261123657227
336, -6.00915002822876, 3.1633780002593994, -3.6667261123657227
337, -6.150821685791016, 3.1633780002593994, -3.8727095127105713
338, -6.2924933433532715, 3.1633780002593994, -4.07869291305542
339, -6.2924933433532715, 3.1633780002593994, -4.07869291305542
340, -6.518176078796387, 3.1633780002593994, -4.186244010925293
341, -6.743858814239502, 3.1633780002593994, -4.293795108795166
342, -6.743858814239502, 3.1633780002593994, -4.293795108795166
343, -6.743858814239502, 3.1633780002593994, -4.293795108795166
344, -6.743858814239502, 3.1633780002593994, -4.293795108795166
345, -6.743858814239502, 3.1633780002593994, -4.293795108795166
346, -6.743858814239502, 3.1633780002593994, -4.293795108795166
347, -6.636307716369629, 3.1633780002593994, -4.519477844238281
348, -6.636307716369629, 3.1633780002593994, -4.519477844238281
349, -6.636307716369629, 3.1633780002593994, -4.519477844238281
350, -6.636307716369629, 3.1633780002593994, -4.519477844238281
351, -6.636307716369629, 3.1633780002593994, -4.519477844238281
352, -6.636307716369629, 3.1633780002593994, -4.519477844238281
353, -6.636307716369629, 3.1633780002593994, -4.519477844238281
354, -6.636307716369629, 3.1633780002593994, -4.519477844238281
355, -6.636307716369629, 3.1633780002593994, -4.519477844238281
356, -6.636307716369629, 3.1633780002593994, -4.519477844238281
357, -6.636307716369629, 3.1633780002593994, -4.519477844238281
358, -6.636307716369629, 3.1633780002593994, -4.519477844238281
359, -6.636307716369629, 3.1633780002593994, -4.519477844238281
360, -6.636307716369629, 3.1633780002593994, -4.519477844238281
361, -6.636307716369629, 3.1633780002593994, -4.519477844238281
362, -6.636307716369629, 3.1633780002593994, -4.519477844238281
363, -6.636307716369629, 3.1633780002593994, -4.519477844238281
364, -6.636307716369629, 3.1633780002593994, -4.519477844238281
365, -6.636307716369629, 3.1633780002593994, -4.519477844238281
366, -6.636307716369629, 3.1633780002593994, -4.519477844238281
367, -6.636307716369629, 3.1633780002593994, -4.519477844238281
368, -6.636307716369629, 3.1633780002593994, -4.519477844238281
369, -6.636307716369629, 3.1633780002593994, -4.519477844238281
370, -6.636307716369629, 3.1633780002593994, -4.519477844238281
371, -6.616608142852783, 3.1633780002593994, -4.270255088806152
372, -6.5969085693359375, 3.1633780002593994, -4.021032333374023
373, -6.5969085693359375, 3.1633780002593994, -4.021032333374023
374, -6.455236911773682, 3.1633780002593994, -3.8150486946105957
375, -6.313565254211426, 3.1633780002593994, -3.609065055847168
376, -6.17189359664917, 3.1633780002593994, -3.4030814170837402
377, -6.030221939086914, 3.1633780002593994, -3.1970977783203125
378, -6.030221939086914, 3.1633780002593994, -3.1970977783203125
379, -6.010522365570068, 3.1633780002593994, -2.9478750228881836
380, -6.010522365570068, 3.1633780002593994, -2.9478750228881836
381, -5.8688507080078125, 3.1633780002593994, -2.741891622543335
382, -5.727179050445557, 3.1633780002593994, -2.5359082221984863
383, -5.727179050445557, 3.1633780002593994, -2.5359082221984863
384, -5.501496315002441, 3.1633780002593994, -2.4283571243286133
385, -5.501496315002441, 3.1633780002593994, -2.4283571243286133
386, -5.501496315002441, 3.1633780002593994, -2.4283571243286133
387, -5.501496315002441, 3.1633780002593994, -2.4283571243286133
388, -5.501496315002441, 3.1633780002593994, -2.4283571243286133
389, -5.501496315002441, 3.1633780002593994, -2.4283571243286133
390, -5.501496315002441, 3.1633780002593994, -2.4283571243286133
391, -5.501496315002441, 3.1633780002593994, -2.4283571243286133
392, -5.501496315002441, 3.1633780002593994, -2.4283571243286133
393, -5.727179050445557, 3.1633780002593994, -2.5359082221984863
394, -5.727179050445557, 3.1633780002593994, -2.5359082221984863
395, -5.8688507080078125, 3.1633780002593994, -2.741891622543335
396, -6.010522365570068, 3.1633780002593994, -2.9478750228881836
397, -6.010522365570068, 3.1633780002593994, -2.9478750228881836
398, -6.030221939086914, 3.1633780002593994, -3.1970977783203125
399, -6.030221939086914, 3.1633780002593994, -3.1970977783203125
400, -6.17189359664917, 3.1633780002593994, -3.403081178665161
401, -6.313565254211426, 3.1633780002593994, -3.6090645790100098
402, -6.455236911773682, 3.1633780002593994, -3.8150479793548584
403, -6.5969085693359375, 3.1633780002593994, -4.021031379699707
404, -6.5969085693359375, 3.1633780002593994, -4.021031379699707
405, -6.822591304779053, 3.1633780002593994, -4.12858247756958
406, -7.048274040222168, 3.163670539855957, -4.236133575439453
407, -7.048274040222168, 3.163670539855957, -4.236133575439453
408, -7.297496795654297, 3.1857118606567383, -4.216434001922607
409, -7.297496795654297, 3.1857118606567383, -4.216434001922607
410, -7.297496795654297, 3.1857118606567383, -4.216434001922607
411, -7.297496795654297, 3.1857118606567383, -4.216434001922607
412, -7.297496795654297, 3.1857118606567383, -4.216434001922607
413, -7.297496795654297, 3.1857118606567383, -4.216434001922607
414, -7.297496795654297, 3.1857118606567383, -4.216434001922607
415, -7.297496795654297, 3.1857118606567383, -4.216434001922607
416, -7.297496795654297, 3.1857118606567383, -4.216434001922607
417, -7.297496795654297, 3.1857118606567383, -4.216434001922607
418, -7.297496795654297, 3.1857118606567383, -4.216434001922607
419, -7.297496795654297, 3.1857118606567383, -4.216434001922607
420, -7.297496795654297, 3.1857118606567383, -4.216434001922607
421, -7.297496795654297, 3.1857118606567383, -4.216434001922607
422, -7.297496795654297, 3.1857118606567383, -4.216434001922607
423, -7.297496795654297, 3.1857118606567383, -4.216434001922607
424, -7.297496795654297, 3.1857118606567383, -4.216434001922607
425, -7.297496795654297, 3.1857118606567383, -4.216434001922607
426, -7.297496795654297, 3.1857118606567383, -4.216434001922607
427, -7.297496795654297, 3.1857118606567383, -4.216434001922607
428, -7.297496795654297, 3.1857118606567383, -4.216434001922607
429, -7.297496795654297, 3.1857118606567383, -4.216434001922607
430, -7.297496795654297, 3.1857118606567383, -4.216434001922607
431, -7.048274040222168, 3.163670539855957, -4.236133575439453
432, -6.799051284790039, 3.1633780002593994, -4.255833148956299
433, -6.799051284790039, 3.1633780002593994, -4.255833148956299
434, -6.573368549346924, 3.1633780002593994, -4.148282051086426
435, -6.573368549346924, 3.1633780002593994, -4.148282051086426
436, -6.573368549346924, 3.1633780002593994, -4.148282051086426
437, -6.573368549346924, 3.1633780002593994, -4.148282051086426
438, -6.573368549346924, 3.1633780002593994, -4.148282051086426
439, -6.573368549346924, 3.1633780002593994, -4.148282051086426
440, -6.573368549346924, 3.1633780002593994, -4.148282051086426
441, -6.573368549346924, 3.1633780002593994, -4.148282051086426
442, -6.573368549346924, 3.1633780002593994, -4.148282051086426
443, -6.573368549346924, 3.1633780002593994, -4.148282051086426
444, -6.573368549346924, 3.1633780002593994, -4.148282051086426
445, -6.573368549346924, 3.1633780002593994, -4.148282051086426
446, -6.573368549346924, 3.1633780002593994, -4.148282051086426
447, -6.573368549346924, 3.1633780002593994, -4.148282051086426
448, -6.573368549346924, 3.1633780002593994, -4.148282051086426
449, -6.553668975830078, 3.1633780002593994, -3.899059295654297
450, -6.553668975830078, 3.1633780002593994, -3.899059295654297
451, -6.411997318267822, 3.1633780002593994, -3.6930758953094482
452, -6.270325660705566, 3.1633780002593994, -3.4870924949645996
453, -6.1286540031433105, 3.1633780002593994, -3.281109094619751
454, -5.986982345581055, 3.1633780002593994, -3.0751256942749023
455, -5.845310688018799, 3.1633780002593994, -2.8691422939300537
456, -5.703639030456543, 3.1633780002593994, -2.663158893585205
457, -5.703639030456543, 3.1633780002593994, -2.663158893585205
458, -5.703639030456543, 3.1633780002593994, -2.663158893585205
459, -5.703639030456543, 3.1633780002593994, -2.663158893585205
460, -5.703639030456543, 3.1633780002593994, -2.663158893585205
461, -5.703639030456543, 3.1633780002593994, -2.663158893585205
462, -5.703639030456543, 3.1633780002593994, -2.663158893585205
463, -5.845310688018799, 3.1633780002593994, -2.8691422939300537
464, -5.986982345581055, 3.1633780002593994, -3.0751256942749023
465, -6.1286540031433105, 3.1633780002593994, -3.281109094619751
466, -6.270325660705566, 3.1633780002593994, -3.4870924949645996
467, -6.411997318267822, 3.1633780002593994, -3.6930758953094482
468, -6.553668975830078, 3.1633780002593994, -3.899059295654297
469, -6.695340633392334, 3.1633780002593994, -4.105042934417725
470, -6.695340633392334, 3.1633780002593994, -4.105042934417725
471, -6.921023368835449, 3.1633780002593994, -4.212594032287598
472, -6.921023368835449, 3.1633780002593994, -4.212594032287598
473, -7.028240203857422, 3.1633780002593994, -4.2041192054748535
474, -7.028240203857422, 3.1633780002593994, -4.2041192054748535
475, -7.028240203857422, 3.1633780002593994, -4.2041192054748535
476, -7.028240203857422, 3.1633780002593994, -4.2041192054748535
477, -7.028240203857422, 3.1633780002593994, -4.2041192054748535
478, -7.169911861419678, 3.1916332244873047, -4.410102844238281
479, -7.169911861419678, 3.1916332244873047, -4.410102844238281
480, -7.169911861419678, 3.1916332244873047, -4.410102844238281
481, -7.419134616851807, 3.2478902339935303, -4.3904032707214355
482, -7.6683573722839355, 3.255445957183838, -4.37070369720459
483, -7.6683573722839355, 3.255445957183838, -4.37070369720459
484, -7.894040107727051, 3.2797255516052246, -4.478254795074463
485, -8.119723320007324, 3.1646602153778076, -4.585805892944336
486, -8.119723320007324, 3.1646602153778076, -4.585805892944336
487, -8.119723320007324, 3.1646602153778076, -4.585805892944336
488, -8.119723320007324, 3.1646602153778076, -4.585805892944336
489, -8.119723320007324, 3.1646602153778076, -4.585805892944336
490, -8.119723320007324, 3.1646602153778076, -4.585805892944336
491, -8.119723320007324, 3.1646602153778076, -4.585805892944336
492, -8.119723320007324, 3.1646602153778076, -4.585805892944336
493, -8.119723320007324, 3.1646602153778076, -4.585805892944336
494, -8.119723320007324, 3.1646602153778076, -4.585805892944336
495, -8.119723320007324, 3.1646602153778076, -4.585805892944336
496, -8.119723320007324, 3.1646602153778076, -4.585805892944336
497, -8.119723320007324, 3.1646602153778076, -4.585805892944336
498, -7.894040584564209, 3.2797255516052246, -4.478254795074463
499, -7.894040584564209, 3.2797255516052246, -4.478254795074463
