1, -2.711941957473755, -0.005079984664916992, -8.142325401306152
2, -2.711941957473755, -0.005079984664916992, -8.142325401306152
3, -2.711941957473755, -0.005079984664916992, -8.142325401306152
4, -2.711941957473755, -0.005079984664916992, -8.142325401306152
5, -2.711941957473755, -0.005079984664916992, -8.142325401306152
6, -2.711941957473755, -0.005079984664916992, -8.142325401306152
7, -2.711941957473755, -0.005079984664916992, -8.142325401306152
8, -2.711941957473755, -0.005079984664916992, -8.142325401306152
9, -2.711941957473755, -0.005079984664916992, -8.142325401306152
10, -2.711941957473755, -0.005079984664916992, -8.142325401306152
11, -2.711941957473755, -0.005079984664916992, -8.142325401306152
12, -2.711941957473755, -0.005079984664916992, -8.142325401306152
13, -2.711941957473755, -0.005079984664916992, -8.142325401306152
14, -2.711941957473755, -0.005079984664916992, -8.142325401306152
15, -2.711941957473755, -0.005079984664916992, -8.142325401306152
16, -2.626262664794922, -0.005079984664916992, -7.907465934753418
17, -2.626262664794922, -0.005079984664916992, -7.907465934753418
18, -2.4346323013305664, -0.005079984664916992, -7.74691104888916
19, -2.243001937866211, -0.005079984664916992, -7.586356163024902
20, -2.0513715744018555, -0.005079984664916992, -7.4258012771606445
21, -1.8597412109375, -0.005079984664916992, -7.265246391296387
22, -1.6681108474731445, -0.005079984664916992, -7.104691505432129
23, -1.476480484008789, -0.005079984664916992, -6.944136619567871
24, -1.476480484008789, -0.005079984664916992, -6.944136619567871
25, -1.3908010721206665, -0.005079984664916992, -6.709277153015137
26, -1.3908010721206665, -0.005079984664916992, -6.709277153015137
27, -1.4340304136276245, -0.005079984664916992, -6.463043212890625
28, -1.4340304136276245, -0.005079984664916992, -6.463043212890625
29, -1.4340304136276245, -0.005079984664916992, -6.463043212890625
30, -1.4340304136276245, -0.005079984664916992, -6.463043212890625
31, -1.348351001739502, -0.005079984664916992, -6.228183746337891
32, -1.348351001739502, -0.005079984664916992, -6.228183746337891
33, -1.1567206382751465, -0.005079984664916992, -6.067628860473633
34, -0.965090274810791, -0.005079984664916992, -5.907073974609375
35, -0.965090274810791, -0.005079984664916992, -5.907073974609375
36, -0.718856155872345, -0.005079984664916992, -5.863844871520996
37, -0.718856155872345, -0.005079984664916992, -5.863844871520996
38, -0.4839964807033539, -0.005079984664916992, -5.949524402618408
39, -0.2491368055343628, -0.005079984664916992, -6.03520393371582
40, -0.014277130365371704, -0.005079984664916992, -6.120883464813232
41, 0.22058254480361938, -0.005079984664916992, -6.2065629959106445
42, 0.22058254480361938, -0.005079984664916992, -6.2065629959106445
43, 0.38113725185394287, -0.005079984664916992, -6.398193359375
44, 0.5416919589042664, -0.005079984664916992, -6.5898237228393555
45, 0.7022466659545898, -0.005079984664916992, -6.781454086303711
46, 0.7022466659545898, -0.005079984664916992, -6.781454086303711
47, 0.9371063113212585, -0.005079984664916992, -6.867133617401123
48, 1.1719659566879272, -0.005079984664916992, -6.952813148498535
49, 1.1719659566879272, -0.005079984664916992, -6.952813148498535
50, 1.4182000160217285, -0.005079984664916992, -6.909584045410156
51, 1.4182000160217285, -0.005079984664916992, -6.909584045410156
52, 1.6530596017837524, -0.005079984664916992, -6.995263576507568
53, 1.6530596017837524, -0.005079984664916992, -6.995263576507568
54, 1.6530596017837524, -0.005079984664916992, -6.995263576507568
55, 1.6530596017837524, -0.005079984664916992, -6.995263576507568
56, 1.6530596017837524, -0.005079984664916992, -6.995263576507568
57, 1.6530596017837524, -0.005079984664916992, -6.995263576507568
58, 1.6530596017837524, -0.005079984664916992, -6.995263576507568
59, 1.6530596017837524, -0.005079984664916992, -6.995263576507568
60, 1.6530596017837524, -0.005079984664916992, -6.995263576507568
61, 1.6530596017837524, -0.005079984664916992, -6.995263576507568
62, 1.4726659059524536, -0.005079984664916992, -7.026933670043945
63, 1.4726659059524536, -0.005079984664916992, -7.026933670043945
64, 1.4726659059524536, -0.005079984664916992, -7.026933670043945
65, 1.4726659059524536, -0.005079984664916992, -7.026933670043945
66, 1.314240574836731, -0.005079984664916992, -6.8378448486328125
67, 1.314240574836731, -0.005079984664916992, -6.8378448486328125
68, 1.314240574836731, -0.005079984664916992, -6.8378448486328125
69, 1.0680065155029297, -0.005079984664916992, -6.881073951721191
70, 0.8217723965644836, -0.005079984664916992, -6.92430305480957
71, 0.8217723965644836, -0.005079984664916992, -6.92430305480957
72, 0.5869127511978149, -0.005079984664916992, -6.838623523712158
73, 0.5869127511978149, -0.005079984664916992, -6.838623523712158
74, 0.42635804414749146, -0.005079984664916992, -6.646993160247803
75, 0.42635804414749146, -0.005079984664916992, -6.646993160247803
76, 0.3831287622451782, -0.005079984664916992, -6.400759220123291
77, 0.339899480342865, -0.005079984664916992, -6.154525279998779
78, 0.29667019844055176, -0.005079984664916992, -5.908291339874268
79, 0.2534409165382385, -0.005079984664916992, -5.662057399749756
80, 0.2534409165382385, -0.005079984664916992, -5.662057399749756
81, 0.3391203284263611, -0.005079984664916992, -5.4271979331970215
82, 0.42479974031448364, -0.005079984664916992, -5.192338466644287
83, 0.5104791522026062, 0.03139316290616989, -4.957479000091553
84, 0.5104791522026062, 0.03139316290616989, -4.957479000091553
85, 0.5104791522026062, 0.03139316290616989, -4.957479000091553
86, 0.5961585640907288, 0.13301174342632294, -4.722619533538818
87, 0.6818379759788513, 0.19491982460021973, -4.487760066986084
88, 0.7675173878669739, 0.19491982460021973, -4.25290060043335
89, 0.8531967997550964, 0.19491982460021973, -4.018041133880615
90, 0.8531967997550964, 0.19491982460021973, -4.018041133880615
91, 0.8099675178527832, 0.19491982460021973, -3.7718069553375244
92, 0.76673823595047, 0.19491982460021973, -3.5255727767944336
93, 0.76673823595047, 0.19491982460021973, -3.5255727767944336
94, 0.6061835289001465, 0.19491982460021973, -3.333942413330078
95, 0.445628821849823, 0.19491982460021973, -3.1423120498657227
96, 0.2850741147994995, 0.19491982460021973, -2.950681686401367
97, 0.12451940774917603, 0.19491982460021973, -2.7590513229370117
98, -0.03603529930114746, 0.19491982460021973, -2.5674209594726562
99, -0.19659000635147095, 0.19491982460021973, -2.375790596008301
100, -0.35714471340179443, 0.19491982460021973, -2.1841602325439453
101, -0.5176994204521179, 0.19491982460021973, -1.9925298690795898
102, -0.6782541275024414, 0.19491982460021973, -1.8008995056152344
103, -0.6782541275024414, 0.19491982460021973, -1.8008995056152344
104, -0.7048481106758118, 0.19491982460021973, -1.649420142173767
105, -0.7048481106758118, 0.19491982460021973, -1.649420142173767
106, -0.7048481106758118, 0.19491982460021973, -1.649420142173767
107, -0.7048481106758118, 0.19491982460021973, -1.649420142173767
108, -0.7048481106758118, 0.19491982460021973, -1.649420142173767
109, -0.9397077560424805, 0.19491982460021973, -1.5637407302856445
110, -0.9397077560424805, 0.19491982460021973, -1.5637407302856445
111, -0.9397077560424805, 0.19491982460021973, -1.5637407302856445
112, -0.9397077560424805, 0.19491982460021973, -1.5637407302856445
113, -0.9397077560424805, 0.19491982460021973, -1.5637407302856445
114, -0.9397077560424805, 0.19491982460021973, -1.5637407302856445
115, -0.9397077560424805, 0.19491982460021973, -1.5637407302856445
116, -0.9397077560424805, 0.19491982460021973, -1.5637407302856445
117, -0.779153048992157, 0.19491982460021973, -1.75537109375
118, -0.6185983419418335, 0.19491982460021973, -1.9470014572143555
119, -0.45804363489151, 0.19491982460021973, -2.138631820678711
120, -0.2974889278411865, 0.19491982460021973, -2.3302621841430664
121, -0.13693422079086304, 0.19491982460021973, -2.521892547607422
122, 0.02362048625946045, 0.19491982460021973, -2.7135229110717773
123, 0.18417519330978394, 0.19491982460021973, -2.905153274536133
124, 0.3447299003601074, 0.19491982460021973, -3.0967836380004883
125, 0.3447299003601074, 0.19491982460021973, -3.0967836380004883
126, 0.38795918226242065, 0.19491982460021973, -3.343017816543579
127, 0.4311884641647339, 0.19491982460021973, -3.58925199508667
128, 0.4744177460670471, 0.19491982460021973, -3.8354861736297607
129, 0.5176470279693604, 0.19491982460021973, -4.081720352172852
130, 0.5608763098716736, 0.19491982460021973, -4.327954292297363
131, 0.6041055917739868, 0.1904025375843048, -4.574188232421875
132, 0.6041055917739868, 0.1904025375843048, -4.574188232421875
133, 0.5184261798858643, 0.10504882782697678, -4.809047698974609
134, 0.4327467679977417, -0.005079984664916992, -5.043907165527344
135, 0.34706735610961914, -0.005079984664916992, -5.278766632080078
136, 0.2613879442214966, -0.005079984664916992, -5.5136260986328125
137, 0.17570854723453522, -0.005079984664916992, -5.748485565185547
138, 0.09002915024757385, -0.005079984664916992, -5.983345031738281
139, 0.004349753260612488, -0.005079984664916992, -6.218204498291016
140, -0.08132964372634888, -0.005079984664916992, -6.45306396484375
141, -0.16700904071331024, -0.005079984664916992, -6.687923431396484
142, -0.16700904071331024, -0.005079984664916992, -6.687923431396484
143, -0.35863935947418213, -0.005079984664916992, -6.848478317260742
144, -0.5502697229385376, -0.005079984664916992, -7.009033203125
145, -0.5502697229385376, -0.005079984664916992, -7.009033203125
146, -0.6359491348266602, -0.005079984664916992, -7.243892669677734
147, -0.7216285467147827, -0.005079984664916992, -7.478752136230469
148, -0.8073079586029053, -0.005079984664916992, -7.713611602783203
149, -0.8929873704910278, -0.005079984664916992, -7.9484710693359375
150, -0.9786667823791504, -0.005079984664916992, -8.183330535888672
151, -1.064346194267273, -0.005079984664916992, -8.418190002441406
152, -1.064346194267273, -0.005079984664916992, -8.418190002441406
153, -1.021116852760315, -0.005079984664916992, -8.664423942565918
154, -0.9778875708580017, -0.005079984664916992, -8.91065788269043
155, -0.9346582889556885, -0.005079984664916992, -9.156891822814941
156, -0.8914290070533752, -0.005079984664916992, -9.403125762939453
157, -0.848199725151062, -0.005079984664916992, -9.649359703063965
158, -0.8049704432487488, -0.005079984664916992, -9.895593643188477
159, -0.8049704432487488, -0.005079984664916992, -9.895593643188477
160, -0.6444157361984253, -0.005079984664916992, -10.087224006652832
161, -0.6444157361984253, -0.005079984664916992, -10.087224006652832
162, -0.6444157361984253, -0.005079984664916992, -10.087224006652832
163, -0.4838610291481018, -0.005079984664916992, -10.278854370117188
164, -0.4838610291481018, -0.005079984664916992, -10.278854370117188
165, -0.2490013837814331, -0.005079984664916992, -10.364533424377441
166, -0.014141738414764404, -0.005079984664916992, -10.450212478637695
167, 0.2207179069519043, 0.004370289854705334, -10.53589153289795
168, 0.2207179069519043, 0.004370289854705334, -10.53589153289795
169, 0.2207179069519043, 0.004370289854705334, -10.53589153289795
170, 0.2207179069519043, 0.004370289854705334, -10.53589153289795
171, 0.46695202589035034, 0.1259084790945053, -10.49266242980957
172, 0.7131861448287964, 0.19491982460021973, -10.449433326721191
173, 0.9594202637672424, 0.19491982460021973, -10.406204223632812
174, 0.9594202637672424, 0.19491982460021973, -10.406204223632812
175, 1.1510505676269531, 0.19491982460021973, -10.245649337768555
176, 1.3426809310913086, 0.19491982460021973, -10.085094451904297
177, 1.3426809310913086, 0.19491982460021973, -10.085094451904297
178, 1.4283603429794312, 0.19491982460021973, -9.850234985351562
179, 1.5140397548675537, 0.18812400102615356, -9.615375518798828
180, 1.5997191667556763, 0.16823336482048035, -9.380516052246094
181, 1.6853985786437988, 0.14834271371364594, -9.14565658569336
182, 1.7710779905319214, 0.12845207750797272, -8.910797119140625
183, 1.856757402420044, 0.17780394852161407, -8.67593765258789
184, 1.856757402420044, 0.17780394852161407, -8.67593765258789
185, 1.8135281801223755, 0.16068357229232788, -8.429703712463379
186, 1.770298957824707, 0.13488401472568512, -8.183469772338867
187, 1.7270697355270386, 0.08191846311092377, -7.9372358322143555
188, 1.6838405132293701, -0.005079984664916992, -7.691001892089844
189, 1.6406112909317017, -0.005079984664916992, -7.444767951965332
190, 1.5973820686340332, -0.005079984664916992, -7.19853401184082
191, 1.5880579948425293, -0.005079984664916992, -7.145423889160156
192, 1.5880579948425293, -0.005079984664916992, -7.145423889160156
193, 1.6737374067306519, -0.005079984664916992, -6.910564422607422
194, 1.6737374067306519, -0.005079984664916992, -6.910564422607422
195, 1.6737374067306519, -0.005079984664916992, -6.910564422607422
196, 1.6737374067306519, -0.005079984664916992, -6.910564422607422
197, 1.6737374067306519, -0.005079984664916992, -6.910564422607422
198, 1.4275033473968506, -0.005079984664916992, -6.953793525695801
199, 1.1812692880630493, -0.005079984664916992, -6.99702262878418
200, 1.1812692880630493, -0.005079984664916992, -6.99702262878418
201, 0.9464096426963806, -0.005079984664916992, -6.911343097686768
202, 0.7115499973297119, -0.005079984664916992, -6.8256635665893555
203, 0.7115499973297119, -0.005079984664916992, -6.8256635665893555
204, 0.5509952902793884, -0.005079984664916992, -6.634033203125
205, 0.39044058322906494, -0.005079984664916992, -6.4424028396606445
206, 0.39044058322906494, -0.005079984664916992, -6.4424028396606445
207, 0.3472113013267517, -0.005079984664916992, -6.196168899536133
208, 0.3039820194244385, -0.005079984664916992, -5.949934959411621
209, 0.26075273752212524, -0.005079984664916992, -5.703701019287109
210, 0.26075273752212524, -0.005079984664916992, -5.703701019287109
211, 0.3464321494102478, -0.005079984664916992, -5.468841552734375
212, 0.43211156129837036, -0.005079984664916992, -5.233982086181641
213, 0.5177909731864929, 0.014745904132723808, -4.999122619628906
214, 0.6034703850746155, 0.12100749462842941, -4.764263153076172
215, 0.6034703850746155, 0.12100749462842941, -4.764263153076172
216, 0.5602411031723022, 0.19491982460021973, -4.51802921295166
217, 0.517011821269989, 0.19491982460021973, -4.271795272827148
218, 0.517011821269989, 0.19491982460021973, -4.271795272827148
219, 0.3564571142196655, 0.19491982460021973, -4.080164909362793
220, 0.19590240716934204, 0.19491982460021973, -3.8885345458984375
221, 0.035347700119018555, 0.19491982460021973, -3.696904182434082
222, 0.035347700119018555, 0.19491982460021973, -3.696904182434082
223, 0.035347700119018555, 0.19491982460021973, -3.696904182434082
224, -0.12520700693130493, 0.19491982460021973, -3.5052738189697266
225, -0.2857617139816284, 0.19491982460021973, -3.313643455505371
226, -0.4463164210319519, 0.19491982460021973, -3.1220130920410156
227, -0.6068711280822754, 0.19491982460021973, -2.93038272857666
228, -0.6068711280822754, 0.19491982460021973, -2.93038272857666
229, -0.6501004099845886, 0.19491982460021973, -2.6841485500335693
230, -0.6933296918869019, 0.19491982460021973, -2.4379143714904785
231, -0.7365589737892151, 0.19491982460021973, -2.1916801929473877
232, -0.7797882556915283, 0.19491982460021973, -1.9454460144042969
233, -0.8230175375938416, 0.19491982460021973, -1.699211835861206
234, -0.8662468194961548, 0.19491982460021973, -1.4529776573181152
235, -0.8662468194961548, 0.19491982460021973, -1.4529776573181152
236, -0.7805674076080322, 0.19491982460021973, -1.2181180715560913
237, -0.6948879957199097, 0.19491982460021973, -0.9832584857940674
238, -0.6092085838317871, 0.19491982460021973, -0.7483989000320435
239, -0.5235291719436646, 0.19491982460021973, -0.5135393142700195
240, -0.437849760055542, 0.19491982460021973, -0.2786796987056732
241, -0.437849760055542, 0.19491982460021973, -0.2786796987056732
242, -0.24621939659118652, 0.19491982460021973, -0.11812499165534973
243, -0.054589033126831055, 0.19491982460021973, 0.042429715394973755
244, 0.13704133033752441, 0.19491982460021973, 0.20298442244529724
245, 0.13704133033752441, 0.19491982460021973, 0.20298442244529724
246, 0.38327544927597046, 0.19491982460021973, 0.24621370434761047
247, 0.6295095682144165, 0.19491982460021973, 0.2894429862499237
248, 0.6295095682144165, 0.19491982460021973, 0.2894429862499237
249, 0.821139931678772, 0.19491982460021973, 0.4499976933002472
250, 1.0127702951431274, 0.19491982460021973, 0.6105524301528931
251, 1.204400658607483, 0.19491982460021973, 0.7711071372032166
252, 1.204400658607483, 0.19491982460021973, 0.7711071372032166
253, 1.204400658607483, 0.19491982460021973, 0.7711071372032166
254, 1.204400658607483, 0.19491982460021973, 0.7711071372032166
255, 1.204400658607483, 0.19491982460021973, 0.7711071372032166
256, 1.204400658607483, 0.19491982460021973, 0.7711071372032166
257, 1.204400658607483, 0.19491982460021973, 0.7711071372032166
258, 1.0127702951431274, 0.19491982460021973, 0.6105524301528931
259, 0.821139931678772, 0.19491982460021973, 0.4499977231025696
260, 0.821139931678772, 0.19491982460021973, 0.4499977231025696
261, 0.5749058127403259, 0.19491982460021973, 0.40676844120025635
262, 0.3286716938018799, 0.19491982460021973, 0.3635391592979431
263, 0.08243758976459503, 0.19491982460021973, 0.3203098773956299
264, -0.16379651427268982, 0.19491982460021973, 0.27708059549331665
265, -0.4100306034088135, 0.19491982460021973, 0.2338513284921646
266, -0.4100306034088135, 0.19491982460021973, 0.2338513284921646
267, -0.6448902487754822, 0.19491982460021973, 0.319530725479126
268, -0.8797498941421509, 0.19491982460021973, 0.40521010756492615
269, -1.1146094799041748, 0.19491982460021973, 0.4908894896507263
270, -1.3494690656661987, 0.19491982460021973, 0.5765688419342041
271, -1.3494690656661987, 0.19491982460021973, 0.5765688419342041
272, -1.510023832321167, 0.19491982460021973, 0.7681992053985596
273, -1.510023832321167, 0.19491982460021973, 0.7681992053985596
274, -1.510023832321167, 0.19491982460021973, 0.7681992053985596
275, -1.510023832321167, 0.19491982460021973, 0.7681992053985596
276, -1.510023832321167, 0.19491982460021973, 0.7681992053985596
277, -1.510023832321167, 0.19491982460021973, 0.7681992053985596
278, -1.510023832321167, 0.19491982460021973, 0.7681992053985596
279, -1.510023832321167, 0.19491982460021973, 0.7681992053985596
280, -1.4667946100234985, 0.19491982460021973, 0.5219651460647583
281, -1.4667946100234985, 0.19491982460021973, 0.5219651460647583
282, -1.3062398433685303, 0.19491982460021973, 0.3303348124027252
283, -1.1456851959228516, 0.19491982460021973, 0.13870447874069214
284, -0.9851304888725281, 0.19491982460021973, -0.05292585492134094
285, -0.9851304888725281, 0.19491982460021973, -0.05292585492134094
286, -0.9419012069702148, 0.19491982460021973, -0.2991599440574646
287, -0.8986719250679016, 0.19491982460021973, -0.5453940629959106
288, -0.8554426431655884, 0.19491982460021973, -0.7916281223297119
289, -0.8122133612632751, 0.19491982460021973, -1.0378621816635132
290, -0.7689840793609619, 0.19491982460021973, -1.2840962409973145
291, -0.7257547974586487, 0.19491982460021973, -1.5303303003311157
292, -0.7119419574737549, 0.19491982460021973, -1.6090083122253418
293, -0.7119419574737549, 0.19491982460021973, -1.6090083122253418
294, -0.7976213693618774, 0.19491982460021973, -1.8438678979873657
295, -0.7976213693618774, 0.19491982460021973, -1.8438678979873657
296, -0.7543920874595642, 0.19491982460021973, -2.090101957321167
297, -0.7543920874595642, 0.19491982460021973, -2.090101957321167
298, -0.5938373804092407, 0.19491982460021973, -2.2817323207855225
299, -0.43328267335891724, 0.19491982460021973, -2.473362684249878
300, -0.27272796630859375, 0.19491982460021973, -2.6649930477142334
301, -0.11217325925827026, 0.19491982460021973, -2.856623411178589
302, 0.04838144779205322, 0.19491982460021973, -3.0482537746429443
303, 0.2089361548423767, 0.19491982460021973, -3.2398841381073
304, 0.3694908618927002, 0.19491982460021973, -3.4315145015716553
305, 0.3694908618927002, 0.19491982460021973, -3.4315145015716553
306, 0.4127201437950134, 0.19491982460021973, -3.677748680114746
307, 0.45594942569732666, 0.19491982460021973, -3.923982858657837
308, 0.4991787075996399, 0.19491982460021973, -4.170217037200928
309, 0.5424079895019531, 0.19491982460021973, -4.4164509773254395
310, 0.5856372714042664, 0.1502879559993744, -4.662684917449951
311, 0.5856372714042664, 0.1502879559993744, -4.662684917449951
312, 0.4999578595161438, 0.05535322427749634, -4.8975443840026855
313, 0.41427844762802124, -0.005079984664916992, -5.13240385055542
314, 0.3285990357398987, -0.005079984664916992, -5.367263317108154
315, 0.24291963875293732, -0.005079984664916992, -5.602122783660889
316, 0.15724024176597595, -0.005079984664916992, -5.836982250213623
317, 0.07156084477901459, -0.005079984664916992, -6.071841716766357
318, -0.014118552207946777, -0.005079984664916992, -6.306701183319092
319, -0.09979794919490814, -0.005079984664916992, -6.541560649871826
320, -0.09979794919490814, -0.005079984664916992, -6.541560649871826
321, -0.29142826795578003, -0.005079984664916992, -6.702115535736084
322, -0.4830586016178131, -0.005079984664916992, -6.862670421600342
323, -0.4830586016178131, -0.005079984664916992, -6.862670421600342
324, -0.5687379837036133, -0.005079984664916992, -7.097529888153076
325, -0.6544173955917358, -0.005079984664916992, -7.3323893547058105
326, -0.7400968074798584, -0.005079984664916992, -7.567248821258545
327, -0.825776219367981, -0.005079984664916992, -7.802108287811279
328, -0.9114556312561035, -0.005079984664916992, -8.036968231201172
329, -0.9971350431442261, -0.005079984664916992, -8.271827697753906
330, -1.0828144550323486, -0.005079984664916992, -8.50668716430664
331, -1.0828144550323486, -0.005079984664916992, -8.50668716430664
332, -1.0395851135253906, -0.005079984664916992, -8.752921104431152
333, -0.9963558316230774, -0.005079984664916992, -8.999155044555664
334, -0.9531265497207642, -0.005079984664916992, -9.245388984680176
335, -0.9098972678184509, -0.005079984664916992, -9.491622924804688
336, -0.8666679859161377, -0.005079984664916992, -9.7378568649292
337, -0.8666679859161377, -0.005079984664916992, -9.7378568649292
338, -0.7061132788658142, -0.005079984664916992, -9.929487228393555
339, -0.5455585718154907, -0.005079984664916992, -10.12111759185791
340, -0.38500386476516724, -0.005079984664916992, -10.312747955322266
341, -0.38500386476516724, -0.005079984664916992, -10.312747955322266
342, -0.15014423429965973, -0.005079984664916992, -10.39842700958252
343, 0.08471539616584778, -0.005079984664916992, -10.484106063842773
344, 0.3195750117301941, 0.07749313116073608, -10.569785118103027
345, 0.5544346570968628, 0.19491982460021973, -10.655464172363281
346, 0.5544346570968628, 0.19491982460021973, -10.655464172363281
347, 0.7083813548088074, 0.19491982460021973, -10.839207649230957
348, 0.7083813548088074, 0.19491982460021973, -10.839207649230957
349, 0.7083813548088074, 0.19491982460021973, -10.839207649230957
350, 0.7083813548088074, 0.19491982460021973, -10.839207649230957
351, 0.7083813548088074, 0.19491982460021973, -10.839207649230957
352, 0.9432410001754761, 0.19491982460021973, -10.924886703491211
353, 0.9432410001754761, 0.19491982460021973, -10.924886703491211
354, 0.9432410001754761, 0.19491982460021973, -10.924886703491211
355, 0.9864702820777893, 0.19491982460021973, -11.171120643615723
356, 1.0296995639801025, 0.19491982460021973, -11.417354583740234
357, 1.0296995639801025, 0.19491982460021973, -11.417354583740234
358, 0.94402015209198, 0.19491982460021973, -11.652214050292969
359, 0.94402015209198, 0.19491982460021973, -11.652214050292969
360, 0.9872493743896484, 0.19491982460021973, -11.89844799041748
361, 1.030478596687317, 0.19491982460021973, -12.144681930541992
362, 1.030478596687317, 0.19491982460021973, -12.144681930541992
363, 1.030478596687317, 0.19491982460021973, -12.144681930541992
364, 1.030478596687317, 0.19491982460021973, -12.144681930541992
365, 1.1910333633422852, 0.19491982460021973, -12.336312294006348
366, 1.1910333633422852, 0.19491982460021973, -12.336312294006348
367, 1.413031816482544, 0.19491982460021973, -12.417299270629883
368, 1.413031816482544, 0.19491982460021973, -12.417299270629883
369, 1.413031816482544, 0.19491982460021973, -12.417299270629883
370, -2.7529702186584473, -0.005079984664916992, -5.902152061462402
