1, -6.189059734344482, 0.01920294761657715, 2.8175413608551025
2, -6.189059734344482, 0.01920294761657715, 2.8175413608551025
3, -6.189059734344482, 0.01920294761657715, 2.8175413608551025
4, -6.189059734344482, 0.01920294761657715, 2.8175413608551025
5, -6.189059734344482, 0.01920294761657715, 2.8175413608551025
6, -6.189059734344482, 0.01920294761657715, 2.8175413608551025
7, -6.189059734344482, 0.01920294761657715, 2.8175413608551025
8, -6.189059734344482, 0.01920294761657715, 2.8175413608551025
9, -6.189059734344482, 0.01920294761657715, 2.8175413608551025
10, -6.189059734344482, 0.01920294761657715, 2.8175413608551025
11, -6.189059734344482, 0.01920294761657715, 2.8175413608551025
12, -6.189059734344482, 0.01920294761657715, 2.8175413608551025
13, -6.189059734344482, 0.01920294761657715, 2.8175413608551025
14, -6.189059734344482, 0.01920294761657715, 2.8175413608551025
15, -6.189059734344482, 0.01920294761657715, 2.8175413608551025
16, -6.189059734344482, 0.01920294761657715, 2.8175413608551025
17, -6.079040050506592, 0.01920294761657715, 2.5930514335632324
18, -5.969020366668701, 0.01920294761657715, 2.3685615062713623
19, -5.969020366668701, 0.01920294761657715, 2.3685615062713623
20, -5.969020366668701, 0.01920294761657715, 2.3685615062713623
21, -5.8590006828308105, 0.01920294761657715, 2.144071578979492
22, -5.8590006828308105, 0.01920294761657715, 2.144071578979492
23, -5.8590006828308105, 0.01920294761657715, 2.144071578979492
24, -5.8590006828308105, 0.01920294761657715, 2.144071578979492
25, -5.65147590637207, 0.01920294761657715, 2.0046675205230713
26, -5.65147590637207, 0.01920294761657715, 2.0046675205230713
27, -5.402052402496338, 0.01920294761657715, 1.9877023696899414
28, -5.1526288986206055, 0.01920294761657715, 1.9707372188568115
29, -4.903205394744873, 0.01920294761657715, 1.9537720680236816
30, -4.903205394744873, 0.01920294761657715, 1.9537720680236816
31, -4.695680618286133, 0.01920294761657715, 1.8143678903579712
32, -4.488155841827393, 0.01920294761657715, 1.6749637126922607
33, -4.488155841827393, 0.01920294761657715, 1.6749637126922607
34, -4.488155841827393, 0.01920294761657715, 1.6749637126922607
35, -4.488155841827393, 0.01920294761657715, 1.6749637126922607
36, -4.488155841827393, 0.01920294761657715, 1.6749637126922607
37, -4.505121231079102, 0.01920294761657715, 1.4255399703979492
38, -4.5220866203308105, 0.01920294761657715, 1.1761162281036377
39, -4.5390520095825195, 0.01920294761657715, 0.926692545413971
40, -4.5560173988342285, 0.01920294761657715, 0.6772688627243042
41, -4.5729827880859375, 0.01920294761657715, 0.42784518003463745
42, -4.5729827880859375, 0.01920294761657715, 0.42784518003463745
43, -4.5729827880859375, 0.01920294761657715, 0.42784518003463745
44, -4.5729827880859375, 0.01920294761657715, 0.42784518003463745
45, -4.5729827880859375, 0.01920294761657715, 0.42784518003463745
46, -4.5729827880859375, 0.01920294761657715, 0.42784518003463745
47, -4.5729827880859375, 0.01920294761657715, 0.42784518003463745
48, -4.5729827880859375, 0.01920294761657715, 0.42784518003463745
49, -4.5729827880859375, 0.01920294761657715, 0.42784518003463745
50, -4.5729827880859375, 0.01920294761657715, 0.42784518003463745
51, -4.5729827880859375, 0.01920294761657715, 0.42784518003463745
52, -4.5729827880859375, 0.01920294761657715, 0.42784518003463745
53, -4.5729827880859375, 0.01920294761657715, 0.42784518003463745
54, -4.5729827880859375, 0.01920294761657715, 0.42784518003463745
55, -4.4335784912109375, 0.01920294761657715, 0.6353697776794434
56, -4.399781703948975, 0.01920294761657715, 0.6856814622879028
57, -4.399781703948975, 0.01920294761657715, 0.6856814622879028
58, -4.399781703948975, 0.01920294761657715, 0.6856814622879028
59, -4.399781703948975, 0.01920294761657715, 0.6856814622879028
60, -4.399781703948975, 0.01920294761657715, 0.6856814622879028
61, -4.509801387786865, 0.01920294761657715, 0.910171389579773
62, -4.509801387786865, 0.01920294761657715, 0.910171389579773
63, -4.509801387786865, 0.01920294761657715, 0.910171389579773
64, -4.370397090911865, 0.01920294761657715, 1.1176960468292236
65, -4.370397090911865, 0.01920294761657715, 1.1176960468292236
66, -4.145907402038574, 0.01920294761657715, 1.2277156114578247
67, -3.921417474746704, 0.01920294761657715, 1.3377351760864258
68, -3.921417474746704, 0.01920294761657715, 1.3377351760864258
69, -3.6719937324523926, 0.01920294761657715, 1.3207699060440063
70, -3.422569990158081, 0.01920294761657715, 1.303804636001587
71, -3.1731462478637695, 0.01920294761657715, 1.2868393659591675
72, -2.923722505569458, 0.01920294761657715, 1.269874095916748
73, -2.923722505569458, 0.01920294761657715, 1.269874095916748
74, -2.716197967529297, 0.01920294761657715, 1.1304699182510376
75, -2.5086734294891357, 0.01920294761657715, 0.9910657405853271
76, -2.3011488914489746, 0.01920294761657715, 0.8516615629196167
77, -2.3011488914489746, 0.01920294761657715, 0.8516615629196167
78, -2.3011488914489746, 0.01920294761657715, 0.8516615629196167
79, -2.3011488914489746, 0.01920294761657715, 0.8516615629196167
80, -2.3011488914489746, 0.01920294761657715, 0.8516615629196167
81, -2.3011488914489746, 0.01920294761657715, 0.8516615629196167
82, -2.3011488914489746, 0.01920294761657715, 0.8516615629196167
83, -2.5086734294891357, 0.01920294761657715, 0.9910658597946167
84, -2.716197967529297, 0.01920294761657715, 1.1304701566696167
85, -2.923722505569458, 0.01920294761657715, 1.2698744535446167
86, -2.923722505569458, 0.01920294761657715, 1.2698744535446167
87, -3.1731462478637695, 0.01920294761657715, 1.2868397235870361
88, -3.422569990158081, 0.01920294761657715, 1.3038049936294556
89, -3.422569990158081, 0.01920294761657715, 1.3038049936294556
90, -3.630094528198242, 0.01920294761657715, 1.4432092905044556
91, -3.8376190662384033, 0.01920294761657715, 1.5826135873794556
92, -4.0451436042785645, 0.01920294761657715, 1.7220178842544556
93, -4.252668380737305, 0.01920294761657715, 1.8614221811294556
94, -4.252668380737305, 0.01920294761657715, 1.8614221811294556
95, -4.502091884613037, 0.01920294761657715, 1.878387451171875
96, -4.7515153884887695, 0.01920294761657715, 1.8953527212142944
97, -5.000938892364502, 0.01920294761657715, 1.9123179912567139
98, -5.250362396240234, 0.01920294761657715, 1.9292832612991333
99, -5.499785900115967, 0.01920294761657715, 1.9462485313415527
100, -5.499785900115967, 0.01920294761657715, 1.9462485313415527
101, -5.724275588989258, 0.01920294761657715, 1.8362290859222412
102, -5.724275588989258, 0.01920294761657715, 1.8362290859222412
103, -5.863679885864258, 0.01920294761657715, 1.62870454788208
104, -5.863679885864258, 0.01920294761657715, 1.62870454788208
105, -5.880645275115967, 0.01920294761657715, 1.3792808055877686
106, -5.880645275115967, 0.01920294761657715, 1.3792808055877686
107, -5.880645275115967, 0.01920294761657715, 1.3792808055877686
108, -5.880645275115967, 0.01920294761657715, 1.3792808055877686
109, -5.880645275115967, 0.01920294761657715, 1.3792808055877686
110, -5.880645275115967, 0.01920294761657715, 1.3792808055877686
111, -5.880645275115967, 0.01920294761657715, 1.3792808055877686
112, -5.880645275115967, 0.01920294761657715, 1.3792808055877686
113, -5.799781799316406, 0.01920294761657715, 1.499658465385437
114, -5.799781799316406, 0.01920294761657715, 1.499658465385437
115, -5.799781799316406, 0.01920294761657715, 1.499658465385437
116, -5.799781799316406, 0.01920294761657715, 1.499658465385437
117, -5.799781799316406, 0.01920294761657715, 1.499658465385437
118, -5.909801483154297, 0.01920294761657715, 1.7241483926773071
119, -5.909801483154297, 0.01920294761657715, 1.7241483926773071
120, -5.909801483154297, 0.01920294761657715, 1.7241483926773071
121, -5.770397186279297, 0.01920294761657715, 1.9316730499267578
122, -5.770397186279297, 0.01920294761657715, 1.9316730499267578
123, -5.545907020568848, 0.01920294761657715, 2.0416924953460693
124, -5.545907020568848, 0.01920294761657715, 2.0416924953460693
125, -5.296483516693115, 0.01920294761657715, 2.0247273445129395
126, -5.047060012817383, 0.01920294761657715, 2.0077621936798096
127, -4.79763650894165, 0.01920294761657715, 1.9907969236373901
128, -4.548213005065918, 0.01920294761657715, 1.9738316535949707
129, -4.2987895011901855, 0.01920294761657715, 1.9568663835525513
130, -4.049365997314453, 0.01920294761657715, 1.9399011135101318
131, -3.7999422550201416, 0.01920294761657715, 1.9229358434677124
132, -3.55051851272583, 0.01920294761657715, 1.905970573425293
133, -3.3010947704315186, 0.01920294761657715, 1.8890053033828735
134, -3.051671028137207, 0.01920294761657715, 1.872040033340454
135, -2.8022472858428955, 0.01920294761657715, 1.8550747632980347
136, -2.552823543548584, 0.01920294761657715, 1.8381094932556152
137, -2.3033998012542725, 0.01920294761657715, 1.8211442232131958
138, -2.053976058959961, 0.01920294761657715, 1.8041789531707764
139, -1.8045523166656494, 0.01920294761657715, 1.787213683128357
140, -1.555128574371338, 0.01920294761657715, 1.7702484130859375
141, -1.3057048320770264, 0.01920294761657715, 1.753283143043518
142, -1.3057048320770264, 0.01920294761657715, 1.753283143043518
143, -1.3057048320770264, 0.01920294761657715, 1.753283143043518
144, -1.3057048320770264, 0.01920294761657715, 1.753283143043518
145, -1.0981801748275757, 0.01920294761657715, 1.6138789653778076
146, -0.890655517578125, 0.01920294761657715, 1.4744747877120972
147, -0.890655517578125, 0.01920294761657715, 1.4744747877120972
148, -0.890655517578125, 0.01920294761657715, 1.4744747877120972
149, -0.890655517578125, 0.01920294761657715, 1.4744747877120972
150, -0.890655517578125, 0.01920294761657715, 1.4744747877120972
151, -1.1151454448699951, 0.01920294761657715, 1.3644553422927856
152, -1.1151454448699951, 0.01920294761657715, 1.3644553422927856
153, -1.3645691871643066, 0.01920294761657715, 1.381420612335205
154, -1.6139929294586182, 0.01920294761657715, 1.3983858823776245
155, -1.6139929294586182, 0.01920294761657715, 1.3983858823776245
156, -1.6139929294586182, 0.01920294761657715, 1.3983858823776245
157, -1.6139929294586182, 0.01920294761657715, 1.3983858823776245
158, -1.6139929294586182, 0.01920294761657715, 1.3983858823776245
159, -1.6139929294586182, 0.01920294761657715, 1.3983858823776245
160, -1.6309581995010376, 0.01920294761657715, 1.148962140083313
161, -1.6309581995010376, 0.01920294761657715, 1.148962140083313
162, -1.520938754081726, 0.01920294761657715, 0.9244722127914429
163, -1.4109193086624146, 0.01920294761657715, 0.6999822854995728
164, -1.300899863243103, 0.01920294761657715, 0.475492388010025
165, -1.1908804178237915, 0.01920294761657715, 0.2510024905204773
166, -1.08086097240448, 0.01920294761657715, 0.026512593030929565
167, -0.9708414673805237, 0.01920294761657715, -0.19797730445861816
168, -0.8608219623565674, 0.01920294761657715, -0.4224672019481659
169, -0.7508024573326111, 0.01920294761657715, -0.6469570994377136
170, -0.6407829523086548, 0.01920294761657715, -0.871446967124939
171, -0.6407829523086548, 0.01920294761657715, -0.871446967124939
172, -0.6577482223510742, 0.01920294761657715, -1.1208707094192505
173, -0.6747134923934937, 0.01920294761657715, -1.370294451713562
174, -0.6747134923934937, 0.01920294761657715, -1.370294451713562
175, -0.6747134923934937, 0.01920294761657715, -1.370294451713562
176, -0.4874436855316162, 0.01920294761657715, -1.4960925579071045
177, -0.4874436855316162, 0.01920294761657715, -1.4960925579071045
178, -0.4874436855316162, 0.01920294761657715, -1.4960925579071045
179, -0.4874436855316162, 0.01920294761657715, -1.4960925579071045
180, -0.4874436855316162, 0.01920294761657715, -1.4960925579071045
181, -0.4874436855316162, 0.01920294761657715, -1.4960925579071045
182, -0.4874437749385834, 0.01920294761657715, -1.4960923194885254
183, -0.4874437749385834, 0.01920294761657715, -1.4960923194885254
184, -0.6949684023857117, 0.01920294761657715, -1.3566880226135254
185, -0.6949684023857117, 0.01920294761657715, -1.3566880226135254
186, -0.8049878478050232, 0.01920294761657715, -1.1321980953216553
187, -0.9150072932243347, 0.01920294761657715, -0.9077081680297852
188, -0.9150072932243347, 0.01920294761657715, -0.9077081680297852
189, -0.8980419635772705, 0.01920294761657715, -0.6582844853401184
190, -0.8810766339302063, 0.01920294761657715, -0.40886080265045166
191, -0.8810766339302063, 0.01920294761657715, -0.40886080265045166
192, -0.9910960793495178, 0.01920294761657715, -0.18437087535858154
193, -1.1011154651641846, 0.01920294761657715, 0.040119051933288574
194, -1.211134910583496, 0.01920294761657715, 0.2646089792251587
195, -1.3211543560028076, 0.01920294761657715, 0.4890989065170288
196, -1.4311738014221191, 0.01920294761657715, 0.7135888338088989
197, -1.4311738014221191, 0.01920294761657715, 0.7135888338088989
198, -1.6386983394622803, 0.01920294761657715, 0.8529930710792542
199, -1.8462228775024414, 0.01920294761657715, 0.9923973083496094
200, -2.0537474155426025, 0.01920294761657715, 1.1318016052246094
201, -2.2612719535827637, 0.01920294761657715, 1.2712059020996094
202, -2.468796491622925, 0.01920294761657715, 1.4106101989746094
203, -2.676321029663086, 0.01920294761657715, 1.5500144958496094
204, -2.883845567703247, 0.01920294761657715, 1.6894187927246094
205, -2.883845567703247, 0.01920294761657715, 1.6894187927246094
206, -3.1332693099975586, 0.01920294761657715, 1.7063841819763184
207, -3.1332693099975586, 0.01920294761657715, 1.7063841819763184
208, -3.3407938480377197, 0.01920294761657715, 1.8457884788513184
209, -3.548318386077881, 0.01920294761657715, 1.9851927757263184
210, -3.548318386077881, 0.01920294761657715, 1.9851927757263184
211, -3.548318386077881, 0.01920294761657715, 1.9851927757263184
212, -3.548318386077881, 0.01920294761657715, 1.9851927757263184
213, -3.548318386077881, 0.01920294761657715, 1.9851927757263184
214, -3.548318386077881, 0.01920294761657715, 1.9851927757263184
215, -3.548318386077881, 0.01920294761657715, 1.9851927757263184
216, -3.3407938480377197, 0.01920294761657715, 1.8457884788513184
217, -3.3407938480377197, 0.01920294761657715, 1.8457884788513184
218, -3.091370105743408, 0.01920294761657715, 1.8288230895996094
219, -3.091370105743408, 0.01920294761657715, 1.8288230895996094
220, -3.091370105743408, 0.01920294761657715, 1.8288230895996094
221, -3.091370105743408, 0.01920294761657715, 1.8288230895996094
222, -3.091370105743408, 0.01920294761657715, 1.8288230895996094
223, -2.8419463634490967, 0.01920294761657715, 1.8118577003479004
224, -2.8419463634490967, 0.01920294761657715, 1.8118577003479004
225, -2.8419463634490967, 0.01920294761657715, 1.8118577003479004
226, -2.8419463634490967, 0.01920294761657715, 1.8118577003479004
227, -2.8419463634490967, 0.01920294761657715, 1.8118577003479004
228, -2.8419463634490967, 0.01920294761657715, 1.8118577003479004
229, -2.8419463634490967, 0.01920294761657715, 1.8118577003479004
230, -2.592522621154785, 0.01920294761657715, 1.7948923110961914
231, -2.3430988788604736, 0.01920294761657715, 1.7779269218444824
232, -2.093675136566162, 0.01920294761657715, 1.7609615325927734
233, -1.8442513942718506, 0.01920294761657715, 1.7439961433410645
234, -1.594827651977539, 0.01920294761657715, 1.7270307540893555
235, -1.3454039096832275, 0.01920294761657715, 1.7100653648376465
236, -1.3454039096832275, 0.01920294761657715, 1.7100653648376465
237, -1.1209139823913574, 0.01920294761657715, 1.820084810256958
238, -0.8964240550994873, 0.01920294761657715, 1.9301042556762695
239, -0.8964240550994873, 0.01920294761657715, 1.9301042556762695
240, -0.8964240550994873, 0.01920294761657715, 1.9301042556762695
241, -0.8964240550994873, 0.01920294761657715, 1.9301042556762695
242, -0.7570197582244873, 0.01920294761657715, 2.1376287937164307
243, -0.6176154613494873, 0.01920294761657715, 2.345153331756592
244, -0.4782111942768097, 0.01920294761657715, 2.552677869796753
245, -0.4782111942768097, 0.01920294761657715, 2.552677869796753
246, -0.4782111942768097, 0.01920294761657715, 2.552677869796753
247, -0.4782111942768097, 0.01920294761657715, 2.552677869796753
248, -0.4782111942768097, 0.01920294761657715, 2.552677869796753
249, -0.4782111942768097, 0.01920294761657715, 2.552677869796753
250, -0.4782111942768097, 0.01920294761657715, 2.552677869796753
251, -0.6176154613494873, 0.01920294761657715, 2.345153331756592
252, -0.7570197582244873, 0.01920294761657715, 2.1376287937164307
253, -0.7570197582244873, 0.01920294761657715, 2.1376287937164307
254, -0.8832127451896667, 0.01920294761657715, 2.0757832527160645
255, -0.8832128643989563, 0.01920294761657715, 2.0757832527160645
256, -0.8832128643989563, 0.01920294761657715, 2.0757832527160645
257, -1.0226171016693115, 0.01920294761657715, 1.8682587146759033
258, -1.0226171016693115, 0.01920294761657715, 1.8682587146759033
259, -1.2471070289611816, 0.01920294761657715, 1.7582392692565918
260, -1.4715969562530518, 0.01920294761657715, 1.6482198238372803
261, -1.4715969562530518, 0.01920294761657715, 1.6482198238372803
262, -1.7210206985473633, 0.01920294761657715, 1.6651852130889893
263, -1.9704444408416748, 0.01920294761657715, 1.6821506023406982
264, -2.2198681831359863, 0.01920294761657715, 1.6991159915924072
265, -2.469291925430298, 0.01920294761657715, 1.7160813808441162
266, -2.7187156677246094, 0.01920294761657715, 1.7330467700958252
267, -2.968139410018921, 0.01920294761657715, 1.7500121593475342
268, -3.2175631523132324, 0.01920294761657715, 1.7669775485992432
269, -3.2175631523132324, 0.01920294761657715, 1.7669775485992432
270, -3.4250876903533936, 0.01920294761657715, 1.9063818454742432
271, -3.6326122283935547, 0.01920294761657715, 2.045786142349243
272, -3.6326122283935547, 0.01920294761657715, 2.045786142349243
273, -3.6326122283935547, 0.01920294761657715, 2.045786142349243
274, -3.6156468391418457, 0.011737793684005737, 2.2952098846435547
275, -3.5986814498901367, -0.05627528578042984, 2.544633626937866
276, -3.5817160606384277, -0.12428836524486542, 2.7940573692321777
277, -3.5817160606384277, -0.12428836524486542, 2.7940573692321777
278, -3.6917355060577393, -0.17155803740024567, 3.018547296524048
279, -3.700791120529175, -0.18079686164855957, 3.037024974822998
280, -3.700791120529175, -0.18079686164855957, 3.037024974822998
281, -3.700791120529175, -0.18079686164855957, 3.037024974822998
282, -3.700791120529175, -0.18079686164855957, 3.037024974822998
283, -3.700791120529175, -0.18079686164855957, 3.037024974822998
284, -3.700791120529175, -0.18079686164855957, 3.037024974822998
285, -3.925281047821045, -0.1535925567150116, 2.9270055294036865
286, -3.925281047821045, -0.1535925567150116, 2.9270055294036865
287, -3.925281047821045, -0.1535925567150116, 2.9270055294036865
288, -3.925281047821045, -0.1535925567150116, 2.9270055294036865
289, -3.949781894683838, -0.19001153111457825, 2.9769985675811768
290, -3.949781894683838, -0.19001153111457825, 2.9769985675811768
291, -3.932816505432129, -0.33958789706230164, 3.2264223098754883
292, -3.930346727371216, -0.36136186122894287, 3.2627310752868652
293, -3.930346727371216, -0.36136186122894287, 3.2627310752868652
294, -3.930346727371216, -0.36136186122894287, 3.2627310752868652
295, -3.930346727371216, -0.36136186122894287, 3.2627310752868652
296, -3.949781894683838, -0.3738810420036316, 3.2757866382598877
297, -3.949781894683838, -0.3738810420036316, 3.2757866382598877
298, -3.949781894683838, -0.3738810420036316, 3.2757866382598877
299, -3.949781894683838, -0.3738810420036316, 3.2757866382598877
300, -3.949781894683838, -0.3738810420036316, 3.2757866382598877
301, -3.945678234100342, -0.3766933083534241, 3.281895399093628
302, -3.945678234100342, -0.3766933083534241, 3.281895399093628
303, -3.945678234100342, -0.3766932487487793, 3.281895399093628
304, -3.945678234100342, -0.3766932487487793, 3.281895399093628
305, -3.945678234100342, -0.3766932487487793, 3.281895399093628
306, -3.945678234100342, -0.3766932487487793, 3.281895399093628
307, -3.945678234100342, -0.3766932487487793, 3.281895399093628
308, -3.945678234100342, -0.3766932487487793, 3.281895399093628
309, -3.945678234100342, -0.3766932487487793, 3.281895399093628
310, -3.945678234100342, -0.3766932487487793, 3.281895399093628
311, -3.949781894683838, -0.3793365955352783, 3.2846519947052
312, -3.949781894683838, -0.3793365955352783, 3.2846519947052
313, -3.949781894683838, -0.3793365955352783, 3.2846519947052
314, -3.949781894683838, -0.3793365955352783, 3.2846519947052
315, -3.949781894683838, -0.3793365955352783, 3.2846519947052
316, -3.949781894683838, -0.3793365955352783, 3.2846519947052
317, -3.949781894683838, -0.3793365955352783, 3.2846519947052
318, -3.949781894683838, -0.3793365955352783, 3.2846519947052
319, -3.948915481567383, -0.37993043661117554, 3.2859418392181396
320, -3.948915481567383, -0.37993043661117554, 3.2859418392181396
321, -3.948915481567383, -0.37993043661117554, 3.2859418392181396
322, -3.948915481567383, -0.37993043661117554, 3.2859418392181396
323, -3.948915481567383, -0.37993040680885315, 3.2859418392181396
324, -3.948915481567383, -0.37993040680885315, 3.2859418392181396
325, -3.9489152431488037, -0.3799302875995636, 3.2859416007995605
326, -3.9489152431488037, -0.3799302875995636, 3.2859416007995605
327, -3.838895797729492, -0.21639350056648254, 3.0614516735076904
328, -3.7288763523101807, -0.09371200203895569, 2.8369617462158203
329, -3.7288763523101807, -0.09371200203895569, 2.8369617462158203
330, -3.7458417415618896, -0.02569890022277832, 2.587538003921509
331, -3.7628071308135986, 0.01920294761657715, 2.3381142616271973
332, -3.7628071308135986, 0.01920294761657715, 2.3381142616271973
333, -3.652787685394287, 0.01920294761657715, 2.113624334335327
334, -3.652787685394287, 0.01920294761657715, 2.113624334335327
335, -3.652787685394287, 0.01920294761657715, 2.113624334335327
336, -3.652787685394287, 0.01920294761657715, 2.113624334335327
337, -3.445263147354126, 0.01920294761657715, 1.9742200374603271
338, -3.237738609313965, 0.01920294761657715, 1.8348157405853271
339, -3.237738609313965, 0.01920294761657715, 1.8348157405853271
340, -3.237738609313965, 0.01920294761657715, 1.8348157405853271
341, -3.237738609313965, 0.01920294761657715, 1.8348157405853271
342, -3.237738609313965, 0.01920294761657715, 1.8348157405853271
343, -3.237738609313965, 0.01920294761657715, 1.8348157405853271
344, -3.237738609313965, 0.01920294761657715, 1.8348157405853271
345, -3.237738609313965, 0.01920294761657715, 1.8348157405853271
346, -3.237738609313965, 0.01920294761657715, 1.8348157405853271
347, -3.237738609313965, 0.01920294761657715, 1.8348157405853271
348, -3.237738609313965, 0.01920294761657715, 1.8348157405853271
349, -3.237738609313965, 0.01920294761657715, 1.8348157405853271
350, -2.9883148670196533, 0.01920294761657715, 1.8178503513336182
351, -2.738891124725342, 0.01920294761657715, 1.8008849620819092
352, -2.4894673824310303, 0.01920294761657715, 1.7839195728302002
353, -2.2400436401367188, 0.01920294761657715, 1.7669541835784912
354, -1.9906198978424072, 0.01920294761657715, 1.7499887943267822
355, -1.7411961555480957, 0.01920294761657715, 1.7330234050750732
356, -1.4917724132537842, 0.01920294761657715, 1.7160580158233643
357, -1.4917724132537842, 0.01920294761657715, 1.7160580158233643
358, -1.267282485961914, 0.01920294761657715, 1.8260774612426758
359, -1.042792558670044, 0.01920294761657715, 1.9360969066619873
360, -0.8183026313781738, 0.01920294761657715, 2.046116352081299
361, -0.8183026313781738, 0.01920294761657715, 2.046116352081299
362, -0.8183026313781738, 0.01920294761657715, 2.046116352081299
363, -0.8183026313781738, 0.01920294761657715, 2.046116352081299
364, -0.8183026313781738, 0.01920294761657715, 2.046116352081299
365, -0.8183026313781738, 0.01920294761657715, 2.046116352081299
366, -0.8183026313781738, 0.01920294761657715, 2.046116352081299
367, -1.042792558670044, 0.01920294761657715, 1.9360969066619873
368, -1.267282485961914, 0.01920294761657715, 1.8260774612426758
369, -1.4917724132537842, 0.01920294761657715, 1.7160580158233643
370, -1.4917724132537842, 0.01920294761657715, 1.7160580158233643
371, -1.7411961555480957, 0.01920294761657715, 1.7330234050750732
372, -1.9906198978424072, 0.01920294761657715, 1.7499887943267822
373, -2.2400436401367188, 0.01920294761657715, 1.7669541835784912
374, -2.4894673824310303, 0.01920294761657715, 1.7839195728302002
375, -2.738891124725342, 0.01920294761657715, 1.8008849620819092
376, -2.9883148670196533, 0.01920294761657715, 1.8178503513336182
377, -3.237738609313965, 0.01920294761657715, 1.8348157405853271
378, -3.237738609313965, 0.01920294761657715, 1.8348157405853271
379, -3.445263147354126, 0.01920294761657715, 1.9742200374603271
380, -3.652787685394287, 0.01920294761657715, 2.113624334335327
381, -3.652787685394287, 0.01920294761657715, 2.113624334335327
382, -3.652787685394287, 0.01920294761657715, 2.113624334335327
383, -3.635822296142578, 0.00022260844707489014, 2.3630480766296387
384, -3.618856906890869, -0.06779047101736069, 2.61247181892395
385, -3.60189151763916, -0.13580355048179626, 2.8618955612182617
386, -3.60189151763916, -0.13580355048179626, 2.8618955612182617
387, -3.6877200603485107, -0.18079686164855957, 3.037024974822998
388, -3.6877200603485107, -0.18079686164855957, 3.037024974822998
389, -3.6877200603485107, -0.18079686164855957, 3.037024974822998
390, -3.6877200603485107, -0.18079686164855957, 3.037024974822998
391, -3.6877200603485107, -0.18079686164855957, 3.037024974822998
392, -3.6877200603485107, -0.18079686164855957, 3.037024974822998
393, -3.912209987640381, -0.1505761444568634, 2.9270055294036865
394, -3.912209987640381, -0.1505761444568634, 2.9270055294036865
395, -3.912209987640381, -0.1505761444568634, 2.9270055294036865
396, -3.912209987640381, -0.1505761444568634, 2.9270055294036865
397, -3.949781894683838, -0.20642440021038055, 3.003669500350952
398, -3.949781894683838, -0.20642440021038055, 3.003669500350952
399, -3.932816505432129, -0.35600075125694275, 3.2530932426452637
400, -3.932816505432129, -0.35600075125694275, 3.2530932426452637
401, -3.932816505432129, -0.35600075125694275, 3.2530932426452637
402, -3.9489147663116455, -0.37992966175079346, 3.2859408855438232
403, -3.9489147663116455, -0.37992966175079346, 3.2859408855438232
404, -3.949781894683838, -0.38048821687698364, 3.2865233421325684
405, -3.949781894683838, -0.38048821687698364, 3.2865233421325684
406, -3.949781894683838, -0.38048821687698364, 3.2865233421325684
407, -3.949781894683838, -0.38048821687698364, 3.2865233421325684
408, -3.949781894683838, -0.38048821687698364, 3.2865233421325684
409, -3.949781894683838, -0.38048821687698364, 3.2865233421325684
410, -3.949781894683838, -0.38048821687698364, 3.2865233421325684
411, -3.949781894683838, -0.38048821687698364, 3.2865233421325684
412, -3.949598789215088, -0.3806137442588806, 3.2867960929870605
413, -3.949598789215088, -0.3806137442588806, 3.2867960929870605
414, -3.949598789215088, -0.3806138038635254, 3.2867960929870605
415, -3.949598789215088, -0.3806138038635254, 3.2867960929870605
416, -3.949598789215088, -0.3806138038635254, 3.2867960929870605
417, -3.949598789215088, -0.3806138038635254, 3.2867960929870605
418, -3.949598789215088, -0.3806138038635254, 3.2867960929870605
419, -3.949598789215088, -0.3806138038635254, 3.2867960929870605
420, -3.949598789215088, -0.3806138038635254, 3.2867960929870605
421, -3.949598789215088, -0.3806138038635254, 3.2867960929870605
422, -3.949598789215088, -0.3806138038635254, 3.2867960929870605
423, -3.949598789215088, -0.3806138038635254, 3.2867960929870605
424, -3.949781894683838, -0.3807317614555359, 3.286919116973877
425, -3.949781894683838, -0.3807317614555359, 3.286919116973877
426, -3.949781894683838, -0.3807317614555359, 3.286919116973877
427, -3.949781894683838, -0.3807317614555359, 3.286919116973877
428, -3.949781894683838, -0.3807317614555359, 3.286919116973877
429, -3.949781894683838, -0.3807317614555359, 3.286919116973877
430, -3.949781894683838, -0.3807317614555359, 3.286919116973877
431, -3.949781894683838, -0.3807317614555359, 3.286919116973877
432, -3.949781894683838, -0.3807317614555359, 3.286919116973877
433, -3.949781894683838, -0.3807317614555359, 3.286919116973877
434, -3.949781894683838, -0.3807317614555359, 3.286919116973877
435, -3.949781894683838, -0.3807317614555359, 3.286919116973877
436, -3.949781894683838, -0.3807317614555359, 3.286919116973877
437, -3.949781894683838, -0.3807317614555359, 3.286919116973877
438, -3.9497432708740234, -0.38075825572013855, 3.2869765758514404
439, -3.9497432708740234, -0.38075825572013855, 3.2869765758514404
440, -3.9497432708740234, -0.38075822591781616, 3.2869765758514404
441, -3.9497432708740234, -0.38075822591781616, 3.2869765758514404
442, -3.9497432708740234, -0.3807581961154938, 3.2869765758514404
443, -3.9497432708740234, -0.3807581961154938, 3.2869765758514404
444, -3.9497430324554443, -0.3807580769062042, 3.2869763374328613
445, -3.9497430324554443, -0.3807580769062042, 3.2869763374328613
446, -3.9497430324554443, -0.3807580769062042, 3.2869763374328613
447, -3.9497430324554443, -0.3807580769062042, 3.2869763374328613
448, -3.9497430324554443, -0.38075801730155945, 3.2869763374328613
449, -3.9497430324554443, -0.38075801730155945, 3.2869763374328613
450, -3.9497430324554443, -0.38075801730155945, 3.2869763374328613
451, -3.9497430324554443, -0.38075801730155945, 3.2869763374328613
452, -3.9497430324554443, -0.38075801730155945, 3.2869763374328613
453, -3.9497430324554443, -0.38075801730155945, 3.2869763374328613
454, -3.949781894683838, -0.3807831108570099, 3.2870025634765625
455, -3.949781894683838, -0.3807831108570099, 3.2870025634765625
456, -3.949781894683838, -0.3807831108570099, 3.2870025634765625
457, -3.949781894683838, -0.3807831108570099, 3.2870025634765625
458, -3.949781894683838, -0.3807831108570099, 3.2870025634765625
459, -3.949781894683838, -0.3807831108570099, 3.2870025634765625
460, -3.949781894683838, -0.3807831108570099, 3.2870025634765625
461, -3.949781894683838, -0.3807831108570099, 3.2870025634765625
462, -3.949781894683838, -0.3807831108570099, 3.2870025634765625
463, -3.8397624492645264, -0.217246413230896, 3.0625126361846924
464, -3.729743003845215, -0.09373685717582703, 2.8380227088928223
465, -3.729743003845215, -0.09373685717582703, 2.8380227088928223
466, -3.746708393096924, -0.025723770260810852, 2.5885989665985107
467, -3.763673782348633, 0.01920294761657715, 2.339175224304199
468, -3.763673782348633, 0.01920294761657715, 2.339175224304199
469, -3.6536543369293213, 0.01920294761657715, 2.114685297012329
470, -3.6536543369293213, 0.01920294761657715, 2.114685297012329
471, -3.44612979888916, 0.01920294761657715, 1.975281000137329
472, -3.238605260848999, 0.01920294761657715, 1.835876703262329
473, -3.238605260848999, 0.01920294761657715, 1.835876703262329
474, -2.9891815185546875, 0.01920294761657715, 1.8189113140106201
475, -2.739757776260376, 0.01920294761657715, 1.8019459247589111
476, -2.4903340339660645, 0.01920294761657715, 1.7849805355072021
477, -2.240910291671753, 0.01920294761657715, 1.7680151462554932
478, -1.9914865493774414, 0.01920294761657715, 1.7510497570037842
479, -1.7420628070831299, 0.01920294761657715, 1.7340843677520752
480, -1.4926390647888184, 0.01920294761657715, 1.7171189785003662
481, -1.4926390647888184, 0.01920294761657715, 1.7171189785003662
482, -1.2681491374969482, 0.01920294761657715, 1.8271384239196777
483, -1.0436592102050781, 0.01920294761657715, 1.9371578693389893
484, -0.819169282913208, 0.01920294761657715, 2.047177314758301
485, -0.819169282913208, 0.01920294761657715, 2.047177314758301
486, -0.679764986038208, 0.01920294761657715, 2.254701852798462
487, -0.540360689163208, 0.01920294761657715, 2.462226390838623
488, -0.540360689163208, 0.01920294761657715, 2.462226390838623
489, -0.540360689163208, 0.01920294761657715, 2.462226390838623
490, -0.540360689163208, 0.01920294761657715, 2.462226390838623
491, -0.540360689163208, 0.01920294761657715, 2.462226390838623
492, -0.540360689163208, 0.01920294761657715, 2.462226390838623
493, -0.540360689163208, 0.01920294761657715, 2.462226390838623
494, -0.679764986038208, 0.01920294761657715, 2.254701852798462
495, -0.819169282913208, 0.01920294761657715, 2.047177314758301
496, -0.819169282913208, 0.01920294761657715, 2.047177314758301
497, -1.0436592102050781, 0.01920294761657715, 1.9371579885482788
498, -1.2681491374969482, 0.01920294761657715, 1.8271386623382568
499, -1.4926390647888184, 0.01920294761657715, 1.7171193361282349
