1, -1.9799120426177979, -0.005079984664916992, -6.319291591644287
2, -1.9799120426177979, -0.005079984664916992, -6.319291591644287
3, -1.9799120426177979, -0.005079984664916992, -6.319291591644287
4, -1.9799120426177979, -0.005079984664916992, -6.319291591644287
5, -1.9799120426177979, -0.005079984664916992, -6.319291591644287
6, -1.9799120426177979, -0.005079984664916992, -6.319291591644287
7, -1.9799120426177979, -0.005079984664916992, -6.319291591644287
8, -1.9799120426177979, -0.005079984664916992, -6.319291591644287
9, -1.9799120426177979, -0.005079984664916992, -6.319291591644287
10, -1.9799120426177979, -0.005079984664916992, -6.319291591644287
11, -1.9799120426177979, -0.005079984664916992, -6.319291591644287
12, -1.9799120426177979, -0.005079984664916992, -6.319291591644287
13, -1.9799120426177979, -0.005079984664916992, -6.319291591644287
14, -1.9799120426177979, -0.005079984664916992, -6.319291591644287
15, -1.9799120426177979, -0.005079984664916992, -6.319291591644287
16, -1.9799120426177979, -0.005079984664916992, -6.319291591644287
17, -2.0131654739379883, -0.005079984664916992, -6.567070007324219
18, -2.0464189052581787, -0.005079984664916992, -6.81484842300415
19, -2.079672336578369, -0.005079984664916992, -7.062626838684082
20, -2.1129257678985596, -0.005079984664916992, -7.310405254364014
21, -2.14617919921875, -0.005079984664916992, -7.558183670043945
22, -2.1794326305389404, -0.005079984664916992, -7.805962085723877
23, -2.1794326305389404, -0.005079984664916992, -7.805962085723877
24, -2.084341526031494, -0.005079984664916992, -8.037171363830566
25, -1.9892505407333374, -0.005079984664916992, -8.268380165100098
26, -1.8941595554351807, -0.005079984664916992, -8.499588966369629
27, -1.799068570137024, -0.005079984664916992, -8.73079776763916
28, -1.7039775848388672, -0.005079984664916992, -8.962006568908691
29, -1.6088865995407104, -0.005079984664916992, -9.193215370178223
30, -1.5137956142425537, -0.005079984664916992, -9.424424171447754
31, -1.5137956142425537, -0.005079984664916992, -9.424424171447754
32, -1.3158397674560547, -0.005079984664916992, -9.57711124420166
33, -1.1178839206695557, -0.002276510000228882, -9.729798316955566
34, -0.9199280738830566, 0.008658379316329956, -9.882485389709473
35, -0.7219722270965576, -0.005079984664916992, -10.035172462463379
36, -0.7219722270965576, -0.005079984664916992, -10.035172462463379
37, -0.6268811821937561, -0.005079984664916992, -10.26638126373291
38, -0.6268811821937561, -0.005079984664916992, -10.26638126373291
39, -0.6268811821937561, -0.005079984664916992, -10.26638126373291
40, -0.6268811821937561, -0.005079984664916992, -10.26638126373291
41, -0.6268811821937561, -0.005079984664916992, -10.26638126373291
42, -0.6268811821937561, -0.005079984664916992, -10.26638126373291
43, -0.6268811821937561, -0.005079984664916992, -10.26638126373291
44, -0.6268811821937561, -0.005079984664916992, -10.26638126373291
45, -0.6268811821937561, -0.005079984664916992, -10.26638126373291
46, -0.6268811821937561, -0.005079984664916992, -10.26638126373291
47, -0.6268811821937561, -0.005079984664916992, -10.26638126373291
48, -0.6268811821937561, -0.005079984664916992, -10.26638126373291
49, -0.6268811821937561, -0.005079984664916992, -10.26638126373291
50, -0.7219722270965576, -0.005079984664916992, -10.035172462463379
51, -0.7219722270965576, -0.005079984664916992, -10.035172462463379
52, -0.9199280738830566, 0.008658379316329956, -9.882485389709473
53, -0.9199280738830566, 0.008658379316329956, -9.882485389709473
54, -1.015019178390503, -0.005079984664916992, -9.651276588439941
55, -1.1101102828979492, -0.005079984664916992, -9.42006778717041
56, -1.1101102828979492, -0.005079984664916992, -9.42006778717041
57, -1.0768569707870483, -0.005079984664916992, -9.17228889465332
58, -1.0436036586761475, -0.005079984664916992, -8.92451000213623
59, -1.0103503465652466, -0.005079984664916992, -8.67673110961914
60, -0.9770970344543457, -0.005079984664916992, -8.42895221710205
61, -0.9438437223434448, -0.005079984664916992, -8.181173324584961
62, -0.910590410232544, -0.005079984664916992, -7.933394908905029
63, -0.8773370981216431, -0.005079984664916992, -7.685616493225098
64, -0.8440837860107422, -0.005079984664916992, -7.437838077545166
65, -0.8108304738998413, -0.005079984664916992, -7.190059661865234
66, -0.7775771617889404, -0.005079984664916992, -6.942281246185303
67, -0.7443238496780396, -0.005079984664916992, -6.694502830505371
68, -0.7110705375671387, -0.005079984664916992, -6.4467244148254395
69, -0.7110705375671387, -0.005079984664916992, -6.4467244148254395
70, -0.7110705375671387, -0.005079984664916992, -6.4467244148254395
71, -0.479861319065094, -0.005079984664916992, -6.351633071899414
72, -0.24865210056304932, -0.005079984664916992, -6.256542205810547
73, -0.24865210056304932, -0.005079984664916992, -6.256542205810547
74, -0.24865210056304932, -0.005079984664916992, -6.256542205810547
75, -0.01744288206100464, -0.005079984664916992, -6.16145133972168
76, -0.01744288206100464, -0.005079984664916992, -6.16145133972168
77, 0.13524460792541504, -0.005079984664916992, -5.963495254516602
78, 0.2879320979118347, -0.005079984664916992, -5.765539169311523
79, 0.2879320979118347, -0.005079984664916992, -5.765539169311523
80, 0.2879320979118347, -0.005079984664916992, -5.765539169311523
81, 0.2879320979118347, -0.005079984664916992, -5.765539169311523
82, 0.2879320979118347, -0.005079984664916992, -5.765539169311523
83, 0.2879320979118347, -0.005079984664916992, -5.765539169311523
84, 0.25467875599861145, -0.005079984664916992, -6.013317584991455
85, 0.22142541408538818, -0.005079984664916992, -6.261096000671387
86, 0.22142541408538818, -0.005079984664916992, -6.261096000671387
87, 0.06873789429664612, -0.005079984664916992, -6.459052085876465
88, -0.08394962549209595, -0.005079984664916992, -6.657008171081543
89, -0.236637145280838, -0.005079984664916992, -6.854964256286621
90, -0.3893246650695801, -0.005079984664916992, -7.052920341491699
91, -0.5420122146606445, -0.005079984664916992, -7.250876426696777
92, -0.694699764251709, -0.005079984664916992, -7.4488325119018555
93, -0.8473873138427734, -0.005079984664916992, -7.646788597106934
94, -0.8473873138427734, -0.005079984664916992, -7.646788597106934
95, -0.8806406259536743, -0.005079984664916992, -7.894567012786865
96, -0.9138939380645752, -0.005079984664916992, -8.142345428466797
97, -0.9471472501754761, -0.005079984664916992, -8.390124320983887
98, -0.980400562286377, -0.005079984664916992, -8.637903213500977
99, -1.0136538743972778, -0.005079984664916992, -8.885682106018066
100, -1.0469071865081787, -0.005079984664916992, -9.133460998535156
101, -1.0801604986190796, -0.005079984664916992, -9.381239891052246
102, -1.0801604986190796, -0.005079984664916992, -9.381239891052246
103, -0.9850694537162781, -0.005079984664916992, -9.612448692321777
104, -0.8899784088134766, 0.0037508010864257812, -9.843657493591309
105, -0.794887363910675, -0.005079984664916992, -10.07486629486084
106, -0.794887363910675, -0.005079984664916992, -10.07486629486084
107, -0.596931517124176, -0.005079984664916992, -10.227553367614746
108, -0.398975670337677, -0.005079984664916992, -10.380240440368652
109, -0.398975670337677, -0.005079984664916992, -10.380240440368652
110, -0.398975670337677, -0.005079984664916992, -10.380240440368652
111, -0.398975670337677, -0.005079984664916992, -10.380240440368652
112, -0.398975670337677, -0.005079984664916992, -10.380240440368652
113, -0.398975670337677, -0.005079984664916992, -10.380240440368652
114, -0.398975670337677, -0.005079984664916992, -10.380240440368652
115, -0.5969315767288208, -0.005079984664916992, -10.227553367614746
116, -0.7948874235153198, -0.005079984664916992, -10.07486629486084
117, -0.7948874235153198, -0.005079984664916992, -10.07486629486084
118, -0.8899784684181213, 0.0037508010864257812, -9.843657493591309
119, -0.9850695133209229, -0.005079984664916992, -9.612448692321777
120, -1.0801606178283691, -0.005079984664916992, -9.381239891052246
121, -1.0801606178283691, -0.005079984664916992, -9.381239891052246
122, -1.0469073057174683, -0.005079984664916992, -9.133460998535156
123, -1.0136539936065674, -0.005079984664916992, -8.885682106018066
124, -0.9804006814956665, -0.005079984664916992, -8.637903213500977
125, -0.9471473693847656, -0.005079984664916992, -8.390124320983887
126, -0.9138940572738647, -0.005079984664916992, -8.142345428466797
127, -0.8806407451629639, -0.005079984664916992, -7.894567012786865
128, -0.847387433052063, -0.005079984664916992, -7.646788597106934
129, -0.8141341209411621, -0.005079984664916992, -7.399010181427002
130, -0.7808808088302612, -0.005079984664916992, -7.15123176574707
131, -0.7476274967193604, -0.005079984664916992, -6.903453350067139
132, -0.7143741846084595, -0.005079984664916992, -6.655674934387207
133, -0.6811208724975586, -0.005079984664916992, -6.407896518707275
134, -0.6478675603866577, -0.005079984664916992, -6.160118103027344
135, -0.6478675603866577, -0.005079984664916992, -6.160118103027344
136, -0.49518004059791565, -0.005079984664916992, -5.962162017822266
137, -0.3424925208091736, -0.005079984664916992, -5.7642059326171875
138, -0.18980500102043152, -0.005079984664916992, -5.566249847412109
139, -0.03711748123168945, -0.005079984664916992, -5.368293762207031
140, 0.11557003855705261, -0.005079984664916992, -5.170337677001953
141, 0.2682575583457947, -0.005079984664916992, -4.972381591796875
142, 0.42094507813453674, 0.08040416240692139, -4.774425506591797
143, 0.5736325979232788, 0.19281156361103058, -4.576469421386719
144, 0.5736325979232788, 0.19281156361103058, -4.576469421386719
145, 0.5736325979232788, 0.19281156361103058, -4.576469421386719
146, 0.5736325979232788, 0.19281156361103058, -4.576469421386719
147, 0.5736325979232788, 0.19281156361103058, -4.576469421386719
148, 0.5736325979232788, 0.19281156361103058, -4.576469421386719
149, 0.5736325979232788, 0.19281156361103058, -4.576469421386719
150, 0.42094510793685913, 0.08040417730808258, -4.774425506591797
151, 0.26825761795043945, -0.005079984664916992, -4.972381591796875
152, 0.11557012796401978, -0.005079984664916992, -5.170337677001953
153, -0.0371173620223999, -0.005079984664916992, -5.368293762207031
154, -0.18980485200881958, -0.005079984664916992, -5.566249847412109
155, -0.34249234199523926, -0.005079984664916992, -5.7642059326171875
156, -0.49517983198165894, -0.005079984664916992, -5.962162017822266
157, -0.6478673219680786, -0.005079984664916992, -6.160118103027344
158, -0.6478673219680786, -0.005079984664916992, -6.160118103027344
159, -0.6811206340789795, -0.005079984664916992, -6.407896518707275
160, -0.7143739461898804, -0.005079984664916992, -6.655674934387207
161, -0.7476272583007812, -0.005079984664916992, -6.903453350067139
162, -0.7808805704116821, -0.005079984664916992, -7.15123176574707
163, -0.814133882522583, -0.005079984664916992, -7.399010181427002
164, -0.8473871946334839, -0.005079984664916992, -7.646788597106934
165, -0.8806405067443848, -0.005079984664916992, -7.894567012786865
166, -0.9138938188552856, -0.005079984664916992, -8.142345428466797
167, -0.9471471309661865, -0.005079984664916992, -8.390124320983887
168, -0.9804004430770874, -0.005079984664916992, -8.637903213500977
169, -1.0136537551879883, -0.005079984664916992, -8.885682106018066
170, -1.0469070672988892, -0.005079984664916992, -9.133460998535156
171, -1.08016037940979, -0.005079984664916992, -9.381239891052246
172, -1.08016037940979, -0.005079984664916992, -9.381239891052246
173, -0.9850693345069885, -0.005079984664916992, -9.612448692321777
174, -0.889978289604187, 0.0037508010864257812, -9.843657493591309
175, -0.7948872447013855, -0.005079984664916992, -10.07486629486084
176, -0.7948872447013855, -0.005079984664916992, -10.07486629486084
177, -0.5969313383102417, -0.005079984664916992, -10.227553367614746
178, -0.3989754617214203, -0.005079984664916992, -10.380240440368652
179, -0.20101958513259888, -0.005079984664916992, -10.532927513122559
180, -0.20101958513259888, -0.005079984664916992, -10.532927513122559
181, 0.0467589795589447, -0.005079984664916992, -10.566181182861328
182, 0.2945375442504883, 0.05472515523433685, -10.599434852600098
183, 0.5423160791397095, 0.19491982460021973, -10.632688522338867
184, 0.5423160791397095, 0.19491982460021973, -10.632688522338867
185, 0.7735252976417542, 0.19491982460021973, -10.53759765625
186, 1.0047345161437988, 0.19491982460021973, -10.442506790161133
187, 1.0047345161437988, 0.19491982460021973, -10.442506790161133
188, 1.0047345161437988, 0.19491982460021973, -10.442506790161133
189, 1.0047345161437988, 0.19491982460021973, -10.442506790161133
190, 1.0047345161437988, 0.19491982460021973, -10.442506790161133
191, 1.2026903629302979, 0.19491982460021973, -10.595193862915039
192, 1.2026903629302979, 0.19491982460021973, -10.595193862915039
193, 1.2026903629302979, 0.19491982460021973, -10.595193862915039
194, 1.2026903629302979, 0.19491982460021973, -10.595193862915039
195, 1.2026903629302979, 0.19491982460021973, -10.595193862915039
196, 1.2026903629302979, 0.19491982460021973, -10.595193862915039
197, 1.2026903629302979, 0.19491982460021973, -10.595193862915039
198, 1.2359436750411987, 0.19491982460021973, -10.34741497039795
199, 1.2691969871520996, 0.19491982460021973, -10.09963607788086
200, 1.2691969871520996, 0.19491982460021973, -10.09963607788086
201, 1.421884536743164, 0.19491982460021973, -9.901679992675781
202, 1.421884536743164, 0.19491982460021973, -9.901679992675781
203, 1.455137848854065, 0.18540716171264648, -9.653901100158691
204, 1.4883911609649658, 0.15680378675460815, -9.406122207641602
205, 1.5216444730758667, 0.12820042669773102, -9.158343315124512
206, 1.5548977851867676, 0.09959705173969269, -8.910564422607422
207, 1.5881510972976685, 0.1212552860379219, -8.662785530090332
208, 1.6214044094085693, 0.12825597822666168, -8.415006637573242
209, 1.6546577215194702, 0.10542558878660202, -8.167227745056152
210, 1.687911033630371, 0.08029279112815857, -7.919449329376221
211, 1.721164345741272, -0.005079984664916992, -7.671670913696289
212, 1.7544176578521729, -0.005079984664916992, -7.423892498016357
213, 1.7544176578521729, -0.005079984664916992, -7.423892498016357
214, 1.7544176578521729, -0.005079984664916992, -7.423892498016357
215, 1.7544176578521729, -0.005079984664916992, -7.423892498016357
216, 1.7544176578521729, -0.005079984664916992, -7.423892498016357
217, 1.7544176578521729, -0.005079984664916992, -7.423892498016357
218, 1.9071052074432373, -0.005079984664916992, -7.2259368896484375
219, 2.0597927570343018, -0.005079984664916992, -7.027980804443359
220, 2.212480306625366, -0.005079984664916992, -6.830024719238281
221, 2.3651678562164307, -0.005079984664916992, -6.632068634033203
222, 2.517855405807495, -0.005079984664916992, -6.434112548828125
223, 2.6705429553985596, 0.015495479106903076, -6.236156463623047
224, 2.6705429553985596, 0.015495479106903076, -6.236156463623047
225, 2.70379638671875, 0.046872854232788086, -5.988378047943115
226, 2.7370498180389404, 0.0782502219080925, -5.740599632263184
227, 2.7370498180389404, 0.0782502219080925, -5.740599632263184
228, 2.641958713531494, 0.03804054856300354, -5.509390354156494
229, 2.546867609024048, 0.06526000797748566, -5.278181076049805
230, 2.4517765045166016, 0.12888294458389282, -5.046971797943115
231, 2.4517765045166016, 0.12888294458389282, -5.046971797943115
232, 2.4517765045166016, 0.12888294458389282, -5.046971797943115
233, 2.4517765045166016, 0.12888294458389282, -5.046971797943115
234, 2.2538206577301025, 0.1755998730659485, -4.894284248352051
235, 2.2538206577301025, 0.1755998730659485, -4.894284248352051
236, 2.1115310192108154, 0.1855306327342987, -4.87518835067749
237, 2.1115310192108154, 0.1855306327342987, -4.87518835067749
238, 2.1115310192108154, 0.1855306327342987, -4.87518835067749
239, 2.1115310192108154, 0.1855306327342987, -4.87518835067749
240, 2.1115310192108154, 0.1855306327342987, -4.87518835067749
241, 2.1115310192108154, 0.1855306327342987, -4.87518835067749
242, 2.1115310192108154, 0.1855306327342987, -4.87518835067749
243, 2.1115310192108154, 0.1855306327342987, -4.87518835067749
244, 2.066229820251465, 0.19491982460021973, -4.765040874481201
245, 2.066229820251465, 0.19491982460021973, -4.765040874481201
246, 2.066229820251465, 0.19491982460021973, -4.765040874481201
247, 2.066229820251465, 0.19491982460021973, -4.765040874481201
248, 1.853520154953003, 0.15413066744804382, -4.852523326873779
249, 1.853520154953003, 0.15413066744804382, -4.852523326873779
250, 1.6057415008544922, 0.12512707710266113, -4.819270133972168
251, 1.3579628467559814, 0.09612350165843964, -4.786016941070557
252, 1.3579628467559814, 0.09612350165843964, -4.786016941070557
253, 1.1600069999694824, 0.10179659724235535, -4.633329391479492
254, 0.9620511531829834, 0.19491982460021973, -4.480641841888428
255, 0.7640953063964844, 0.19491982460021973, -4.327954292297363
256, 0.5661394596099854, 0.19491982460021973, -4.175266742706299
257, 0.36818361282348633, 0.19491982460021973, -4.022579193115234
258, 0.1702277511358261, 0.19491982460021973, -3.86989164352417
259, -0.027728110551834106, 0.19491982460021973, -3.7172040939331055
260, -0.22568397223949432, 0.19491982460021973, -3.564516544342041
261, -0.22568397223949432, 0.19491982460021973, -3.564516544342041
262, -0.22568397223949432, 0.19491982460021973, -3.564516544342041
263, -0.42363983392715454, 0.19491982460021973, -3.4118289947509766
264, -0.42363983392715454, 0.19491982460021973, -3.4118289947509766
265, -0.518730878829956, 0.19491982460021973, -3.180619716644287
266, -0.6138219237327576, 0.19491982460021973, -2.9494104385375977
267, -0.7089129686355591, 0.19491982460021973, -2.718201160430908
268, -0.8040040135383606, 0.19491982460021973, -2.4869918823242188
269, -0.8990950584411621, 0.19491982460021973, -2.2557826042175293
270, -0.8990950584411621, 0.19491982460021973, -2.2557826042175293
271, -0.8658417463302612, 0.19491982460021973, -2.0080039501190186
272, -0.8325884342193604, 0.19491982460021973, -1.7602254152297974
273, -0.7993351221084595, 0.19491982460021973, -1.5124468803405762
274, -0.7660818099975586, 0.19491982460021973, -1.264668345451355
275, -0.7328284978866577, 0.19491982460021973, -1.0168898105621338
276, -0.7328284978866577, 0.19491982460021973, -1.0168898105621338
277, -0.8279195427894592, 0.19491982460021973, -0.7856805920600891
278, -0.9230105876922607, 0.19491982460021973, -0.5544713735580444
279, -1.0181015729904175, 0.19491982460021973, -0.32326215505599976
280, -1.1131925582885742, 0.19491982460021973, -0.09205293655395508
281, -1.208283543586731, 0.19491982460021973, 0.1391562819480896
282, -1.3033745288848877, 0.19491982460021973, 0.3703655004501343
283, -1.3033745288848877, 0.19491982460021973, 0.3703655004501343
284, -1.3033745288848877, 0.19491982460021973, 0.3703655004501343
285, -1.3033745288848877, 0.19491982460021973, 0.3703655004501343
286, -1.3033745288848877, 0.19491982460021973, 0.3703655004501343
287, -1.3033745288848877, 0.19491982460021973, 0.3703655004501343
288, -1.3033745288848877, 0.19491982460021973, 0.3703655004501343
289, -1.2082834243774414, 0.19491982460021973, 0.139156311750412
290, -1.1131923198699951, 0.19491982460021973, -0.0920528769493103
291, -1.0181012153625488, 0.19491982460021973, -0.3232620656490326
292, -0.9230101704597473, 0.19491982460021973, -0.5544712543487549
293, -0.8279191255569458, 0.19491982460021973, -0.7856804132461548
294, -0.8279191255569458, 0.19491982460021973, -0.7856804132461548
295, -0.8611724376678467, 0.19491982460021973, -1.033458948135376
296, -0.8944257497787476, 0.19491982460021973, -1.2812374830245972
297, -0.8944257497787476, 0.19491982460021973, -1.2812374830245972
298, -0.799334704875946, 0.19491982460021973, -1.512446641921997
299, -0.7042436599731445, 0.19491982460021973, -1.743655800819397
300, -0.609152615070343, 0.19491982460021973, -1.9748649597167969
301, -0.5140615701675415, 0.19491982460021973, -2.2060742378234863
302, -0.4189704954624176, 0.19491982460021973, -2.437283515930176
303, -0.3238794207572937, 0.19491982460021973, -2.6684927940368652
304, -0.2287883460521698, 0.19491982460021973, -2.8997020721435547
305, -0.1336972713470459, 0.19491982460021973, -3.130911350250244
306, -0.038606204092502594, 0.19491982460021973, -3.3621206283569336
307, -0.038606204092502594, 0.19491982460021973, -3.3621206283569336
308, 0.15934967994689941, 0.19491982460021973, -3.514808177947998
309, 0.3573055565357208, 0.19491982460021973, -3.6674957275390625
310, 0.3573055565357208, 0.19491982460021973, -3.6674957275390625
311, 0.45239660143852234, 0.19491982460021973, -3.898705005645752
312, 0.5474876761436462, 0.19491982460021973, -4.129914283752441
313, 0.6425787210464478, 0.19491982460021973, -4.361123561859131
314, 0.6425787210464478, 0.19491982460021973, -4.361123561859131
315, 0.6093254089355469, 0.17269200086593628, -4.6089019775390625
316, 0.576072096824646, 0.10675793141126633, -4.856680393218994
317, 0.5428187847137451, -0.005079984664916992, -5.104458808898926
318, 0.5095654726028442, -0.005079984664916992, -5.352237224578857
319, 0.5095654726028442, -0.005079984664916992, -5.352237224578857
320, 0.3568779528141022, -0.005079984664916992, -5.5501933097839355
321, 0.2041904330253601, -0.005079984664916992, -5.748149394989014
322, 0.05150291323661804, -0.005079984664916992, -5.946105480194092
323, -0.10118460655212402, -0.005079984664916992, -6.14406156539917
324, -0.2538721263408661, -0.005079984664916992, -6.342017650604248
325, -0.40655964612960815, -0.005079984664916992, -6.539973735809326
326, -0.5592471361160278, -0.005079984664916992, -6.737929821014404
327, -0.7119346857070923, -0.005079984664916992, -6.935885906219482
328, -0.7119346857070923, -0.005079984664916992, -6.935885906219482
329, -0.7451879978179932, -0.005079984664916992, -7.183664321899414
330, -0.778441309928894, -0.005079984664916992, -7.431442737579346
331, -0.8116946220397949, -0.005079984664916992, -7.679221153259277
332, -0.8449479341506958, -0.005079984664916992, -7.926999568939209
333, -0.8782012462615967, -0.005079984664916992, -8.17477798461914
334, -0.9114545583724976, -0.005079984664916992, -8.42255687713623
335, -0.9447078704833984, -0.005079984664916992, -8.67033576965332
336, -0.9779611825942993, -0.005079984664916992, -8.91811466217041
337, -1.0112144947052002, -0.005079984664916992, -9.1658935546875
338, -1.044467806816101, -0.005079984664916992, -9.41367244720459
339, -1.044467806816101, -0.005079984664916992, -9.41367244720459
340, -0.9493767619132996, -0.005079984664916992, -9.644881248474121
341, -0.854285717010498, 0.0049104243516922, -9.876090049743652
342, -0.7591946721076965, -0.005079984664916992, -10.107298851013184
343, -0.7591946721076965, -0.005079984664916992, -10.107298851013184
344, -0.7591946721076965, -0.005079984664916992, -10.107298851013184
345, -0.7591946721076965, -0.005079984664916992, -10.107298851013184
346, -0.7591946721076965, -0.005079984664916992, -10.107298851013184
347, -0.9118821620941162, -0.005079984664916992, -10.305254936218262
348, -0.9118821620941162, -0.005079984664916992, -10.305254936218262
349, -1.1430914402008057, 0.015783995389938354, -10.400345802307129
350, -1.1430914402008057, 0.015783995389938354, -10.400345802307129
351, -1.2957789897918701, 0.027684971690177917, -10.598301887512207
352, -1.4484665393829346, 0.03958594799041748, -10.796257972717285
353, -1.601154088973999, 0.05148693919181824, -10.994214057922363
354, -1.7538416385650635, 0.057083532214164734, -11.192170143127441
355, -1.7538416385650635, 0.057083532214164734, -11.192170143127441
356, -1.7538416385650635, 0.057083532214164734, -11.192170143127441
357, -1.7538416385650635, 0.057083532214164734, -11.192170143127441
358, -1.7538416385650635, 0.057083532214164734, -11.192170143127441
359, -1.7538416385650635, 0.057083532214164734, -11.192170143127441
360, -1.522632360458374, 0.017222397029399872, -11.097079277038574
361, -1.3426897525787354, -0.005079984664916992, -11.023073196411133
362, -1.3426897525787354, -0.005079984664916992, -11.023073196411133
363, -1.3426897525787354, -0.005079984664916992, -11.023073196411133
364, -1.190002202987671, -0.005079984664916992, -10.825117111206055
365, -1.190002202987671, -0.005079984664916992, -10.825117111206055
366, -0.9587929844856262, -0.005079984664916992, -10.730026245117188
367, -0.7275837659835815, -0.005079984664916992, -10.63493537902832
368, -0.49637454748153687, -0.005079984664916992, -10.539844512939453
369, -0.49637454748153687, -0.005079984664916992, -10.539844512939453
370, -0.2485959529876709, -0.005079984664916992, -10.573098182678223
371, -0.0008173584938049316, -0.005079984664916992, -10.606351852416992
372, 0.24696123600006104, 0.013258004561066628, -10.639605522155762
373, 0.494739830493927, 0.1913287341594696, -10.672859191894531
374, 0.742518424987793, 0.19491982460021973, -10.7061128616333
375, 0.742518424987793, 0.19491982460021973, -10.7061128616333
376, 0.742518424987793, 0.19491982460021973, -10.7061128616333
377, 0.8376094698905945, 0.19491982460021973, -10.937321662902832
378, 0.932700514793396, 0.19491982460021973, -11.168530464172363
379, 1.0277915000915527, 0.19491982460021973, -11.399739265441895
380, 1.0277915000915527, 0.19491982460021973, -11.399739265441895
381, 1.0277915000915527, 0.19491982460021973, -11.399739265441895
382, 1.0277915000915527, 0.19491982460021973, -11.399739265441895
383, 1.0277915000915527, 0.19491982460021973, -11.399739265441895
384, 1.0277915000915527, 0.19491982460021973, -11.399739265441895
385, 1.0277915000915527, 0.19491982460021973, -11.399739265441895
386, 1.0277915000915527, 0.19491982460021973, -11.399739265441895
387, 1.0277915000915527, 0.19491982460021973, -11.399739265441895
388, 1.0277915000915527, 0.19491982460021973, -11.399739265441895
389, 1.0610448122024536, 0.19491982460021973, -11.151960372924805
390, 1.0942981243133545, 0.19491982460021973, -10.904181480407715
391, 1.1275514364242554, 0.19491982460021973, -10.656402587890625
392, 1.1608047485351562, 0.19491982460021973, -10.408623695373535
393, 1.1940580606460571, 0.19491982460021973, -10.160844802856445
394, 1.1940580606460571, 0.19491982460021973, -10.160844802856445
395, 1.3467456102371216, 0.19491982460021973, -9.962888717651367
396, 1.3467456102371216, 0.19491982460021973, -9.962888717651367
397, 1.3799989223480225, 0.18354980647563934, -9.715109825134277
398, 1.4132522344589233, 0.154946431517601, -9.467330932617188
399, 1.4465055465698242, 0.12634307146072388, -9.219552040100098
400, 1.479758858680725, 0.09773968905210495, -8.971773147583008
401, 1.513012170791626, 0.10543657839298248, -8.723994255065918
402, 1.5462654829025269, 0.11243727803230286, -8.476215362548828
403, 1.5795187950134277, 0.11831160634756088, -8.228436470031738
404, 1.6127721071243286, 0.0661478191614151, -7.980658054351807
405, 1.6460254192352295, 0.001762673258781433, -7.732879638671875
406, 1.6792787313461304, -0.005079984664916992, -7.485101222991943
407, 1.7125320434570312, -0.005079984664916992, -7.237322807312012
408, 1.7125320434570312, -0.005079984664916992, -7.237322807312012
409, 1.7125320434570312, -0.005079984664916992, -7.237322807312012
410, 1.583632230758667, -0.005079984664916992, -7.137899398803711
411, 1.583631157875061, -0.005079984664916992, -7.1378984451293945
412, 1.583631157875061, -0.005079984664916992, -7.1378984451293945
413, 1.4885401725769043, -0.005079984664916992, -6.906689167022705
414, 1.4885401725769043, -0.005079984664916992, -6.906689167022705
415, 1.4885401725769043, -0.005079984664916992, -6.906689167022705
416, 1.4885401725769043, -0.005079984664916992, -6.906689167022705
417, 1.2573308944702148, -0.005079984664916992, -7.001780033111572
418, 1.2573308944702148, -0.005079984664916992, -7.001780033111572
419, 1.009552240371704, -0.005079984664916992, -6.968526840209961
420, 0.7617736458778381, -0.005079984664916992, -6.93527364730835
421, 0.7617736458778381, -0.005079984664916992, -6.93527364730835
422, 0.5638177990913391, -0.005079984664916992, -6.782586097717285
423, 0.5638177990913391, -0.005079984664916992, -6.782586097717285
424, 0.4687267541885376, -0.005079984664916992, -6.551376819610596
425, 0.3736357092857361, -0.005079984664916992, -6.320167541503906
426, 0.27854466438293457, -0.005079984664916992, -6.088958263397217
427, 0.27854466438293457, -0.005079984664916992, -6.088958263397217
428, 0.31179800629615784, -0.005079984664916992, -5.841179847717285
429, 0.3450513482093811, -0.005079984664916992, -5.5934014320373535
430, 0.37830469012260437, -0.005079984664916992, -5.345623016357422
431, 0.41155803203582764, -0.005079984664916992, -5.09784460067749
432, 0.41155803203582764, -0.005079984664916992, -5.09784460067749
433, 0.5642455816268921, 0.08131111413240433, -4.89988899230957
434, 0.5642455816268921, 0.08131111413240433, -4.89988899230957
435, 0.597498893737793, 0.15277200937271118, -4.652110576629639
436, 0.6307522058486938, 0.19491982460021973, -4.404332160949707
437, 0.6640055179595947, 0.19491982460021973, -4.156553745269775
438, 0.6972588300704956, 0.19491982460021973, -3.9087750911712646
439, 0.6972588300704956, 0.19491982460021973, -3.9087750911712646
440, 0.6021677851676941, 0.19491982460021973, -3.677565813064575
441, 0.5070767402648926, 0.19491982460021973, -3.4463565349578857
442, 0.41198569536209106, 0.19491982460021973, -3.2151472568511963
443, 0.31689465045928955, 0.19491982460021973, -2.983937978744507
444, 0.22180360555648804, 0.19491982460021973, -2.7527287006378174
445, 0.12671256065368652, 0.19491982460021973, -2.521519422531128
446, 0.12671256065368652, 0.19491982460021973, -2.521519422531128
447, -0.0712433010339737, 0.19491982460021973, -2.3688318729400635
448, -0.2691991627216339, 0.19491982460021973, -2.216144323348999
449, -0.4671550393104553, 0.19491982460021973, -2.0634567737579346
450, -0.6651108860969543, 0.19491982460021973, -1.9107692241668701
451, -0.6651108860969543, 0.19491982460021973, -1.9107692241668701
452, -0.7602019309997559, 0.19491982460021973, -1.6795599460601807
453, -0.8552929759025574, 0.19491982460021973, -1.4483506679534912
454, -0.8552929759025574, 0.19491982460021973, -1.4483506679534912
455, -0.8220396041870117, 0.19491982460021973, -1.20057213306427
456, -0.7887862324714661, 0.19491982460021973, -0.9527935981750488
457, -0.7555328607559204, 0.19491982460021973, -0.7050150632858276
458, -0.7222794890403748, 0.19491982460021973, -0.45723649859428406
459, -0.7222794890403748, 0.19491982460021973, -0.45723649859428406
460, -0.5695919394493103, 0.19491982460021973, -0.25928065180778503
461, -0.41690438985824585, 0.19491982460021973, -0.06132480502128601
462, -0.41690438985824585, 0.19491982460021973, -0.06132480502128601
463, -0.18569515645503998, 0.19491982460021973, 0.0337662398815155
464, 0.045514076948165894, 0.19491982460021973, 0.12885728478431702
465, 0.27672332525253296, 0.19491982460021973, 0.22394832968711853
466, 0.5079325437545776, 0.19491982460021973, 0.31903937458992004
467, 0.7391417622566223, 0.19491982460021973, 0.41413041949272156
468, 0.970350980758667, 0.19491982460021973, 0.5092214345932007
469, 0.970350980758667, 0.19491982460021973, 0.5092214345932007
470, 1.1230385303497314, 0.19491982460021973, 0.7071773409843445
471, 1.1230385303497314, 0.19491982460021973, 0.7071773409843445
472, -6.097689151763916, 0.01920294761657715, 1.397275686264038
