1, 9.742618560791016, 2.8994359970092773, -1.1628353595733643
2, 9.742618560791016, 2.8994359970092773, -1.1628353595733643
3, 9.742618560791016, 2.8994359970092773, -1.1628353595733643
4, 9.742618560791016, 2.8994359970092773, -1.1628353595733643
5, 9.742618560791016, 2.8994359970092773, -1.1628353595733643
6, 9.742618560791016, 2.8994359970092773, -1.1628353595733643
7, 9.742618560791016, 2.8994359970092773, -1.1628353595733643
8, 9.742618560791016, 2.8994359970092773, -1.1628353595733643
9, 9.742618560791016, 2.8994359970092773, -1.1628353595733643
10, 9.742618560791016, 2.8994359970092773, -1.1628353595733643
11, 9.742618560791016, 2.8994359970092773, -1.1628353595733643
12, 9.742618560791016, 2.8994359970092773, -1.1628353595733643
13, 9.742618560791016, 2.8994359970092773, -1.1628353595733643
14, 9.742618560791016, 2.8994359970092773, -1.1628351211547852
15, 9.742618560791016, 2.8994359970092773, -1.1628351211547852
16, 9.742618560791016, 2.8994359970092773, -1.162834644317627
17, 9.742618560791016, 2.8994359970092773, -1.162834644317627
18, 9.81452465057373, 2.8994359970092773, -0.9233989119529724
19, 9.81452465057373, 2.8994359970092773, -0.9233989119529724
20, 9.81452465057373, 2.8994359970092773, -0.9233989119529724
21, 9.643120765686035, 2.8994359970092773, -0.7414082288742065
22, 9.47171688079834, 2.8994359970092773, -0.5594176054000854
23, 9.47171688079834, 2.8994359970092773, -0.5594176054000854
24, 9.232280731201172, 2.8994359970092773, -0.48751121759414673
25, 9.232280731201172, 2.8994359970092773, -0.48751121759414673
26, 9.232280731201172, 2.8994359970092773, -0.48751121759414673
27, 8.992844581604004, 2.8994359970092773, -0.415604829788208
28, 8.753408432006836, 2.8994359970092773, -0.3436984419822693
29, 8.753408432006836, 2.8994359970092773, -0.3436984419822693
30, 8.753408432006836, 2.8994359970092773, -0.3436984419822693
31, 8.753408432006836, 2.8994359970092773, -0.3436984419822693
32, 8.753408432006836, 2.8994359970092773, -0.3436984419822693
33, 8.753408432006836, 2.8994359970092773, -0.3436984419822693
34, 8.996719360351562, 2.8994359970092773, -0.28625330328941345
35, 8.996719360351562, 2.8994359970092773, -0.28625330328941345
36, 8.996719360351562, 2.8994359970092773, -0.28625330328941345
37, 8.996719360351562, 2.8994359970092773, -0.28625330328941345
38, 8.996719360351562, 2.8994359970092773, -0.28625330328941345
39, 8.996719360351562, 2.8994359970092773, -0.28625330328941345
40, 8.757283210754395, 2.8994359970092773, -0.21434691548347473
41, 8.517847061157227, 2.8994359970092773, -0.142440527677536
42, 8.517847061157227, 2.8994359970092773, -0.142440527677536
43, 8.517847061157227, 2.8994359970092773, -0.142440527677536
44, 8.517847061157227, 2.8994359970092773, -0.142440527677536
45, 8.517847061157227, 2.8994359970092773, -0.142440527677536
46, 8.517847061157227, 2.8994359970092773, -0.142440527677536
47, 8.689250946044922, 2.8994359970092773, -0.3244311511516571
48, 8.689250946044922, 2.8994359970092773, -0.3244311511516571
49, 8.92868709564209, 2.8994359970092773, -0.3963375687599182
50, 9.168123245239258, 2.8994359970092773, -0.46824395656585693
51, 9.407559394836426, 2.8994359970092773, -0.5401503443717957
52, 9.646995544433594, 2.8994359970092773, -0.6120567321777344
53, 9.886431694030762, 2.8994359970092773, -0.6839631199836731
54, 10.12586784362793, 2.8994359970092773, -0.7558695077896118
55, 10.365303993225098, 2.8994359970092773, -0.8277758955955505
56, 10.604740142822266, 2.8994359970092773, -0.8996822834014893
57, 10.844176292419434, 2.8994359970092773, -0.971588671207428
58, 10.844176292419434, 2.8994359970092773, -0.971588671207428
59, 11.08748722076416, 2.8994359970092773, -0.9141435623168945
60, 11.330798149108887, 2.8994359970092773, -0.8566984534263611
61, 11.574109077453613, 2.8994359970092773, -0.7992533445358276
62, 11.81742000579834, 2.8994359970092773, -0.7418082356452942
63, 12.060730934143066, 2.8994359970092773, -0.6843631267547607
64, 12.304041862487793, 2.8994359970092773, -0.6269180178642273
65, 12.54735279083252, 2.8994359970092773, -0.5694729089736938
66, 12.54735279083252, 2.8994359970092773, -0.5694729089736938
67, 12.786788940429688, 2.8994359970092773, -0.6413793563842773
68, 13.026225090026855, 2.8994359970092773, -0.7132858037948608
69, 13.026225090026855, 2.8994359970092773, -0.7132858037948608
70, 13.026225090026855, 2.8994359970092773, -0.7132858037948608
71, 13.026225090026855, 2.8994359970092773, -0.7132858037948608
72, 13.026225090026855, 2.8994359970092773, -0.7132858037948608
73, 13.026225090026855, 2.8994359970092773, -0.7132858037948608
74, 13.269536018371582, 2.8994359970092773, -0.6558407545089722
75, 13.269536018371582, 2.8994359970092773, -0.6558407545089722
76, 13.392194747924805, 2.8994359970092773, -0.5403176546096802
77, 13.392194747924805, 2.8994359970092773, -0.5403176546096802
78, 13.392194747924805, 2.8994359970092773, -0.5403176546096802
79, 13.392194747924805, 2.8994359970092773, -0.5403176546096802
80, 13.392194747924805, 2.8994359970092773, -0.5403176546096802
81, 13.392194747924805, 2.8994359970092773, -0.540317714214325
82, 13.392194747924805, 2.8994359970092773, -0.540317714214325
83, 13.148883819580078, 2.8994359970092773, -0.5977627635002136
84, 12.905572891235352, 2.8994359970092773, -0.6552078127861023
85, 12.662261962890625, 2.8994359970092773, -0.712652862071991
86, 12.662261962890625, 2.8994359970092773, -0.712652862071991
87, 12.422825813293457, 2.8994359970092773, -0.6407463550567627
88, 12.422825813293457, 2.8994359970092773, -0.6407463550567627
89, 12.17951488494873, 2.8994359970092773, -0.6981914043426514
90, 11.936203956604004, 2.8994359970092773, -0.75563645362854
91, 11.692893028259277, 2.8994359970092773, -0.8130815029144287
92, 11.44958209991455, 2.8994359970092773, -0.8705265522003174
93, 11.206271171569824, 2.8994359970092773, -0.927971601486206
94, 11.206271171569824, 2.8994359970092773, -0.927971601486206
95, 10.966835021972656, 2.8994359970092773, -0.8560651540756226
96, 10.727398872375488, 2.8994359970092773, -0.7841587066650391
97, 10.48796272277832, 2.8994359970092773, -0.7122522592544556
98, 10.248526573181152, 2.8994359970092773, -0.6403458118438721
99, 10.009090423583984, 2.8994359970092773, -0.5684393644332886
100, 9.769654273986816, 2.8994359970092773, -0.4965328872203827
101, 9.530218124389648, 2.8994359970092773, -0.4246264100074768
102, 9.29078197479248, 2.8994359970092773, -0.3527199327945709
103, 9.051345825195312, 2.8994359970092773, -0.28081345558166504
104, 8.811909675598145, 2.8994359970092773, -0.20890697836875916
105, 8.572473526000977, 2.8994359970092773, -0.13700050115585327
106, 8.333037376403809, 2.8994359970092773, -0.06509402394294739
107, 8.333037376403809, 2.8994359970092773, -0.06509402394294739
108, 8.089726448059082, 2.8994359970092773, -0.12253905832767487
109, 7.846415996551514, 2.8994359970092773, -0.17998409271240234
110, 7.603105545043945, 2.8994359970092773, -0.23742912709712982
111, 7.603105545043945, 2.8994359970092773, -0.23742912709712982
112, 7.603105545043945, 2.8994359970092773, -0.23742912709712982
113, 7.603105545043945, 2.8994359970092773, -0.23742912709712982
114, 7.421114921569824, 2.8994359970092773, -0.4088333249092102
115, 7.239124298095703, 2.8994359970092773, -0.5802375078201294
116, 7.239124298095703, 2.8994359970092773, -0.5802375078201294
117, 6.995813846588135, 2.8994359970092773, -0.6376825571060181
118, 6.752503395080566, 2.8994359970092773, -0.6951276063919067
119, 6.559202194213867, 2.8994359970092773, -0.7407655715942383
120, 6.559202194213867, 2.8994359970092773, -0.7407655715942383
121, 6.319766521453857, 2.8994359970092773, -0.6688591241836548
122, 6.080330848693848, 2.8994359970092773, -0.5969526767730713
123, 5.840895175933838, 2.8994359970092773, -0.5250462293624878
124, 5.601459503173828, 2.8994359970092773, -0.4531397521495819
125, 5.601459503173828, 2.8994359970092773, -0.4531397521495819
126, 5.35814905166626, 2.8994359970092773, -0.5105847716331482
127, 5.114838600158691, 2.8994359970092773, -0.5680298209190369
128, 4.871528148651123, 2.8994359970092773, -0.6254748702049255
129, 4.628217697143555, 2.8994359970092773, -0.6829199194908142
130, 4.628217697143555, 2.8994359970092773, -0.6829199194908142
131, 4.566799163818359, 2.8994359970092773, -0.7407655715942383
132, 4.566799163818359, 2.8994359970092773, -0.7407655715942383
133, 4.566799163818359, 2.8994359970092773, -0.7407655715942383
134, 4.566799163818359, 2.8994359970092773, -0.7407655715942383
135, 4.566799163818359, 2.8994359970092773, -0.7407655715942383
136, 4.32736349105835, 2.8994359970092773, -0.6688591241836548
137, 4.32736349105835, 2.8994359970092773, -0.6688591241836548
138, 4.155959129333496, 2.8994359970092773, -0.48686841130256653
139, 3.9845550060272217, 2.8994359970092773, -0.30487769842147827
140, 3.9845550060272217, 2.8994359970092773, -0.30487769842147827
141, 3.745119333267212, 2.8994359970092773, -0.2329712212085724
142, 3.745119333267212, 2.8994359970092773, -0.2329712212085724
143, 3.745119333267212, 2.8994359970092773, -0.2329712212085724
144, 3.745119333267212, 2.8994359970092773, -0.2329712212085724
145, 3.745119333267212, 2.8994359970092773, -0.2329712212085724
146, 3.745119333267212, 2.8994359970092773, -0.2329712212085724
147, 3.838874578475952, 2.8994359970092773, -0.332517147064209
148, 3.838874578475952, 2.8994359970092773, -0.33251720666885376
149, 3.838874578475952, 2.8994359970092773, -0.33251720666885376
150, 4.078310489654541, 2.8994359970092773, -0.40442365407943726
151, 4.078310489654541, 2.8994359970092773, -0.40442365407943726
152, 4.078310489654541, 2.8994359970092773, -0.40442365407943726
153, 4.078310489654541, 2.8994359970092773, -0.40442365407943726
154, 4.078310489654541, 2.8994359970092773, -0.40442365407943726
155, 4.078310489654541, 2.8994359970092773, -0.40442365407943726
156, 4.078310489654541, 2.8994359970092773, -0.40442365407943726
157, 3.8388748168945312, 2.8994359970092773, -0.33251717686653137
158, 3.838874578475952, 2.8994359970092773, -0.3325170874595642
159, 3.838874578475952, 2.8994359970092773, -0.3325170874595642
160, 3.6674704551696777, 2.8994359970092773, -0.15052637457847595
161, 3.6674704551696777, 2.8994359970092773, -0.15052637457847595
162, 3.6674704551696777, 2.8994359970092773, -0.15052637457847595
163, 3.4241597652435303, 2.8994359970092773, -0.20797140896320343
164, 3.180849075317383, 2.8994359970092773, -0.2654164433479309
165, 3.180849075317383, 2.8994359970092773, -0.2654164433479309
166, 3.180849075317383, 2.8994359970092773, -0.2654164433479309
167, 3.180849075317383, 2.8994359970092773, -0.2654164433479309
168, 3.180849075317383, 2.8994359970092773, -0.2654164433479309
169, 3.180849075317383, 2.8994359970092773, -0.2654164433479309
170, 3.180849075317383, 2.8994359970092773, -0.2654164433479309
171, 3.4241597652435303, 2.8994359970092773, -0.20797139406204224
172, 3.6674704551696777, 2.8994359970092773, -0.15052634477615356
173, 3.6674704551696777, 2.8994359970092773, -0.15052634477615356
174, 3.9069061279296875, 2.8994359970092773, -0.22243277728557587
175, 3.9069061279296875, 2.8994359970092773, -0.22243277728557587
176, 4.078310489654541, 2.8994359970092773, -0.40442344546318054
177, 4.2497148513793945, 2.8994359970092773, -0.586414098739624
178, 4.2497148513793945, 2.8994359970092773, -0.586414098739624
179, 4.307159900665283, 2.8994359970092773, -0.8297247290611267
180, 4.364604949951172, 2.8994359970092773, -1.0730353593826294
181, 4.364604949951172, 2.8994359970092773, -1.0730353593826294
182, 4.364604949951172, 2.8994359970092773, -1.0730353593826294
183, 4.364604949951172, 2.8994359970092773, -1.0730353593826294
184, 4.364604949951172, 2.8994359970092773, -1.0730353593826294
185, 4.364604949951172, 2.8994359970092773, -1.0730353593826294
186, 4.364604949951172, 2.8994359970092773, -1.0730353593826294
187, 4.307159900665283, 2.8994359970092773, -0.8297247290611267
188, 4.2497148513793945, 2.8994359970092773, -0.586414098739624
189, 4.2497148513793945, 2.8994359970092773, -0.586414098739624
190, 4.078310489654541, 2.8994359970092773, -0.40442338585853577
