1, -5.397788047790527, 3.219202995300293, 3.369933843612671
2, -5.397788047790527, 3.219202995300293, 3.369933843612671
3, -5.397788047790527, 3.219202995300293, 3.369933843612671
4, -5.397788047790527, 3.219202995300293, 3.369933843612671
5, -5.397788047790527, 3.219202995300293, 3.369933843612671
6, -5.397788047790527, 3.219202995300293, 3.369933843612671
7, -5.397788047790527, 3.219202995300293, 3.369933843612671
8, -5.397788047790527, 3.219202995300293, 3.369933843612671
9, -5.397788047790527, 3.219202995300293, 3.369933843612671
10, -5.397788047790527, 3.219202995300293, 3.369933843612671
11, -5.397788047790527, 3.219202995300293, 3.369933843612671
12, -5.397788047790527, 3.219202995300293, 3.369933843612671
13, -5.397788047790527, 3.219202995300293, 3.369933843612671
14, -5.397788047790527, 3.219202995300293, 3.369933843612671
15, -5.454284191131592, 3.219202995300293, 3.12640118598938
16, -5.510780334472656, 3.219202995300293, 2.882868528366089
17, -5.510780334472656, 3.219202995300293, 2.882868528366089
18, -5.437941074371338, 3.219202995300293, 2.6437149047851562
19, -5.437941074371338, 3.219202995300293, 2.6437149047851562
20, -5.255283832550049, 3.219202995300293, 2.4730215072631836
21, -5.07262659072876, 3.219202995300293, 2.302328109741211
22, -5.07262659072876, 3.219202995300293, 2.302328109741211
23, -5.07262659072876, 3.219202995300293, 2.302328109741211
24, -5.07262659072876, 3.219202995300293, 2.302328109741211
25, -5.243319988250732, 3.219202995300293, 2.1196706295013428
26, -5.243319988250732, 3.219202995300293, 2.1196706295013428
27, -5.482473850250244, 3.1423308849334717, 2.0468313694000244
28, -5.482473850250244, 3.1423308849334717, 2.0468313694000244
29, -5.726006507873535, 3.0634708404541016, 2.103327512741089
30, -5.969539165496826, 3.1876955032348633, 2.1598236560821533
31, -6.213071823120117, 3.219202995300293, 2.2163197994232178
32, -6.456604480743408, 3.076772689819336, 2.2728159427642822
33, -6.700137138366699, 3.169111728668213, 2.3293120861053467
34, -6.700137138366699, 3.169111728668213, 2.3293120861053467
35, -6.768573760986328, 3.219202995300293, 2.393266439437866
36, -6.768573760986328, 3.219202995300293, 2.393266439437866
37, -6.768573760986328, 3.219202995300293, 2.393266439437866
38, -6.768573760986328, 3.219202995300293, 2.393266439437866
39, -6.768573760986328, 3.219202995300293, 2.393266439437866
40, -6.768573760986328, 3.219202995300293, 2.393266439437866
41, -6.768573760986328, 3.219202995300293, 2.393266439437866
42, -7.00772762298584, 3.206326723098755, 2.320427179336548
43, -7.00772762298584, 3.206326723098755, 2.320427179336548
44, -7.00772762298584, 3.206326723098755, 2.320427179336548
45, -7.00772762298584, 3.206326723098755, 2.320427179336548
46, -7.00772762298584, 3.206326723098755, 2.320427179336548
47, -7.00772762298584, 3.206326723098755, 2.320427179336548
48, -7.00772762298584, 3.206326723098755, 2.320427179336548
49, -7.00772762298584, 3.206326723098755, 2.320427179336548
50, -7.00772762298584, 3.206326723098755, 2.320427179336548
51, -7.00772762298584, 3.206326723098755, 2.320427179336548
52, -7.00772762298584, 3.206326723098755, 2.320427179336548
53, -7.00772762298584, 3.206326723098755, 2.320427179336548
54, -7.00772762298584, 3.206326723098755, 2.320427179336548
55, -6.768573760986328, 3.219202995300293, 2.393266439437866
56, -6.768573760986328, 3.219202995300293, 2.393266439437866
57, -6.525041103363037, 3.1477770805358887, 2.3367702960968018
58, -6.281508445739746, 3.219202995300293, 2.2802741527557373
59, -6.037975788116455, 3.205899477005005, 2.223778009414673
60, -5.794443130493164, 3.081738233566284, 2.1672818660736084
61, -5.550910472869873, 3.1046361923217773, 2.110785722732544
62, -5.307377815246582, 3.219202995300293, 2.0542895793914795
63, -5.307377815246582, 3.219202995300293, 2.0542895793914795
64, -5.124720573425293, 3.219202995300293, 1.8835960626602173
65, -5.124720573425293, 3.219202995300293, 1.8835960626602173
66, -5.051881313323975, 3.18449330329895, 1.6444424390792847
67, -4.979042053222656, 3.0397496223449707, 1.405288815498352
68, -4.906202793121338, 3.0192031860351562, 1.1661351919174194
69, -4.906202793121338, 3.0192031860351562, 1.1661351919174194
70, -4.962698936462402, 3.0192031860351562, 0.9226024746894836
71, -5.019195079803467, 3.0192031860351562, 0.6790697574615479
72, -5.075691223144531, 3.099074125289917, 0.43553704023361206
73, -5.132187366485596, 3.219202995300293, 0.19200433790683746
74, -5.132187366485596, 3.219202995300293, 0.19200433790683746
75, -5.084985256195068, 3.219202995300293, 0.03702497482299805
76, -5.084985256195068, 3.219202995300293, 0.03702497482299805
77, -5.084985256195068, 3.219202995300293, 0.03702497482299805
78, -5.084985256195068, 3.219202995300293, 0.03702497482299805
79, -5.084985256195068, 3.219202995300293, 0.03702497482299805
80, -5.084985256195068, 3.219202995300293, 0.03702497482299805
81, -5.084985256195068, 3.219202995300293, 0.03702497482299805
82, -5.084985256195068, 3.219202995300293, 0.03702497482299805
83, -5.084985256195068, 3.219202995300293, 0.03702497482299805
84, -5.084985256195068, 3.219202995300293, 0.03702497482299805
85, -5.084985256195068, 3.219202995300293, 0.03702497482299805
86, -5.084985256195068, 3.219202995300293, 0.03702497482299805
87, -5.084985256195068, 3.219202995300293, 0.03702497482299805
88, -5.084985256195068, 3.219202995300293, 0.03702497482299805
89, -5.084985256195068, 3.219202995300293, 0.03702497482299805
90, -5.084985256195068, 3.219202995300293, 0.03702497482299805
91, -5.004673957824707, 3.219202995300293, 0.06148551404476166
92, -6.030627727508545, 0.01920294761657715, 2.837521553039551
