1, -3.3830173015594482, 3.1633780002593994, -5.623631954193115
2, -3.3830173015594482, 3.1633780002593994, -5.623631954193115
3, -3.3830173015594482, 3.1633780002593994, -5.623631954193115
4, -3.3830173015594482, 3.1633780002593994, -5.623631954193115
5, -3.3830173015594482, 3.1633780002593994, -5.623631954193115
6, -3.3830173015594482, 3.1633780002593994, -5.623631954193115
7, -3.3830173015594482, 3.1633780002593994, -5.623631954193115
8, -3.3830173015594482, 3.1633780002593994, -5.623631954193115
9, -3.3830173015594482, 3.1633780002593994, -5.623631954193115
10, -3.3830173015594482, 3.1633780002593994, -5.623631954193115
11, -3.3830173015594482, 3.1633780002593994, -5.623631954193115
12, -3.3830173015594482, 3.1633780002593994, -5.623631954193115
13, -3.555377721786499, 3.1633780002593994, -5.442546844482422
14, -3.555377721786499, 3.1633780002593994, -5.442546844482422
15, -3.7951889038085938, 3.1633780002593994, -5.3719024658203125
16, -3.7951889038085938, 3.1633780002593994, -5.3719024658203125
17, -3.7951889038085938, 3.1633780002593994, -5.3719024658203125
18, -3.7951889038085938, 3.1633780002593994, -5.3719024658203125
19, -3.7951889038085938, 3.1633780002593994, -5.3719024658203125
20, -3.7951889038085938, 3.1633780002593994, -5.3719024658203125
21, -3.7951889038085938, 3.1633780002593994, -5.3719024658203125
22, -3.7951889038085938, 3.1633780002593994, -5.3719024658203125
23, -3.7951889038085938, 3.1633780002593994, -5.3719024658203125
24, -4.035000324249268, 3.1633780002593994, -5.301258087158203
25, -4.035000324249268, 3.1633780002593994, -5.301258087158203
26, -4.035000324249268, 3.1633780002593994, -5.301258087158203
27, -4.035000324249268, 3.1633780002593994, -5.301258087158203
28, -4.035000324249268, 3.1633780002593994, -5.301258087158203
29, -4.035000324249268, 3.1633780002593994, -5.301258087158203
30, -4.035000324249268, 3.1633780002593994, -5.301258087158203
31, -4.035000324249268, 3.1633780002593994, -5.301258087158203
32, -4.035000324249268, 3.1633780002593994, -5.301258087158203
33, -4.035000324249268, 3.1633780002593994, -5.301258087158203
34, -4.035000324249268, 3.1633780002593994, -5.301258087158203
35, -4.035000324249268, 3.1633780002593994, -5.301258087158203
36, -3.7919957637786865, 3.1633780002593994, -5.242532253265381
37, -3.7919957637786865, 3.1633780002593994, -5.242532253265381
38, -3.7919957637786865, 3.1633780002593994, -5.242532253265381
39, -3.7919957637786865, 3.1633780002593994, -5.242532253265381
40, -3.7919957637786865, 3.1633780002593994, -5.242532253265381
41, -3.7919957637786865, 3.1633780002593994, -5.242532253265381
42, -4.031806945800781, 3.1633780002593994, -5.17188835144043
43, -4.031806945800781, 3.1633780002593994, -5.17188835144043
44, -4.031806945800781, 3.1633780002593994, -5.17188835144043
45, -4.031806945800781, 3.1633780002593994, -5.17188835144043
46, -4.031806945800781, 3.1633780002593994, -5.17188835144043
47, -4.031806945800781, 3.1633780002593994, -5.17188835144043
48, -4.031806945800781, 3.1633780002593994, -5.17188835144043
49, -4.031806945800781, 3.1633780002593994, -5.17188835144043
50, -3.7888023853302, 3.1633780002593994, -5.113162517547607
51, -3.7888023853302, 3.1633780002593994, -5.113162517547607
52, -3.7888023853302, 3.1633780002593994, -5.113162517547607
53, -3.7888023853302, 3.1633780002593994, -5.113162517547607
54, -3.7888023853302, 3.1633780002593994, -5.113162517547607
55, -3.7888023853302, 3.1633780002593994, -5.113162517547607
56, -3.8368632793426514, 3.1633780002593994, -4.9142889976501465
57, -3.8368632793426514, 3.1633780002593994, -4.9142889976501465
58, -3.8368632793426514, 3.1633780002593994, -4.9142889976501465
59, -3.8368632793426514, 3.1633780002593994, -4.9142889976501465
60, -3.8368632793426514, 3.1633780002593994, -4.9142889976501465
61, -3.8368632793426514, 3.1633780002593994, -4.9142889976501465
62, -4.079867839813232, 3.1633780002593994, -4.973014831542969
63, -4.079867839813232, 3.1633780002593994, -4.973014831542969
64, -4.079867839813232, 3.1633780002593994, -4.973014831542969
65, -4.079867839813232, 3.1633780002593994, -4.973014831542969
66, -4.079867839813232, 3.1633780002593994, -4.973014831542969
67, -4.060778617858887, 3.1633780002593994, -4.908213138580322
68, -4.060778617858887, 3.1633780002593994, -4.908213138580322
69, -4.060778617858887, 3.1633780002593994, -4.908213138580322
70, -4.060778617858887, 3.1633780002593994, -4.908213138580322
71, -4.060778617858887, 3.1633780002593994, -4.908213138580322
72, -4.060778617858887, 3.1633780002593994, -4.908213138580322
73, -4.060778617858887, 3.1633780002593994, -4.908213138580322
74, -4.060778617858887, 3.1633780002593994, -4.908213138580322
75, -4.060778617858887, 3.1633780002593994, -4.908213138580322
76, -4.060778617858887, 3.1633780002593994, -4.908213138580322
77, -4.24186372756958, 3.1633780002593994, -5.080573558807373
78, -4.24186372756958, 3.1633780002593994, -5.080573558807373
79, -4.24186372756958, 3.1633780002593994, -5.080573558807373
80, -4.24186372756958, 3.1633780002593994, -5.080573558807373
81, -4.24186372756958, 3.1633780002593994, -5.080573558807373
82, -4.24186372756958, 3.1633780002593994, -5.080573558807373
83, -4.209305286407471, 3.1633780002593994, -4.970048427581787
84, -4.209305286407471, 3.1633780002593994, -4.970048427581787
85, -4.209305286407471, 3.1633780002593994, -4.970048427581787
86, -4.209305286407471, 3.1633780002593994, -4.970048427581787
87, -4.209305286407471, 3.1633780002593994, -4.970048427581787
88, -4.209305286407471, 3.1633780002593994, -4.970048427581787
89, -4.209305286407471, 3.1633780002593994, -4.970048427581787
90, -4.209305763244629, 3.1633780002593994, -4.970048427581787
91, -4.209305763244629, 3.1633780002593994, -4.970048427581787
92, -4.452310562133789, 3.1633780002593994, -5.028774261474609
93, -4.695315361022949, 3.1633780002593994, -5.087500095367432
94, -4.938320159912109, 3.1633780002593994, -5.146225929260254
95, -4.938320159912109, 3.1633780002593994, -5.146225929260254
96, -5.178131580352783, 3.1633780002593994, -5.0755815505981445
97, -5.417943000793457, 3.1633780002593994, -5.004937171936035
98, -5.657754421234131, 3.1633780002593994, -4.934292793273926
99, -5.657754421234131, 3.1633780002593994, -4.934292793273926
100, -5.668617248535156, 3.1633780002593994, -4.922880172729492
101, -5.668617248535156, 3.1633780002593994, -4.922880172729492
102, -5.668617248535156, 3.1633780002593994, -4.922880172729492
103, -5.668617248535156, 3.1633780002593994, -4.922880172729492
104, -5.911622047424316, 3.1633780002593994, -4.9816060066223145
105, -5.911622047424316, 3.1633780002593994, -4.9816060066223145
106, -5.911622047424316, 3.1633780002593994, -4.9816060066223145
107, -6.083982467651367, 3.1633780002593994, -4.800520896911621
108, -6.083982467651367, 3.1633780002593994, -4.800520896911621
109, -6.083982467651367, 3.1633780002593994, -4.800520896911621
110, -6.083982467651367, 3.1633780002593994, -4.800520896911621
111, -6.1427083015441895, 3.1633780002593994, -4.557516098022461
112, -6.562712669372559, 3.1633780002593994, -3.5580434799194336
