1, -1.7821301221847534, 0.19491982460021973, 0.3653046786785126
2, -1.7821301221847534, 0.19491982460021973, 0.3653046786785126
3, -1.7821301221847534, 0.19491982460021973, 0.3653046786785126
4, -1.7821301221847534, 0.19491982460021973, 0.3653046786785126
5, -1.7821301221847534, 0.19491982460021973, 0.3653046786785126
6, -1.7821301221847534, 0.19491982460021973, 0.3653046786785126
7, -1.7821301221847534, 0.19491982460021973, 0.3653046786785126
8, -1.7821301221847534, 0.19491982460021973, 0.3653046786785126
9, -1.7821301221847534, 0.19491982460021973, 0.3653046786785126
10, -1.7821301221847534, 0.19491982460021973, 0.3653046786785126
11, -1.7821301221847534, 0.19491982460021973, 0.3653046786785126
12, -1.7821301221847534, 0.19491982460021973, 0.3653046786785126
13, -1.7821301221847534, 0.19491982460021973, 0.3653046786785126
14, -1.7821301221847534, 0.19491982460021973, 0.3653046786785126
15, -1.7821301221847534, 0.19491982460021973, 0.3653046786785126
16, -1.5450764894485474, 0.19491982460021973, 0.44471248984336853
17, -1.5450764894485474, 0.19491982460021973, 0.44471248984336853
18, -1.5450764894485474, 0.19491982460021973, 0.44471248984336853
19, -1.3577804565429688, 0.19491982460021973, 0.279121994972229
20, -1.1704844236373901, 0.19491982460021973, 0.11353150010108948
21, -0.9831884503364563, 0.19491982460021973, -0.05205899477005005
22, -0.9831884503364563, 0.19491982460021973, -0.05205899477005005
23, -0.9037806391716003, 0.19491982460021973, -0.28911256790161133
24, -0.8243728280067444, 0.19491982460021973, -0.5261661410331726
25, -0.7449650168418884, 0.19491982460021973, -0.7632197141647339
26, -0.7449650168418884, 0.19491982460021973, -0.7632197141647339
27, -0.7449650168418884, 0.19491982460021973, -0.7632197141647339
28, -0.9105555415153503, 0.19491982460021973, -0.9505156874656677
29, -0.9105555415153503, 0.19491982460021973, -0.9505156874656677
30, -0.9105555415153503, 0.19491982460021973, -0.9505156874656677
31, -0.9105555415153503, 0.19491982460021973, -0.9505156874656677
32, -0.9105555415153503, 0.19491982460021973, -0.9505156874656677
33, -0.9886192083358765, 0.19491982460021973, -1.0388118028640747
34, -0.9886192083358765, 0.19491982460021973, -1.0388118028640747
35, -0.9886192083358765, 0.19491982460021973, -1.0388118028640747
36, -0.9886192083358765, 0.19491982460021973, -1.0388118028640747
37, -0.9886192083358765, 0.19491982460021973, -1.0388118028640747
38, -0.9886192083358765, 0.19491982460021973, -1.0388118028640747
39, -0.9886192083358765, 0.19491982460021973, -1.0388118028640747
40, -0.9092113971710205, 0.19491982460021973, -1.2758654356002808
41, -0.9092113971710205, 0.19491982460021973, -1.2758654356002808
42, -0.9092113971710205, 0.19491982460021973, -1.2758654356002808
43, -0.9705910086631775, 0.19491982460021973, -1.3452906608581543
44, -0.9705910086631775, 0.19491982460021973, -1.3452906608581543
45, -0.9705910086631775, 0.19491982460021973, -1.3452906608581543
46, -0.9705910086631775, 0.19491982460021973, -1.3452906608581543
47, -0.9705910086631775, 0.19491982460021973, -1.3452906608581543
48, -0.9705910086631775, 0.19491982460021973, -1.3452906608581543
49, -0.9705910086631775, 0.19491982460021973, -1.3452906608581543
50, -0.9705910086631775, 0.19491982460021973, -1.3452906608581543
51, -0.9705910682678223, 0.19491982460021973, -1.3452905416488647
52, -0.9705910682678223, 0.19491982460021973, -1.3452905416488647
53, -0.9705910682678223, 0.19491982460021973, -1.3452905416488647
54, -0.9705910682678223, 0.19491982460021973, -1.3452905416488647
55, -0.9705910682678223, 0.19491982460021973, -1.3452905416488647
56, -0.9705910682678223, 0.19491982460021973, -1.3452905416488647
57, -0.9705910682678223, 0.19491982460021973, -1.3452905416488647
58, -0.9705910682678223, 0.19491982460021973, -1.3452905416488647
59, -0.9705910682678223, 0.19491982460021973, -1.3452905416488647
60, -0.9705910682678223, 0.19491982460021973, -1.3452905416488647
61, -0.8911832571029663, 0.19491982460021973, -1.5823441743850708
62, -0.8911832571029663, 0.19491982460021973, -1.5823441743850708
63, -0.7038872838020325, 0.19491982460021973, -1.7479346990585327
64, -0.5165913105010986, 0.19491982460021973, -1.9135252237319946
65, -0.5165913105010986, 0.19491982460021973, -1.9135252237319946
66, -0.43718352913856506, 0.19491982460021973, -2.150578737258911
67, -0.43718352913856506, 0.19491982460021973, -2.150578737258911
68, -0.43718352913856506, 0.19491982460021973, -2.150578737258911
69, -0.43718352913856506, 0.19491982460021973, -2.150578737258911
70, -0.43718352913856506, 0.19491982460021973, -2.150578737258911
71, -0.43718352913856506, 0.19491982460021973, -2.150578737258911
72, -0.43718352913856506, 0.19491982460021973, -2.150578737258911
73, -0.43718352913856506, 0.19491982460021973, -2.150578737258911
74, -0.43718352913856506, 0.19491982460021973, -2.150578737258911
75, -0.43718352913856506, 0.19491982460021973, -2.150578737258911
76, -0.6742371320724487, 0.19491982460021973, -2.2299864292144775
77, -0.6742371320724487, 0.19491982460021973, -2.2299864292144775
78, -0.9192354679107666, 0.19491982460021973, -2.1802287101745605
79, 2.299659013748169, 2.794919967651367, -10.662853240966797
