1, 5.677190780639648, 2.8994359970092773, -0.7407655715942383
2, 5.677190780639648, 2.8994359970092773, -0.7407655715942383
3, 5.677190780639648, 2.8994359970092773, -0.7407655715942383
4, 5.677190780639648, 2.8994359970092773, -0.7407655715942383
5, 5.677190780639648, 2.8994359970092773, -0.7407655715942383
6, 5.677190780639648, 2.8994359970092773, -0.7407655715942383
7, 5.677190780639648, 2.8994359970092773, -0.7407655715942383
8, 5.677190780639648, 2.8994359970092773, -0.7407655715942383
9, 5.677190780639648, 2.8994359970092773, -0.7407655715942383
10, 5.677190780639648, 2.8994359970092773, -0.7407655715942383
11, 5.677190780639648, 2.8994359970092773, -0.7407655715942383
12, 5.677190780639648, 2.8994359970092773, -0.7407655715942383
13, 5.677190780639648, 2.8994359970092773, -0.7407655715942383
14, 5.677190780639648, 2.8994359970092773, -0.7407655715942383
15, 5.677190780639648, 2.8994359970092773, -0.7407655715942383
16, 5.677190780639648, 2.8994359970092773, -0.7407655715942383
17, 5.677190780639648, 2.8994359970092773, -0.7407655715942383
18, 5.460770606994629, 2.8994359970092773, -0.615616500377655
19, 5.460770606994629, 2.8994359970092773, -0.615616500377655
20, 5.460770606994629, 2.8994359970092773, -0.615616500377655
21, 5.460770606994629, 2.8994359970092773, -0.615616500377655
22, 5.210770606994629, 2.8994359970092773, -0.6154443025588989
23, 4.960770606994629, 2.8994359970092773, -0.6152721047401428
24, 4.710770606994629, 2.8994359970092773, -0.6150999069213867
25, 4.460770606994629, 2.8994359970092773, -0.6149277091026306
26, 4.460770606994629, 2.8994359970092773, -0.6149277091026306
27, 4.244350433349609, 2.8994359970092773, -0.48977863788604736
28, 4.02793025970459, 2.8994359970092773, -0.3646295666694641
29, 4.02793025970459, 2.8994359970092773, -0.3646295666694641
30, 4.02793025970459, 2.8994359970092773, -0.3646295666694641
31, 3.8115100860595703, 2.8994359970092773, -0.23948049545288086
32, 3.8115100860595703, 2.8994359970092773, -0.23948049545288086
33, 3.8115100860595703, 2.8994359970092773, -0.23948049545288086
34, 3.8115100860595703, 2.8994359970092773, -0.23948049545288086
35, 3.8115100860595703, 2.8994359970092773, -0.23948049545288086
36, 3.8115100860595703, 2.8994359970092773, -0.23948049545288086
37, 3.5615100860595703, 2.8994359970092773, -0.23930826783180237
38, 3.3115100860595703, 2.8994359970092773, -0.23913604021072388
39, 3.3115100860595703, 2.8994359970092773, -0.23913604021072388
40, 3.0949177742004395, 2.8994359970092773, -0.3639868497848511
41, 3.0949177742004395, 2.8994359970092773, -0.3639868497848511
42, 2.969768762588501, 2.8994359970092773, -0.5804070234298706
43, 19.352746963500977, 0.09943583607673645, -1.0249285697937012
