1, 0.2988831400871277, 3.219202995300293, 3.5208070278167725
2, 0.2988831400871277, 3.219202995300293, 3.5208070278167725
3, 0.2988831400871277, 3.219202995300293, 3.5208070278167725
4, 0.2988831400871277, 3.219202995300293, 3.5208070278167725
5, 0.2988831400871277, 3.219202995300293, 3.5208070278167725
6, 0.2988831400871277, 3.219202995300293, 3.5208070278167725
7, 0.2988831400871277, 3.219202995300293, 3.5208070278167725
8, 0.2988831400871277, 3.219202995300293, 3.5208070278167725
9, 0.2988831400871277, 3.219202995300293, 3.5208070278167725
10, 0.2988831400871277, 3.219202995300293, 3.5208070278167725
11, 0.2988831400871277, 3.219202995300293, 3.5208070278167725
12, 0.2988831400871277, 3.219202995300293, 3.5208070278167725
13, 0.2988831400871277, 3.219202995300293, 3.5208070278167725
14, 0.2988831400871277, 3.219202995300293, 3.5208070278167725
15, 0.2988831400871277, 3.219202995300293, 3.5208070278167725
16, 0.2988831400871277, 3.219202995300293, 3.5208070278167725
17, 0.3352891206741333, 3.219202995300293, 3.2734720706939697
18, 0.3352891206741333, 3.219202995300293, 3.2734720706939697
19, 0.24315010011196136, 3.219202995300293, 3.0410706996917725
20, 0.15101107954978943, 3.219202995300293, 2.808669328689575
21, 0.05887205898761749, 3.219202995300293, 2.576267957687378
22, 0.05887205898761749, 3.219202995300293, 2.576267957687378
23, -0.13712337613105774, 3.219202995300293, 2.421072006225586
24, -0.3331187963485718, 3.219202995300293, 2.265876054763794
25, -3.920745372772217, -0.18236055970191956, 2.9016287326812744
