1, -6.562712669372559, 3.1633780002593994, -3.5580434799194336
2, -6.562712669372559, 3.1633780002593994, -3.5580434799194336
3, -6.562712669372559, 3.1633780002593994, -3.5580434799194336
4, -6.562712669372559, 3.1633780002593994, -3.5580434799194336
5, -6.562712669372559, 3.1633780002593994, -3.5580434799194336
6, -6.562712669372559, 3.1633780002593994, -3.5580434799194336
7, -6.562712669372559, 3.1633780002593994, -3.5580434799194336
8, -6.562712669372559, 3.1633780002593994, -3.5580434799194336
9, -6.562712669372559, 3.1633780002593994, -3.5580434799194336
10, -6.562712669372559, 3.1633780002593994, -3.5580434799194336
11, -6.562712669372559, 3.1633780002593994, -3.5580434799194336
12, -6.562712669372559, 3.1633780002593994, -3.5580434799194336
13, -6.562712669372559, 3.1633780002593994, -3.5580434799194336
14, -6.562712669372559, 3.1633780002593994, -3.5580434799194336
15, -6.562712669372559, 3.1633780002593994, -3.5580434799194336
16, -6.60917329788208, 3.1633780002593994, -3.3450210094451904
17, -2.021216630935669, 3.1633780002593994, -7.896834373474121
