1, 1.154654860496521, 0.062047094106674194, -9.029182434082031
2, 1.154654860496521, 0.062047094106674194, -9.029182434082031
3, 1.154654860496521, 0.062047094106674194, -9.029182434082031
4, 1.154654860496521, 0.062047094106674194, -9.029182434082031
5, 1.154654860496521, 0.062047094106674194, -9.029182434082031
6, 1.154654860496521, 0.062047094106674194, -9.029182434082031
7, 1.154654860496521, 0.062047094106674194, -9.029182434082031
8, 1.154654860496521, 0.062047094106674194, -9.029182434082031
9, 1.154654860496521, 0.062047094106674194, -9.029182434082031
10, 1.154654860496521, 0.062047094106674194, -9.029182434082031
11, 1.154654860496521, 0.062047094106674194, -9.029182434082031
12, 1.154654860496521, 0.062047094106674194, -9.029182434082031
13, 1.2441023588180542, 0.042846664786338806, -8.795731544494629
14, 1.3335498571395874, 0.06765507161617279, -8.562280654907227
15, 1.4229973554611206, 0.08648610860109329, -8.328829765319824
16, 1.5124448537826538, 0.09029952436685562, -8.095378875732422
17, 1.601892352104187, 0.06764444708824158, -7.861928462982178
18, 1.6913398504257202, -0.005079984664916992, -7.628478050231934
19, 1.6913398504257202, -0.005079984664916992, -7.628478050231934
20, 1.65207839012146, -0.005079984664916992, -7.381580352783203
21, 1.6128169298171997, -0.005079984664916992, -7.134682655334473
22, 1.6128169298171997, -0.005079984664916992, -7.134682655334473
23, 1.6128169298171997, -0.005079984664916992, -7.134682655334473
24, 1.5602887868881226, -0.005079984664916992, -7.114556312561035
25, 1.5602887868881226, -0.005079984664916992, -7.114556312561035
26, 1.5602887868881226, -0.005079984664916992, -7.114556312561035
27, 1.5602887868881226, -0.005079984664916992, -7.114556312561035
28, 1.5602887868881226, -0.005079984664916992, -7.114556312561035
29, 1.5602887868881226, -0.005079984664916992, -7.114556312561035
30, 1.4028383493423462, -0.005079984664916992, -6.920367240905762
31, 1.4028383493423462, -0.005079984664916992, -6.920367240905762
32, 1.1693878173828125, -0.005079984664916992, -6.8309197425842285
33, 1.1692092418670654, -0.005079984664916992, -6.8308515548706055
34, 1.1692081689834595, -0.005079984664916992, -6.830851078033447
35, 1.1692081689834595, -0.005079984664916992, -6.830851078033447
36, 1.1692081689834595, -0.005079984664916992, -6.830851078033447
37, 1.1692081689834595, -0.005079984664916992, -6.830851078033447
38, 1.1692081689834595, -0.005079984664916992, -6.830851078033447
39, 1.1692081689834595, -0.005079984664916992, -6.830851078033447
40, 1.1692081689834595, -0.005079984664916992, -6.830851078033447
41, 1.1692081689834595, -0.005079984664916992, -6.830851078033447
42, 0.9223103523254395, -0.005079984664916992, -6.870112419128418
43, 0.9223103523254395, -0.005079984664916992, -6.870112419128418
44, 0.688859760761261, -0.005079984664916992, -6.780664920806885
45, 0.688859760761261, -0.005079984664916992, -6.780664920806885
46, 0.688859760761261, -0.005079984664916992, -6.780664920806885
47, 0.688859760761261, -0.005079984664916992, -6.780664920806885
48, 0.5314092636108398, -0.005079984664916992, -6.586475849151611
49, 0.3739587962627411, -0.005079984664916992, -6.392286777496338
50, 0.21650832891464233, -0.005079984664916992, -6.1980977058410645
51, 0.21650832891464233, -0.005079984664916992, -6.1980977058410645
52, 0.21650832891464233, -0.005079984664916992, -6.1980977058410645
53, 0.21650832891464233, -0.005079984664916992, -6.1980977058410645
54, -0.01694224774837494, -0.005079984664916992, -6.108650207519531
55, -0.2503928244113922, -0.005079984664916992, -6.019202709197998
56, -0.4838433861732483, -0.005079984664916992, -5.929755210876465
57, -0.7172939777374268, -0.005079984664916992, -5.840307712554932
58, -0.9507445693016052, -0.005079984664916992, -5.750860214233398
59, -1.1841951608657837, -0.005079984664916992, -5.661412715911865
60, -1.4176456928253174, -0.005079984664916992, -5.571965217590332
61, -1.4176456928253174, -0.005079984664916992, -5.571965217590332
62, -1.6645435094833374, -0.005079984664916992, -5.611227035522461
63, -1.6645435094833374, -0.005079984664916992, -5.611227035522461
64, -1.6645435094833374, -0.005079984664916992, -5.611227035522461
65, -1.6645435094833374, -0.005079984664916992, -5.611227035522461
66, -1.6645435094833374, -0.005079984664916992, -5.611227035522461
67, -1.6645435094833374, -0.005079984664916992, -5.611227035522461
68, -1.6645435094833374, -0.005079984664916992, -5.611227035522461
69, -1.4176456928253174, -0.005079984664916992, -5.571965217590332
70, -1.1707478761672974, -0.005079984664916992, -5.532703399658203
71, -0.9238500595092773, -0.005079984664916992, -5.493441581726074
72, -0.6769522428512573, -0.005079984664916992, -5.454179763793945
73, -0.4300544261932373, -0.005079984664916992, -5.414917945861816
74, -0.18315660953521729, -0.005079984664916992, -5.3756561279296875
75, -0.18315660953521729, -0.005079984664916992, -5.3756561279296875
76, 0.011032357811927795, -0.005079984664916992, -5.218205451965332
77, 0.20522132515907288, -0.005079984664916992, -5.060754776000977
78, 0.39941030740737915, 0.010289166122674942, -4.903304100036621
79, 0.39941030740737915, 0.010289166122674942, -4.903304100036621
80, 0.488857626914978, 0.15853290259838104, -4.669853687286377
81, 0.488857626914978, 0.15853290259838104, -4.669853687286377
82, 0.488857626914978, 0.15853290259838104, -4.669853687286377
83, 0.5783049464225769, 0.19491982460021973, -4.436403274536133
84, 0.5783049464225769, 0.19491982460021973, -4.436403274536133
85, 0.5390433073043823, 0.19491982460021973, -4.189505577087402
86, 0.5390433073043823, 0.19491982460021973, -4.189505577087402
87, 0.3815928101539612, 0.19491982460021973, -3.995316505432129
88, 0.3815928101539612, 0.19491982460021973, -3.995316505432129
89, 0.14814221858978271, 0.19491982460021973, -3.905869245529175
90, 0.14814221858978271, 0.19491982460021973, -3.905869245529175
91, 0.14814221858978271, 0.19491982460021973, -3.905869245529175
92, 0.14814221858978271, 0.19491982460021973, -3.905869245529175
93, 0.14814221858978271, 0.19491982460021973, -3.905869245529175
94, 0.14814221858978271, 0.19491982460021973, -3.905869245529175
95, 0.14814221858978271, 0.19491982460021973, -3.905869245529175
96, 0.38159283995628357, 0.19491982460021973, -3.995316505432129
97, 0.38159283995628357, 0.19491982460021973, -3.995316505432129
98, 0.5390433669090271, 0.19491982460021973, -4.189505577087402
99, 0.696493923664093, 0.19491982460021973, -4.383694648742676
100, 0.696493923664093, 0.19491982460021973, -4.383694648742676
101, 0.7357556223869324, 0.14734536409378052, -4.630592346191406
102, 0.7357556223869324, 0.14734536409378052, -4.630592346191406
103, 0.6463083624839783, 0.08501102030277252, -4.86404275894165
104, 0.6463083624839783, 0.08501102030277252, -4.86404275894165
105, 0.6463083624839783, 0.08501102030277252, -4.86404275894165
106, 0.6463083624839783, 0.08501102030277252, -4.86404275894165
107, 0.6463083624839783, 0.08501102030277252, -4.86404275894165
108, 0.6463083624839783, 0.08501102030277252, -4.86404275894165
109, 0.6070466637611389, 0.16889439523220062, -4.61714506149292
110, 0.5677849650382996, 0.19491982460021973, -4.3702473640441895
111, 0.5285232663154602, 0.19491982460021973, -4.123349666595459
112, 0.5285232663154602, 0.19491982460021973, -4.123349666595459
113, 0.3710727095603943, 0.19491982460021973, -3.9291605949401855
114, 0.3710727095603943, 0.19491982460021973, -3.9291605949401855
115, 0.3710727095603943, 0.19491982460021973, -3.9291605949401855
116, 0.3710727095603943, 0.19491982460021973, -3.9291605949401855
117, 0.3710727095603943, 0.19491982460021973, -3.9291605949401855
118, 0.3710727095603943, 0.19491982460021973, -3.9291605949401855
119, 0.3710727095603943, 0.19491982460021973, -3.9291605949401855
120, 0.5285232663154602, 0.19491982460021973, -4.123349666595459
121, 0.5285232663154602, 0.19491982460021973, -4.123349666595459
122, 0.5677849650382996, 0.19491982460021973, -4.3702473640441895
123, 0.6070466637611389, 0.16889439523220062, -4.61714506149292
124, 0.6070466637611389, 0.16889439523220062, -4.61714506149292
125, 0.6070466637611389, 0.16889439523220062, -4.61714506149292
126, 0.4128577411174774, 0.0769183412194252, -4.774595737457275
127, 0.21866881847381592, -0.005079984664916992, -4.932046413421631
128, 0.02447989583015442, -0.005079984664916992, -5.089497089385986
129, -0.16970902681350708, -0.005079984664916992, -5.246947765350342
130, -0.3638979494571686, -0.005079984664916992, -5.404398441314697
131, -0.5580868721008301, -0.005079984664916992, -5.561849117279053
132, -0.5580868721008301, -0.005079984664916992, -5.561849117279053
133, -0.5580868721008301, -0.005079984664916992, -5.561849117279053
134, -0.5580868721008301, -0.005079984664916992, -5.561849117279053
135, -0.5580868721008301, -0.005079984664916992, -5.561849117279053
136, -0.5580868721008301, -0.005079984664916992, -5.561849117279053
137, -0.5580868721008301, -0.005079984664916992, -5.561849117279053
138, -0.3638979494571686, -0.005079984664916992, -5.404398441314697
139, -0.16970902681350708, -0.005079984664916992, -5.246947765350342
140, 0.02447989583015442, -0.005079984664916992, -5.089497089385986
141, 0.21866881847381592, -0.005079984664916992, -4.932046413421631
142, 0.4128577411174774, 0.0769183412194252, -4.774595737457275
143, 0.6070466637611389, 0.16889439523220062, -4.61714506149292
144, 0.6070466637611389, 0.16889439523220062, -4.61714506149292
145, 0.696493923664093, 0.19491982460021973, -4.383694171905518
146, 0.696493923664093, 0.19491982460021973, -4.383694171905518
147, 0.6572322249412537, 0.19491982460021973, -4.136796474456787
148, 0.6572322249412537, 0.19491982460021973, -4.136796474456787
149, 0.49978166818618774, 0.19491982460021973, -3.9426076412200928
150, 0.3423311114311218, 0.19491982460021973, -3.7484188079833984
151, 0.3423311114311218, 0.19491982460021973, -3.7484188079833984
152, 0.3423311114311218, 0.19491982460021973, -3.7484188079833984
153, 0.1848805695772171, 0.19491982460021973, -3.554229974746704
154, 0.1848805695772171, 0.19491982460021973, -3.554229974746704
155, 0.1848805695772171, 0.19491982460021973, -3.554229974746704
156, 0.1848805695772171, 0.19491982460021973, -3.554229974746704
157, 0.1848805695772171, 0.19491982460021973, -3.554229974746704
158, 0.1848805695772171, 0.19491982460021973, -3.554229974746704
159, 0.1848805695772171, 0.19491982460021973, -3.554229974746704
160, 0.3423311114311218, 0.19491982460021973, -3.7484188079833984
161, 0.49978166818618774, 0.19491982460021973, -3.9426076412200928
162, 0.49978166818618774, 0.19491982460021973, -3.9426076412200928
163, 0.5390433669090271, 0.19491982460021973, -4.189505577087402
164, 0.5783050656318665, 0.19491982460021973, -4.436403274536133
165, 0.5783050656318665, 0.19491982460021973, -4.436403274536133
166, 0.48885780572891235, 0.1585329920053482, -4.669853687286377
167, 0.39941054582595825, 0.010289266705513, -4.903304100036621
168, 0.30996328592300415, -0.005079984664916992, -5.136754512786865
169, 0.22051604092121124, -0.005079984664916992, -5.370204925537109
170, 0.13106879591941833, -0.005079984664916992, -5.6036553382873535
171, 0.04162155091762543, -0.005079984664916992, -5.837105751037598
172, -0.04782569408416748, -0.005079984664916992, -6.070556163787842
173, -0.1372729390859604, -0.005079984664916992, -6.304006576538086
174, -0.2267201840877533, -0.005079984664916992, -6.53745698928833
175, -0.2267201840877533, -0.005079984664916992, -6.53745698928833
176, -0.4209090769290924, -0.005079984664916992, -6.6949076652526855
177, -0.6150979995727539, -0.005079984664916992, -6.852358341217041
178, -0.809286892414093, -0.005079984664916992, -7.0098090171813965
179, -1.0034757852554321, -0.005079984664916992, -7.167259693145752
180, -1.197664737701416, -0.005079984664916992, -7.324710369110107
181, -1.197664737701416, -0.005079984664916992, -7.324710369110107
182, -1.2871119976043701, -0.005079984664916992, -7.558160781860352
183, -1.3765592575073242, -0.005079984664916992, -7.791611194610596
184, -1.4660065174102783, -0.005079984664916992, -8.02506160736084
185, -1.5554537773132324, -0.005079984664916992, -8.258512496948242
186, -1.6449010372161865, -0.005079984664916992, -8.491963386535645
187, -1.7343482971191406, -0.005079984664916992, -8.725414276123047
188, -1.8237955570220947, -0.005079984664916992, -8.95886516571045
189, -1.8237955570220947, -0.005079984664916992, -8.95886516571045
190, -1.8237955570220947, -0.005079984664916992, -8.95886516571045
191, -1.6663450002670288, -0.005079984664916992, -9.153054237365723
192, -1.508894443511963, -0.005079984664916992, -9.347243309020996
193, -1.351443886756897, -0.005079984664916992, -9.54143238067627
194, -1.193993330001831, 0.00035665929317474365, -9.735621452331543
195, -1.193993330001831, 0.00035665929317474365, -9.735621452331543
196, -1.193993330001831, 0.00035665929317474365, -9.735621452331543
197, -1.193993330001831, 0.00035665929317474365, -9.735621452331543
198, -1.193993330001831, 0.00035665929317474365, -9.735621452331543
199, -1.193993330001831, 0.00035665929317474365, -9.735621452331543
200, -1.193993330001831, 0.00035665929317474365, -9.735621452331543
201, -1.0365427732467651, 0.01676212251186371, -9.929810523986816
202, -0.8790922164916992, -0.005079984664916992, -10.12399959564209
203, -0.8790922164916992, -0.005079984664916992, -10.12399959564209
204, -0.645641565322876, -0.005079984664916992, -10.213446617126465
205, -0.4121909439563751, -0.005079984664916992, -10.30289363861084
206, -0.17874032258987427, -0.005079984664916992, -10.392340660095215
207, 0.05471029877662659, -0.005079984664916992, -10.48178768157959
208, 0.28816092014312744, 0.05289890617132187, -10.571234703063965
209, 0.5216115713119507, 0.19491982460021973, -10.66068172454834
210, 0.7550622224807739, 0.19491982460021973, -10.750128746032715
211, 0.7550622224807739, 0.19491982460021973, -10.750128746032715
212, 0.7550622224807739, 0.19491982460021973, -10.750128746032715
213, 0.7764429450035095, 0.19491982460021973, -10.884581565856934
214, 0.7764430046081543, 0.19491982460021973, -10.884581565856934
215, 0.7764430046081543, 0.19491982460021973, -10.884581565856934
216, 0.776443600654602, 0.19491982460021973, -10.88458251953125
217, 0.776443600654602, 0.19491982460021973, -10.88458251953125
218, 1.0098942518234253, 0.19491982460021973, -10.974029541015625
219, 1.0098942518234253, 0.19491982460021973, -10.974029541015625
220, 1.0098942518234253, 0.19491982460021973, -10.974029541015625
221, 1.0491559505462646, 0.19491982460021973, -11.220927238464355
222, 1.088417649269104, 0.19491982460021973, -11.467824935913086
223, 1.088417649269104, 0.19491982460021973, -11.467824935913086
224, 0.9989703893661499, 0.19491982460021973, -11.701275825500488
225, 0.9095231294631958, 0.19491982460021973, -11.93472671508789
226, 0.9095231294631958, 0.19491982460021973, -11.93472671508789
227, 0.9095231294631958, 0.19491982460021973, -11.93472671508789
228, 0.9095231294631958, 0.19491982460021973, -11.93472671508789
229, 0.9095231294631958, 0.19491982460021973, -11.93472671508789
230, 0.9095231294631958, 0.19491982460021973, -11.93472671508789
231, 0.9095231294631958, 0.19491982460021973, -11.93472671508789
232, 0.9095231294631958, 0.19491982460021973, -11.93472671508789
233, 0.9095231294631958, 0.19491982460021973, -11.93472671508789
234, 0.9095231294631958, 0.19491982460021973, -11.93472671508789
235, 0.9095231294631958, 0.19491982460021973, -11.93472671508789
236, 0.9989703893661499, 0.19491982460021973, -11.701275825500488
237, 0.9989703893661499, 0.19491982460021973, -11.701275825500488
238, 0.9597086906433105, 0.19491982460021973, -11.454378128051758
239, 0.9597086906433105, 0.19491982460021973, -11.454378128051758
240, 1.0491559505462646, 0.19491982460021973, -11.220927238464355
241, 1.1386032104492188, 0.19491982460021973, -10.987476348876953
242, 1.2280504703521729, 0.19491982460021973, -10.75402545928955
243, 1.317497730255127, 0.19491982460021973, -10.520574569702148
244, 1.406944990158081, 0.19491982460021973, -10.287123680114746
245, 1.4963922500610352, 0.19491982460021973, -10.053672790527344
246, 1.5858395099639893, 0.19491982460021973, -9.820221900939941
247, 1.6752867698669434, 0.19491982460021973, -9.586771011352539
248, 1.7647340297698975, 0.1866092085838318, -9.353320121765137
249, 1.7647340297698975, 0.1866092085838318, -9.353320121765137
250, 1.725472331047058, 0.1484546661376953, -9.106422424316406
251, 1.6862106323242188, 0.11350265890359879, -8.859524726867676
252, 1.6469489336013794, 0.1336337774991989, -8.612627029418945
253, 1.60768723487854, 0.1253681629896164, -8.365729331970215
254, 1.60768723487854, 0.1253681629896164, -8.365729331970215
255, 1.6971344947814941, 0.09873037785291672, -8.132278442382812
256, 1.7865817546844482, 0.05439619719982147, -7.898828029632568
257, 1.7865817546844482, 0.05439619719982147, -7.898828029632568
258, 1.7473200559616089, -0.005079984664916992, -7.651930332183838
259, 1.7080583572387695, -0.005079984664916992, -7.405032634735107
260, 1.6687966585159302, -0.005079984664916992, -7.158134937286377
261, 1.6687966585159302, -0.005079984664916992, -7.158134937286377
262, 1.5113461017608643, -0.005079984664916992, -6.9639458656311035
263, 1.5113461017608643, -0.005079984664916992, -6.9639458656311035
264, 1.277895450592041, -0.005079984664916992, -6.8744988441467285
265, 1.277895450592041, -0.005079984664916992, -6.8744988441467285
266, 1.030997633934021, -0.005079984664916992, -6.913760662078857
267, 1.030997633934021, -0.005079984664916992, -6.913760662078857
268, 0.7975469827651978, -0.005079984664916992, -6.824313163757324
269, 0.5640963315963745, -0.005079984664916992, -6.734865665435791
270, 0.5640963315963745, -0.005079984664916992, -6.734865665435791
271, 0.4066457748413086, -0.005079984664916992, -6.540676593780518
272, 0.4066457748413086, -0.005079984664916992, -6.540676593780518
273, 0.36738407611846924, -0.005079984664916992, -6.293778896331787
274, 0.3281223773956299, -0.005079984664916992, -6.046881198883057
275, 0.2888606786727905, -0.005079984664916992, -5.799983501434326
276, 0.24959897994995117, -0.005079984664916992, -5.553085803985596
277, 0.24959897994995117, -0.005079984664916992, -5.553085803985596
278, 0.3390462398529053, -0.005079984664916992, -5.319635391235352
279, 0.4284934997558594, -0.005079984664916992, -5.086184978485107
280, 0.5179407596588135, 0.08415067195892334, -4.852734565734863
281, 0.6073880195617676, 0.16780076920986176, -4.619284152984619
282, 0.6073880195617676, 0.16780076920986176, -4.619284152984619
283, 0.5681263208389282, 0.19491982460021973, -4.372386455535889
284, 0.5288646221160889, 0.19491982460021973, -4.125488758087158
285, 0.4896029233932495, 0.19491982460021973, -3.8785910606384277
286, 0.4896029233932495, 0.19491982460021973, -3.8785910606384277
287, 0.3321523666381836, 0.19491982460021973, -3.6844019889831543
288, 0.17470182478427887, 0.19491982460021973, -3.490212917327881
289, 0.017251282930374146, 0.19491982460021973, -3.2960238456726074
290, -0.14019925892353058, 0.19491982460021973, -3.101834774017334
291, -0.2976498007774353, 0.19491982460021973, -2.9076457023620605
292, -0.4551003575325012, 0.19491982460021973, -2.713456630706787
293, -0.6125509142875671, 0.19491982460021973, -2.5192675590515137
294, -0.6125509142875671, 0.19491982460021973, -2.5192675590515137
295, -0.6518126130104065, 0.19491982460021973, -2.272369861602783
296, -0.6910743117332458, 0.19491982460021973, -2.0254721641540527
297, -0.7303360104560852, 0.19491982460021973, -1.7785743474960327
298, -0.7695977091789246, 0.19491982460021973, -1.5316765308380127
299, -0.8088594079017639, 0.19491982460021973, -1.2847787141799927
300, -0.8481211066246033, 0.19491982460021973, -1.0378808975219727
301, -0.8873828053474426, 0.19491982460021973, -0.7909830808639526
302, -0.926644504070282, 0.19491982460021973, -0.5440852642059326
303, -0.9659062027931213, 0.19491982460021973, -0.2971874475479126
304, -1.0051679611206055, 0.19491982460021973, -0.05028963088989258
305, -1.0444296598434448, 0.19491982460021973, 0.19660818576812744
306, -1.0444296598434448, 0.19491982460021973, 0.19660818576812744
307, -1.2018802165985107, 0.19491982460021973, 0.39079713821411133
308, -1.3593307733535767, 0.19491982460021973, 0.5849860906600952
309, -1.5167813301086426, 0.19491982460021973, 0.7791750431060791
310, -1.5167813301086426, 0.19491982460021973, 0.7791750431060791
311, -1.5167813301086426, 0.19491982460021973, 0.7791750431060791
312, -1.5167813301086426, 0.19491982460021973, 0.7791750431060791
313, -1.5167813301086426, 0.19491982460021973, 0.7791750431060791
314, -1.5167813301086426, 0.19491982460021973, 0.7791750431060791
315, -1.5167813301086426, 0.19491982460021973, 0.7791750431060791
316, -1.3593307733535767, 0.19491982460021973, 0.58498615026474
317, -1.3593307733535767, 0.19491982460021973, 0.58498615026474
318, -1.1258801221847534, 0.19491982460021973, 0.4955388903617859
319, -0.8924294710159302, 0.19491982460021973, 0.4060916304588318
320, -0.6589788198471069, 0.19491982460021973, 0.3166443705558777
321, -0.6589788198471069, 0.19491982460021973, 0.3166443705558777
322, -0.4120810329914093, 0.19491982460021973, 0.35590606927871704
323, -0.16518324613571167, 0.19491982460021973, 0.3951677680015564
324, -0.16518324613571167, 0.19491982460021973, 0.3951677680015564
325, -0.16518324613571167, 0.19491982460021973, 0.3951677680015564
326, -0.16518324613571167, 0.19491982460021973, 0.3951677680015564
327, 0.06826737523078918, 0.19491982460021973, 0.3057205080986023
328, 0.30171799659729004, 0.19491982460021973, 0.2162732630968094
329, 0.30171799659729004, 0.19491982460021973, 0.2162732630968094
330, 0.5486158132553101, 0.19491982460021973, 0.25553494691848755
331, 0.7955136299133301, 0.19491982460021973, 0.2947966456413269
332, 0.7955136299133301, 0.19491982460021973, 0.2947966456413269
333, 0.989702582359314, 0.19491982460021973, 0.4522472023963928
334, 1.1838915348052979, 0.19491982460021973, 0.6096977591514587
335, 1.1838915348052979, 0.19491982460021973, 0.6096977591514587
336, 1.1838915348052979, 0.19491982460021973, 0.6096977591514587
337, -0.3550240099430084, 2.794919967651367, -10.073107719421387
