1, 2.147223711013794, 2.8994359970092773, -0.4468989968299866
2, 2.147223711013794, 2.8994359970092773, -0.4468989968299866
3, 2.147223711013794, 2.8994359970092773, -0.4468989968299866
4, 2.147223711013794, 2.8994359970092773, -0.4468989968299866
5, 2.147223711013794, 2.8994359970092773, -0.4468989968299866
6, 2.147223711013794, 2.8994359970092773, -0.4468989968299866
7, 2.147223711013794, 2.8994359970092773, -0.4468989968299866
8, 2.147223711013794, 2.8994359970092773, -0.4468989968299866
9, 2.147223711013794, 2.8994359970092773, -0.4468989968299866
10, 2.147223711013794, 2.8994359970092773, -0.4468989968299866
11, 2.147223711013794, 2.8994359970092773, -0.4468989968299866
12, 2.147223711013794, 2.8994359970092773, -0.4468989968299866
13, 2.147223711013794, 2.8994359970092773, -0.4468989968299866
14, 2.147223711013794, 2.8994359970092773, -0.4468989968299866
15, 2.147223711013794, 2.8994359970092773, -0.4468989968299866
16, 2.3505091667175293, 2.8994359970092773, -0.30138254165649414
17, 2.3505091667175293, 2.8994359970092773, -0.30138254165649414
18, 2.599317789077759, 2.8994359970092773, -0.27700430154800415
19, 2.8481264114379883, 2.8994359970092773, -0.25262606143951416
20, 3.0969350337982178, 2.8994359970092773, -0.22824782133102417
21, 3.3457436561584473, 2.8994359970092773, -0.20386958122253418
22, 3.5945522785186768, 2.8994359970092773, -0.1794913411140442
23, 3.5945522785186768, 2.8994359970092773, -0.1794913411140442
24, 3.822216033935547, 2.8994359970092773, -0.2827834486961365
25, 3.822216033935547, 2.8994359970092773, -0.2827834486961365
26, 3.9055302143096924, 2.8994359970092773, -0.3991727828979492
27, 3.9055302143096924, 2.8994359970092773, -0.3991727828979492
28, 3.9055302143096924, 2.8994359970092773, -0.3991727828979492
29, 4.1331939697265625, 2.8994359970092773, -0.5024648904800415
30, 4.1331939697265625, 2.8994359970092773, -0.5024648904800415
31, 4.27871036529541, 2.8994359970092773, -0.7057502865791321
32, 4.27871036529541, 2.8994359970092773, -0.7057502865791321
33, 4.303088665008545, 2.8994359970092773, -0.9545588493347168
34, 4.32746696472168, 2.8994359970092773, -1.2033674716949463
35, 4.3518452644348145, 2.8994359970092773, -1.4521760940551758
36, 4.376223564147949, 2.8994359970092773, -1.7009847164154053
37, 4.376223564147949, 2.8994359970092773, -1.7009847164154053
38, 4.521739959716797, 2.8994359970092773, -1.9042701721191406
39, 4.6672563552856445, 2.8994359970092773, -2.107555627822876
40, 4.812772750854492, 2.8994359970092773, -2.3108410835266113
41, 4.812772750854492, 2.8994359970092773, -2.3108410835266113
42, 4.812772750854492, 2.8994359970092773, -2.3108410835266113
43, 4.812772750854492, 2.8994359970092773, -2.3108410835266113
44, 4.837151050567627, 2.8994359970092773, -2.559649705886841
45, 4.837151050567627, 2.8994359970092773, -2.559649705886841
46, 4.837151050567627, 2.8994359970092773, -2.559649705886841
47, 4.837151050567627, 2.8994359970092773, -2.559649705886841
48, 4.837151050567627, 2.8994359970092773, -2.559649705886841
49, 4.837151050567627, 2.8994359970092773, -2.559649705886841
50, 4.982667446136475, 2.8994359970092773, -2.762935161590576
51, 4.982667446136475, 2.8994359970092773, -2.762935161590576
52, 5.007045745849609, 2.8994359970092773, -3.0117437839508057
53, 5.007045745849609, 2.8994359970092773, -3.0117437839508057
54, 5.007045745849609, 2.8994359970092773, -3.0117437839508057
55, 5.007045745849609, 2.8994359970092773, -3.0117437839508057
56, 5.007045745849609, 2.8994359970092773, -3.0117437839508057
57, 5.007045745849609, 2.8994359970092773, -3.0117437839508057
58, 5.007045745849609, 2.8994359970092773, -3.0117437839508057
59, 5.007045745849609, 2.8994359970092773, -3.0117437839508057
60, 5.007045745849609, 2.8994359970092773, -3.0117437839508057
61, 4.982667446136475, 2.8994359970092773, -2.762935161590576
62, 4.95828914642334, 2.8994359970092773, -2.5141265392303467
63, 4.933910846710205, 2.8994359970092773, -2.265317916870117
64, 4.933910846710205, 2.8994359970092773, -2.265317916870117
65, 4.788394451141357, 2.8994359970092773, -2.062032461166382
66, 4.64287805557251, 2.8994359970092773, -1.8587470054626465
67, 4.497361660003662, 2.8994359970092773, -1.6554615497589111
68, 4.3518452644348145, 2.8994359970092773, -1.4521760940551758
69, 4.3518452644348145, 2.8994359970092773, -1.4521760940551758
70, 4.32746696472168, 2.8994359970092773, -1.2033674716949463
71, 4.303088665008545, 2.8994359970092773, -0.9545589089393616
72, 4.303088665008545, 2.8994359970092773, -0.9545589089393616
73, 4.406380653381348, 2.8994359970092773, -0.7268952131271362
74, 4.406380653381348, 2.8994359970092773, -0.7268952131271362
75, 4.609665870666504, 2.8994359970092773, -0.581378698348999
76, 4.609665870666504, 2.8994359970092773, -0.581378698348999
77, 4.858474254608154, 2.8994359970092773, -0.557000458240509
78, 5.107282638549805, 2.8994359970092773, -0.532622218132019
79, 5.107282638549805, 2.8994359970092773, -0.532622218132019
80, 5.334946155548096, 2.8994359970092773, -0.6359143257141113
81, 5.334946155548096, 2.8994359970092773, -0.6359143257141113
82, 5.583754539489746, 2.8994359970092773, -0.6115360856056213
83, 5.8325629234313965, 2.8994359970092773, -0.5871578454971313
84, 6.081371307373047, 2.8994359970092773, -0.5627796053886414
85, 6.330179691314697, 2.8994359970092773, -0.5384013652801514
86, 6.578988075256348, 2.8994359970092773, -0.5140231251716614
87, 6.827796459197998, 2.8994359970092773, -0.4896448850631714
88, 7.076604843139648, 2.8994359970092773, -0.4652666449546814
89, 7.076604843139648, 2.8994359970092773, -0.4652666449546814
90, 7.279890060424805, 2.8994359970092773, -0.3197501301765442
91, 7.279890060424805, 2.8994359970092773, -0.3197501301765442
92, 7.279890060424805, 2.8994359970092773, -0.3197501301765442
93, 7.483175277709961, 2.8994359970092773, -0.17423361539840698
94, 7.483175277709961, 2.8994359970092773, -0.17423361539840698
95, 7.731983661651611, 2.8994359970092773, -0.149855375289917
96, 7.980792045593262, 2.8994359970092773, -0.125477135181427
97, 8.22960090637207, 2.8994359970092773, -0.10109889507293701
98, 8.478409767150879, 2.8994359970092773, -0.07672065496444702
99, 8.678177833557129, 2.8994359970092773, -0.05714740604162216
100, 8.678177833557129, 2.8994359970092773, -0.05714738368988037
101, 8.678177833557129, 2.8994359970092773, -0.05714738368988037
102, 8.905841827392578, 2.8994359970092773, -0.16043949127197266
103, 8.905841827392578, 2.8994359970092773, -0.16043949127197266
104, 8.905841827392578, 2.8994359970092773, -0.16043949127197266
105, 8.905841827392578, 2.8994359970092773, -0.16043949127197266
106, 9.154650688171387, 2.8994359970092773, -0.13606125116348267
107, 9.154650688171387, 2.8994359970092773, -0.13606125116348267
108, 9.382314682006836, 2.8994359970092773, -0.23935335874557495
109, 9.382314682006836, 2.8994359970092773, -0.23935335874557495
110, 9.527831077575684, 2.8994359970092773, -0.4426387548446655
111, 9.527831077575684, 2.8994359970092773, -0.4426387548446655
112, 9.755495071411133, 2.8994359970092773, -0.5459308624267578
113, 9.983159065246582, 2.8994359970092773, -0.6492229700088501
114, 10.210823059082031, 2.8994359970092773, -0.7525150775909424
115, 10.43848705291748, 2.8994359970092773, -0.8558071851730347
116, 10.43848705291748, 2.8994359970092773, -0.8558071851730347
117, 10.687295913696289, 2.8994359970092773, -0.8314288854598999
118, 10.936104774475098, 2.8994359970092773, -0.8070505857467651
119, 11.184913635253906, 2.8994359970092773, -0.7826722860336304
120, 11.433722496032715, 2.8994359970092773, -0.7582939863204956
121, 11.682531356811523, 2.8994359970092773, -0.7339156866073608
122, 11.931340217590332, 2.8994359970092773, -0.7095373868942261
123, 11.931340217590332, 2.8994359970092773, -0.7095373868942261
124, 11.931340217590332, 2.8994359970092773, -0.7095373868942261
125, 11.931340217590332, 2.8994359970092773, -0.7095373868942261
126, 11.931340217590332, 2.8994359970092773, -0.7095373868942261
127, 11.931340217590332, 2.8994359970092773, -0.7095373868942261
128, 11.931340217590332, 2.8994359970092773, -0.7095373868942261
129, 11.931340217590332, 2.8994359970092773, -0.7095373868942261
130, 11.931340217590332, 2.8994359970092773, -0.7095373868942261
131, 11.931340217590332, 2.8994359970092773, -0.7095373868942261
132, 11.931340217590332, 2.8994359970092773, -0.7095373868942261
133, 11.931340217590332, 2.8994359970092773, -0.7095373868942261
134, 11.931340217590332, 2.8994359970092773, -0.7095373868942261
135, 12.18014907836914, 2.8994359970092773, -0.6851591467857361
136, 12.18014907836914, 2.8994359970092773, -0.6851591467857361
137, 12.40781307220459, 2.8994359970092773, -0.7884512543678284
138, 12.40781307220459, 2.8994359970092773, -0.7884512543678284
139, 12.40781307220459, 2.8994359970092773, -0.7884512543678284
140, 12.635477066040039, 2.8994359970092773, -0.8917433023452759
141, 12.863141059875488, 2.8994359970092773, -0.9950354099273682
142, 12.863141059875488, 2.8994359970092773, -0.9950354099273682
143, 13.111949920654297, 2.8994359970092773, -0.9706571102142334
144, 13.111949920654297, 2.8994359970092773, -0.9706571102142334
145, 13.315235137939453, 2.8994359970092773, -0.8251405954360962
146, 13.51852035522461, 2.8994359970092773, -0.679624080657959
147, 13.51852035522461, 2.8994359970092773, -0.679624080657959
148, 13.51852035522461, 2.8994359970092773, -0.679624080657959
149, 13.51852035522461, 2.8994359970092773, -0.679624080657959
150, 13.51852035522461, 2.8994359970092773, -0.679624080657959
151, 13.51852035522461, 2.8994359970092773, -0.679624080657959
152, 13.2697114944458, 2.8994359970092773, -0.704002320766449
153, 13.020902633666992, 2.8994359970092773, -0.728380560874939
154, 12.772093772888184, 2.8994359970092773, -0.752758800983429
155, 12.523284912109375, 2.8994359970092773, -0.777137041091919
156, 12.274476051330566, 2.8994359970092773, -0.8015152812004089
157, 12.025667190551758, 2.8994359970092773, -0.8258935213088989
158, 11.77685832977295, 2.8994359970092773, -0.8502717614173889
159, 11.52804946899414, 2.8994359970092773, -0.8746500015258789
160, 11.279240608215332, 2.8994359970092773, -0.8990282416343689
161, 11.030431747436523, 2.8994359970092773, -0.9234064817428589
162, 10.781622886657715, 2.8994359970092773, -0.9477847218513489
163, 10.532814025878906, 2.8994359970092773, -0.9721629619598389
164, 10.284005165100098, 2.8994359970092773, -0.9965412020683289
165, 10.284005165100098, 2.8994359970092773, -0.9965412020683289
166, 10.056341171264648, 2.8994359970092773, -0.8932490944862366
167, 9.8286771774292, 2.8994359970092773, -0.7899569869041443
168, 9.60101318359375, 2.8994359970092773, -0.686664879322052
169, 9.3733491897583, 2.8994359970092773, -0.5833727717399597
170, 9.145685195922852, 2.8994359970092773, -0.48008066415786743
171, 8.918021202087402, 2.8994359970092773, -0.37678855657577515
172, 8.690357208251953, 2.8994359970092773, -0.27349644899368286
173, 8.462693214416504, 2.8994359970092773, -0.17020434141159058
174, 8.235029220581055, 2.8994359970092773, -0.06691223382949829
175, 8.235029220581055, 2.8994359970092773, -0.06691223382949829
176, 7.986220836639404, 2.8994359970092773, -0.09129047393798828
177, 7.737412452697754, 2.8994359970092773, -0.11566871404647827
178, 7.737412452697754, 2.8994359970092773, -0.11566871404647827
179, 7.534127235412598, 2.8994359970092773, -0.2611851692199707
180, 7.330842018127441, 2.8994359970092773, -0.40670162439346313
181, 7.127556800842285, 2.8994359970092773, -0.5522180795669556
182, 7.127556800842285, 2.8994359970092773, -0.5522180795669556
183, 6.878748416900635, 2.8994359970092773, -0.5765963196754456
184, 6.629940032958984, 2.8994359970092773, -0.6009745597839355
185, 6.381131649017334, 2.8994359970092773, -0.6253527998924255
186, 6.132323265075684, 2.8994359970092773, -0.6497310400009155
187, 5.883514881134033, 2.8994359970092773, -0.6741092801094055
188, 5.634706497192383, 2.8994359970092773, -0.6984875202178955
189, 5.385898113250732, 2.8994359970092773, -0.7228657603263855
190, 5.385898113250732, 2.8994359970092773, -0.7228657603263855
191, 5.158234596252441, 2.8994359970092773, -0.6195736527442932
192, 4.93057107925415, 2.8994359970092773, -0.5162815451622009
193, 4.702907562255859, 2.8994359970092773, -0.41298943758010864
194, 4.475244045257568, 2.8994359970092773, -0.30969732999801636
195, 4.247580528259277, 2.8994359970092773, -0.20640522241592407
196, 4.247580528259277, 2.8994359970092773, -0.20640522241592407
197, 3.998771905899048, 2.8994359970092773, -0.23078346252441406
198, 3.7499632835388184, 2.8994359970092773, -0.25516170263290405
199, 3.501154661178589, 2.8994359970092773, -0.27953994274139404
200, 3.2523460388183594, 2.8994359970092773, -0.30391818284988403
201, 3.00353741645813, 2.8994359970092773, -0.328296422958374
202, 2.7547287940979004, 2.8994359970092773, -0.352674663066864
203, 2.505920171737671, 2.8994359970092773, -0.377052903175354
204, 2.2571115493774414, 2.8994359970092773, -0.401431143283844
205, 2.2571115493774414, 2.8994359970092773, -0.401431143283844
206, 2.053826093673706, 2.8994359970092773, -0.5469475984573364
207, 1.8505406379699707, 2.8994359970092773, -0.6924640536308289
208, 1.6472551822662354, 2.8994359970092773, -0.8379805088043213
209, 1.4439697265625, 2.8994359970092773, -0.9834969639778137
210, 1.2406842708587646, 2.8994359970092773, -1.1290134191513062
211, 1.0373988151550293, 2.8994359970092773, -1.2745299339294434
212, 1.0373988151550293, 2.8994359970092773, -1.2745299339294434
213, 9.718339920043945, 0.09943583607673645, 0.5278995633125305
