1, -5.473980903625488, 3.131051540374756, 1.9790546894073486
2, -5.473980903625488, 3.131051540374756, 1.9790546894073486
3, -5.473980903625488, 3.131051540374756, 1.9790546894073486
4, -5.473980903625488, 3.131051540374756, 1.9790546894073486
5, -5.473980903625488, 3.131051540374756, 1.9790546894073486
6, -5.473980903625488, 3.131051540374756, 1.9790546894073486
7, -5.473980903625488, 3.131051540374756, 1.9790546894073486
8, -5.473980903625488, 3.131051540374756, 1.9790546894073486
9, -5.473980903625488, 3.131051540374756, 1.9790546894073486
10, -5.473980903625488, 3.131051540374756, 1.9790546894073486
11, -5.473980903625488, 3.131051540374756, 1.9790546894073486
12, -5.473980903625488, 3.131051540374756, 1.9790546894073486
13, -5.473980903625488, 3.131051540374756, 1.9790546894073486
14, -5.473980903625488, 3.131051540374756, 1.9790546894073486
15, -5.473980903625488, 3.131051540374756, 1.9790546894073486
16, -5.473980903625488, 3.131051540374756, 1.9790546894073486
17, -5.473980903625488, 3.131051540374756, 1.9790546894073486
18, -5.723414897918701, 3.1037003993988037, 1.9622414112091064
19, -5.972848892211914, 3.2144713401794434, 1.9454281330108643
20, -5.972848892211914, 3.2144713401794434, 1.9454281330108643
21, -5.972848892211914, 3.2144713401794434, 1.9454281330108643
22, -5.972848892211914, 3.2144713401794434, 1.9454281330108643
23, -6.197271823883057, 3.219202995300293, 2.05558443069458
24, -6.421694755554199, 3.123319149017334, 2.165740728378296
25, -6.646117687225342, 3.1276800632476807, 2.2758970260620117
26, -6.646117687225342, 3.1276800632476807, 2.2758970260620117
27, -6.646117687225342, 3.1276800632476807, 2.2758970260620117
28, -6.870540618896484, 3.219202995300293, 2.3860533237457275
29, -6.870540618896484, 3.219202995300293, 2.3860533237457275
30, -7.0098185539245605, 3.219202995300293, 2.593662738800049
31, -7.0098185539245605, 3.219202995300293, 2.593662738800049
32, -7.0098185539245605, 3.219202995300293, 2.593662738800049
33, -7.0098185539245605, 3.219202995300293, 2.593662738800049
34, -7.0098185539245605, 3.219202995300293, 2.593662738800049
35, -7.0098185539245605, 3.219202995300293, 2.593662738800049
36, -6.936173439025879, 3.219202995300293, 2.5575146675109863
37, -6.936173439025879, 3.219202995300293, 2.5575146675109863
38, -6.936173439025879, 3.219202995300293, 2.5575146675109863
39, -6.796895503997803, 3.1953539848327637, 2.349905252456665
40, -6.796895503997803, 3.1953539848327637, 2.349905252456665
41, -6.57247257232666, 3.0948562622070312, 2.239748954772949
42, -6.348049640655518, 3.219202995300293, 2.1295926570892334
43, -6.348049640655518, 3.219202995300293, 2.1295926570892334
44, -6.098615646362305, 3.219202995300293, 2.1464059352874756
45, -5.849181652069092, 3.0894691944122314, 2.1632192134857178
46, -5.599747657775879, 3.0840322971343994, 2.18003249168396
47, -5.350313663482666, 3.219202995300293, 2.196845769882202
48, -5.100879669189453, 3.219202995300293, 2.2136590480804443
49, -4.85144567489624, 3.219202995300293, 2.2304723262786865
50, -4.602011680603027, 3.219202995300293, 2.2472856044769287
51, -4.3525776863098145, 3.219202995300293, 2.264098882675171
52, -4.103143692016602, 3.219202995300293, 2.280912160873413
53, -4.103143692016602, 3.219202995300293, 2.280912160873413
54, -3.878720760345459, 3.219202995300293, 2.1707558631896973
55, -3.6542978286743164, 3.219202995300293, 2.0605995655059814
56, -3.6542978286743164, 3.219202995300293, 2.0605995655059814
57, -3.4048638343811035, 3.219202995300293, 2.0774128437042236
58, -3.1554298400878906, 3.219202995300293, 2.094226121902466
59, -2.9059958457946777, 3.219202995300293, 2.111039400100708
60, -2.656561851501465, 3.219202995300293, 2.12785267829895
61, -2.407127857208252, 3.219202995300293, 2.1446659564971924
62, -2.157693862915039, 3.219202995300293, 2.1614792346954346
63, -1.9082598686218262, 3.219202995300293, 2.1782925128936768
64, -1.6588258743286133, 3.219202995300293, 2.195105791091919
65, -1.6588258743286133, 3.219202995300293, 2.195105791091919
66, -1.4512163400650024, 3.219202995300293, 2.334383487701416
67, -1.2436068058013916, 3.219202995300293, 2.473661184310913
68, -1.2436068058013916, 3.219202995300293, 2.473661184310913
69, -1.2436068058013916, 3.219202995300293, 2.473661184310913
70, -1.2436068058013916, 3.219202995300293, 2.473661184310913
71, -1.2436068058013916, 3.219202995300293, 2.473661184310913
72, -1.0191839933395386, 3.219202995300293, 2.3635048866271973
73, -1.0191839933395386, 3.219202995300293, 2.3635048866271973
74, -0.8799062967300415, 3.219202995300293, 2.155895233154297
75, -0.7406286001205444, 3.219202995300293, 1.948285698890686
76, -0.6013509035110474, 3.219202995300293, 1.7406761646270752
77, -0.6013509035110474, 3.219202995300293, 1.7406761646270752
78, -0.6013509035110474, 3.219202995300293, 1.7406761646270752
79, -0.4620731770992279, 3.219202995300293, 1.5330666303634644
80, -0.4620731770992279, 3.219202995300293, 1.5330666303634644
81, -0.4452598989009857, 3.219202995300293, 1.2836326360702515
82, -0.4452598989009857, 3.219202995300293, 1.2836326360702515
83, -0.4452598989009857, 3.219202995300293, 1.2836326360702515
84, -0.42844662070274353, 3.219202995300293, 1.0341986417770386
85, -0.42844662070274353, 3.219202995300293, 1.0341986417770386
86, -0.538602888584137, 3.219202995300293, 0.8097758293151855
87, -0.538602888584137, 3.219202995300293, 0.8097758293151855
88, -0.538602888584137, 3.219202995300293, 0.8097758293151855
89, -0.538602888584137, 3.219202995300293, 0.8097758293151855
90, -0.538602888584137, 3.219202995300293, 0.8097758293151855
91, -0.538602888584137, 3.219202995300293, 0.8097758293151855
92, -0.538602888584137, 3.219202995300293, 0.8097758293151855
93, -0.538602888584137, 3.219202995300293, 0.8097758293151855
94, -0.5217896103858948, 3.219202995300293, 0.5603418350219727
95, -0.5217896103858948, 3.219202995300293, 0.5603418350219727
96, -0.5217896103858948, 3.219202995300293, 0.5603418350219727
97, -0.7293991446495056, 3.219202995300293, 0.4210641086101532
98, -0.7293991446495056, 3.219202995300293, 0.4210641086101532
99, -0.7293991446495056, 3.219202995300293, 0.4210641086101532
100, -0.7293991446495056, 3.219202995300293, 0.4210641086101532
101, -0.7293991446495056, 3.219202995300293, 0.4210641086101532
102, -0.7293991446495056, 3.219202995300293, 0.4210641086101532
103, -0.6192429065704346, 3.219202995300293, 0.6454869508743286
104, -0.5090866684913635, 3.219202995300293, 0.8699098229408264
105, -0.3989304304122925, 3.219202995300293, 1.0943326950073242
106, -0.3989304304122925, 3.219202995300293, 1.0943326950073242
107, -0.3989304304122925, 3.219202995300293, 1.0943326950073242
108, -0.3989304304122925, 3.219202995300293, 1.0943326950073242
109, -0.41574373841285706, 3.219202995300293, 1.343766689300537
110, -0.43255704641342163, 3.219202995300293, 1.59320068359375
111, -0.43255704641342163, 3.219202995300293, 1.59320068359375
112, -0.5718348026275635, 3.219202995300293, 1.8008103370666504
113, -0.7111125588417053, 3.219202995300293, 2.008419990539551
114, -0.8503903150558472, 3.219202995300293, 2.216029644012451
115, -0.8503903150558472, 3.219202995300293, 2.216029644012451
116, -1.0748131275177002, 3.219202995300293, 2.326185941696167
117, -1.0748131275177002, 3.219202995300293, 2.326185941696167
118, -1.0748131275177002, 3.219202995300293, 2.326185941696167
119, -1.0748131275177002, 3.219202995300293, 2.326185941696167
120, -1.0748131275177002, 3.219202995300293, 2.326185941696167
121, -1.0748131275177002, 3.219202995300293, 2.326185941696167
122, -1.0748131275177002, 3.219202995300293, 2.326185941696167
123, -0.8503903150558472, 3.219202995300293, 2.216029644012451
124, -0.8503903150558472, 3.219202995300293, 2.216029644012451
125, -0.7111126184463501, 3.219202995300293, 2.008419990539551
126, -0.571834921836853, 3.219202995300293, 1.80081045627594
127, -0.43255719542503357, 3.219202995300293, 1.593200922012329
128, -0.43255719542503357, 3.219202995300293, 1.593200922012329
129, -0.4157439172267914, 3.219202995300293, 1.3437669277191162
130, -0.3989306390285492, 3.219202995300293, 1.0943329334259033
131, -0.3989306390285492, 3.219202995300293, 1.0943329334259033
132, -0.5090869069099426, 3.219202995300293, 0.8699101209640503
133, -0.6192432045936584, 3.219202995300293, 0.6454873085021973
134, -0.7293995022773743, 3.219202995300293, 0.42106449604034424
135, -4.428807258605957, 0.01920294761657715, 1.8877630233764648
