1, 0.0012621054193004966, -0.5355252027511597, 3.20491361618042
2, 0.0012621054193004966, -0.5355252027511597, 3.20491361618042
3, 0.0012621054193004966, -0.5355252027511597, 3.20491361618042
4, 0.0012621054193004966, -0.5355252027511597, 3.20491361618042
5, 0.0012621054193004966, -0.5355252027511597, 3.20491361618042
6, 0.0012621054193004966, -0.5355252027511597, 3.20491361618042
7, 0.0012621054193004966, -0.5355252027511597, 3.20491361618042
8, 0.0012621054193004966, -0.5355252027511597, 3.20491361618042
9, 0.0012621054193004966, -0.5355252027511597, 3.20491361618042
10, 0.0012621054193004966, -0.5355252027511597, 3.20491361618042
11, 0.0012621054193004966, -0.5355252027511597, 3.20491361618042
12, 0.0012621054193004966, -0.5355252027511597, 3.20491361618042
13, 0.0012621054193004966, -0.5355252027511597, 3.20491361618042
14, 0.0012621054193004966, -0.5355252027511597, 3.20491361618042
15, 0.0012621054193004966, -0.5355252027511597, 3.20491361618042
16, 0.0012621054193004966, -0.5355252027511597, 3.20491361618042
17, 0.0012621054193004966, -0.5355252027511597, 3.20491361618042
18, 0.17852523922920227, -0.5355252027511597, 3.0286247730255127
19, 0.35578837990760803, -0.5355252027511597, 2.8523359298706055
20, 0.5330514907836914, -0.5355252027511597, 2.6760470867156982
21, 0.7103146314620972, -0.5355252027511597, 2.499758243560791
22, 0.8875777721405029, -0.5355252027511597, 2.323469400405884
23, 1.0648409128189087, -0.5355252027511597, 2.1471805572509766
24, 1.2421040534973145, -0.5355252027511597, 1.9708917140960693
25, 1.4193671941757202, -0.5355252027511597, 1.794602870941162
26, 1.596630334854126, -0.5355252027511597, 1.6183140277862549
27, 1.7738934755325317, -0.5355252027511597, 1.4420251846313477
28, 1.9511566162109375, -0.5355252027511597, 1.2657363414764404
29, 2.128419876098633, -0.5355252027511597, 1.0894474983215332
30, 2.128419876098633, -0.5355252027511597, 1.0894474983215332
31, 2.128419876098633, -0.5355252027511597, 1.0894474983215332
32, 2.305683135986328, -0.5355252027511597, 0.9131585955619812
33, 2.4829463958740234, -0.5355252027511597, 0.7368696928024292
34, 2.4829463958740234, -0.5355252027511597, 0.7368696928024292
35, 2.4829463958740234, -0.5355252027511597, 0.7368696928024292
36, 2.4829463958740234, -0.5355252027511597, 0.7368696928024292
37, 2.4829463958740234, -0.5355252027511597, 0.7368696928024292
38, 2.4829463958740234, -0.5355252027511597, 0.7368696928024292
39, 2.417576551437378, -0.5355252027511597, 0.9781719446182251
40, 2.3522067070007324, -0.5355252027511597, 1.219474196434021
41, 2.286836862564087, -0.5355252027511597, 1.460776448249817
42, 2.2214670181274414, -0.5355252027511597, 1.7020787000656128
43, 2.156097173690796, -0.5355252027511597, 1.9433809518814087
44, 2.156097173690796, -0.5355252027511597, 1.9433809518814087
45, 2.2201361656188965, -0.5355252027511597, 2.185039758682251
46, 2.284175395965576, -0.5355252027511597, 2.426698684692383
47, 2.348214626312256, -0.5355252027511597, 2.6683576107025146
48, 2.4122538566589355, -0.5355252027511597, 2.9100165367126465
49, 2.4762930870056152, -0.5355252027511597, 3.1516754627227783
50, 2.4762930870056152, -0.5355252027511597, 3.1516754627227783
51, 2.4762930870056152, -0.5355252027511597, 3.1516754627227783
52, 2.717595338821411, -0.5355252027511597, 3.217045307159424
53, 2.958897590637207, -0.5355252027511597, 3.2824153900146484
54, 3.200199842453003, -0.5355252027511597, 3.347785472869873
55, 3.441502094268799, -0.5355252027511597, 3.4131555557250977
56, 3.6828043460845947, -0.5355252027511597, 3.4785256385803223
57, 3.6828043460845947, -0.5355252027511597, 3.4785256385803223
58, 3.6828043460845947, -0.5355252027511597, 3.4785256385803223
59, 3.6828043460845947, -0.5355252027511597, 3.4785256385803223
60, 3.6828043460845947, -0.5355252027511597, 3.4785256385803223
61, 3.6828043460845947, -0.5355252027511597, 3.4785256385803223
62, 3.617434501647949, -0.5355252027511597, 3.719827890396118
63, 3.5520646572113037, -0.5355252027511597, 3.961130142211914
64, 3.486694812774658, -0.5355252027511597, 4.202432632446289
65, 3.486694812774658, -0.5355252027511597, 4.202432632446289
66, 3.550733804702759, -0.5355252027511597, 4.444091320037842
67, 3.550733804702759, -0.5355252027511597, 4.444091320037842
68, 3.550733804702759, -0.5355252027511597, 4.444091320037842
69, 3.550733804702759, -0.5355252027511597, 4.444091320037842
70, 3.550733804702759, -0.5355252027511597, 4.444091320037842
71, 3.550733804702759, -0.5355252027511597, 4.444091320037842
72, 3.550733804702759, -0.5355252027511597, 4.444091320037842
73, 3.550733804702759, -0.5355252027511597, 4.444091320037842
74, 3.550733804702759, -0.5355252027511597, 4.444091320037842
75, 3.550733804702759, -0.5355252027511597, 4.444091320037842
76, 3.550733804702759, -0.5355252027511597, 4.444091320037842
77, 3.550733804702759, -0.5355252027511597, 4.444091320037842
78, 3.4853639602661133, -0.5355252027511597, 4.685393333435059
79, 3.4853639602661133, -0.5355252027511597, 4.685393333435059
80, 3.3886804580688477, -0.5355252027511597, 4.781545639038086
81, 3.3886804580688477, -0.5355252027511597, 4.781545639038086
82, 3.3886804580688477, -0.5355252027511597, 4.781545639038086
83, 3.3886804580688477, -0.5355252027511597, 4.781545639038086
84, 3.3886804580688477, -0.5355252027511597, 4.781546115875244
85, 3.3886804580688477, -0.5355252027511597, 4.781546115875244
86, 3.3886804580688477, -0.5355252027511597, 4.781546115875244
87, 3.3886804580688477, -0.5355252027511597, 4.781546115875244
88, 3.3886804580688477, -0.5355252027511597, 4.781546115875244
89, 3.3886804580688477, -0.5355252027511597, 4.781546115875244
90, 3.3886804580688477, -0.5355252027511597, 4.781546115875244
91, 3.3886804580688477, -0.5355252027511597, 4.781546115875244
92, 3.4527194499969482, -0.5355252027511597, 5.023204803466797
93, 3.4527194499969482, -0.5355252027511597, 5.023204803466797
94, 3.4253838062286377, -0.5355252027511597, 5.124110221862793
95, 3.4253838062286377, -0.5355252027511597, 5.124110221862793
96, 3.4253838062286377, -0.5355252027511597, 5.124110221862793
97, 3.4253838062286377, -0.5355252027511597, 5.124110221862793
98, 3.4253838062286377, -0.5355252027511597, 5.124110221862793
99, 3.4253838062286377, -0.5355252027511597, 5.124110221862793
100, 3.4253838062286377, -0.5355252027511597, 5.124110221862793
101, 3.4253838062286377, -0.5355252027511597, 5.124110221862793
102, 3.4253838062286377, -0.5355252027511597, 5.124110221862793
103, 3.4253838062286377, -0.5355252027511597, 5.124110221862793
104, 3.4253838062286377, -0.5355252027511597, 5.124110221862793
105, 3.4253838062286377, -0.5355252027511597, 5.124110221862793
106, 3.4253838062286377, -0.5355252027511597, 5.124110221862793
107, 3.4253838062286377, -0.5355252027511597, 5.124110221862793
108, 3.4253838062286377, -0.5355252027511597, 5.124110221862793
109, 3.4253838062286377, -0.5355252027511597, 5.124110221862793
110, 3.4253838062286377, -0.5355252027511597, 5.124110221862793
111, 3.490753650665283, -0.5355252027511597, 4.882807731628418
112, 3.5561234951019287, -0.5355252027511597, 4.641505241394043
113, 3.5561234951019287, -0.5355252027511597, 4.641505241394043
114, 3.492084264755249, -0.5355252027511597, 4.39984655380249
115, 3.4280450344085693, -0.5355252027511597, 4.1581878662109375
116, 3.4280450344085693, -0.5355252027511597, 4.1581878662109375
117, 3.493414878845215, -0.5355252027511597, 3.9168856143951416
118, 3.5587847232818604, -0.5355252027511597, 3.6755833625793457
119, 3.5587847232818604, -0.5355252027511597, 3.6755833625793457
120, 3.7360477447509766, -0.5355252027511597, 3.4992945194244385
121, 3.7360477447509766, -0.5355252027511597, 3.4992945194244385
122, 3.9777066707611084, -0.5355252027511597, 3.435255527496338
123, 4.21936559677124, -0.5355252027511597, 3.3712165355682373
124, 4.461024284362793, -0.5355252027511597, 3.3071775436401367
125, 4.702682971954346, -0.5355252027511597, 3.243138551712036
126, 4.702682971954346, -0.5355252027511597, 3.243138551712036
127, 4.943985462188721, -0.5355252027511597, 3.3085083961486816
128, 5.185287952423096, -0.5355252027511597, 3.3738784790039062
129, 5.185287952423096, -0.5355252027511597, 3.3738784790039062
130, 5.426946640014648, -0.5355252027511597, 3.3098394870758057
131, 5.668605327606201, -0.5355252027511597, 3.245800495147705
132, 5.910264015197754, -0.5355252027511597, 3.1817615032196045
133, 6.151922702789307, -0.5355252027511597, 3.117722511291504
134, 6.393581390380859, -0.5355252027511597, 3.0536835193634033
135, 6.393581390380859, -0.5355252027511597, 3.0536835193634033
136, 6.634883880615234, -0.5355252027511597, 3.119053602218628
137, 6.876186370849609, -0.5355252027511597, 3.1844236850738525
138, 7.117488861083984, -0.5355252027511597, 3.249793767929077
139, 7.358791351318359, -0.5355252027511597, 3.3151638507843018
140, 7.600093841552734, -0.5355252027511597, 3.3805339336395264
141, 7.841396331787109, -0.5355252027511597, 3.445904016494751
142, 8.082698822021484, -0.5355252027511597, 3.5112740993499756
143, 8.32400131225586, -0.5355252027511597, 3.5766441822052
144, 8.32400131225586, -0.5355252027511597, 3.5766441822052
145, 8.56566047668457, -0.5355252027511597, 3.5126051902770996
146, 6.47343111038208, 2.0644748210906982, 3.8820483684539795
