1, 5.96861457824707, -2.5197770595550537, 0.47259148955345154
2, 5.96861457824707, -2.5197770595550537, 0.47259148955345154
3, 5.96861457824707, -2.5197770595550537, 0.47259148955345154
4, 5.96861457824707, -2.5197770595550537, 0.47259148955345154
5, 5.96861457824707, -2.5197770595550537, 0.47259148955345154
6, 5.96861457824707, -2.5197770595550537, 0.47259148955345154
7, 5.96861457824707, -2.5197770595550537, 0.47259148955345154
8, 5.96861457824707, -2.5197770595550537, 0.47259148955345154
9, 5.96861457824707, -2.5197770595550537, 0.47259148955345154
10, 5.96861457824707, -2.5197770595550537, 0.47259148955345154
11, 5.96861457824707, -2.5197770595550537, 0.47259148955345154
12, 5.96861457824707, -2.5197770595550537, 0.47259148955345154
13, 5.96861457824707, -2.5197770595550537, 0.47259148955345154
14, 5.96861457824707, -2.5197770595550537, 0.47259148955345154
15, 5.726932525634766, -2.5197770595550537, 0.5365427732467651
16, 5.485250473022461, -2.5197770595550537, 0.6004940271377563
17, 5.243568420410156, -2.5197770595550537, 0.6644452810287476
18, 5.001886367797852, -2.5197770595550537, 0.7283965349197388
19, 4.760204315185547, -2.5197770595550537, 0.79234778881073
20, 4.518522262573242, -2.5197770595550537, 0.8562990427017212
21, 4.2768402099609375, -2.5197770595550537, 0.9202502965927124
22, 4.035158157348633, -2.5197770595550537, 0.9842015504837036
23, 3.793476104736328, -2.5197770595550537, 1.0481528043746948
24, 3.5517940521240234, -2.5197770595550537, 1.112104058265686
25, 3.5517940521240234, -2.5197770595550537, 1.112104058265686
26, 3.3105156421661377, -2.5197770595550537, 1.0466464757919312
27, 3.069237232208252, -2.5197770595550537, 0.9811888933181763
28, 2.827958822250366, -2.5197770595550537, 0.9157313108444214
29, 2.5866804122924805, -2.5197770595550537, 0.8502737283706665
30, 2.3454020023345947, -2.5197770595550537, 0.7848161458969116
31, -0.913925290107727, 2.880223035812378, -2.036111354827881
