1, 1.660767912864685, -2.576007843017578, 0.9779053926467896
2, 1.660767912864685, -2.576007843017578, 0.9779053926467896
3, 1.660767912864685, -2.576007843017578, 0.9779053926467896
4, 1.660767912864685, -2.576007843017578, 0.9779053926467896
5, 1.660767912864685, -2.576007843017578, 0.9779053926467896
6, 1.660767912864685, -2.576007843017578, 0.9779053926467896
7, 1.660767912864685, -2.576007843017578, 0.9779053926467896
8, 1.660767912864685, -2.576007843017578, 0.9779053926467896
9, 1.660767912864685, -2.576007843017578, 0.9779053926467896
10, 1.660767912864685, -2.576007843017578, 0.9779053926467896
11, 1.660767912864685, -2.576007843017578, 0.9779053926467896
12, 1.660767912864685, -2.576007843017578, 0.9779053926467896
13, 1.660767912864685, -2.576007843017578, 0.9779053926467896
14, 1.660767912864685, -2.576007843017578, 0.9779053926467896
15, 1.660767912864685, -2.576007843017578, 0.9779053926467896
16, 1.660767912864685, -2.576007843017578, 0.9779053926467896
17, 1.78533935546875, -2.576007843017578, 0.7611521482467651
18, 1.7876465320587158, -2.576007843017578, 0.7571377754211426
19, 1.7876465320587158, -2.576007843017578, 0.7571377754211426
20, 1.7876465320587158, -2.576007843017578, 0.7571377754211426
21, 1.7876465320587158, -2.576007843017578, 0.7571377754211426
22, 1.7876473665237427, -2.576007843017578, 0.7571377754211426
23, 1.7876473665237427, -2.576007843017578, 0.7571377754211426
24, 2.0044004917144775, -2.576007843017578, 0.8817092180252075
25, 2.0044004917144775, -2.576007843017578, 0.8817092180252075
26, 2.0044004917144775, -2.576007843017578, 0.8817092180252075
27, 2.0044004917144775, -2.576007843017578, 0.8817092180252075
28, 2.128971815109253, -2.576007843017578, 0.6649559736251831
29, 2.2535431385040283, -2.576007843017578, 0.4482027292251587
30, 2.3781144618988037, -2.576007843017578, 0.23144949972629547
31, 2.3781144618988037, -2.576007843017578, 0.23144949972629547
32, 2.377619743347168, -2.576007843017578, -0.018550008535385132
33, 2.3771250247955322, -2.576007843017578, -0.26854950189590454
34, 2.3766303062438965, -2.576007843017578, -0.5185490250587463
35, 2.3761355876922607, -2.576007843017578, -0.7685485482215881
36, 2.375640869140625, -2.576007843017578, -1.0185480117797852
37, 2.3751461505889893, -2.576007843017578, -1.268547534942627
38, 2.3751461505889893, -2.576007843017578, -1.268547534942627
39, 2.4997177124023438, -2.576007843017578, -1.4853007793426514
40, 2.4997177124023438, -2.576007843017578, -1.4853007793426514
41, 2.4997177124023438, -2.576007843017578, -1.4853007793426514
42, 2.4997177124023438, -2.576007843017578, -1.4853007793426514
43, 2.4997177124023438, -2.576007843017578, -1.4853007793426514
44, 2.4997177124023438, -2.576007843017578, -1.4853007793426514
45, 2.4997177124023438, -2.576007843017578, -1.4853007793426514
46, 2.4997177124023438, -2.576007843017578, -1.4853007793426514
47, 2.626969337463379, -2.576007843017578, -1.559105634689331
48, 2.626969337463379, -2.576007843017578, -1.559105634689331
49, 2.626969337463379, -2.576007843017578, -1.559105634689331
50, 2.626969337463379, -2.576007843017578, -1.559105634689331
51, 2.626969337463379, -2.576007843017578, -1.559105634689331
52, 2.626969337463379, -2.576007843017578, -1.559105634689331
53, 2.626969337463379, -2.576007843017578, -1.559105634689331
54, 2.7515406608581543, -2.555328845977783, -1.7758588790893555
55, 2.7515406608581543, -2.555328845977783, -1.7758588790893555
56, 2.967799186706543, -2.5512585639953613, -1.9012869596481323
57, 2.967799186706543, -2.5512585639953613, -1.9012869596481323
58, 3.2177987098693848, -2.576007843017578, -1.9017815589904785
59, 3.4677982330322266, -2.576007843017578, -1.9022761583328247
60, 3.7177977561950684, -2.576007843017578, -1.902770757675171
61, 3.96779727935791, -2.576007843017578, -1.903265357017517
62, 3.96779727935791, -2.576007843017578, -1.903265357017517
63, 3.96779727935791, -2.576007843017578, -1.903265357017517
64, 4.093225479125977, -2.576007843017578, -1.6870067119598389
65, 4.093225479125977, -2.576007843017578, -1.6870067119598389
66, 4.093719959259033, -2.576007843017578, -1.437007188796997
67, 4.09421443939209, -2.576007843017578, -1.1870076656341553
68, 4.0947089195251465, -2.576007843017578, -0.9370081424713135
69, 4.095203399658203, -2.576007843017578, -0.6870086193084717
70, 4.09569787979126, -2.576007843017578, -0.4370090961456299
71, 4.096192359924316, -2.576007843017578, -0.18700957298278809
72, 4.096686840057373, -2.576007843017578, 0.06298995018005371
73, 4.09718132019043, -2.576007843017578, 0.3129894733428955
74, 4.097675800323486, -2.576007843017578, 0.5629889965057373
75, 4.098170280456543, -2.576007843017578, 0.8129885196685791
76, 4.0986647605896, -2.576007843017578, 1.062988042831421
77, 4.0986647605896, -2.576007843017578, 1.062988042831421
78, 4.224092960357666, -2.576007843017578, 1.2792466878890991
79, 4.224092960357666, -2.576007843017578, 1.2792466878890991
80, 4.224092960357666, -2.576007843017578, 1.2792466878890991
81, 4.224092960357666, -2.576007843017578, 1.2792466878890991
82, 4.224092960357666, -2.576007843017578, 1.2792466878890991
83, 4.224092960357666, -2.576007843017578, 1.2792466878890991
84, 4.224092960357666, -2.576007843017578, 1.2792466878890991
85, 4.0986647605896, -2.576007843017578, 1.062988042831421
86, 4.0986647605896, -2.576007843017578, 1.062988042831421
87, 4.098170280456543, -2.576007843017578, 0.8129885196685791
88, 4.097675800323486, -2.576007843017578, 0.5629889965057373
89, 4.09718132019043, -2.576007843017578, 0.3129894733428955
90, 4.096686840057373, -2.576007843017578, 0.0629899650812149
91, 4.096192359924316, -2.576007843017578, -0.1870095431804657
92, 4.09569787979126, -2.576007843017578, -0.4370090365409851
93, 4.095203399658203, -2.576007843017578, -0.6870085597038269
94, 4.0947089195251465, -2.576007843017578, -0.9370080828666687
95, 4.09421443939209, -2.576007843017578, -1.1870075464248657
96, 4.093719959259033, -2.576007843017578, -1.4370070695877075
97, 4.093719959259033, -2.576007843017578, -1.4370070695877075
98, 4.218291282653809, -2.576007843017578, -1.653760313987732
99, 4.342862606048584, -2.576007843017578, -1.8705135583877563
100, 4.342862606048584, -2.576007843017578, -1.8705135583877563
101, 4.342862606048584, -2.576007843017578, -1.8705135583877563
102, 4.592862129211426, -2.576007843017578, -1.8710081577301025
103, 4.842861652374268, -2.576007843017578, -1.8715027570724487
104, 4.842861652374268, -2.576007843017578, -1.8715027570724487
105, 5.059615135192871, -2.576007843017578, -1.7469313144683838
106, 5.059615135192871, -2.576007843017578, -1.7469313144683838
107, 5.059615135192871, -2.576007843017578, -1.7469313144683838
108, 5.059615135192871, -2.576007843017578, -1.7469313144683838
109, 5.1850433349609375, -2.576007843017578, -1.5306726694107056
110, 5.310471534729004, -2.576007843017578, -1.3144140243530273
111, 5.310471534729004, -2.576007843017578, -1.3144140243530273
112, 5.310471534729004, -2.576007843017578, -1.3144140243530273
113, 5.560471057891846, -2.576007843017578, -1.314908742904663
114, 5.8104705810546875, -2.576007843017578, -1.3154034614562988
115, 2.98482346534729, 2.8239920139312744, -1.0901777744293213
