1, -4.966638088226318, 0.01920294761657715, 2.3370251655578613
2, -4.966638088226318, 0.01920294761657715, 2.3370251655578613
3, -4.966638088226318, 0.01920294761657715, 2.3370251655578613
4, -4.966638088226318, 0.01920294761657715, 2.3370251655578613
5, -4.966638088226318, 0.01920294761657715, 2.3370251655578613
6, -4.966638088226318, 0.01920294761657715, 2.3370251655578613
7, -4.966638088226318, 0.01920294761657715, 2.3370251655578613
8, -4.966638088226318, 0.01920294761657715, 2.3370251655578613
9, -4.966638088226318, 0.01920294761657715, 2.3370251655578613
10, -4.966638088226318, 0.01920294761657715, 2.3370251655578613
11, -4.966638088226318, 0.01920294761657715, 2.3370251655578613
12, -4.966638088226318, 0.01920294761657715, 2.3370251655578613
13, -4.754549503326416, 0.01920294761657715, 2.2046680450439453
14, -4.542460918426514, 0.01920294761657715, 2.0723109245300293
15, -4.330372333526611, 0.01920294761657715, 1.9399539232254028
16, -4.118283748626709, 0.01920294761657715, 1.8075969219207764
17, -4.118283748626709, 0.01920294761657715, 1.8075969219207764
18, -4.118283748626709, 0.01920294761657715, 1.8075969219207764
19, -4.118283748626709, 0.01920294761657715, 1.8075969219207764
20, -4.118283748626709, 0.01920294761657715, 1.8075969219207764
21, -4.118283748626709, 0.01920294761657715, 1.8075969219207764
22, -4.118283748626709, 0.01920294761657715, 1.8075969219207764
23, -4.126863956451416, 0.01920294761657715, 1.5577442646026611
24, -4.135444164276123, 0.01920294761657715, 1.307891607284546
25, -4.135444164276123, 0.01920294761657715, 1.307891607284546
26, -4.135444164276123, 0.01920294761657715, 1.307891607284546
27, -4.135444164276123, 0.01920294761657715, 1.307891607284546
28, -4.135444164276123, 0.01920294761657715, 1.307891607284546
29, -4.135444164276123, 0.01920294761657715, 1.307891607284546
30, -4.135444164276123, 0.01920294761657715, 1.307891607284546
31, -4.135444164276123, 0.01920294761657715, 1.307891607284546
32, -3.885591506958008, 0.01920294761657715, 1.2993113994598389
33, -3.6357388496398926, 0.01920294761657715, 1.2907311916351318
34, -3.3858861923217773, 0.01920294761657715, 1.2821509838104248
35, -3.136033535003662, 0.01920294761657715, 1.2735707759857178
36, -2.886180877685547, 0.01920294761657715, 1.2649905681610107
37, -2.886180877685547, 0.01920294761657715, 1.2649905681610107
38, -2.886180877685547, 0.01920294761657715, 1.2649905681610107
39, -2.886180877685547, 0.01920294761657715, 1.2649905681610107
40, -2.886180877685547, 0.01920294761657715, 1.2649905681610107
41, -2.886180877685547, 0.01920294761657715, 1.2649905681610107
42, -2.886180877685547, 0.01920294761657715, 1.2649905681610107
43, -3.136033535003662, 0.01920294761657715, 1.2735707759857178
44, -3.3858861923217773, 0.01920294761657715, 1.2821509838104248
45, -3.6357388496398926, 0.01920294761657715, 1.2907311916351318
46, -3.885591506958008, 0.01920294761657715, 1.2993113994598389
47, -3.885591506958008, 0.01920294761657715, 1.2993113994598389
48, -4.09768009185791, 0.01920294761657715, 1.4316684007644653
49, -4.3097686767578125, 0.01920294761657715, 1.5640254020690918
50, -4.521857261657715, 0.01920294761657715, 1.6963824033737183
51, -4.733945846557617, 0.01920294761657715, 1.8287394046783447
52, -4.9460344314575195, 0.01920294761657715, 1.9610964059829712
53, -5.158123016357422, 0.01920294761657715, 2.0934534072875977
54, -5.158123016357422, 0.01920294761657715, 2.0934534072875977
55, -5.407975673675537, 0.01920294761657715, 2.1020336151123047
56, -5.407975673675537, 0.01920294761657715, 2.1020336151123047
57, -5.407975673675537, 0.01920294761657715, 2.1020336151123047
58, -5.407975673675537, 0.01920294761657715, 2.1020336151123047
59, -5.6200642585754395, 0.01920294761657715, 2.2343907356262207
60, -5.6200642585754395, 0.01920294761657715, 2.2343907356262207
61, -5.737559795379639, 0.01920294761657715, 2.45505952835083
62, -5.760044097900391, 0.01920294761657715, 2.4972872734069824
63, -5.760044097900391, 0.01920294761657715, 2.4972875118255615
64, -5.760044097900391, 0.01920294761657715, 2.4972875118255615
65, -5.760044097900391, 0.01920294761657715, 2.4972875118255615
66, -5.760044097900391, 0.01920294761657715, 2.4972875118255615
67, -5.760044097900391, 0.01920294761657715, 2.4972875118255615
68, -5.972132682800293, 0.01920294761657715, 2.6296446323394775
69, -5.972132682800293, 0.01920294761657715, 2.6296446323394775
70, -6.089628219604492, 0.01920294761657715, 2.850313425064087
71, -6.089628219604492, 0.01920294761657715, 2.850313425064087
72, -6.081048011779785, 0.01920294761657715, 3.100166082382202
73, -6.072467803955078, 0.01920294761657715, 3.3500187397003174
74, -6.063887596130371, 0.01920294761657715, 3.5998713970184326
75, -6.063887596130371, 0.01920294761657715, 3.5998713970184326
76, -6.063887596130371, 0.01920294761657715, 3.5998713970184326
77, -6.063887596130371, 0.01920294761657715, 3.5998713970184326
78, -6.18138313293457, 0.01920294761657715, 3.820540189743042
79, -6.18138313293457, 0.01920294761657715, 3.820540189743042
80, -6.393471717834473, 0.01920294761657715, 3.952897310256958
81, -6.605560302734375, 0.01920294761657715, 4.085254192352295
82, -6.605560302734375, 0.01920294761657715, 4.085254192352295
83, -6.605560302734375, 0.01920294761657715, 4.085254192352295
84, -6.605560302734375, 0.01920294761657715, 4.085254192352295
85, -6.473203182220459, 0.01920294761657715, 4.297342777252197
86, -6.473203182220459, 0.01920294761657715, 4.297342777252197
87, -6.473203182220459, 0.01920294761657715, 4.297342777252197
88, -6.473203182220459, 0.01920294761657715, 4.297342777252197
89, -6.473203182220459, 0.01920294761657715, 4.297342777252197
90, -6.35570764541626, 0.01920294761657715, 4.076673984527588
91, -6.2382121086120605, 0.01920294761657715, 3.8560051918029785
92, -6.120716571807861, 0.01920294761657715, 3.635336399078369
93, -6.003221035003662, 0.01920294761657715, 3.4146676063537598
94, -6.003221035003662, 0.01920294761657715, 3.4146676063537598
95, -6.011801242828369, 0.01920294761657715, 3.1648149490356445
96, -6.020381450653076, 0.01920294761657715, 2.9149622917175293
97, -6.020381450653076, 0.01920294761657715, 2.9149622917175293
98, -5.902885913848877, 0.01920294761657715, 2.69429349899292
99, -5.785390377044678, 0.01920294761657715, 2.4736247062683105
100, -5.6678948402404785, 0.01920294761657715, 2.252955913543701
101, -5.6678948402404785, 0.01920294761657715, 2.252955913543701
102, -5.455806255340576, 0.01920294761657715, 2.1205990314483643
103, -5.243717670440674, 0.01920294761657715, 1.9882420301437378
104, -5.0316290855407715, 0.01920294761657715, 1.8558850288391113
105, -5.0316290855407715, 0.01920294761657715, 1.8558850288391113
106, -4.781776428222656, 0.01920294761657715, 1.8473048210144043
107, -4.531923770904541, 0.01920294761657715, 1.8387246131896973
108, -4.282071113586426, 0.01920294761657715, 1.8301444053649902
109, -4.0322184562683105, 0.01920294761657715, 1.8215641975402832
110, -3.7823657989501953, 0.01920294761657715, 1.8129839897155762
111, -3.7823657989501953, 0.01920294761657715, 1.8129839897155762
112, -3.570276975631714, 0.01920294761657715, 1.6806269884109497
113, -3.3581881523132324, 0.01920294761657715, 1.5482699871063232
114, -3.146099328994751, 0.01920294761657715, 1.4159129858016968
115, -2.9340105056762695, 0.01920294761657715, 1.2835559844970703
116, -2.721921682357788, 0.01920294761657715, 1.1511989831924438
117, -2.5098328590393066, 0.01920294761657715, 1.0188419818878174
118, -2.297744035720825, 0.01920294761657715, 0.8864849805831909
119, -2.0856552124023438, 0.01920294761657715, 0.7541279792785645
120, -1.8735665082931519, 0.01920294761657715, 0.621770977973938
121, -1.66147780418396, 0.01920294761657715, 0.4894140064716339
122, -1.449389100074768, 0.01920294761657715, 0.35705703496932983
123, -1.449389100074768, 0.01920294761657715, 0.35705703496932983
124, -1.3318933248519897, 0.01920294761657715, 0.1363881528377533
125, -1.2143975496292114, 0.01920294761657715, -0.08428072929382324
126, -1.1414234638214111, 0.01920294761657715, -0.2213333398103714
127, -1.1414234638214111, 0.01920294761657715, -0.2213333398103714
128, -1.1414234638214111, 0.01920294761657715, -0.2213333398103714
129, -1.1414234638214111, 0.01920294761657715, -0.2213333398103714
130, -0.920754611492157, 0.01920294761657715, -0.10383759438991547
131, -0.920754611492157, 0.01920294761657715, -0.10383759438991547
132, -0.920754611492157, 0.01920294761657715, -0.10383759438991547
133, -0.920754611492157, 0.01920294761657715, -0.10383759438991547
134, -0.920754611492157, 0.01920294761657715, -0.10383759438991547
135, -0.920754611492157, 0.01920294761657715, -0.10383759438991547
136, -0.8032588362693787, 0.01920294761657715, -0.3245064616203308
137, -0.6857630610466003, 0.01920294761657715, -0.545175313949585
138, -0.6857630610466003, 0.01920294761657715, -0.545175313949585
139, -0.6943432092666626, 0.01920294761657715, -0.795028030872345
140, -0.7029233574867249, 0.01920294761657715, -1.044880747795105
141, -0.7115035057067871, 0.01920294761657715, -1.2947335243225098
142, -0.7115035057067871, 0.01920294761657715, -1.2947335243225098
143, -0.7115035057067871, 0.01920294761657715, -1.2947335243225098
144, -0.7115035057067871, 0.01920294761657715, -1.2947335243225098
145, -0.5940077304840088, 0.01920294761657715, -1.5154024362564087
146, -0.47651195526123047, 0.01920294761657715, -1.7360713481903076
147, -0.47651195526123047, 0.01920294761657715, -1.7360713481903076
148, -0.47651195526123047, 0.01920294761657715, -1.7360713481903076
149, -0.47651195526123047, 0.01920294761657715, -1.7360713481903076
150, -0.47651195526123047, 0.01920294761657715, -1.7360713481903076
151, -0.47651195526123047, 0.01920294761657715, -1.7360713481903076
152, -0.47651195526123047, 0.01920294761657715, -1.7360713481903076
153, -0.5940077304840088, 0.01920294761657715, -1.5154024362564087
154, -0.7115035057067871, 0.01920294761657715, -1.2947335243225098
155, -0.7115035057067871, 0.01920294761657715, -1.2947335243225098
156, -0.7029234170913696, 0.01920294761657715, -1.0448808670043945
157, -0.6943433284759521, 0.01920294761657715, -0.7950281500816345
158, -0.6943433284759521, 0.01920294761657715, -0.7950281500816345
159, -0.8118391036987305, 0.01920294761657715, -0.5743592977523804
160, -0.9293348789215088, 0.01920294761657715, -0.35369041562080383
161, -1.046830654144287, 0.01920294761657715, -0.1330215334892273
162, -1.1643264293670654, 0.01920294761657715, 0.08764734864234924
163, -1.2818222045898438, 0.01920294761657715, 0.3083162307739258
164, -1.399317979812622, 0.01920294761657715, 0.5289851427078247
165, -1.5168137550354004, 0.01920294761657715, 0.7496540546417236
166, -1.5168137550354004, 0.01920294761657715, 0.7496540546417236
167, -1.7289025783538818, 0.01920294761657715, 0.8820110559463501
168, -1.9409914016723633, 0.01920294761657715, 1.0143680572509766
169, -2.1530802249908447, 0.01920294761657715, 1.146725058555603
170, -2.365169048309326, 0.01920294761657715, 1.2790820598602295
171, -2.5772578716278076, 0.01920294761657715, 1.411439061164856
172, -2.789346694946289, 0.01920294761657715, 1.5437960624694824
173, -3.0014355182647705, 0.01920294761657715, 1.6761530637741089
174, -3.213524341583252, 0.01920294761657715, 1.8085100650787354
175, -3.4256131649017334, 0.01920294761657715, 1.9408670663833618
176, -3.4256131649017334, 0.01920294761657715, 1.9408670663833618
177, -3.5431089401245117, 0.01920294761657715, 2.1615359783172607
178, -3.5431089401245117, 0.01920294761657715, 2.1615359783172607
179, -3.5431089401245117, 0.01920294761657715, 2.1615359783172607
180, -3.5431089401245117, 0.01920294761657715, 2.1615359783172607
181, -3.5431089401245117, 0.01920294761657715, 2.1615359783172607
182, -3.5431089401245117, 0.01920294761657715, 2.1615359783172607
183, -3.5431089401245117, 0.01920294761657715, 2.1615359783172607
184, -3.4256131649017334, 0.01920294761657715, 1.9408671855926514
185, -3.4256131649017334, 0.01920294761657715, 1.9408671855926514
186, -3.213524341583252, 0.01920294761657715, 1.8085103034973145
187, -3.0014355182647705, 0.01920294761657715, 1.6761534214019775
188, -2.789346694946289, 0.01920294761657715, 1.5437965393066406
189, -2.5772578716278076, 0.01920294761657715, 1.4114396572113037
190, -2.365169048309326, 0.01920294761657715, 1.2790827751159668
191, -2.1530802249908447, 0.01920294761657715, 1.1467258930206299
192, -1.9409914016723633, 0.01920294761657715, 1.014369010925293
193, -1.7289025783538818, 0.01920294761657715, 0.882012128829956
194, -1.5168137550354004, 0.01920294761657715, 0.7496552467346191
195, -1.5168137550354004, 0.01920294761657715, 0.7496552467346191
196, -1.399317979812622, 0.01920294761657715, 0.528986394405365
197, -1.2818222045898438, 0.01920294761657715, 0.30831754207611084
198, -1.1643264293670654, 0.01920294761657715, 0.08764870464801788
199, -1.046830654144287, 0.01920294761657715, -0.13302013278007507
200, -0.9293348789215088, 0.01920294761657715, -0.35368895530700684
201, -0.8118391036987305, 0.01920294761657715, -0.574357807636261
202, -0.8118391036987305, 0.01920294761657715, -0.574357807636261
203, -0.820419192314148, 0.01920294761657715, -0.824210524559021
204, -0.8289992809295654, 0.01920294761657715, -1.0740633010864258
205, -0.8289992809295654, 0.01920294761657715, -1.0740633010864258
206, -0.7115035057067871, 0.01920294761657715, -1.2947320938110352
207, -0.5940077304840088, 0.01920294761657715, -1.5154008865356445
208, -0.4765119254589081, 0.01920294761657715, -1.736069679260254
209, -0.4765119254589081, 0.01920294761657715, -1.736069679260254
210, -0.4765119254589081, 0.01920294761657715, -1.736069679260254
211, -0.3029915690422058, 0.01920294761657715, -1.7420284748077393
212, -0.3029915690422058, 0.01920294761657715, -1.7420284748077393
213, -0.3029915690422058, 0.01920294761657715, -1.7420284748077393
214, -0.3029915690422058, 0.01920294761657715, -1.7420284748077393
215, -0.3029915690422058, 0.01920294761657715, -1.7420284748077393
216, -0.3029915690422058, 0.01920294761657715, -1.7420284748077393
217, -0.3029915690422058, 0.01920294761657715, -1.7420284748077393
218, -0.3029915690422058, 0.01920294761657715, -1.7420284748077393
219, -0.3029915690422058, 0.01920294761657715, -1.7420284748077393
220, -0.3029915690422058, 0.01920294761657715, -1.7420284748077393
221, -0.3029915690422058, 0.01920294761657715, -1.7420284748077393
222, -0.3029915690422058, 0.01920294761657715, -1.7420284748077393
223, -0.3029915690422058, 0.01920294761657715, -1.7420284748077393
224, -0.3029915690422058, 0.01920294761657715, -1.7420284748077393
225, -0.26521584391593933, 0.01920294761657715, -1.8129750490188599
226, -0.26521584391593933, 0.01920294761657715, -1.8129750490188599
227, -0.26521584391593933, 0.01920294761657715, -1.8129750490188599
228, -0.26521584391593933, 0.01920294761657715, -1.8129750490188599
229, -0.25418621301651, 0.01920294761657715, -1.8071022033691406
230, -0.25418621301651, 0.01920294761657715, -1.8071022033691406
231, -0.25418621301651, 0.01920294761657715, -1.8071022033691406
232, -0.25418621301651, 0.01920294761657715, -1.8071022033691406
233, -0.25418621301651, 0.01920294761657715, -1.8071022033691406
234, 0.4350241720676422, 0.01920294761657715, 1.014701008796692
