1, -3.785112142562866, 3.1633780002593994, -5.31088399887085
2, -3.785112142562866, 3.1633780002593994, -5.31088399887085
3, -3.785112142562866, 3.1633780002593994, -5.31088399887085
4, -3.785112142562866, 3.1633780002593994, -5.31088399887085
5, -3.785112142562866, 3.1633780002593994, -5.31088399887085
6, -3.785112142562866, 3.1633780002593994, -5.31088399887085
7, -3.785112142562866, 3.1633780002593994, -5.31088399887085
8, -3.785112142562866, 3.1633780002593994, -5.31088399887085
9, -3.785112142562866, 3.1633780002593994, -5.31088399887085
10, -3.785112142562866, 3.1633780002593994, -5.31088399887085
11, -3.785112142562866, 3.1633780002593994, -5.31088399887085
12, -3.785112142562866, 3.1633780002593994, -5.31088399887085
13, -3.785112142562866, 3.1633780002593994, -5.31088399887085
14, -3.785112142562866, 3.1633780002593994, -5.31088399887085
15, -3.785112142562866, 3.1633780002593994, -5.31088399887085
16, -3.9861788749694824, 3.1633780002593994, -5.459450721740723
17, -4.187245845794678, 3.1633780002593994, -5.608017444610596
18, -4.187245845794678, 3.1633780002593994, -5.608017444610596
19, -4.4356584548950195, 3.1633780002593994, -5.636146545410156
20, -4.4356584548950195, 3.1633780002593994, -5.636146545410156
21, -4.664854526519775, 3.1633780002593994, -5.536301136016846
22, -4.894050598144531, 3.1633780002593994, -5.436455726623535
23, -5.123246669769287, 3.1633780002593994, -5.336610317230225
24, -5.352442741394043, 3.1633780002593994, -5.236764907836914
25, -5.581638813018799, 3.1633780002593994, -5.1369194984436035
26, -5.810834884643555, 3.1633780002593994, -5.037074089050293
27, -5.810834884643555, 3.1633780002593994, -5.037074089050293
28, -5.810834884643555, 3.1633780002593994, -5.037074089050293
29, -5.8355302810668945, 3.1633780002593994, -4.81898307800293
30, -5.8355302810668945, 3.1633780002593994, -4.81898307800293
31, -5.8355302810668945, 3.1633780002593994, -4.81898307800293
32, -5.8355302810668945, 3.1633780002593994, -4.81898307800293
33, -6.06472635269165, 3.1633780002593994, -4.719137668609619
34, -6.06472635269165, 3.1633780002593994, -4.719137668609619
35, -6.213293075561523, 3.1633780002593994, -4.518070697784424
36, -6.213293075561523, 3.1633780002593994, -4.518070697784424
37, -6.241422176361084, 3.1633780002593994, -4.269658088684082
38, -6.2695512771606445, 3.1633780002593994, -4.02124547958374
39, -6.297680377960205, 3.1633780002593994, -3.7728328704833984
40, -6.297680377960205, 3.1633780002593994, -3.7728328704833984
41, -6.297680377960205, 3.1633780002593994, -3.7728328704833984
42, -6.297680377960205, 3.1633780002593994, -3.7728328704833984
43, -6.297680377960205, 3.1633780002593994, -3.7728328704833984
44, -6.297680377960205, 3.1633780002593994, -3.7728328704833984
45, -6.297680377960205, 3.1633780002593994, -3.7728328704833984
46, -6.4987473487854, 3.1633780002593994, -3.9213998317718506
47, -6.699814319610596, 3.1633780002593994, -4.069966793060303
48, -6.900881290435791, 3.1633780002593994, -4.218533515930176
49, -6.900881290435791, 3.1633780002593994, -4.218533515930176
50, -6.900881290435791, 3.1633780002593994, -4.218533515930176
51, -6.900881290435791, 3.1633780002593994, -4.218533515930176
52, -6.900881290435791, 3.1633780002593994, -4.218533515930176
53, -6.900881290435791, 3.1633780002593994, -4.218533515930176
54, -6.900881290435791, 3.1633780002593994, -4.218533515930176
55, -6.699814319610596, 3.1633780002593994, -4.069966793060303
56, -6.4987473487854, 3.1633780002593994, -3.9213998317718506
57, -6.297680377960205, 3.1633780002593994, -3.7728328704833984
58, -6.297680377960205, 3.1633780002593994, -3.7728328704833984
59, -6.1978349685668945, 3.1633780002593994, -3.5436367988586426
60, -6.097989559173584, 3.1633780002593994, -3.3144407272338867
61, -5.998144149780273, 3.1633780002593994, -3.085244655609131
62, -5.998144149780273, 3.1633780002593994, -3.085244655609131
63, -5.998144149780273, 3.1633780002593994, -3.085244655609131
64, -5.998144149780273, 3.1633780002593994, -3.085244655609131
65, -5.998144149780273, 3.1633780002593994, -3.085244655609131
66, -5.998144149780273, 3.1633780002593994, -3.085244655609131
67, -6.097001552581787, 3.1633780002593994, -3.158289670944214
68, -6.097001552581787, 3.1633780002593994, -3.158289670944214
69, -6.097001552581787, 3.1633780002593994, -3.158289670944214
70, -6.097001552581787, 3.1633780002593994, -3.158289670944214
71, -6.097001552581787, 3.1633780002593994, -3.158289670944214
72, -6.068872451782227, 3.1633780002593994, -3.4067020416259766
73, -6.068872451782227, 3.1633780002593994, -3.4067020416259766
74, -6.168717861175537, 3.1633780002593994, -3.6358981132507324
75, -6.268563270568848, 3.1633780002593994, -3.8650941848754883
76, -6.268563270568848, 3.1633780002593994, -3.8650941848754883
77, -6.469630241394043, 3.1633780002593994, -4.013660907745361
78, -6.670697212219238, 3.1633780002593994, -4.162227630615234
79, -6.871764183044434, 3.1633780002593994, -4.310794353485107
80, -6.871764183044434, 3.1633780002593994, -4.310794353485107
81, -7.120176792144775, 3.1801998615264893, -4.338923454284668
82, -7.368589401245117, 3.2362382411956787, -4.3670525550842285
83, -7.617002010345459, 3.268393039703369, -4.395181655883789
84, -7.865414619445801, 3.2515642642974854, -4.42331075668335
85, -7.865414619445801, 3.2515642642974854, -4.42331075668335
86, -7.865414619445801, 3.2515642642974854, -4.42331075668335
87, -7.865414619445801, 3.2515642642974854, -4.42331075668335
88, -7.865414619445801, 3.2515642642974854, -4.42331075668335
89, -7.865414619445801, 3.2515642642974854, -4.42331075668335
90, -7.865414619445801, 3.2515642642974854, -4.42331075668335
91, -7.617002010345459, 3.268393039703369, -4.395181655883789
92, -7.368589401245117, 3.2362382411956787, -4.36705207824707
93, -7.120176792144775, 3.1801998615264893, -4.338922500610352
94, -7.120176792144775, 3.1801998615264893, -4.338922500610352
95, -7.120176792144775, 3.1801998615264893, -4.338922500610352
96, -7.120176792144775, 3.1801998615264893, -4.338922500610352
97, -6.91910982131958, 3.1633780002593994, -4.19035530090332
98, -6.718042850494385, 3.1633780002593994, -4.041788101196289
99, -6.5169758796691895, 3.1633780002593994, -3.893221139907837
100, -6.315908908843994, 3.1633780002593994, -3.7446541786193848
101, -6.114841938018799, 3.1633780002593994, -3.5960872173309326
102, -6.114841938018799, 3.1633780002593994, -3.5960872173309326
103, -6.114841938018799, 3.1633780002593994, -3.5960872173309326
104, -6.114841938018799, 3.1633780002593994, -3.5960872173309326
105, -6.114841938018799, 3.1633780002593994, -3.5960872173309326
106, -6.114841938018799, 3.1633780002593994, -3.5960872173309326
107, -6.114841938018799, 3.1633780002593994, -3.5960872173309326
108, -6.114841938018799, 3.1633780002593994, -3.5960872173309326
109, -6.114841938018799, 3.1633780002593994, -3.5960872173309326
110, -6.315908908843994, 3.1633780002593994, -3.7446541786193848
111, -6.5169758796691895, 3.1633780002593994, -3.893221139907837
112, -6.718042850494385, 3.1633780002593994, -4.041788101196289
113, -6.91910982131958, 3.1633780002593994, -4.190354824066162
114, -6.91910982131958, 3.1633780002593994, -4.190354824066162
115, -7.02665376663208, 3.1633780002593994, -4.202532768249512
116, -7.02665376663208, 3.1633780002593994, -4.202532768249512
117, -7.02665376663208, 3.1633780002593994, -4.202532768249512
118, -7.02665376663208, 3.1633780002593994, -4.202532768249512
119, -7.02665376663208, 3.1633780002593994, -4.202532768249512
120, -7.126499176025391, 3.1816532611846924, -4.431728839874268
121, -7.126499176025391, 3.1816532611846924, -4.431728839874268
122, -7.126499176025391, 3.1816532611846924, -4.431728839874268
123, -7.374911785125732, 3.238759756088257, -4.459857940673828
124, -7.374911785125732, 3.238759756088257, -4.459857940673828
125, -7.604107856750488, 3.256953239440918, -4.360012531280518
126, -7.604107856750488, 3.256953239440918, -4.360012531280518
127, -7.85252046585083, 3.232551336288452, -4.388141632080078
128, -8.100933074951172, 3.2044677734375, -4.416271209716797
129, -8.100933074951172, 3.2044677734375, -4.416271209716797
130, -8.100933074951172, 3.2044677734375, -4.416271209716797
131, -8.100933074951172, 3.2044677734375, -4.416271209716797
132, -8.100933074951172, 3.2044677734375, -4.416271209716797
133, -8.100933074951172, 3.2044677734375, -4.416271209716797
134, -8.100933074951172, 3.2044677734375, -4.416271209716797
135, -7.85252046585083, 3.232551336288452, -4.388141632080078
136, -7.604107856750488, 3.256953001022339, -4.360012054443359
137, -7.3556952476501465, 3.2247982025146484, -4.331882476806641
138, -7.107282638549805, 3.1772358417510986, -4.303752899169922
139, -7.107282638549805, 3.1772358417510986, -4.303752899169922
140, -6.906215667724609, 3.1633780002593994, -4.155185699462891
141, -6.705148696899414, 3.1633780002593994, -4.006618499755859
142, -6.504081726074219, 3.1633780002593994, -3.8580515384674072
143, -6.303014755249023, 3.1633780002593994, -3.709484577178955
144, -6.101947784423828, 3.1633780002593994, -3.560917615890503
145, -6.101947784423828, 3.1633780002593994, -3.560917615890503
146, -6.101947784423828, 3.1633780002593994, -3.560917615890503
147, -6.101947784423828, 3.1633780002593994, -3.560917615890503
148, -6.101947784423828, 3.1633780002593994, -3.560917615890503
149, -6.101947784423828, 3.1633780002593994, -3.560917615890503
150, -6.101947784423828, 3.1633780002593994, -3.560917615890503
151, -6.303014755249023, 3.1633780002593994, -3.709484577178955
152, -6.504081726074219, 3.1633780002593994, -3.8580515384674072
153, -6.705148696899414, 3.1633780002593994, -4.006618499755859
154, -6.906215667724609, 3.1633780002593994, -4.155185699462891
155, -6.906215667724609, 3.1633780002593994, -4.155185699462891
156, -6.988640308380127, 3.1633780002593994, -4.164519309997559
157, -6.988640308380127, 3.1633780002593994, -4.164519309997559
158, -6.988640308380127, 3.1633780002593994, -4.164519309997559
159, -6.988640785217285, 3.1633780002593994, -4.164519786834717
160, -6.988640785217285, 3.1633780002593994, -4.164519786834717
161, -7.088486194610596, 3.172914743423462, -4.393715858459473
162, -7.088486194610596, 3.172914743423462, -4.393715858459473
163, -7.088486194610596, 3.172914743423462, -4.393715858459473
164, -7.3368988037109375, 3.2300209999084473, -4.421845436096191
165, -7.3368988037109375, 3.2300209999084473, -4.421845436096191
166, -7.566094875335693, 3.242262363433838, -4.322000026702881
167, -7.566094875335693, 3.242262363433838, -4.322000026702881
168, -7.814507484436035, 3.216379165649414, -4.3501296043396
169, -8.062919616699219, 3.188295602798462, -4.378259181976318
170, -8.311331748962402, 3.019650936126709, -4.406388759613037
171, -8.559743881225586, 2.727544069290161, -4.434518337249756
172, -8.559743881225586, 2.727544069290161, -4.434518337249756
173, -8.559743881225586, 2.727544069290161, -4.434518337249756
174, -8.559743881225586, 2.727544069290161, -4.434518337249756
175, -8.559743881225586, 2.727544069290161, -4.434518337249756
176, -8.559743881225586, 2.727544069290161, -4.434518337249756
177, -8.559743881225586, 2.727544069290161, -4.434518337249756
178, -8.311331748962402, 3.019650936126709, -4.406388759613037
179, -8.062919616699219, 3.188295602798462, -4.378259181976318
180, -7.814507007598877, 3.216379165649414, -4.3501296043396
181, -7.566094398498535, 3.242262125015259, -4.322000026702881
182, -7.317681789398193, 3.2101075649261475, -4.293870449066162
183, -7.069269180297852, 3.168497085571289, -4.265740871429443
184, -7.069269180297852, 3.168497085571289, -4.265740871429443
185, -7.069269180297852, 3.168497085571289, -4.265740871429443
186, -7.069269180297852, 3.168497085571289, -4.265740871429443
187, -6.868202209472656, 3.1633780002593994, -4.117173671722412
188, -6.667135238647461, 3.1633780002593994, -3.96860671043396
189, -6.667135238647461, 3.1633780002593994, -3.96860671043396
190, -6.667135238647461, 3.1633780002593994, -3.96860671043396
191, -6.667135238647461, 3.1633780002593994, -3.96860671043396
192, -6.667135238647461, 3.1633780002593994, -3.96860671043396
193, -6.667135238647461, 3.1633780002593994, -3.96860671043396
194, -6.667135238647461, 3.1633780002593994, -3.96860671043396
195, -6.667135238647461, 3.1633780002593994, -3.96860671043396
196, -6.667135238647461, 3.1633780002593994, -3.96860671043396
197, -6.667135238647461, 3.1633780002593994, -3.96860671043396
198, -6.667135238647461, 3.1633780002593994, -3.96860671043396
199, -6.667135238647461, 3.1633780002593994, -3.96860671043396
200, -6.667135238647461, 3.1633780002593994, -3.96860671043396
201, -6.466068744659424, 3.1633780002593994, -3.820039749145508
202, -6.265002250671387, 3.1633780002593994, -3.6714725494384766
203, -6.265002250671387, 3.1633780002593994, -3.6714725494384766
204, -6.265002250671387, 3.1633780002593994, -3.6714725494384766
205, -6.265002250671387, 3.1633780002593994, -3.6714725494384766
206, -6.265002250671387, 3.1633780002593994, -3.6714725494384766
207, -6.265002250671387, 3.1633780002593994, -3.6714725494384766
208, -6.265002250671387, 3.1633780002593994, -3.6714725494384766
209, -6.466068744659424, 3.1633780002593994, -3.820039749145508
210, -6.667135238647461, 3.1633780002593994, -3.968606948852539
211, -6.868201732635498, 3.1633780002593994, -4.11717414855957
212, -7.069268226623535, 3.16849684715271, -4.265741348266602
213, -7.069268226623535, 3.16849684715271, -4.265741348266602
214, -7.069268226623535, 3.16849684715271, -4.265741348266602
215, -7.069268226623535, 3.16849684715271, -4.265741348266602
216, -7.069268226623535, 3.16849684715271, -4.265741348266602
217, -7.069268226623535, 3.16849684715271, -4.265741348266602
218, -7.069268226623535, 3.16849684715271, -4.265741348266602
219, -6.868201732635498, 3.1633780002593994, -4.11717414855957
220, -6.667135238647461, 3.1633780002593994, -3.968606948852539
221, -6.466068744659424, 3.1633780002593994, -3.820039749145508
222, -6.265002250671387, 3.1633780002593994, -3.6714725494384766
223, -6.265002250671387, 3.1633780002593994, -3.6714725494384766
224, -6.165156841278076, 3.1633780002593994, -3.4422762393951416
225, -6.065311431884766, 3.1633780002593994, -3.2130799293518066
226, -5.965466022491455, 3.1633780002593994, -2.9838836193084717
227, -5.965466022491455, 3.1633780002593994, -2.9838836193084717
228, -5.965466022491455, 3.1633780002593994, -2.9838836193084717
229, -5.965466022491455, 3.1633780002593994, -2.9838836193084717
230, -5.965466022491455, 3.1633780002593994, -2.9838836193084717
231, -5.965466022491455, 3.1633780002593994, -2.9838836193084717
232, -6.097001552581787, 3.1633780002593994, -3.0810744762420654
233, -6.097001552581787, 3.1633780002593994, -3.0810744762420654
234, -6.097001552581787, 3.1633780002593994, -3.0810744762420654
235, -6.097001552581787, 3.1633780002593994, -3.0810744762420654
236, -6.097001552581787, 3.1633780002593994, -3.0810744762420654
237, -6.068871974945068, 3.1633780002593994, -3.329486846923828
238, -6.068871974945068, 3.1633780002593994, -3.329486846923828
239, -6.168717384338379, 3.1633780002593994, -3.558683156967163
240, -6.2685627937316895, 3.1633780002593994, -3.787879467010498
241, -6.2685627937316895, 3.1633780002593994, -3.787879467010498
242, -6.469629287719727, 3.1633780002593994, -3.9364466667175293
243, -6.670695781707764, 3.1633780002593994, -4.0850138664245605
244, -6.871762275695801, 3.1633780002593994, -4.233581066131592
245, -6.871762275695801, 3.1633780002593994, -4.233581066131592
246, -6.871762275695801, 3.1633780002593994, -4.233581066131592
247, -6.871762275695801, 3.1633780002593994, -4.233581066131592
248, -6.871762275695801, 3.1633780002593994, -4.233581066131592
249, -6.871762275695801, 3.1633780002593994, -4.233581066131592
250, -6.871762275695801, 3.1633780002593994, -4.233581066131592
251, -6.670695781707764, 3.1633780002593994, -4.0850138664245605
252, -6.469629287719727, 3.1633780002593994, -3.9364466667175293
253, -6.2685627937316895, 3.1633780002593994, -3.787879467010498
254, -6.2685627937316895, 3.1633780002593994, -3.787879467010498
255, -6.168717384338379, 3.1633780002593994, -3.558683156967163
256, -6.068871974945068, 3.1633780002593994, -3.329486846923828
257, -5.969026565551758, 3.1633780002593994, -3.100290536880493
258, -5.869181156158447, 3.1633780002593994, -2.871094226837158
259, -5.869181156158447, 3.1633780002593994, -2.871094226837158
260, -5.869181156158447, 3.1633780002593994, -2.871094226837158
261, -5.869181156158447, 3.1633780002593994, -2.871094226837158
262, -5.66811466217041, 3.1633780002593994, -2.722527027130127
263, -5.66811466217041, 3.1633780002593994, -2.722527027130127
264, -5.5682692527771, 3.1633780002593994, -2.493330717086792
265, -5.468423843383789, 3.1633780002593994, -2.264134407043457
266, -5.468423843383789, 3.1633780002593994, -2.264134407043457
267, -5.468423843383789, 3.1633780002593994, -2.264134407043457
268, -5.468423843383789, 3.1633780002593994, -2.264134407043457
269, -5.468423843383789, 3.1633780002593994, -2.264134407043457
270, -5.468423843383789, 3.1633780002593994, -2.264134407043457
271, -5.669490337371826, 3.1633780002593994, -2.4127016067504883
272, -5.669490337371826, 3.1633780002593994, -2.4127016067504883
273, -5.769335746765137, 3.1633780002593994, -2.6418979167938232
274, -5.869181156158447, 3.1633780002593994, -2.871094226837158
275, -5.969026565551758, 3.1633780002593994, -3.100290536880493
276, -6.068871974945068, 3.1633780002593994, -3.329486846923828
277, -6.068871974945068, 3.1633780002593994, -3.329486846923828
278, -6.2699384689331055, 3.1633780002593994, -3.4780540466308594
279, -6.471004962921143, 3.1633780002593994, -3.6266212463378906
280, -6.471004962921143, 3.1633780002593994, -3.6266212463378906
281, -6.570850372314453, 3.1633780002593994, -3.8558175563812256
282, -6.670695781707764, 3.1633780002593994, -4.0850138664245605
283, -6.670695781707764, 3.1633780002593994, -4.0850138664245605
284, -6.871762275695801, 3.1633780002593994, -4.233581066131592
285, -6.871762275695801, 3.1633780002593994, -4.233581066131592
286, -6.871762275695801, 3.1633780002593994, -4.233581066131592
287, -6.871762275695801, 3.1633780002593994, -4.233581066131592
288, -6.871762275695801, 3.1633780002593994, -4.233581066131592
289, -6.871762275695801, 3.1633780002593994, -4.233581066131592
290, -6.77191686630249, 3.1633780002593994, -4.004384994506836
291, -6.77191686630249, 3.1633780002593994, -4.004384994506836
292, -6.570850372314453, 3.1633780002593994, -3.8558177947998047
293, -6.369783878326416, 3.1633780002593994, -3.7072505950927734
294, -6.168717384338379, 3.1633780002593994, -3.558683395385742
295, -6.168717384338379, 3.1633780002593994, -3.558683395385742
296, -6.068871974945068, 3.1633780002593994, -3.3294870853424072
297, -5.969026565551758, 3.1633780002593994, -3.1002907752990723
298, -5.869181156158447, 3.1633780002593994, -2.8710944652557373
299, -5.869181156158447, 3.1633780002593994, -2.8710944652557373
300, -5.869181156158447, 3.1633780002593994, -2.8710944652557373
301, -5.869181156158447, 3.1633780002593994, -2.8710944652557373
302, -5.66811466217041, 3.1633780002593994, -2.722527503967285
303, -5.66811466217041, 3.1633780002593994, -2.722527503967285
304, -5.5682692527771, 3.1633780002593994, -2.49333119392395
305, -5.468423843383789, 3.1633780002593994, -2.2641348838806152
306, -5.468423843383789, 3.1633780002593994, -2.2641348838806152
307, -5.468423843383789, 3.1633780002593994, -2.2641348838806152
308, -5.468423843383789, 3.1633780002593994, -2.2641348838806152
309, -5.468423843383789, 3.1633780002593994, -2.2641348838806152
310, -5.468423843383789, 3.1633780002593994, -2.2641348838806152
311, -5.669490337371826, 3.1633780002593994, -2.4127020835876465
312, -5.669490337371826, 3.1633780002593994, -2.4127020835876465
313, -5.769335746765137, 3.1633780002593994, -2.6418983936309814
314, -5.869181156158447, 3.1633780002593994, -2.8710947036743164
315, -5.969026565551758, 3.1633780002593994, -3.1002910137176514
316, -6.068871974945068, 3.1633780002593994, -3.3294873237609863
317, -6.068871974945068, 3.1633780002593994, -3.3294873237609863
318, -6.2699384689331055, 3.1633780002593994, -3.4780545234680176
319, -6.471004962921143, 3.1633780002593994, -3.626621723175049
320, -6.471004962921143, 3.1633780002593994, -3.626621723175049
321, -6.570850372314453, 3.1633780002593994, -3.855818033218384
322, -6.670695781707764, 3.1633780002593994, -4.085014343261719
323, -6.670695781707764, 3.1633780002593994, -4.085014343261719
324, -6.871762275695801, 3.1633780002593994, -4.23358154296875
325, -6.871762275695801, 3.1633780002593994, -4.23358154296875
326, -6.871762275695801, 3.1633780002593994, -4.23358154296875
327, -6.871762275695801, 3.1633780002593994, -4.23358154296875
328, -6.871762275695801, 3.1633780002593994, -4.23358154296875
329, -6.871762275695801, 3.1633780002593994, -4.23358154296875
330, -6.77191686630249, 3.1633780002593994, -4.004385471343994
331, -6.67207145690918, 3.1633780002593994, -3.775189161300659
332, -6.67207145690918, 3.1633780002593994, -3.775189161300659
333, -6.471004962921143, 3.1633780002593994, -3.626622200012207
334, -6.2699384689331055, 3.1633780002593994, -3.478055000305176
335, -6.068871974945068, 3.1633780002593994, -3.3294878005981445
336, -6.068871974945068, 3.1633780002593994, -3.3294878005981445
337, -5.969026565551758, 3.1633780002593994, -3.1002914905548096
338, -5.869181156158447, 3.1633780002593994, -2.8710951805114746
339, -5.869181156158447, 3.1633780002593994, -2.8710951805114746
340, -5.66811466217041, 3.1633780002593994, -2.7225279808044434
341, -5.66811466217041, 3.1633780002593994, -2.7225279808044434
342, -5.5682692527771, 3.1633780002593994, -2.4933316707611084
343, -5.468423843383789, 3.1633780002593994, -2.2641353607177734
344, -5.468423843383789, 3.1633780002593994, -2.2641353607177734
345, -5.468423843383789, 3.1633780002593994, -2.2641353607177734
346, -5.468423843383789, 3.1633780002593994, -2.2641353607177734
347, -5.468423843383789, 3.1633780002593994, -2.2641353607177734
348, -5.468423843383789, 3.1633780002593994, -2.2641353607177734
349, -5.669490337371826, 3.1633780002593994, -2.4127025604248047
350, -5.669490337371826, 3.1633780002593994, -2.4127025604248047
351, -5.769335746765137, 3.1633780002593994, -2.6418988704681396
352, -5.869181156158447, 3.1633780002593994, -2.8710951805114746
353, -5.969026565551758, 3.1633780002593994, -3.1002914905548096
354, -6.068871974945068, 3.1633780002593994, -3.3294878005981445
355, -6.068871974945068, 3.1633780002593994, -3.3294878005981445
356, -6.2699384689331055, 3.1633780002593994, -3.478055000305176
357, -6.471004962921143, 3.1633780002593994, -3.626622200012207
358, -6.471004962921143, 3.1633780002593994, -3.626622200012207
359, -6.570850372314453, 3.1633780002593994, -3.855818510055542
360, -6.670695781707764, 3.1633780002593994, -4.085014820098877
361, -6.670695781707764, 3.1633780002593994, -4.085014820098877
362, -6.871762275695801, 3.1633780002593994, -4.233582019805908
363, -6.871762275695801, 3.1633780002593994, -4.233582019805908
364, -6.871762275695801, 3.1633780002593994, -4.233582019805908
365, -6.871762275695801, 3.1633780002593994, -4.233582019805908
366, -6.871762275695801, 3.1633780002593994, -4.233582019805908
367, -6.871762275695801, 3.1633780002593994, -4.233582019805908
368, -6.77191686630249, 3.1633780002593994, -4.004385948181152
369, -6.67207145690918, 3.1633780002593994, -3.7751896381378174
370, -6.67207145690918, 3.1633780002593994, -3.7751896381378174
371, -6.471004962921143, 3.1633780002593994, -3.6266226768493652
372, -6.2699384689331055, 3.1633780002593994, -3.478055477142334
373, -6.068871974945068, 3.1633780002593994, -3.3294882774353027
374, -6.068871974945068, 3.1633780002593994, -3.3294882774353027
375, -5.969026565551758, 3.1633780002593994, -3.1002919673919678
376, -5.869181156158447, 3.1633780002593994, -2.871095657348633
377, -5.869181156158447, 3.1633780002593994, -2.871095657348633
378, -5.869181156158447, 3.1633780002593994, -2.871095657348633
379, -5.869181156158447, 3.1633780002593994, -2.871095657348633
380, -5.66811466217041, 3.1633780002593994, -2.7225284576416016
381, -5.66811466217041, 3.1633780002593994, -2.7225284576416016
382, -5.5682692527771, 3.1633780002593994, -2.4933321475982666
383, -5.468423843383789, 3.1633780002593994, -2.2641358375549316
384, -5.468423843383789, 3.1633780002593994, -2.2641358375549316
385, -5.468423843383789, 3.1633780002593994, -2.2641358375549316
386, -5.468423843383789, 3.1633780002593994, -2.2641358375549316
387, -5.468423843383789, 3.1633780002593994, -2.2641358375549316
388, -5.468423843383789, 3.1633780002593994, -2.2641358375549316
389, -5.669490337371826, 3.1633780002593994, -2.412703037261963
390, -5.669490337371826, 3.1633780002593994, -2.412703037261963
391, -5.769335746765137, 3.1633780002593994, -2.641899347305298
392, -5.869181156158447, 3.1633780002593994, -2.871095657348633
393, -5.969026565551758, 3.1633780002593994, -3.1002919673919678
394, -6.068871974945068, 3.1633780002593994, -3.3294882774353027
395, -6.068871974945068, 3.1633780002593994, -3.3294882774353027
396, -6.2699384689331055, 3.1633780002593994, -3.478055477142334
397, -6.471004962921143, 3.1633780002593994, -3.6266226768493652
398, -6.471004962921143, 3.1633780002593994, -3.6266226768493652
399, -6.570850372314453, 3.1633780002593994, -3.8558189868927
400, -6.670695781707764, 3.1633780002593994, -4.085015296936035
401, -6.670695781707764, 3.1633780002593994, -4.085015296936035
402, -6.871762275695801, 3.1633780002593994, -4.233582496643066
403, -6.871762275695801, 3.1633780002593994, -4.233582496643066
404, -6.871762275695801, 3.1633780002593994, -4.233582496643066
405, -6.871762275695801, 3.1633780002593994, -4.233582496643066
406, -6.871762275695801, 3.1633780002593994, -4.233582496643066
407, -6.871762275695801, 3.1633780002593994, -4.233582496643066
408, -6.77191686630249, 3.1633780002593994, -4.0043864250183105
409, -6.67207145690918, 3.1633780002593994, -3.7751901149749756
410, -6.67207145690918, 3.1633780002593994, -3.7751901149749756
411, -6.471004962921143, 3.1633780002593994, -3.6266231536865234
412, -6.2699384689331055, 3.1633780002593994, -3.478055953979492
413, -6.068871974945068, 3.1633780002593994, -3.329488754272461
414, -6.068871974945068, 3.1633780002593994, -3.329488754272461
415, -5.969026565551758, 3.1633780002593994, -3.100292444229126
416, -5.869181156158447, 3.1633780002593994, -2.871096134185791
417, -5.869181156158447, 3.1633780002593994, -2.871096134185791
418, -5.869181156158447, 3.1633780002593994, -2.871096134185791
419, -5.869181156158447, 3.1633780002593994, -2.871096134185791
420, -5.66811466217041, 3.1633780002593994, -2.7225289344787598
421, -5.66811466217041, 3.1633780002593994, -2.7225289344787598
422, -5.5682692527771, 3.1633780002593994, -2.493332624435425
423, -5.468423843383789, 3.1633780002593994, -2.26413631439209
424, -5.468423843383789, 3.1633780002593994, -2.26413631439209
425, -5.468423843383789, 3.1633780002593994, -2.26413631439209
426, -5.468423843383789, 3.1633780002593994, -2.26413631439209
427, -5.468423843383789, 3.1633780002593994, -2.26413631439209
428, -5.468423843383789, 3.1633780002593994, -2.26413631439209
429, -5.669490337371826, 3.1633780002593994, -2.412703514099121
430, -5.669490337371826, 3.1633780002593994, -2.412703514099121
431, -5.769335746765137, 3.1633780002593994, -2.641899824142456
432, -5.869181156158447, 3.1633780002593994, -2.871096134185791
433, -5.969026565551758, 3.1633780002593994, -3.100292444229126
434, -6.068871974945068, 3.1633780002593994, -3.329488754272461
435, -6.068871974945068, 3.1633780002593994, -3.329488754272461
436, -6.2699384689331055, 3.1633780002593994, -3.478055953979492
437, -6.471004962921143, 3.1633780002593994, -3.6266231536865234
438, -6.471004962921143, 3.1633780002593994, -3.6266231536865234
439, -6.570850372314453, 3.1633780002593994, -3.8558194637298584
440, -6.670695781707764, 3.1633780002593994, -4.085015773773193
441, -6.670695781707764, 3.1633780002593994, -4.085015773773193
442, -6.871762275695801, 3.1633780002593994, -4.233582973480225
443, -6.871762275695801, 3.1633780002593994, -4.233582973480225
444, -6.871762275695801, 3.1633780002593994, -4.233582973480225
445, -6.871762275695801, 3.1633780002593994, -4.233582973480225
446, -6.871762275695801, 3.1633780002593994, -4.233582973480225
447, -6.871762275695801, 3.1633780002593994, -4.233582973480225
448, -6.77191686630249, 3.1633780002593994, -4.004386901855469
449, -6.67207145690918, 3.1633780002593994, -3.775190591812134
450, -6.67207145690918, 3.1633780002593994, -3.775190591812134
451, -6.471004962921143, 3.1633780002593994, -3.6266236305236816
452, -6.2699384689331055, 3.1633780002593994, -3.4780564308166504
453, -6.068871974945068, 3.1633780002593994, -3.329489231109619
454, -6.068871974945068, 3.1633780002593994, -3.329489231109619
455, -5.969026565551758, 3.1633780002593994, -3.100292921066284
456, -5.869181156158447, 3.1633780002593994, -2.871096611022949
457, -5.869181156158447, 3.1633780002593994, -2.871096611022949
458, -5.869181156158447, 3.1633780002593994, -2.871096611022949
459, -5.869181156158447, 3.1633780002593994, -2.871096611022949
460, -5.66811466217041, 3.1633780002593994, -2.722529411315918
461, -5.66811466217041, 3.1633780002593994, -2.722529411315918
462, -5.5682692527771, 3.1633780002593994, -2.493333101272583
463, -5.468423843383789, 3.1633780002593994, -2.264136791229248
464, -5.468423843383789, 3.1633780002593994, -2.264136791229248
465, -5.468423843383789, 3.1633780002593994, -2.264136791229248
466, -5.468423843383789, 3.1633780002593994, -2.264136791229248
467, -5.468423843383789, 3.1633780002593994, -2.264136791229248
468, -5.468423843383789, 3.1633780002593994, -2.264136791229248
469, -5.669490337371826, 3.1633780002593994, -2.4127039909362793
470, -5.669490337371826, 3.1633780002593994, -2.4127039909362793
471, -5.769335746765137, 3.1633780002593994, -2.6419003009796143
472, -5.869181156158447, 3.1633780002593994, -2.871096611022949
473, -5.969026565551758, 3.1633780002593994, -3.100292921066284
474, -6.068871974945068, 3.1633780002593994, -3.329489231109619
475, -6.068871974945068, 3.1633780002593994, -3.329489231109619
476, -6.2699384689331055, 3.1633780002593994, -3.4780564308166504
477, -6.471004962921143, 3.1633780002593994, -3.6266236305236816
478, -6.471004962921143, 3.1633780002593994, -3.6266236305236816
479, -6.570850372314453, 3.1633780002593994, -3.8558199405670166
480, -6.670695781707764, 3.1633780002593994, -4.085016250610352
481, -6.670695781707764, 3.1633780002593994, -4.085016250610352
482, -6.871762275695801, 3.1633780002593994, -4.233583450317383
483, -6.871762275695801, 3.1633780002593994, -4.233583450317383
484, -6.871762275695801, 3.1633780002593994, -4.233583450317383
485, -6.871762275695801, 3.1633780002593994, -4.233583450317383
486, -6.871762275695801, 3.1633780002593994, -4.233583450317383
487, -6.871762275695801, 3.1633780002593994, -4.233583450317383
488, -6.77191686630249, 3.1633780002593994, -4.004387378692627
489, -6.67207145690918, 3.1633780002593994, -3.775191068649292
490, -6.67207145690918, 3.1633780002593994, -3.775191068649292
491, -6.471004962921143, 3.1633780002593994, -3.62662410736084
492, -6.2699384689331055, 3.1633780002593994, -3.4780569076538086
493, -6.068871974945068, 3.1633780002593994, -3.3294897079467773
494, -6.068871974945068, 3.1633780002593994, -3.3294897079467773
495, -5.969026565551758, 3.1633780002593994, -3.1002933979034424
496, -5.869181156158447, 3.1633780002593994, -2.8710970878601074
497, -5.869181156158447, 3.1633780002593994, -2.8710970878601074
498, -5.869181156158447, 3.1633780002593994, -2.8710970878601074
499, -5.869181156158447, 3.1633780002593994, -2.8710970878601074
