1, 0.9764311909675598, 2.794919967651367, -9.989748001098633
2, 0.9764311909675598, 2.794919967651367, -9.989748001098633
3, 0.9764311909675598, 2.794919967651367, -9.989748001098633
4, 0.9764311909675598, 2.794919967651367, -9.989748001098633
5, 0.9764311909675598, 2.794919967651367, -9.989748001098633
6, 0.9764311909675598, 2.794919967651367, -9.989748001098633
7, 0.9764311909675598, 2.794919967651367, -9.989748001098633
8, 0.9764311909675598, 2.794919967651367, -9.989748001098633
9, 0.9764311909675598, 2.794919967651367, -9.989748001098633
10, 0.9764311909675598, 2.794919967651367, -9.989748001098633
11, 0.9764311909675598, 2.794919967651367, -9.989748001098633
12, 0.9764311909675598, 2.794919967651367, -9.989748001098633
13, 0.9764311909675598, 2.794919967651367, -9.989748001098633
14, 0.9764311909675598, 2.794919967651367, -9.989748001098633
15, 0.9764311909675598, 2.794919967651367, -9.989748001098633
16, 1.0413930416107178, 2.794919967651367, -10.231160163879395
17, 1.106354832649231, 2.794919967651367, -10.472572326660156
18, 1.1713166236877441, 2.794919967651367, -10.713984489440918
19, 1.1713166236877441, 2.794919967651367, -10.713984489440918
20, 1.1068689823150635, 2.794919967651367, -10.955534934997559
21, 1.0424213409423828, 2.7323224544525146, -11.1970853805542
22, 0.9779736995697021, 2.604506015777588, -11.43863582611084
23, 0.9135260581970215, 2.476689577102661, -11.68018627166748
24, 0.8490784168243408, 2.3949198722839355, -11.921736717224121
25, 0.8490784168243408, 2.3949198722839355, -11.921736717224121
26, 0.6724900007247925, 2.3949198722839355, -12.098701477050781
27, 0.6724900007247925, 2.3949198722839355, -12.098701477050781
28, 0.6724900007247925, 2.3949198722839355, -12.098701477050781
29, 0.6724900007247925, 2.3949198722839355, -12.098701477050781
30, 0.6724900007247925, 2.3949198722839355, -12.098701477050781
31, 0.6724900007247925, 2.3949198722839355, -12.098701477050781
32, 0.6724900007247925, 2.3949198722839355, -12.098701477050781
33, 0.8490784168243408, 2.3949198722839355, -11.921736717224121
34, 0.8490784168243408, 2.3949198722839355, -11.921736717224121
35, 0.9135260581970215, 2.476689577102661, -11.68018627166748
36, 0.9779736995697021, 2.604506015777588, -11.43863582611084
37, 0.9779736995697021, 2.604506015777588, -11.43863582611084
38, 0.9130118489265442, 2.7484209537506104, -11.197223663330078
39, 0.8480499982833862, 2.794919967651367, -10.955811500549316
40, 0.7830881476402283, 2.794919967651367, -10.714399337768555
41, 0.7830881476402283, 2.794919967651367, -10.714399337768555
42, 0.6061233282089233, 2.794919967651367, -10.537811279296875
43, 0.6061233282089233, 2.794919967651367, -10.537811279296875
44, 0.3645731210708618, 2.794919967651367, -10.473363876342773
45, 0.12302292883396149, 2.794919967651367, -10.408916473388672
46, -0.11852726340293884, 2.794919967651367, -10.34446907043457
47, -0.11852726340293884, 2.794919967651367, -10.34446907043457
48, -0.11852726340293884, 2.794919967651367, -10.34446907043457
49, -0.36007750034332275, 2.794919967651367, -10.280021667480469
50, -0.36007750034332275, 2.794919967651367, -10.280021667480469
51, -0.5370423197746277, 2.794919967651367, -10.103433609008789
52, -0.5370423197746277, 2.794919967651367, -10.103433609008789
53, -0.5370423197746277, 2.794919967651367, -10.103433609008789
54, -0.7784547805786133, 2.794919967651367, -10.168395042419434
55, -1.019867181777954, 2.794919967651367, -10.233356475830078
56, -1.261279582977295, 2.794919967651367, -10.298317909240723
57, -1.5026919841766357, 2.794919967651367, -10.363279342651367
58, -1.7441043853759766, 2.794919967651367, -10.428240776062012
59, -1.7441043853759766, 2.794919967651367, -10.428240776062012
60, -1.985654592514038, 2.794919967651367, -10.36379337310791
61, -2.2272047996520996, 2.794919967651367, -10.299345970153809
62, -2.468755006790161, 2.794919967651367, -10.234898567199707
63, 0.17696359753608704, -0.005079984664916992, -10.417966842651367
