1, -3.9330809116363525, 0.021223172545433044, 4.92777156829834
2, -3.9330809116363525, 0.021223172545433044, 4.92777156829834
3, -3.9330809116363525, 0.021223172545433044, 4.92777156829834
4, -3.9330809116363525, 0.021223172545433044, 4.92777156829834
5, -3.9330809116363525, 0.021223172545433044, 4.92777156829834
6, -3.9330809116363525, 0.021223172545433044, 4.92777156829834
7, -3.9330809116363525, 0.021223172545433044, 4.92777156829834
8, -3.9330809116363525, 0.021223172545433044, 4.92777156829834
9, -3.9330809116363525, 0.021223172545433044, 4.92777156829834
10, -3.9330809116363525, 0.021223172545433044, 4.92777156829834
11, -3.9330809116363525, 0.021223172545433044, 4.92777156829834
12, -3.9330809116363525, 0.021223172545433044, 4.92777156829834
13, -3.9330809116363525, 0.021223172545433044, 4.92777156829834
14, -3.9330809116363525, 0.021223172545433044, 4.92777156829834
15, -3.9330809116363525, 0.021223172545433044, 4.92777156829834
16, -3.935206890106201, 0.021223172545433044, 4.677780628204346
17, -3.93733286857605, 0.021223172545433044, 4.427789688110352
18, -3.9394588470458984, 0.021223172545433044, 4.177798748016357
19, -3.9394588470458984, 0.021223172545433044, 4.177798748016357
20, -4.066295623779297, 0.021223172545433044, 3.9623632431030273
21, -4.193132400512695, 0.021223172545433044, 3.7469277381896973
22, -4.319969177246094, 0.021223172545433044, 3.531492233276367
23, -4.446805953979492, 0.021223172545433044, 3.316056728363037
24, -4.573642730712891, 0.021223172545433044, 3.100621223449707
25, -4.700479507446289, 0.021223172545433044, 2.885185718536377
26, -4.8273162841796875, 0.021223172545433044, 2.669750213623047
27, -4.954153060913086, 0.021223172545433044, 2.454314708709717
28, -5.080989837646484, 0.021223172545433044, 2.2388792037963867
29, -5.080989837646484, 0.021223172545433044, 2.2388792037963867
30, -5.203277111053467, 0.021223172545433044, 2.16965651512146
31, -5.203277111053467, 0.021223172545433044, 2.16965651512146
32, -5.203277111053467, 0.021223172545433044, 2.16965651512146
33, -5.203277111053467, 0.021223172545433044, 2.16965651512146
34, -5.203277111053467, 0.021223172545433044, 2.16965651512146
35, -5.203277111053467, 0.021223172545433044, 2.16965651512146
36, -5.304466247558594, 0.021223172545433044, 1.9977843761444092
37, -5.304466247558594, 0.021223172545433044, 1.9977843761444092
38, -5.304466247558594, 0.021223172545433044, 1.9977843761444092
39, -5.304466247558594, 0.021223172545433044, 1.9977843761444092
40, -5.304466247558594, 0.021223172545433044, 1.9977843761444092
41, -5.519901752471924, 0.021223172545433044, 2.1246209144592285
42, -5.519901752471924, 0.021223172545433044, 2.1246209144592285
43, -5.769892692565918, 0.021223172545433044, 2.126746892929077
44, -5.769892692565918, 0.021223172545433044, 2.126746892929077
45, -5.769892692565918, 0.021223172545433044, 2.126746892929077
46, -5.769892692565918, 0.021223172545433044, 2.126746892929077
47, -5.769892692565918, 0.021223172545433044, 2.126746892929077
48, -5.769892692565918, 0.021223172545433044, 2.126746892929077
49, -5.769892692565918, 0.021223172545433044, 2.126746892929077
50, -5.519901752471924, 0.021223172545433044, 2.1246209144592285
51, -5.26991081237793, 0.021223172545433044, 2.12249493598938
52, -5.26991081237793, 0.021223172545433044, 2.12249493598938
53, -5.0544753074646, 0.021223172545433044, 1.995658278465271
54, -5.0544753074646, 0.021223172545433044, 1.995658278465271
55, -4.931321144104004, 0.021223172545433044, 1.7780967950820923
56, -4.808166980743408, 0.021223172545433044, 1.5605353116989136
57, -4.808166980743408, 0.021223172545433044, 1.5605353116989136
58, -4.810293197631836, 0.021223172545433044, 1.3105443716049194
59, -4.812419414520264, 0.021223172545433044, 1.0605534315109253
60, -4.814545631408691, 0.021223172545433044, 0.8105624914169312
61, -4.816671848297119, 0.021223172545433044, 0.560571551322937
62, -4.818798065185547, 0.021223172545433044, 0.31058061122894287
63, -4.820924282073975, 0.021223172545433044, 0.06058965623378754
64, -4.823050498962402, 0.021223172545433044, -0.1894012987613678
65, -4.823050498962402, 0.021223172545433044, -0.1894012987613678
66, -4.949887275695801, 0.021223172545433044, -0.40483683347702026
67, -4.949887275695801, 0.021223172545433044, -0.40483683347702026
68, -5.167448997497559, 0.021223172545433044, -0.5279911756515503
69, -5.167448997497559, 0.021223172545433044, -0.5279911756515503
70, -5.167448997497559, 0.021223172545433044, -0.5279911756515503
71, -5.167448997497559, 0.021223172545433044, -0.5279911756515503
72, -5.167448997497559, 0.021223172545433044, -0.5279911756515503
73, -5.167448997497559, 0.021223172545433044, -0.5279911756515503
74, -5.04061222076416, 0.021223172545433044, -0.31255561113357544
75, -4.913775444030762, 0.021223172545433044, -0.09712004661560059
76, -4.913775444030762, 0.021223172545433044, -0.09712004661560059
77, -4.911649227142334, 0.021223172545433044, 0.15287095308303833
78, -4.909523010253906, 0.021223172545433044, 0.40286195278167725
79, -4.9073967933654785, 0.021223172545433044, 0.6528529524803162
80, -4.905270576477051, 0.021223172545433044, 0.9028439521789551
81, -4.903144359588623, 0.021223172545433044, 1.1528348922729492
82, -4.901018142700195, 0.021223172545433044, 1.4028258323669434
83, -4.898891925811768, 0.021223172545433044, 1.6528167724609375
84, -4.89676570892334, 0.021223172545433044, 1.9028077125549316
85, -4.894639492034912, 0.021223172545433044, 2.152798652648926
86, -4.892513275146484, 0.021223172545433044, 2.40278959274292
87, -4.892513275146484, 0.021223172545433044, 2.40278959274292
88, -4.765676498413086, 0.021223172545433044, 2.61822509765625
89, -4.6388397216796875, 0.021223172545433044, 2.83366060256958
90, -4.512002944946289, 0.021223172545433044, 3.04909610748291
91, -4.385166168212891, 0.021223172545433044, 3.2645316123962402
92, -4.258329391479492, 0.021223172545433044, 3.4799671173095703
93, -4.131492614746094, 0.021223172545433044, 3.6954026222229004
94, -4.131492614746094, 0.021223172545433044, 3.6954026222229004
95, -4.129366397857666, 0.021223172545433044, 3.9453935623168945
96, -4.127240180969238, 0.021223172545433044, 4.195384502410889
97, -4.1251139640808105, 0.021223172545433044, 4.445375442504883
98, -4.122987747192383, 0.021223172545433044, 4.695366382598877
99, -4.120861530303955, 0.021223172545433044, 4.945357322692871
100, -4.118735313415527, 0.021223172545433044, 5.195348262786865
101, -4.1166090965271, 0.021223172545433044, 5.445339202880859
102, -4.114482879638672, 0.021223172545433044, 5.6953301429748535
103, -4.112356662750244, 0.021223172545433044, 5.945321083068848
104, -4.110230445861816, 0.021223172545433044, 6.195312023162842
105, -4.108104228973389, 0.021223172545433044, 6.445302963256836
106, -4.105978012084961, 0.021223172545433044, 6.69529390335083
107, -4.105978012084961, 0.021223172545433044, 6.69529390335083
108, -3.9791412353515625, 0.021223172545433044, 6.91072940826416
109, -3.9791412353515625, 0.021223172545433044, 6.91072940826416
110, -3.9673314094543457, 0.021223172545433044, 6.917414665222168
111, -3.9673314094543457, 0.021223172545433044, 6.917414665222168
112, -3.9673314094543457, 0.021223172545433044, 6.917414665222168
113, -3.9673314094543457, 0.021223172545433044, 6.917414665222168
114, -3.9673314094543457, 0.021223172545433044, 6.917414665222168
115, -3.9673314094543457, 0.021223172545433044, 6.917414665222168
116, -4.094168186187744, 0.021223172545433044, 6.701979160308838
117, -4.094168186187744, 0.021223172545433044, 6.701979160308838
118, -4.311729907989502, 0.021223172545433044, 6.578824996948242
119, -4.52929162979126, 0.021223172545433044, 6.4556708335876465
120, -4.52929162979126, 0.021223172545433044, 6.4556708335876465
121, -4.52929162979126, 0.021223172545433044, 6.4556708335876465
122, -4.746853351593018, 0.021223172545433044, 6.332516670227051
123, -4.746853351593018, 0.021223172545433044, 6.332516670227051
124, -4.996844291687012, 0.021223172545433044, 6.3346428871154785
125, -4.996844291687012, 0.021223172545433044, 6.3346428871154785
126, -4.996844291687012, 0.021223172545433044, 6.3346428871154785
127, -5.246835231781006, 0.021223172545433044, 6.336769104003906
128, -5.246835231781006, 0.021223172545433044, 6.336769104003906
129, -5.464396953582764, 0.021223172545433044, 6.2136149406433105
130, -5.6819586753845215, 0.021223172545433044, 6.090460777282715
131, -5.773723125457764, 0.021223172545433044, 6.038516044616699
132, -5.773723125457764, 0.021223172545433044, 6.038516044616699
133, -5.773723125457764, 0.021223172545433044, 6.038516044616699
134, -5.773723125457764, 0.021223172545433044, 6.038516044616699
135, -5.773723125457764, 0.021223172545433044, 6.038516044616699
136, -5.773723125457764, 0.021223172545433044, 6.038516044616699
137, -5.773723125457764, 0.021223172545433044, 6.038516044616699
138, -5.773723125457764, 0.021223172545433044, 6.038516044616699
139, -5.989158630371094, 0.021223172545433044, 6.165352821350098
140, -5.989158630371094, 0.021223172545433044, 6.165352821350098
141, -5.989158630371094, 0.021223172545433044, 6.165352821350098
142, -5.989158630371094, 0.021223172545433044, 6.165352821350098
143, -6.115995407104492, 0.021223172545433044, 5.949917316436768
144, -6.115995407104492, 0.021223172545433044, 5.949917316436768
145, -6.11812162399292, 0.021223172545433044, 5.699926376342773
146, -6.11812162399292, 0.021223172545433044, 5.699926376342773
147, -6.11812162399292, 0.021223172545433044, 5.699926376342773
148, -6.11812162399292, 0.021223172545433044, 5.699926376342773
149, -6.11812162399292, 0.021223172545433044, 5.699926376342773
150, -6.11812162399292, 0.021223172545433044, 5.699926376342773
151, -6.11812162399292, 0.021223172545433044, 5.699926376342773
152, -6.120247840881348, 0.021223172545433044, 5.449935436248779
153, -6.122374057769775, 0.021223172545433044, 5.199944496154785
154, -6.124500274658203, 0.021223172545433044, 4.949953556060791
155, -6.126626491546631, 0.021223172545433044, 4.699962615966797
156, -6.128752708435059, 0.021223172545433044, 4.449971675872803
157, -6.130878925323486, 0.021223172545433044, 4.199980735778809
158, -6.130878925323486, 0.021223172545433044, 4.199980735778809
159, -6.130878925323486, 0.021223172545433044, 4.199980735778809
160, -6.130878925323486, 0.021223172545433044, 4.199980735778809
161, -6.130878925323486, 0.021223172545433044, 4.199980735778809
162, -6.130878925323486, 0.021223172545433044, 4.199980735778809
163, -6.130878925323486, 0.021223172545433044, 4.199980735778809
164, -6.130878925323486, 0.021223172545433044, 4.199980735778809
165, -6.130878925323486, 0.021223172545433044, 4.199980735778809
166, -6.128752708435059, 0.021223172545433044, 4.449971675872803
167, -6.126626491546631, 0.021223172545433044, 4.699962615966797
168, -6.124500274658203, 0.021223172545433044, 4.949953556060791
169, -6.122374057769775, 0.021223172545433044, 5.199944496154785
170, -6.120247840881348, 0.021223172545433044, 5.449935436248779
171, -6.11812162399292, 0.021223172545433044, 5.699926376342773
172, -6.11812162399292, 0.021223172545433044, 5.699926376342773
173, -5.9912848472595215, 0.021223172545433044, 5.9153618812561035
174, -5.864448070526123, 0.021223172545433044, 6.130797386169434
175, -5.864448070526123, 0.021223172545433044, 6.130797386169434
176, -5.646886348724365, 0.021223172545433044, 6.253951549530029
177, -5.429324626922607, 0.021223172545433044, 6.377105712890625
178, -5.429324626922607, 0.021223172545433044, 6.377105712890625
179, -5.179333686828613, 0.021223172545433044, 6.374979496002197
180, -4.929342746734619, 0.021223172545433044, 6.3728532791137695
181, -4.929342746734619, 0.021223172545433044, 6.3728532791137695
182, -4.713907241821289, 0.021223172545433044, 6.246016502380371
183, -4.498471736907959, 0.021223172545433044, 6.119179725646973
184, -4.283036231994629, 0.021223172545433044, 5.992342948913574
185, -4.283036231994629, 0.021223172545433044, 5.992342948913574
186, -4.159882068634033, 0.021223172545433044, 5.774781227111816
187, -4.159882068634033, 0.021223172545433044, 5.774781227111816
188, -4.162008285522461, 0.021223172545433044, 5.524790287017822
189, -4.164134502410889, 0.021223172545433044, 5.274799346923828
190, -4.166260719299316, 0.021223172545433044, 5.024808406829834
191, -4.168386936187744, 0.021223172545433044, 4.77481746673584
192, -4.170513153076172, 0.021223172545433044, 4.524826526641846
193, -4.1726393699646, 0.021223172545433044, 4.274835586547852
194, -4.174765586853027, 0.021223172545433044, 4.024844646453857
195, -4.176891803741455, 0.021223172545433044, 3.7748537063598633
196, -4.176891803741455, 0.021223172545433044, 3.7748537063598633
197, -4.3037285804748535, 0.021223172545433044, 3.559418201446533
198, -4.430565357208252, 0.021223172545433044, 3.343982696533203
199, -4.55740213394165, 0.021223172545433044, 3.128547191619873
200, -4.684238910675049, 0.021223172545433044, 2.913111686706543
201, -4.684238910675049, 0.021223172545433044, 2.913111686706543
202, -4.686365127563477, 0.021223172545433044, 2.663120746612549
203, -4.688491344451904, 0.021223172545433044, 2.4131298065185547
204, -4.690617561340332, 0.021223172545433044, 2.1631388664245605
205, -4.69274377822876, 0.021223172545433044, 1.9131479263305664
206, -4.69274377822876, 0.021223172545433044, 1.9131479263305664
207, -4.569589614868164, 0.021223172545433044, 1.6955863237380981
208, -4.446435451507568, 0.021223172545433044, 1.4780247211456299
209, -4.446435451507568, 0.021223172545433044, 1.4780247211456299
210, -4.446435451507568, 0.021223172545433044, 1.4780247211456299
211, -4.446435451507568, 0.021223172545433044, 1.4780247211456299
212, -4.446435451507568, 0.021223172545433044, 1.4780247211456299
213, -4.196444511413574, 0.021223172545433044, 1.4758987426757812
214, -4.196444511413574, 0.021223172545433044, 1.4758987426757812
215, -3.981009006500244, 0.021223172545433044, 1.3490620851516724
216, -3.765573501586914, 0.021223172545433044, 1.2222254276275635
217, -3.550137996673584, 0.021223172545433044, 1.0953887701034546
218, -3.550137996673584, 0.021223172545433044, 1.0953887701034546
219, -3.550137996673584, 0.021223172545433044, 1.0953887701034546
220, -3.550137996673584, 0.021223172545433044, 1.0953887701034546
221, -3.550137996673584, 0.021223172545433044, 1.0953887701034546
222, -3.550137996673584, 0.021223172545433044, 1.0953887701034546
223, -3.550137996673584, 0.021223172545433044, 1.0953887701034546
224, -3.550137996673584, 0.021223172545433044, 1.0953887701034546
225, -3.550137996673584, 0.021223172545433044, 1.0953887701034546
226, -3.550137996673584, 0.021223172545433044, 1.0953887701034546
227, -3.550137996673584, 0.021223172545433044, 1.0953887701034546
228, -3.765573501586914, 0.021223172545433044, 1.2222254276275635
229, -3.981009006500244, 0.021223172545433044, 1.3490620851516724
230, -4.196444511413574, 0.021223172545433044, 1.4758987426757812
231, -4.411880016326904, 0.021223172545433044, 1.6027354001998901
232, -4.627315521240234, 0.021223172545433044, 1.729572057723999
233, -4.627315521240234, 0.021223172545433044, 1.729572057723999
234, -4.75046968460083, 0.021223172545433044, 1.9471336603164673
235, -4.75046968460083, 0.021223172545433044, 1.9471336603164673
236, -4.748343467712402, 0.021223172545433044, 2.197124719619751
237, -4.748343467712402, 0.021223172545433044, 2.197124719619751
238, -4.621506690979004, 0.021223172545433044, 2.412560224533081
239, -4.621506690979004, 0.021223172545433044, 2.412560224533081
240, -4.403944969177246, 0.021223172545433044, 2.535714626312256
241, -4.186383247375488, 0.021223172545433044, 2.6588690280914307
242, -4.186383247375488, 0.021223172545433044, 2.6588690280914307
243, -3.936392307281494, 0.021223172545433044, 2.656743049621582
244, -3.6864013671875, 0.021223172545433044, 2.6546170711517334
245, -3.436410427093506, 0.021223172545433044, 2.6524910926818848
246, -3.1864194869995117, 0.021223172545433044, 2.650365114212036
247, -2.9364285469055176, 0.021223172545433044, 2.6482391357421875
248, -2.6864376068115234, 0.021223172545433044, 2.646113157272339
249, -2.4364466667175293, 0.021223172545433044, 2.6439871788024902
250, -2.186455726623535, 0.021223172545433044, 2.6418612003326416
251, -1.936464786529541, 0.021223172545433044, 2.639735221862793
252, -1.6864738464355469, 0.021223172545433044, 2.6376092433929443
253, -1.4364829063415527, 0.021223172545433044, 2.6354832649230957
254, -1.1864919662475586, 0.021223172545433044, 2.633357286453247
255, -0.9365009665489197, 0.021223172545433044, 2.6312313079833984
256, -0.9365009665489197, 0.021223172545433044, 2.6312313079833984
257, -0.7210654616355896, 0.021223172545433044, 2.50439453125
258, -0.5056299567222595, 0.021223172545433044, 2.3775577545166016
259, -0.29019445180892944, 0.021223172545433044, 2.250720977783203
260, -0.29019445180892944, 0.021223172545433044, 2.250720977783203
261, -0.29019445180892944, 0.021223172545433044, 2.250720977783203
262, -0.29019445180892944, 0.021223172545433044, 2.250720977783203
263, -0.29019445180892944, 0.021223172545433044, 2.250720977783203
264, -0.29019445180892944, 0.021223172545433044, 2.250720977783203
265, -0.29019445180892944, 0.021223172545433044, 2.250720977783203
266, -0.29019445180892944, 0.021223172545433044, 2.250720977783203
267, -0.29019445180892944, 0.021223172545433044, 2.250720977783203
268, -0.29019445180892944, 0.021223172545433044, 2.250720977783203
269, -0.4133487045764923, 0.021223172545433044, 2.468282461166382
270, -0.4133487045764923, 0.021223172545433044, 2.468282461166382
271, -0.4133487045764923, 0.021223172545433044, 2.468282461166382
272, -0.4133487045764923, 0.021223172545433044, 2.468282461166382
273, -0.6287841796875, 0.021223172545433044, 2.5951192378997803
274, -0.6287841796875, 0.021223172545433044, 2.5951192378997803
275, -0.6287841796875, 0.021223172545433044, 2.5951192378997803
276, -0.6287841796875, 0.021223172545433044, 2.5951192378997803
277, -0.7519384622573853, 0.021223172545433044, 2.812680721282959
278, -0.8750927448272705, 0.021223172545433044, 3.0302422046661377
279, -0.8750927448272705, 0.021223172545433044, 3.0302422046661377
280, -0.8750927448272705, 0.021223172545433044, 3.0302422046661377
281, -0.9982470273971558, 0.058841004967689514, 3.2478036880493164
282, -0.9982470273971558, 0.058841004967689514, 3.2478036880493164
283, -0.9961209297180176, 0.14757680892944336, 3.4977946281433105
284, -0.9939948320388794, 0.22122317552566528, 3.7477855682373047
285, -0.9939948320388794, 0.22122317552566528, 3.7477855682373047
286, -0.9939948320388794, 0.22122317552566528, 3.7477855682373047
287, -0.9528799057006836, 0.22122317552566528, 3.771059274673462
288, -0.9528799057006836, 0.22122317552566528, 3.771059274673462
289, -0.9528799057006836, 0.22122317552566528, 3.771059274673462
290, -0.9528799057006836, 0.22122317552566528, 3.771059274673462
291, -0.9528799057006836, 0.22122317552566528, 3.771059274673462
292, -0.9528799653053284, 0.22122317552566528, 3.771059036254883
293, -0.9528799653053284, 0.22122317552566528, 3.771059036254883
294, -1.0330810546875, 0.22122317552566528, 3.6348354816436768
295, -1.0330810546875, 0.22122317552566528, 3.6348354816436768
296, -1.0330810546875, 0.22122317552566528, 3.6348354816436768
297, -1.0330810546875, 0.22122317552566528, 3.6348354816436768
298, -0.9696753025054932, 0.1676006019115448, 3.522824287414551
299, -0.9696753025054932, 0.1676006019115448, 3.522824287414551
300, -0.9718014001846313, 0.039092883467674255, 3.2728333473205566
301, -0.9718014001846313, 0.039092883467674255, 3.2728333473205566
302, -0.8486471176147461, 0.021223172545433044, 3.055271863937378
303, -0.8486471176147461, 0.021223172545433044, 3.055271863937378
304, -0.633211612701416, 0.021223172545433044, 2.9284350872039795
305, -0.41777610778808594, 0.021223172545433044, 2.801598310470581
306, -0.20234061777591705, 0.021223172545433044, 2.6747615337371826
307, -0.20234061777591705, 0.021223172545433044, 2.6747615337371826
308, 0.04765036702156067, 0.021223172545433044, 2.672635555267334
309, 0.2976413369178772, 0.021223172545433044, 2.6705095767974854
310, 0.5476323366165161, 0.021223172545433044, 2.6683835983276367
311, 0.797623336315155, 0.021223172545433044, 2.666257619857788
312, 1.047614336013794, 0.021223172545433044, 2.6641316413879395
313, 1.297605276107788, 0.021223172545433044, 2.662005662918091
314, 1.5475962162017822, 0.021223172545433044, 2.659879684448242
315, 1.7975871562957764, 0.021223172545433044, 2.6577537059783936
316, 1.7975871562957764, 0.021223172545433044, 2.6577537059783936
317, 1.7975871562957764, 0.021223172545433044, 2.6577537059783936
318, 2.0475780963897705, 0.021223172545433044, 2.655627727508545
319, 2.0475780963897705, 0.021223172545433044, 2.655627727508545
320, 2.2630136013031006, 0.021223172545433044, 2.5287909507751465
321, 2.4784491062164307, 0.021223172545433044, 2.401954174041748
322, 2.6938846111297607, 0.021223172545433044, 2.2751173973083496
323, 2.6938846111297607, 0.021223172545433044, 2.2751173973083496
324, 2.6938846111297607, 0.021223172545433044, 2.2751173973083496
325, 2.6938846111297607, 0.021223172545433044, 2.2751173973083496
326, 2.6938846111297607, 0.021223172545433044, 2.2751173973083496
327, 2.9114460945129395, 0.021223172545433044, 2.3982717990875244
328, 3.129007577896118, 0.021223172545433044, 2.521426200866699
329, 3.129007577896118, 0.021223172545433044, 2.521426200866699
330, 3.3789985179901123, 0.021223172545433044, 2.5193002223968506
331, 3.6289894580841064, 0.021223172545433044, 2.517174243927002
332, 3.8789803981781006, 0.021223172545433044, 2.5150482654571533
333, 4.128971576690674, 0.021223172545433044, 2.5129222869873047
334, 4.128971576690674, 0.021223172545433044, 2.5129222869873047
335, 4.346533298492432, 0.021223172545433044, 2.6360766887664795
336, 4.5640950202941895, 0.021223172545433044, 2.7592310905456543
337, 4.5640950202941895, 0.021223172545433044, 2.7592310905456543
338, 4.5640950202941895, 0.021223172545433044, 2.7592310905456543
339, 4.5640950202941895, 0.021223172545433044, 2.7592310905456543
340, 4.690931797027588, 0.021223172545433044, 2.9746665954589844
341, 4.690931797027588, 0.021223172545433044, 2.9746665954589844
342, 4.908493518829346, 0.021223172545433044, 3.09782075881958
343, 5.1260552406311035, 0.021223172545433044, 3.220974922180176
344, 5.343616962432861, 0.021223172545433044, 3.3441290855407715
345, 5.561178684234619, 0.021223172545433044, 3.467283248901367
346, 5.561178684234619, 0.021223172545433044, 3.467283248901367
347, 5.688015460968018, 0.021223172545433044, 3.6827187538146973
348, 5.814852237701416, 0.021223172545433044, 3.8981542587280273
349, 5.9416890144348145, 0.021223172545433044, 4.113589763641357
350, 6.068525791168213, 0.021223172545433044, 4.3290252685546875
351, 6.195362567901611, 0.021223172545433044, 4.544460773468018
352, 6.195362567901611, 0.021223172545433044, 4.544460773468018
353, 6.197488784790039, 0.021223172545433044, 4.794451713562012
354, 6.199615001678467, 0.021223172545433044, 5.044442653656006
355, 6.2017412185668945, 0.021223172545433044, 5.29443359375
356, 6.203867435455322, 0.021223172545433044, 5.544424533843994
357, 6.203867435455322, 0.021223172545433044, 5.544424533843994
358, 6.080713272094727, 0.021223172545433044, 5.761986255645752
359, 5.957559108734131, 0.021223172545433044, 5.97954797744751
360, 5.957559108734131, 0.021223172545433044, 5.97954797744751
361, 5.957559108734131, 0.021223172545433044, 5.97954797744751
362, 5.957559108734131, 0.021223172545433044, 5.97954797744751
363, 5.742123603820801, 0.021223172545433044, 6.106384754180908
364, 5.742123603820801, 0.021223172545433044, 6.106384754180908
365, 5.492132663726807, 0.021223172545433044, 6.108510971069336
366, 5.2421417236328125, 0.021223172545433044, 6.110637187957764
367, 5.2421417236328125, 0.021223172545433044, 6.110637187957764
368, 5.154241561889648, 0.021223172545433044, 6.162388324737549
369, 5.154241561889648, 0.021223172545433044, 6.162388324737549
370, 4.904250621795654, 0.021223172545433044, 6.164514541625977
371, 4.904250621795654, 0.021223172545433044, 6.164514541625977
372, 4.904250621795654, 0.021223172545433044, 6.164514541625977
373, 4.65425968170166, 0.021223172545433044, 6.166640758514404
374, 4.65425968170166, 0.021223172545433044, 6.166640758514404
375, 4.436697959899902, 0.021223172545433044, 6.043486595153809
376, 4.2191362380981445, 0.021223172545433044, 5.920332431793213
377, 4.001574516296387, 0.021223172545433044, 5.797178268432617
378, 3.784013032913208, 0.021223172545433044, 5.6740241050720215
379, 3.5664515495300293, 0.021223172545433044, 5.550869941711426
380, 3.5664515495300293, 0.021223172545433044, 5.550869941711426
381, 3.439614772796631, 0.021223172545433044, 5.335434436798096
382, 3.3127779960632324, 0.021223172545433044, 5.119998931884766
383, 3.185941219329834, 0.021223172545433044, 4.9045634269714355
384, 3.0591044425964355, 0.021223172545433044, 4.6891279220581055
385, 3.0591044425964355, 0.021223172545433044, 4.6891279220581055
386, 3.056978464126587, 0.021223172545433044, 4.439136981964111
387, 3.055539131164551, 0.021223172545433044, 4.269890785217285
388, 3.055539131164551, 0.021223172545433044, 4.269890785217285
389, 3.055539131164551, 0.021223172545433044, 4.269890785217285
390, 3.055539131164551, 0.021223172545433044, 4.269890785217285
391, 3.055539131164551, 0.021223172545433044, 4.269890785217285
392, 2.86691951751709, 0.021223172545433044, 4.163119792938232
393, 2.86691951751709, 0.021223172545433044, 4.163119792938232
394, 2.86691951751709, 0.021223172545433044, 4.163119792938232
395, 2.86691951751709, 0.021223172545433044, 4.163119792938232
396, 2.9900736808776855, 0.021223172545433044, 3.9455583095550537
397, 2.9900736808776855, 0.021223172545433044, 3.9455583095550537
398, 2.987947702407837, 0.021223172545433044, 3.6955673694610596
399, 2.9858217239379883, 0.021223172545433044, 3.4455764293670654
400, 2.9858217239379883, 0.021223172545433044, 3.4455764293670654
401, 2.85898494720459, 0.021223172545433044, 3.2301409244537354
402, 2.85898494720459, 0.021223172545433044, 3.2301409244537354
403, 2.641423463821411, 0.021223172545433044, 3.1069867610931396
404, 2.641423463821411, 0.021223172545433044, 3.1069867610931396
405, 2.391432523727417, 0.021223172545433044, 3.1091127395629883
406, 2.141441583633423, 0.021223172545433044, 3.111238718032837
407, 1.8914506435394287, 0.021223172545433044, 3.1133646965026855
408, 1.8914506435394287, 0.021223172545433044, 3.1133646965026855
409, 1.8914506435394287, 0.021223172545433044, 3.1133646965026855
410, 1.8914506435394287, 0.021223172545433044, 3.1133646965026855
411, 1.8914506435394287, 0.021223172545433044, 3.1133646965026855
412, 2.0146048069000244, 0.021223172545433044, 2.895803213119507
413, 2.13775897026062, 0.021223172545433044, 2.678241729736328
414, 2.13775897026062, 0.021223172545433044, 2.678241729736328
415, 2.35319447517395, 0.021223172545433044, 2.5514049530029297
416, 2.5686299800872803, 0.021223172545433044, 2.4245681762695312
417, 2.5686299800872803, 0.021223172545433044, 2.4245681762695312
418, 2.691784143447876, 0.021223172545433044, 2.2070066928863525
419, 2.8149383068084717, 0.021223172545433044, 1.9894450902938843
420, 2.9380924701690674, 0.021223172545433044, 1.771883487701416
421, 3.061246633529663, 0.021223172545433044, 1.5543218851089478
422, 3.184400796890259, 0.021223172545433044, 1.3367602825164795
423, 3.184400796890259, 0.021223172545433044, 1.3367602825164795
424, 3.18227481842041, 0.021223172545433044, 1.0867693424224854
425, 3.1801488399505615, 0.021223172545433044, 0.8367784023284912
426, 3.1801488399505615, 0.021223172545433044, 0.8367784023284912
427, 3.1801488399505615, 0.021223172545433044, 0.8367784023284912
428, 3.3955843448638916, 0.021223172545433044, 0.7099416851997375
429, 3.6110198497772217, 0.021223172545433044, 0.5831049680709839
430, 3.8264553546905518, 0.021223172545433044, 0.4562682509422302
431, 4.041890621185303, 0.021223172545433044, 0.32943153381347656
432, 4.257326126098633, 0.021223172545433044, 0.2025948166847229
433, 4.472761631011963, 0.021223172545433044, 0.07575809955596924
434, 4.688197135925293, 0.021223172545433044, -0.051078617572784424
435, 4.688197135925293, 0.021223172545433044, -0.051078617572784424
436, 4.688197135925293, 0.021223172545433044, -0.051078617572784424
437, 4.688197135925293, 0.021223172545433044, -0.051078617572784424
438, 4.688197135925293, 0.021223172545433044, -0.051078617572784424
439, 4.688197135925293, 0.021223172545433044, -0.051078617572784424
440, 4.688197135925293, 0.021223172545433044, -0.051078617572784424
441, 4.472761631011963, 0.021223172545433044, 0.07575809955596924
442, 4.257326126098633, 0.021223172545433044, 0.2025948166847229
443, 4.041890621185303, 0.021223172545433044, 0.32943153381347656
444, 3.8264551162719727, 0.021223172545433044, 0.4562682509422302
445, 3.6110196113586426, 0.021223172545433044, 0.5831049680709839
446, 3.3955841064453125, 0.021223172545433044, 0.7099416851997375
447, 3.1801486015319824, 0.021223172545433044, 0.8367784023284912
448, 3.1801486015319824, 0.021223172545433044, 0.8367784023284912
449, 3.0569944381713867, 0.021223172545433044, 1.0543400049209595
450, 2.933840274810791, 0.021223172545433044, 1.2719016075134277
451, 2.933840274810791, 0.021223172545433044, 1.2719016075134277
452, 2.9359662532806396, 0.021223172545433044, 1.5218925476074219
453, 2.9380922317504883, 0.021223172545433044, 1.771883487701416
454, 2.940218210220337, 0.021223172545433044, 2.02187442779541
455, 2.9423441886901855, 0.021223172545433044, 2.2718653678894043
456, 2.944470167160034, 0.021223172545433044, 2.5218563079833984
457, 2.946596145629883, 0.021223172545433044, 2.7718472480773926
458, 2.9487221240997314, 0.021223172545433044, 3.0218381881713867
459, 2.95084810256958, 0.021223172545433044, 3.271829128265381
460, 2.9529740810394287, 0.021223172545433044, 3.521820068359375
461, 2.9551000595092773, 0.021223172545433044, 3.771811008453369
462, 2.957226037979126, 0.021223172545433044, 4.021801948547363
463, 2.9593520164489746, 0.021223172545433044, 4.271792888641357
464, 2.9614779949188232, 0.021223172545433044, 4.521783828735352
465, 2.9614779949188232, 0.021223172545433044, 4.521783828735352
466, 3.0883147716522217, 0.021223172545433044, 4.737219333648682
467, 3.21515154838562, 0.021223172545433044, 4.952654838562012
468, 3.3419883251190186, 0.021223172545433044, 5.168090343475342
469, 3.468825101852417, 0.021223172545433044, 5.383525848388672
470, 3.5956618785858154, 0.021223172545433044, 5.598961353302002
471, 3.5956618785858154, 0.021223172545433044, 5.598961353302002
472, 3.813223361968994, 0.021223172545433044, 5.722115516662598
473, -3.5556154251098633, 0.021223172545433044, 3.5556507110595703
