1, 6.141002178192139, 2.8994359970092773, -0.43268755078315735
2, 6.141002178192139, 2.8994359970092773, -0.43268755078315735
3, 6.141002178192139, 2.8994359970092773, -0.43268755078315735
4, 6.141002178192139, 2.8994359970092773, -0.43268755078315735
5, 6.141002178192139, 2.8994359970092773, -0.43268755078315735
6, 6.141002178192139, 2.8994359970092773, -0.43268755078315735
7, 6.141002178192139, 2.8994359970092773, -0.43268755078315735
8, 6.141002178192139, 2.8994359970092773, -0.43268755078315735
9, 6.141002178192139, 2.8994359970092773, -0.43268755078315735
10, 6.141002178192139, 2.8994359970092773, -0.43268755078315735
11, 6.141002178192139, 2.8994359970092773, -0.43268755078315735
12, 6.141002178192139, 2.8994359970092773, -0.43268755078315735
13, 6.141002178192139, 2.8994359970092773, -0.43268755078315735
14, 6.141002178192139, 2.8994359970092773, -0.43268755078315735
15, 6.389618396759033, 2.8994359970092773, -0.4589558243751526
16, 6.638234615325928, 2.8994359970092773, -0.4852241277694702
17, 6.886850833892822, 2.8994359970092773, -0.5114924311637878
18, 7.135467052459717, 2.8994359970092773, -0.5377607345581055
19, 7.135467052459717, 2.8994359970092773, -0.5377607345581055
20, 7.135467052459717, 2.8994359970092773, -0.5377607345581055
21, 7.135467052459717, 2.8994359970092773, -0.5377607345581055
22, 7.135467052459717, 2.8994359970092773, -0.5377607345581055
23, 7.135467052459717, 2.8994359970092773, -0.5377607345581055
24, 7.135467052459717, 2.8994359970092773, -0.5377607345581055
25, 6.886850833892822, 2.8994359970092773, -0.5114923715591431
26, 6.638234615325928, 2.8994359970092773, -0.48522400856018066
27, 6.638234615325928, 2.8994359970092773, -0.48522400856018066
28, 6.409792423248291, 2.8994359970092773, -0.5867829918861389
29, 6.181350231170654, 2.8994359970092773, -0.6883419752120972
30, 6.181350231170654, 2.8994359970092773, -0.6883419752120972
31, 5.93273401260376, 2.8994359970092773, -0.6620736122131348
32, 5.684117794036865, 2.8994359970092773, -0.6358052492141724
33, 5.435501575469971, 2.8994359970092773, -0.60953688621521
34, 5.186885356903076, 2.8994359970092773, -0.5832685232162476
35, 4.938269138336182, 2.8994359970092773, -0.5570001602172852
36, 4.689652919769287, 2.8994359970092773, -0.5307317972183228
37, 4.689652919769287, 2.8994359970092773, -0.5307317972183228
38, 4.689652919769287, 2.8994359970092773, -0.5307317972183228
39, 4.441036701202393, 2.8994359970092773, -0.5044634342193604
40, 4.441036701202393, 2.8994359970092773, -0.5044634342193604
41, 4.238862991333008, 2.8994359970092773, -0.35740625858306885
42, 4.238862991333008, 2.8994359970092773, -0.35740625858306885
43, 4.238862991333008, 2.8994359970092773, -0.35740625858306885
44, 4.036689281463623, 2.8994359970092773, -0.21034908294677734
45, 4.036689281463623, 2.8994359970092773, -0.21034908294677734
46, 3.7880730628967285, 2.8994359970092773, -0.18408071994781494
47, 3.539456844329834, 2.8994359970092773, -0.15781235694885254
48, 3.2908406257629395, 2.8994359970092773, -0.13154399394989014
49, 3.2908406257629395, 2.8994359970092773, -0.13154399394989014
50, 3.062398672103882, 2.8994359970092773, -0.2331029772758484
51, 2.833956718444824, 2.8994359970092773, -0.33466196060180664
52, 2.6055147647857666, 2.8994359970092773, -0.4362209439277649
53, 2.377072811126709, 2.8994359970092773, -0.5377799272537231
54, 2.1486308574676514, 2.8994359970092773, -0.6393389105796814
55, 1.9201887845993042, 2.8994359970092773, -0.7408978939056396
56, 1.691746711730957, 2.8994359970092773, -0.8424568772315979
57, 1.691746711730957, 2.8994359970092773, -0.8424568772315979
58, 1.691746711730957, 2.8994359970092773, -0.8424568772315979
59, 1.4633046388626099, 2.8994359970092773, -0.9440158605575562
60, 1.2348625659942627, 2.8994359970092773, -1.0455749034881592
61, 1.2348625659942627, 2.8994359970092773, -1.0455749034881592
62, 1.0878053903579712, 2.8994359970092773, -1.247748613357544
63, 1.0878053903579712, 2.8994359970092773, -1.247748613357544
64, 1.0878053903579712, 2.8994359970092773, -1.247748613357544
65, 1.0878053903579712, 2.8994359970092773, -1.247748613357544
66, 1.0878053903579712, 2.8994359970092773, -1.247748613357544
67, 1.0878053903579712, 2.8994359970092773, -1.247748613357544
68, 1.3162474632263184, 2.8994359970092773, -1.1461896896362305
69, 1.5446895360946655, 2.8994359970092773, -1.044630765914917
70, 1.7731316089630127, 2.8994359970092773, -0.9430718421936035
71, 2.0015735626220703, 2.8994359970092773, -0.84151291847229
72, 2.230015516281128, 2.8994359970092773, -0.7399539947509766
73, 2.4584574699401855, 2.8994359970092773, -0.6383950710296631
74, 2.686899423599243, 2.8994359970092773, -0.5368361473083496
75, 2.915341377258301, 2.8994359970092773, -0.43527722358703613
76, 3.1437833309173584, 2.8994359970092773, -0.33371829986572266
77, 3.372225284576416, 2.8994359970092773, -0.23215937614440918
78, 3.6006672382354736, 2.8994359970092773, -0.1306004524230957
79, 3.6006672382354736, 2.8994359970092773, -0.1306004524230957
80, 3.849283456802368, 2.8994359970092773, -0.1568688154220581
81, 3.849283456802368, 2.8994359970092773, -0.1568688154220581
82, 3.849283456802368, 2.8994359970092773, -0.1568688154220581
83, 3.9508423805236816, 2.8994359970092773, -0.3853108882904053
84, 4.052401542663574, 2.8994359970092773, -0.6137529611587524
85, 4.153960704803467, 2.8994359970092773, -0.8421950340270996
86, 4.255519866943359, 2.8994359970092773, -1.0706371068954468
87, 4.357079029083252, 2.8994359970092773, -1.299079179763794
88, 4.4586381912231445, 2.8994359970092773, -1.5275212526321411
89, 4.560197353363037, 2.8994359970092773, -1.7559633255004883
90, 4.66175651550293, 2.8994359970092773, -1.9844053983688354
91, 4.763315677642822, 2.8994359970092773, -2.2128474712371826
92, 4.763315677642822, 2.8994359970092773, -2.2128474712371826
93, 4.763315677642822, 2.8994359970092773, -2.2128474712371826
94, 4.864874839782715, 2.8994359970092773, -2.4412894248962402
95, 4.864874839782715, 2.8994359970092773, -2.4412894248962402
96, 5.0670485496521, 2.8994359970092773, -2.588346481323242
97, 5.0670485496521, 2.8994359970092773, -2.588346481323242
98, 5.0670485496521, 2.8994359970092773, -2.588346481323242
99, 5.0670485496521, 2.8994359970092773, -2.588346481323242
100, 5.168607711791992, 2.8994359970092773, -2.8167884349823
101, 5.168607711791992, 2.8994359970092773, -2.8167884349823
102, 5.168607711791992, 2.8994359970092773, -2.8167884349823
103, 5.168607711791992, 2.8994359970092773, -2.8167884349823
104, 5.168607711791992, 2.8994359970092773, -2.8167884349823
105, 5.168607711791992, 2.8994359970092773, -2.8167884349823
106, 5.168607711791992, 2.8994359970092773, -2.8167884349823
107, 5.168607711791992, 2.8994359970092773, -2.8167884349823
108, 5.168607711791992, 2.8994359970092773, -2.8167884349823
109, 5.168607711791992, 2.8994359970092773, -2.8167884349823
110, 5.168607711791992, 2.8994359970092773, -2.8167884349823
111, 5.0670485496521, 2.8994359970092773, -2.588346481323242
112, 4.965489387512207, 2.8994359970092773, -2.3599042892456055
113, 4.8639302253723145, 2.8994359970092773, -2.1314620971679688
114, 4.762371063232422, 2.8994359970092773, -1.9030200242996216
115, 4.762371063232422, 2.8994359970092773, -1.9030200242996216
116, 4.560197353363037, 2.8994359970092773, -1.75596284866333
117, 4.560197353363037, 2.8994359970092773, -1.75596284866333
118, 4.4586381912231445, 2.8994359970092773, -1.527520775794983
119, 4.357079029083252, 2.8994359970092773, -1.2990787029266357
120, 4.255519866943359, 2.8994359970092773, -1.0706366300582886
121, 4.255519866943359, 2.8994359970092773, -1.0706366300582886
122, 4.281788349151611, 2.8994359970092773, -0.8220205307006836
123, 4.281788349151611, 2.8994359970092773, -0.8220205307006836
124, 4.428845405578613, 2.8994359970092773, -0.6198468208312988
125, 4.428845405578613, 2.8994359970092773, -0.6198468208312988
126, 4.65728759765625, 2.8994359970092773, -0.5182878375053406
127, 4.65728759765625, 2.8994359970092773, -0.5182878375053406
128, 4.9059038162231445, 2.8994359970092773, -0.544556200504303
129, 5.154520034790039, 2.8994359970092773, -0.5708245635032654
130, 5.403136253356934, 2.8994359970092773, -0.5970929265022278
131, 5.651752471923828, 2.8994359970092773, -0.6233612895011902
132, 5.900368690490723, 2.8994359970092773, -0.6496296525001526
133, 6.148984909057617, 2.8994359970092773, -0.675898015499115
134, 6.397601127624512, 2.8994359970092773, -0.7021663784980774
135, 6.646217346191406, 2.8994359970092773, -0.7284347414970398
136, 6.646217346191406, 2.8994359970092773, -0.7284347414970398
137, 6.874659538269043, 2.8994359970092773, -0.6268758177757263
138, 7.10310173034668, 2.8994359970092773, -0.5253168940544128
139, 7.331543922424316, 2.8994359970092773, -0.42375797033309937
140, 7.331543922424316, 2.8994359970092773, -0.42375797033309937
141, 7.478600978851318, 2.8994359970092773, -0.221584290266037
142, 7.478600978851318, 2.8994359970092773, -0.221584290266037
143, 7.478600978851318, 2.8994359970092773, -0.221584290266037
144, 7.478600978851318, 2.8994359970092773, -0.221584290266037
145, 7.707043170928955, 2.8994359970092773, -0.12002536654472351
146, 7.707043170928955, 2.8994359970092773, -0.12002536654472351
147, 7.95565938949585, 2.8994359970092773, -0.1462937295436859
148, 8.204275131225586, 2.8994359970092773, -0.17256209254264832
149, 8.45289134979248, 2.8994359970092773, -0.19883045554161072
150, 8.701507568359375, 2.8994359970092773, -0.22509881854057312
151, 8.95012378692627, 2.8994359970092773, -0.2513671815395355
152, 8.95012378692627, 2.8994359970092773, -0.2513671815395355
153, 9.152297973632812, 2.8994359970092773, -0.39842429757118225
154, 9.354471206665039, 2.8994359970092773, -0.5454814434051514
155, 9.556644439697266, 2.8994359970092773, -0.6925385594367981
156, 9.758817672729492, 2.8994359970092773, -0.8395956754684448
157, 9.758817672729492, 2.8994359970092773, -0.8395956754684448
158, 9.860376358032227, 2.8994359970092773, -1.068037748336792
159, 9.860376358032227, 2.8994359970092773, -1.068037748336792
160, 9.860376358032227, 2.8994359970092773, -1.068037748336792
161, 9.860376358032227, 2.8994359970092773, -1.068037748336792
162, 9.860376358032227, 2.8994359970092773, -1.068037748336792
163, 10.108992576599121, 2.8994359970092773, -1.0943061113357544
164, 10.357608795166016, 2.8994359970092773, -1.1205744743347168
165, 10.60622501373291, 2.8994359970092773, -1.1468428373336792
166, 10.854841232299805, 2.8994359970092773, -1.1731112003326416
167, 10.854841232299805, 2.8994359970092773, -1.1731112003326416
168, 11.083283424377441, 2.8994359970092773, -1.0715522766113281
169, 11.311725616455078, 2.8994359970092773, -0.9699933528900146
170, 11.540167808532715, 2.8994359970092773, -0.8684344291687012
171, 11.768610000610352, 2.8994359970092773, -0.7668755054473877
172, 11.997052192687988, 2.8994359970092773, -0.6653165817260742
173, 11.997052192687988, 2.8994359970092773, -0.6653165817260742
174, 12.245668411254883, 2.8994359970092773, -0.6915849447250366
175, 12.494284629821777, 2.8994359970092773, -0.717853307723999
176, 12.494284629821777, 2.8994359970092773, -0.717853307723999
177, 12.494284629821777, 2.8994359970092773, -0.717853307723999
178, 12.494284629821777, 2.8994359970092773, -0.717853307723999
179, 12.696457862854004, 2.8994359970092773, -0.8649104833602905
180, 12.696457862854004, 2.8994359970092773, -0.8649104833602905
181, 12.945074081420898, 2.8994359970092773, -0.8911788463592529
182, 13.193690299987793, 2.8994359970092773, -0.9174472093582153
183, 13.442306518554688, 2.8994359970092773, -0.9437155723571777
184, 13.442306518554688, 2.8994359970092773, -0.9437155723571777
185, 13.442306518554688, 2.8994359970092773, -0.9437155723571777
186, 13.442306518554688, 2.8994359970092773, -0.9437155723571777
187, 13.442306518554688, 2.8994359970092773, -0.9437155723571777
188, 13.442306518554688, 2.8994359970092773, -0.9437155723571777
189, 13.240133285522461, 2.8994359970092773, -0.7966583967208862
190, 13.240133285522461, 2.8994359970092773, -0.7966583967208862
191, 12.991517066955566, 2.8994359970092773, -0.7703900337219238
192, 12.742900848388672, 2.8994359970092773, -0.7441216707229614
193, 12.494284629821777, 2.8994359970092773, -0.717853307723999
194, 12.245668411254883, 2.8994359970092773, -0.6915849447250366
195, 2.159114360809326, 2.8994359970092773, -0.030183332040905952
