1, -0.24221459031105042, 3.219202995300293, 3.147230386734009
2, -0.24221459031105042, 3.219202995300293, 3.147230386734009
3, -0.24221459031105042, 3.219202995300293, 3.147230386734009
4, -0.24221459031105042, 3.219202995300293, 3.147230386734009
5, -0.24221459031105042, 3.219202995300293, 3.147230386734009
6, -0.24221459031105042, 3.219202995300293, 3.147230386734009
7, -0.24221459031105042, 3.219202995300293, 3.147230386734009
8, -0.24221459031105042, 3.219202995300293, 3.147230386734009
9, -0.24221459031105042, 3.219202995300293, 3.147230386734009
10, -0.24221459031105042, 3.219202995300293, 3.147230386734009
11, -0.24221459031105042, 3.219202995300293, 3.147230386734009
12, -0.24221459031105042, 3.219202995300293, 3.147230386734009
13, -0.24221459031105042, 3.219202995300293, 3.147230386734009
14, -0.24221459031105042, 3.219202995300293, 3.147230386734009
15, -0.24221459031105042, 3.219202995300293, 3.147230386734009
16, -0.24221459031105042, 3.219202995300293, 3.147230386734009
17, -0.15017586946487427, 3.219202995300293, 2.9147891998291016
18, -0.15017586946487427, 3.219202995300293, 2.9147891998291016
19, -0.18668857216835022, 3.219202995300293, 2.6674699783325195
20, -0.18668857216835022, 3.219202995300293, 2.6674699783325195
21, -0.3419691324234009, 3.219202995300293, 2.4715416431427
22, -0.4972497224807739, 3.219202995300293, 2.275613307952881
23, -5.473980903625488, 3.219202995300293, 1.9790546894073486
