1, 6.76860237121582, 2.8994359970092773, -2.1659109592437744
2, 6.76860237121582, 2.8994359970092773, -2.1659109592437744
3, 6.76860237121582, 2.8994359970092773, -2.1659109592437744
4, 6.76860237121582, 2.8994359970092773, -2.1659109592437744
5, 6.76860237121582, 2.8994359970092773, -2.1659109592437744
6, 6.76860237121582, 2.8994359970092773, -2.1659109592437744
7, 6.76860237121582, 2.8994359970092773, -2.1659109592437744
8, 6.76860237121582, 2.8994359970092773, -2.1659109592437744
9, 6.76860237121582, 2.8994359970092773, -2.1659109592437744
10, 6.76860237121582, 2.8994359970092773, -2.1659109592437744
11, 6.76860237121582, 2.8994359970092773, -2.1659109592437744
12, 6.76860237121582, 2.8994359970092773, -2.1659109592437744
13, 6.76860237121582, 2.8994359970092773, -2.1659109592437744
14, 6.76860237121582, 2.8994359970092773, -2.1659109592437744
15, 6.76860237121582, 2.8994359970092773, -2.1659109592437744
16, 6.76860237121582, 2.8994359970092773, -2.1659109592437744
17, 6.76860237121582, 2.8994359970092773, -2.1659109592437744
18, 6.522411346435547, 2.8994359970092773, -2.2093842029571533
19, 6.276220321655273, 2.8994359970092773, -2.2528574466705322
20, 6.030029296875, 2.8994359970092773, -2.296330690383911
21, 6.030029296875, 2.8994359970092773, -2.296330690383911
22, 5.7950849533081055, 2.8994359970092773, -2.2108840942382812
23, 5.560140609741211, 2.8994359970092773, -2.1254374980926514
24, 5.325196266174316, 2.8994359970092773, -2.0399909019470215
25, 5.090251922607422, 2.8994359970092773, -1.9545443058013916
26, 4.855307579040527, 2.8994359970092773, -1.8690977096557617
27, 4.855307579040527, 2.8994359970092773, -1.8690977096557617
28, 4.694562911987305, 2.8994359970092773, -1.677626609802246
29, 4.533818244934082, 2.8994359970092773, -1.4861555099487305
30, 4.533818244934082, 2.8994359970092773, -1.4861555099487305
31, 4.533818244934082, 2.8994359970092773, -1.4861555099487305
32, 4.373073577880859, 2.8994359970092773, -1.2946844100952148
33, 4.373073577880859, 2.8994359970092773, -1.2946844100952148
34, 4.373073577880859, 2.8994359970092773, -1.2946844100952148
35, 4.4295477867126465, 2.8994359970092773, -1.1394023895263672
36, 4.4295477867126465, 2.8994359970092773, -1.1394023895263672
37, 4.4295477867126465, 2.8994359970092773, -1.1394023895263672
38, 4.4295477867126465, 2.8994359970092773, -1.1394023895263672
39, 4.268803119659424, 2.8994359970092773, -0.9479312300682068
40, 4.268803119659424, 2.8994359970092773, -0.9479312300682068
41, 4.268803119659424, 2.8994359970092773, -0.9479312300682068
42, 4.268803119659424, 2.8994359970092773, -0.9479312300682068
43, 4.4602742195129395, 2.8994359970092773, -0.7871866226196289
44, 4.651745319366455, 2.8994359970092773, -0.6264420747756958
45, 4.651745319366455, 2.8994359970092773, -0.6264420747756958
46, 4.651745319366455, 2.8994359970092773, -0.6264420747756958
47, 4.651745319366455, 2.8994359970092773, -0.6264420747756958
48, 4.651745319366455, 2.8994359970092773, -0.6264420747756958
49, 4.651745319366455, 2.8994359970092773, -0.6264420747756958
50, 4.651745319366455, 2.8994359970092773, -0.6264420747756958
51, 4.651745319366455, 2.8994359970092773, -0.6264420747756958
52, 4.651745319366455, 2.8994359970092773, -0.6264420747756958
53, 4.651745319366455, 2.8994359970092773, -0.6264420747756958
54, 4.651745319366455, 2.8994359970092773, -0.6264420747756958
55, 4.4602742195129395, 2.8994359970092773, -0.7871866226196289
56, 4.268803119659424, 2.8994359970092773, -0.947931170463562
57, 4.268803119659424, 2.8994359970092773, -0.947931170463562
58, 4.268803119659424, 2.8994359970092773, -0.947931170463562
59, 4.312276363372803, 2.8994359970092773, -1.194122314453125
60, 4.355749607086182, 2.8994359970092773, -1.440313458442688
61, 4.355749607086182, 2.8994359970092773, -1.440313458442688
62, 4.516494274139404, 2.8994359970092773, -1.6317845582962036
63, 4.516494274139404, 2.8994359970092773, -1.6317845582962036
64, 4.751438617706299, 2.8994359970092773, -1.7172311544418335
65, 4.986382961273193, 2.8994359970092773, -1.8026777505874634
66, 5.221327304840088, 2.8994359970092773, -1.8881243467330933
67, 5.221327304840088, 2.8994359970092773, -1.8881243467330933
68, 5.221327304840088, 2.8994359970092773, -1.8881243467330933
69, 5.221327304840088, 2.8994359970092773, -1.8881243467330933
70, 5.221327304840088, 2.8994359970092773, -1.8881243467330933
71, 5.221327304840088, 2.8994359970092773, -1.8881243467330933
72, 5.221327304840088, 2.8994359970092773, -1.8881243467330933
73, 4.986382961273193, 2.8994359970092773, -1.8026777505874634
74, 4.751438617706299, 2.8994359970092773, -1.7172311544418335
75, 4.751438617706299, 2.8994359970092773, -1.7172311544418335
76, 4.590693950653076, 2.8994359970092773, -1.5257600545883179
77, 4.4299492835998535, 2.8994359970092773, -1.3342889547348022
78, 4.269204616546631, 2.8994359970092773, -1.1428178548812866
79, 4.269204616546631, 2.8994359970092773, -1.1428178548812866
80, 4.269204616546631, 2.8994359970092773, -1.1428178548812866
81, 4.354650974273682, 2.8994359970092773, -0.9078733921051025
82, 4.440097332000732, 2.8994359970092773, -0.6729289293289185
83, 4.440097332000732, 2.8994359970092773, -0.6729289293289185
84, 4.440097332000732, 2.8994359970092773, -0.6729289293289185
85, 4.686288356781006, 2.8994359970092773, -0.62945556640625
86, 4.932479381561279, 2.8994359970092773, -0.5859822034835815
87, 5.178670406341553, 2.8994359970092773, -0.5425088405609131
88, 5.178670406341553, 2.8994359970092773, -0.5425088405609131
89, 5.413614749908447, 2.8994359970092773, -0.627955436706543
90, 5.648559093475342, 2.8994359970092773, -0.7134020328521729
91, 5.648559093475342, 2.8994359970092773, -0.7134020328521729
92, 5.894750118255615, 2.8994359970092773, -0.6699286699295044
93, 6.140941143035889, 2.8994359970092773, -0.6264553070068359
94, 6.387132167816162, 2.8994359970092773, -0.5829819440841675
95, 6.6333231925964355, 2.8994359970092773, -0.539508581161499
96, 6.879514217376709, 2.8994359970092773, -0.49603524804115295
97, 7.125705242156982, 2.8994359970092773, -0.4525619149208069
98, 7.125705242156982, 2.8994359970092773, -0.4525619149208069
99, 7.317176342010498, 2.8994359970092773, -0.2918173372745514
100, 7.317176342010498, 2.8994359970092773, -0.2918173372745514
101, 7.317176342010498, 2.8994359970092773, -0.2918173372745514
102, 7.508647441864014, 2.8994359970092773, -0.1310727596282959
103, 7.508647441864014, 2.8994359970092773, -0.1310727596282959
104, 7.754838466644287, 2.8994359970092773, -0.08759942650794983
105, 8.001029968261719, 2.8994359970092773, -0.04412609338760376
106, 8.238516807556152, 2.8994359970092773, -0.002189764752984047
107, 8.238516807556152, 2.8994359970092773, -0.002189764752984047
108, 8.473461151123047, 2.8994359970092773, -0.08763632923364639
109, 8.708405494689941, 2.8994359970092773, -0.1730828881263733
110, 8.943349838256836, 2.8994359970092773, -0.2585294544696808
111, 8.943349838256836, 2.8994359970092773, -0.2585294544696808
112, 8.943349838256836, 2.8994359970092773, -0.2585294544696808
113, 8.943349838256836, 2.8994359970092773, -0.2585294544696808
114, 8.943349838256836, 2.8994359970092773, -0.2585294544696808
115, 8.943349838256836, 2.8994359970092773, -0.2585294544696808
116, 8.943349838256836, 2.8994359970092773, -0.2585294544696808
117, 8.708405494689941, 2.8994359970092773, -0.1730828583240509
118, 8.473461151123047, 2.8994359970092773, -0.08763626217842102
119, 8.238516807556152, 2.8994359970092773, -0.0021898001432418823
120, 8.238516807556152, 2.8994359970092773, -0.0021898001432418823
121, 7.992325782775879, 2.8994359970092773, -0.04566308856010437
122, 7.7461347579956055, 2.8994359970092773, -0.08913637697696686
123, 7.7461347579956055, 2.8994359970092773, -0.08913637697696686
124, 7.55466365814209, 2.8994359970092773, -0.24988092482089996
125, 7.363192558288574, 2.8994359970092773, -0.4106254577636719
126, 7.363192558288574, 2.8994359970092773, -0.4106254577636719
127, 7.117001533508301, 2.8994359970092773, -0.45409876108169556
128, 6.870810508728027, 2.8994359970092773, -0.49757206439971924
129, 6.624619483947754, 2.8994359970092773, -0.5410453677177429
130, 6.3784284591674805, 2.8994359970092773, -0.5845186710357666
131, 6.132237434387207, 2.8994359970092773, -0.6279919743537903
132, 5.886046409606934, 2.8994359970092773, -0.671465277671814
133, 5.63985538482666, 2.8994359970092773, -0.7149385809898376
134, 5.493596076965332, 2.8994359970092773, -0.7407655715942383
135, 5.493596076965332, 2.8994359970092773, -0.7407655715942383
136, 5.493596076965332, 2.8994359970092773, -0.7407655715942383
137, 5.493596076965332, 2.8994359970092773, -0.7407655715942383
138, 5.493596076965332, 2.8994359970092773, -0.7407655715942383
139, 5.493596076965332, 2.8994359970092773, -0.7407655715942383
140, 5.493596076965332, 2.8994359970092773, -0.7407655715942383
141, 5.7397871017456055, 2.8994359970092773, -0.6972922086715698
142, 5.985978126525879, 2.8994359970092773, -0.6538188457489014
143, 6.232169151306152, 2.8994359970092773, -0.6103454828262329
144, 6.478360176086426, 2.8994359970092773, -0.5668721199035645
145, 6.724551200866699, 2.8994359970092773, -0.523398756980896
146, 6.970742225646973, 2.8994359970092773, -0.4799254238605499
147, 7.216933250427246, 2.8994359970092773, -0.43645209074020386
148, 7.4631242752075195, 2.8994359970092773, -0.3929787576198578
149, 7.4631242752075195, 2.8994359970092773, -0.3929787576198578
150, 7.654595375061035, 2.8994359970092773, -0.2322341799736023
151, 7.846066474914551, 2.8994359970092773, -0.0714896023273468
152, 7.846066474914551, 2.8994359970092773, -0.0714896023273468
153, 8.092257499694824, 2.8994359970092773, -0.028016269207000732
154, 8.092257499694824, 2.8994359970092773, -0.028016269207000732
155, 8.092257499694824, 2.8994359970092773, -0.028016269207000732
156, 8.253002166748047, 2.8994359970092773, -0.21948739886283875
157, 8.253002166748047, 2.8994359970092773, -0.21948739886283875
158, 8.487946510314941, 2.8994359970092773, -0.30493396520614624
159, 8.722890853881836, 2.8994359970092773, -0.39038053154945374
160, 8.95783519744873, 2.8994359970092773, -0.47582709789276123
161, 9.192779541015625, 2.8994359970092773, -0.5612736940383911
162, 9.42772388458252, 2.8994359970092773, -0.646720290184021
163, 9.42772388458252, 2.8994359970092773, -0.646720290184021
164, 9.588468551635742, 2.8994359970092773, -0.8381913900375366
165, 9.749213218688965, 2.8994359970092773, -1.0296624898910522
166, 9.749213218688965, 2.8994359970092773, -1.0296624898910522
167, 9.749213218688965, 2.8994359970092773, -1.0296624898910522
168, 9.749213218688965, 2.8994359970092773, -1.0296624898910522
169, 9.749213218688965, 2.8994359970092773, -1.0296624898910522
170, 9.749213218688965, 2.8994359970092773, -1.0296624898910522
171, 9.749213218688965, 2.8994359970092773, -1.0296624898910522
172, 9.588468551635742, 2.8994359970092773, -0.8381913900375366
173, 9.42772388458252, 2.8994359970092773, -0.646720290184021
174, 9.42772388458252, 2.8994359970092773, -0.646720290184021
175, 9.192779541015625, 2.8994359970092773, -0.5612736940383911
176, 8.95783519744873, 2.8994359970092773, -0.47582709789276123
177, 8.722890853881836, 2.8994359970092773, -0.39038050174713135
178, 8.487946510314941, 2.8994359970092773, -0.30493390560150146
179, 8.253002166748047, 2.8994359970092773, -0.21948730945587158
180, 8.018057823181152, 2.8994359970092773, -0.1340407133102417
181, 8.018057823181152, 2.8994359970092773, -0.1340407133102417
182, 7.771866798400879, 2.8994359970092773, -0.1775140017271042
183, 7.5256757736206055, 2.8994359970092773, -0.22098729014396667
184, 7.5256757736206055, 2.8994359970092773, -0.22098729014396667
185, 7.33420467376709, 2.8994359970092773, -0.3817318379878998
186, 7.142733573913574, 2.8994359970092773, -0.5424764156341553
187, 7.142733573913574, 2.8994359970092773, -0.5424764156341553
188, 6.896542549133301, 2.8994359970092773, -0.585949718952179
189, 6.650351524353027, 2.8994359970092773, -0.6294230222702026
190, 6.404160499572754, 2.8994359970092773, -0.6728963255882263
191, 6.1579694747924805, 2.8994359970092773, -0.71636962890625
192, 6.1579694747924805, 2.8994359970092773, -0.71636962890625
193, 5.923025131225586, 2.8994359970092773, -0.6309230327606201
194, 5.688080787658691, 2.8994359970092773, -0.5454764366149902
195, 5.688080787658691, 2.8994359970092773, -0.5454764366149902
196, 5.441889762878418, 2.8994359970092773, -0.5889497399330139
197, 5.1956987380981445, 2.8994359970092773, -0.6324230432510376
198, 5.1956987380981445, 2.8994359970092773, -0.6324230432510376
199, 4.96075439453125, 2.8994359970092773, -0.5469764471054077
200, 4.7258100509643555, 2.8994359970092773, -0.46152985095977783
201, 4.490865707397461, 2.8994359970092773, -0.37608325481414795
202, 4.255921363830566, 2.8994359970092773, -0.29063665866851807
203, 4.020977020263672, 2.8994359970092773, -0.20519006252288818
204, 3.7860326766967773, 2.8994359970092773, -0.1197434663772583
205, 3.7860326766967773, 2.8994359970092773, -0.1197434663772583
206, 3.7860326766967773, 2.8994359970092773, -0.1197434663772583
207, 3.7860326766967773, 2.8994359970092773, -0.1197434663772583
208, 3.7860326766967773, 2.8994359970092773, -0.1197434663772583
209, 3.7860326766967773, 2.8994359970092773, -0.1197434663772583
210, 3.7860326766967773, 2.8994359970092773, -0.1197434663772583
211, 4.020977020263672, 2.8994359970092773, -0.2051900327205658
212, 4.255921363830566, 2.8994359970092773, -0.2906365990638733
213, 4.490865707397461, 2.8994359970092773, -0.3760831654071808
214, 4.7258100509643555, 2.8994359970092773, -0.4615297317504883
215, 4.96075439453125, 2.8994359970092773, -0.5469763278961182
216, 5.1956987380981445, 2.8994359970092773, -0.632422924041748
217, 5.430643081665039, 2.8994359970092773, -0.7178695201873779
218, 5.430643081665039, 2.8994359970092773, -0.7178695201873779
219, 5.6768341064453125, 2.8994359970092773, -0.6743961572647095
220, 5.923025131225586, 2.8994359970092773, -0.630922794342041
221, 6.169216156005859, 2.8994359970092773, -0.5874494314193726
222, 6.415407180786133, 2.8994359970092773, -0.5439760684967041
223, 6.661598205566406, 2.8994359970092773, -0.5005027055740356
224, 6.661598205566406, 2.8994359970092773, -0.5005027055740356
225, 6.896542549133301, 2.8994359970092773, -0.5859493017196655
226, 6.896542549133301, 2.8994359970092773, -0.5859493017196655
227, 7.142733573913574, 2.8994359970092773, -0.5424759387969971
228, 7.142733573913574, 2.8994359970092773, -0.5424759387969971
229, 7.33420467376709, 2.8994359970092773, -0.3817313611507416
230, 7.5256757736206055, 2.8994359970092773, -0.22098678350448608
231, 7.5256757736206055, 2.8994359970092773, -0.22098678350448608
232, 7.771866798400879, 2.8994359970092773, -0.17751345038414001
233, 8.018057823181152, 2.8994359970092773, -0.13404011726379395
234, 8.264248847961426, 2.8994359970092773, -0.09056678414344788
235, 8.5104398727417, 2.8994359970092773, -0.04709345102310181
236, 8.5104398727417, 2.8994359970092773, -0.04709345102310181
237, 8.745384216308594, 2.8994359970092773, -0.1325400173664093
238, 8.980328559875488, 2.8994359970092773, -0.2179865837097168
239, 9.215272903442383, 2.8994359970092773, -0.3034331500530243
240, 9.450217247009277, 2.8994359970092773, -0.3888797163963318
241, 9.685161590576172, 2.8994359970092773, -0.4743262827396393
242, 9.920105934143066, 2.8994359970092773, -0.5597728490829468
243, 10.155050277709961, 2.8994359970092773, -0.6452194452285767
244, 10.389994621276855, 2.8994359970092773, -0.7306660413742065
245, 10.62493896484375, 2.8994359970092773, -0.8161126375198364
246, 10.859883308410645, 2.8994359970092773, -0.9015592336654663
247, 10.859883308410645, 2.8994359970092773, -0.9015592336654663
248, 11.106074333190918, 2.8994359970092773, -0.8580858707427979
249, 11.352265357971191, 2.8994359970092773, -0.8146125078201294
250, 11.598456382751465, 2.8994359970092773, -0.7711391448974609
251, 11.844647407531738, 2.8994359970092773, -0.7276657819747925
252, 12.090838432312012, 2.8994359970092773, -0.684192419052124
253, 12.090838432312012, 2.8994359970092773, -0.684192419052124
254, 12.090838432312012, 2.8994359970092773, -0.684192419052124
255, 12.090838432312012, 2.8994359970092773, -0.684192419052124
256, 12.090838432312012, 2.8994359970092773, -0.684192419052124
257, 12.090838432312012, 2.8994359970092773, -0.684192419052124
258, 12.090838432312012, 2.8994359970092773, -0.684192419052124
259, 11.844647407531738, 2.8994359970092773, -0.7276657223701477
260, 11.598456382751465, 2.8994359970092773, -0.7711390256881714
261, 11.352265357971191, 2.8994359970092773, -0.8146123290061951
262, 11.106074333190918, 2.8994359970092773, -0.8580856323242188
263, 10.859883308410645, 2.8994359970092773, -0.9015589356422424
264, 10.859883308410645, 2.8994359970092773, -0.9015589356422424
265, 10.62493896484375, 2.8994359970092773, -0.8161123394966125
266, 10.389994621276855, 2.8994359970092773, -0.7306657433509827
267, 10.155050277709961, 2.8994359970092773, -0.6452191472053528
268, 9.920105934143066, 2.8994359970092773, -0.5597725510597229
269, 9.685161590576172, 2.8994359970092773, -0.474325954914093
270, 9.450217247009277, 2.8994359970092773, -0.38887935876846313
271, 9.215272903442383, 2.8994359970092773, -0.30343276262283325
272, 8.980328559875488, 2.8994359970092773, -0.21798616647720337
273, 8.745384216308594, 2.8994359970092773, -0.1325395703315735
274, 8.5104398727417, 2.8994359970092773, -0.047092974185943604
275, 8.5104398727417, 2.8994359970092773, -0.047092974185943604
276, 8.264248847961426, 2.8994359970092773, -0.09056626260280609
277, 8.018057823181152, 2.8994359970092773, -0.13403955101966858
278, 7.771866798400879, 2.8994359970092773, -0.17751283943653107
279, 7.5256757736206055, 2.8994359970092773, -0.22098612785339355
280, 7.5256757736206055, 2.8994359970092773, -0.22098612785339355
281, 7.33420467376709, 2.8994359970092773, -0.38173067569732666
282, 7.142733573913574, 2.8994359970092773, -0.5424752235412598
283, 7.142733573913574, 2.8994359970092773, -0.5424752235412598
284, 6.896542549133301, 2.8994359970092773, -0.5859485268592834
285, 6.650351524353027, 2.8994359970092773, -0.6294218301773071
286, 6.404160499572754, 2.8994359970092773, -0.6728951334953308
287, 6.1579694747924805, 2.8994359970092773, -0.7163684368133545
288, 6.1579694747924805, 2.8994359970092773, -0.7163684368133545
289, 5.923025131225586, 2.8994359970092773, -0.6309218406677246
290, 5.688080787658691, 2.8994359970092773, -0.5454752445220947
291, 5.453136444091797, 2.8994359970092773, -0.46002864837646484
292, 5.453136444091797, 2.8994359970092773, -0.46002864837646484
293, 5.206945419311523, 2.8994359970092773, -0.5035019516944885
294, 4.96075439453125, 2.8994359970092773, -0.5469752550125122
295, 4.96075439453125, 2.8994359970092773, -0.5469752550125122
296, 4.7258100509643555, 2.8994359970092773, -0.4615286588668823
297, 4.490865707397461, 2.8994359970092773, -0.37608206272125244
298, 4.255921363830566, 2.8994359970092773, -0.29063546657562256
299, 4.020977020263672, 2.8994359970092773, -0.20518887042999268
300, 4.020977020263672, 2.8994359970092773, -0.20518887042999268
301, 3.7747859954833984, 2.8994359970092773, -0.24866215884685516
302, 3.528594970703125, 2.8994359970092773, -0.29213544726371765
303, 3.2824039459228516, 2.8994359970092773, -0.33560872077941895
304, 3.036212921142578, 2.8994359970092773, -0.3790820240974426
305, 2.7900218963623047, 2.8994359970092773, -0.4225553274154663
306, 2.5438308715820312, 2.8994359970092773, -0.46602863073349
307, 2.297639846801758, 2.8994359970092773, -0.5095019340515137
308, 2.0514488220214844, 2.8994359970092773, -0.5529752373695374
309, 2.0514488220214844, 2.8994359970092773, -0.5529752373695374
310, 1.8599777221679688, 2.8994359970092773, -0.7137197852134705
311, 1.6685066223144531, 2.8994359970092773, -0.8744643330574036
312, 1.4770355224609375, 2.8994359970092773, -1.0352089405059814
313, 1.2855644226074219, 2.8994359970092773, -1.1959534883499146
314, 1.0940933227539062, 2.8994359970092773, -1.3566980361938477
315, 1.0940933227539062, 2.8994359970092773, -1.3566980361938477
316, 1.0086467266082764, 2.8994359970092773, -1.5916424989700317
317, 0.9232001304626465, 2.8994359970092773, -1.8265869617462158
318, 0.8377535343170166, 2.8994359970092773, -2.0615313053131104
319, 0.7523069381713867, 2.8994359970092773, -2.296475648880005
320, 0.7523069381713867, 2.8994359970092773, -2.296475648880005
321, 0.7957802414894104, 2.8994359970092773, -2.5426666736602783
322, 0.8392535448074341, 2.8994359970092773, -2.7888576984405518
323, 0.8827268481254578, 2.8994359970092773, -3.035048723220825
324, 0.8827268481254578, 2.8994359970092773, -3.035048723220825
325, 0.8827268481254578, 2.8994359970092773, -3.035048723220825
326, 0.9262001514434814, 2.8994359970092773, -3.2812397480010986
327, 0.9696734547615051, 2.8994359970092773, -3.527430772781372
328, 1.0131467580795288, 2.8994359970092773, -3.7736217975616455
329, 1.0131467580795288, 2.8994359970092773, -3.7736217975616455
330, 1.0131467580795288, 2.8994359970092773, -3.7736217975616455
331, 1.0131467580795288, 2.8994359970092773, -3.7736217975616455
332, 1.0131467580795288, 2.8994359970092773, -3.7736217975616455
333, 1.0131467580795288, 2.8994359970092773, -3.7736217975616455
334, 1.0131467580795288, 2.8994359970092773, -3.7736217975616455
335, 0.9696734547615051, 2.8994359970092773, -3.527430534362793
336, 0.9262001514434814, 2.8994359970092773, -3.2812395095825195
337, 0.8827268481254578, 2.8994359970092773, -3.035048484802246
338, 0.8392535448074341, 2.8994359970092773, -2.7888574600219727
339, 0.7957802414894104, 2.8994359970092773, -2.542666435241699
340, 0.7523069381713867, 2.8994359970092773, -2.296475410461426
341, 0.7523069381713867, 2.8994359970092773, -2.296475410461426
342, 0.8377535343170166, 2.8994359970092773, -2.0615310668945312
343, 0.9232001304626465, 2.8994359970092773, -1.8265866041183472
344, 1.0086467266082764, 2.8994359970092773, -1.591642141342163
345, 1.0940933227539062, 2.8994359970092773, -1.356697678565979
346, 1.1795399188995361, 2.8994359970092773, -1.121753215789795
347, 1.1795399188995361, 2.8994359970092773, -1.121753215789795
348, 1.3710110187530518, 2.8994359970092773, -0.9610086679458618
349, 1.5624821186065674, 2.8994359970092773, -0.8002641201019287
350, 1.753953218460083, 2.8994359970092773, -0.6395195722579956
351, 1.9454243183135986, 2.8994359970092773, -0.4787749946117401
352, 1.9454243183135986, 2.8994359970092773, -0.4787749946117401
353, 2.191615581512451, 2.8994359970092773, -0.43530166149139404
354, 2.4378066062927246, 2.8994359970092773, -0.391828328371048
355, 2.683997631072998, 2.8994359970092773, -0.3483549952507019
356, 2.9301886558532715, 2.8994359970092773, -0.30488166213035583
357, 3.176379680633545, 2.8994359970092773, -0.26140832901000977
358, 3.4225707054138184, 2.8994359970092773, -0.2179349958896637
359, 3.668761730194092, 2.8994359970092773, -0.17446166276931763
360, 3.668761730194092, 2.8994359970092773, -0.17446166276931763
361, 3.9037060737609863, 2.8994359970092773, -0.2599082291126251
362, 4.138650417327881, 2.8994359970092773, -0.3453547954559326
363, 4.373594760894775, 2.8994359970092773, -0.4308013617992401
364, 4.60853910446167, 2.8994359970092773, -0.5162479281425476
365, 4.8434834480285645, 2.8994359970092773, -0.6016944646835327
366, 5.078427791595459, 2.8994359970092773, -0.6871410608291626
367, 5.225873947143555, 2.8994359970092773, -0.7407655715942383
368, 5.225873947143555, 2.8994359970092773, -0.7407655715942383
369, 5.472064971923828, 2.8994359970092773, -0.6972922086715698
370, 5.718255996704102, 2.8994359970092773, -0.6538188457489014
371, 5.964447021484375, 2.8994359970092773, -0.6103454828262329
372, 6.210638046264648, 2.8994359970092773, -0.5668721199035645
373, 6.456829071044922, 2.8994359970092773, -0.523398756980896
374, 6.456829071044922, 2.8994359970092773, -0.523398756980896
375, 6.691773414611816, 2.8994359970092773, -0.6088453531265259
376, 6.691773414611816, 2.8994359970092773, -0.6088453531265259
377, 6.93796443939209, 2.8994359970092773, -0.5653719902038574
378, 7.184155464172363, 2.8994359970092773, -0.521898627281189
379, 7.184155464172363, 2.8994359970092773, -0.521898627281189
380, 7.375626564025879, 2.8994359970092773, -0.36115404963493347
381, 7.5670976638793945, 2.8994359970092773, -0.20040947198867798
382, 7.5670976638793945, 2.8994359970092773, -0.20040947198867798
383, 7.813288688659668, 2.8994359970092773, -0.1569361388683319
384, 8.059479713439941, 2.8994359970092773, -0.11346280574798584
385, 8.305670738220215, 2.8994359970092773, -0.06998947262763977
386, 8.305670738220215, 2.8994359970092773, -0.06998947262763977
387, 8.54061508178711, 2.8994359970092773, -0.15543603897094727
388, 8.775559425354004, 2.8994359970092773, -0.24088260531425476
389, 9.010503768920898, 2.8994359970092773, -0.32632917165756226
390, 9.245448112487793, 2.8994359970092773, -0.41177573800086975
391, 9.480392456054688, 2.8994359970092773, -0.49722230434417725
392, 9.715336799621582, 2.8994359970092773, -0.5826689004898071
393, 9.950281143188477, 2.8994359970092773, -0.668115496635437
394, 10.185225486755371, 2.8994359970092773, -0.7535620927810669
395, 10.420169830322266, 2.8994359970092773, -0.8390086889266968
396, 10.65511417388916, 2.8994359970092773, -0.9244552850723267
397, 10.65511417388916, 2.8994359970092773, -0.9244552850723267
398, 10.901305198669434, 2.8994359970092773, -0.8809819221496582
399, 11.147496223449707, 2.8994359970092773, -0.8375085592269897
400, 11.39368724822998, 2.8994359970092773, -0.7940351963043213
401, 11.639878273010254, 2.8994359970092773, -0.7505618333816528
402, 11.886069297790527, 2.8994359970092773, -0.7070884704589844
403, 12.1322603225708, 2.8994359970092773, -0.6636151075363159
404, 12.378451347351074, 2.8994359970092773, -0.6201417446136475
405, 12.624642372131348, 2.8994359970092773, -0.576668381690979
406, 12.870833396911621, 2.8994359970092773, -0.5331950187683105
407, 12.870833396911621, 2.8994359970092773, -0.5331950187683105
408, 13.105777740478516, 2.8994359970092773, -0.6186416149139404
409, 13.34072208404541, 2.8994359970092773, -0.7040882110595703
410, 13.34072208404541, 2.8994359970092773, -0.7040882110595703
411, 13.34072208404541, 2.8994359970092773, -0.7040882110595703
412, 13.34072208404541, 2.8994359970092773, -0.7040882110595703
413, 13.34072208404541, 2.8994359970092773, -0.7040882110595703
414, 13.532193183898926, 2.8994359970092773, -0.5433436632156372
415, 13.532193183898926, 2.8994359970092773, -0.5433436632156372
416, 5.677190780639648, 2.8994359970092773, -0.804409921169281
