1, -6.434267520904541, 3.1153175830841064, 2.370739459991455
2, -6.434267520904541, 3.1153175830841064, 2.370739459991455
3, -6.434267520904541, 3.1153175830841064, 2.370739459991455
4, -6.434267520904541, 3.1153175830841064, 2.370739459991455
5, -6.434267520904541, 3.1153175830841064, 2.370739459991455
6, -6.434267520904541, 3.1153175830841064, 2.370739459991455
7, -6.434267520904541, 3.1153175830841064, 2.370739459991455
8, -6.434267520904541, 3.1153175830841064, 2.370739459991455
9, -6.434267520904541, 3.1153175830841064, 2.370739459991455
10, -6.434267520904541, 3.1153175830841064, 2.370739459991455
11, -6.434267520904541, 3.1153175830841064, 2.370739459991455
12, -6.434267520904541, 3.1153175830841064, 2.370739459991455
13, -6.434267520904541, 3.1153175830841064, 2.370739459991455
14, -6.434267520904541, 3.1153175830841064, 2.370739459991455
15, -6.434267520904541, 3.1153175830841064, 2.370739459991455
16, -6.434267520904541, 3.1153175830841064, 2.370739459991455
17, -6.647672653198242, 3.219202995300293, 2.4174468517303467
18, -6.647672653198242, 3.219202995300293, 2.4174468517303467
19, -6.647672653198242, 3.219202995300293, 2.4174468517303467
20, -6.885898113250732, 3.202617645263672, 2.341627836227417
21, -6.885898113250732, 3.202617645263672, 2.341627836227417
22, -6.885898113250732, 3.202617645263672, 2.341627836227417
23, -6.885898113250732, 3.202617645263672, 2.341627836227417
24, -6.961717128753662, 3.219202995300293, 2.5798535346984863
25, -6.961717128753662, 3.219202995300293, 2.5798535346984863
26, -6.961717128753662, 3.219202995300293, 2.5798535346984863
27, -6.961717128753662, 3.219202995300293, 2.5798535346984863
28, -6.961717128753662, 3.219202995300293, 2.5798535346984863
29, -6.961717128753662, 3.219202995300293, 2.5798535346984863
30, -6.933393955230713, 3.219202995300293, 2.5540404319763184
31, -6.933393955230713, 3.219202995300293, 2.5540404319763184
32, -6.857574939727783, 3.1823394298553467, 2.315814733505249
33, -6.857574939727783, 3.1823394298553467, 2.315814733505249
34, -6.857574939727783, 3.1823394298553467, 2.315814733505249
35, -6.613356113433838, 3.1147212982177734, 2.2623631954193115
36, -6.613356113433838, 3.1147212982177734, 2.2623631954193115
37, -6.375130653381348, 3.1854047775268555, 2.338182210922241
38, -6.136905193328857, 3.1763439178466797, 2.414001226425171
39, -5.898679733276367, 3.1588082313537598, 2.4898202419281006
40, -5.898679733276367, 3.1588082313537598, 2.4898202419281006
41, -5.730279922485352, 3.188702344894409, 2.6745944023132324
42, -5.561880111694336, 3.219202995300293, 2.8593685626983643
43, -5.561880111694336, 3.219202995300293, 2.8593685626983643
44, -5.561880111694336, 3.219202995300293, 2.8593685626983643
45, -5.39348030090332, 3.219202995300293, 3.044142723083496
46, -5.39348030090332, 3.219202995300293, 3.044142723083496
47, -5.340028762817383, 3.219202995300293, 3.2883617877960205
48, -5.340028762817383, 3.219202995300293, 3.2883617877960205
49, -5.340028762817383, 3.219202995300293, 3.2883617877960205
50, -5.340028762817383, 3.219202995300293, 3.2883617877960205
51, -5.340028762817383, 3.219202995300293, 3.2883617877960205
52, -5.340028762817383, 3.219202995300293, 3.2883617877960205
53, -5.340028762817383, 3.219202995300293, 3.2883617877960205
54, -5.340028762817383, 3.219202995300293, 3.2883617877960205
55, -5.171628952026367, 3.219202995300293, 3.4731359481811523
56, -5.171628952026367, 3.219202995300293, 3.4731359481811523
57, -5.171628952026367, 3.219202995300293, 3.4731359481811523
58, -5.001254558563232, 3.219202995300293, 3.4358465671539307
59, -5.001254558563232, 3.219202995300293, 3.4358465671539307
60, -5.001254558563232, 3.219202995300293, 3.4358465671539307
61, -5.001254558563232, 3.219202995300293, 3.4358465671539307
62, -5.001254558563232, 3.219202995300293, 3.4358465671539307
63, -5.001254558563232, 3.219202995300293, 3.4358465671539307
64, -5.001254558563232, 3.219202995300293, 3.4358465671539307
65, -5.001254558563232, 3.219202995300293, 3.4358465671539307
66, -5.001254558563232, 3.219202995300293, 3.4358465671539307
67, -5.001254558563232, 3.219202995300293, 3.4358465671539307
68, -5.239480018615723, 3.219202995300293, 3.360027551651001
69, -5.239480018615723, 3.219202995300293, 3.360027551651001
70, -5.407879829406738, 3.219202995300293, 3.175253391265869
71, -5.407879829406738, 3.219202995300293, 3.175253391265869
72, -5.407879829406738, 3.219202995300293, 3.175253391265869
73, -5.332060813903809, 3.219202995300293, 2.9370276927948
74, -5.256241798400879, 3.219202995300293, 2.6988019943237305
75, -5.256241798400879, 3.219202995300293, 2.6988019943237305
76, -5.256241798400879, 3.219202995300293, 2.6988019943237305
77, -5.256241798400879, 3.219202995300293, 2.6988019943237305
78, -5.256241798400879, 3.219202995300293, 2.6988019943237305
79, -5.256241798400879, 3.219202995300293, 2.6988019943237305
80, -5.071467876434326, 3.219202995300293, 2.530402183532715
81, -5.071467876434326, 3.219202995300293, 2.530402183532715
82, -5.071467876434326, 3.219202995300293, 2.530402183532715
83, -5.071467876434326, 3.219202995300293, 2.530402183532715
84, -5.071467876434326, 3.219202995300293, 2.530402183532715
85, -5.071467876434326, 3.219202995300293, 2.530402183532715
86, -5.071467876434326, 3.219202995300293, 2.530402183532715
87, -5.256241798400879, 3.219202995300293, 2.6988022327423096
88, -5.441015720367432, 3.219202995300293, 2.8672022819519043
89, -5.441015720367432, 3.219202995300293, 2.8672022819519043
90, -5.516834735870361, 3.219202995300293, 3.1054279804229736
91, -5.516834735870361, 3.219202995300293, 3.1054279804229736
92, -5.516834735870361, 3.219202995300293, 3.1054279804229736
93, -5.348434925079346, 3.219202995300293, 3.2902021408081055
94, -5.18003511428833, 3.219202995300293, 3.4749763011932373
95, -5.18003511428833, 3.219202995300293, 3.4749763011932373
96, -5.18003511428833, 3.219202995300293, 3.4749763011932373
97, -5.001254081726074, 3.219202995300293, 3.435847043991089
98, -5.001254081726074, 3.219202995300293, 3.435847043991089
99, -5.001254081726074, 3.219202995300293, 3.435847043991089
100, -5.001254081726074, 3.219202995300293, 3.435847043991089
101, -5.001254081726074, 3.219202995300293, 3.435847043991089
102, -5.001254081726074, 3.219202995300293, 3.435847043991089
103, -5.001254081726074, 3.219202995300293, 3.435847043991089
104, -5.001254081726074, 3.219202995300293, 3.435847043991089
105, -5.001254081726074, 3.219202995300293, 3.435847043991089
106, -5.001254081726074, 3.219202995300293, 3.435847043991089
107, -5.001254081726074, 3.219202995300293, 3.435847043991089
108, -5.001254081726074, 3.219202995300293, 3.435847043991089
109, -5.001254081726074, 3.219202995300293, 3.435847043991089
110, -5.001254081726074, 3.219202995300293, 3.435847043991089
111, -4.999810695648193, 3.219202995300293, 3.4374308586120605
112, -4.999810695648193, 3.219202995300293, 3.4374308586120605
113, -4.999810695648193, 3.219202995300293, 3.4374313354492188
114, -6.777914524078369, 0.01920294761657715, 1.5762228965759277
