1, 2.1943359375, 2.8994359970092773, -0.8306273221969604
2, 2.1943359375, 2.8994359970092773, -0.8306273221969604
3, 2.1943359375, 2.8994359970092773, -0.8306273221969604
4, 2.1943359375, 2.8994359970092773, -0.8306273221969604
5, 2.1943359375, 2.8994359970092773, -0.8306273221969604
6, 2.1943359375, 2.8994359970092773, -0.8306273221969604
7, 2.1943359375, 2.8994359970092773, -0.8306273221969604
8, 2.1943359375, 2.8994359970092773, -0.8306273221969604
9, 2.1943359375, 2.8994359970092773, -0.8306273221969604
10, 2.1943359375, 2.8994359970092773, -0.8306273221969604
11, 2.1943359375, 2.8994359970092773, -0.8306273221969604
12, 2.1943359375, 2.8994359970092773, -0.8306273221969604
13, 2.1943359375, 2.8994359970092773, -0.8306273221969604
14, 2.1943359375, 2.8994359970092773, -0.8306273221969604
15, 2.1943359375, 2.8994359970092773, -0.8306273221969604
16, 2.1943359375, 2.8994359970092773, -0.8306273221969604
17, 2.312230348587036, 2.8994359970092773, -0.6101710796356201
18, 2.312230348587036, 2.8994359970092773, -0.6101710796356201
19, 2.5245580673217773, 2.8994359970092773, -0.4781976342201233
20, 2.7368857860565186, 2.8994359970092773, -0.34622418880462646
21, 2.9492135047912598, 2.8994359970092773, -0.21425074338912964
22, 2.9492135047912598, 2.8994359970092773, -0.21425074338912964
23, 3.1990814208984375, 2.8994359970092773, -0.2061222493648529
24, 3.4489493370056152, 2.8994359970092773, -0.19799375534057617
25, 3.698817253112793, 2.8994359970092773, -0.18986526131629944
26, 3.9486851692199707, 2.8994359970092773, -0.1817367672920227
27, 4.198553085327148, 2.8994359970092773, -0.17360827326774597
28, 4.198553085327148, 2.8994359970092773, -0.17360827326774597
29, 4.419009208679199, 2.8994359970092773, -0.2915026545524597
30, 4.63946533203125, 2.8994359970092773, -0.40939706563949585
31, 4.859921455383301, 2.8994359970092773, -0.527291476726532
32, 5.080377578735352, 2.8994359970092773, -0.6451858878135681
33, 5.080377578735352, 2.8994359970092773, -0.6451858878135681
34, 5.330245494842529, 2.8994359970092773, -0.6370574235916138
35, 5.580113410949707, 2.8994359970092773, -0.6289288997650146
36, 5.829981327056885, 2.8994359970092773, -0.6208003759384155
37, 6.0798492431640625, 2.8994359970092773, -0.6126718521118164
38, 6.32971715927124, 2.8994359970092773, -0.6045433282852173
39, 6.579585075378418, 2.8994359970092773, -0.5964148044586182
40, 6.829452991485596, 2.8994359970092773, -0.588286280632019
41, 6.829452991485596, 2.8994359970092773, -0.588286280632019
42, 7.041780471801758, 2.8994359970092773, -0.4563128352165222
43, 7.25410795211792, 2.8994359970092773, -0.3243393898010254
44, 7.25410795211792, 2.8994359970092773, -0.3243393898010254
45, 7.25410795211792, 2.8994359970092773, -0.3243393898010254
46, 7.466435432434082, 2.8994359970092773, -0.19236594438552856
47, 7.678762912750244, 2.8994359970092773, -0.06039249897003174
48, 7.678762912750244, 2.8994359970092773, -0.06039249897003174
49, 7.928630828857422, 2.8994359970092773, -0.052264004945755005
50, 8.178498268127441, 2.8994359970092773, -0.04413551092147827
51, 8.428365707397461, 2.8994359970092773, -0.03600701689720154
52, 8.492391586303711, 2.8994359970092773, -0.0339241623878479
53, 8.492391586303711, 2.8994359970092773, -0.0339241623878479
54, 8.712847709655762, 2.8994359970092773, -0.15181855857372284
55, 8.712847709655762, 2.8994359970092773, -0.15181855857372284
56, 8.962715148925781, 2.8994359970092773, -0.1436900645494461
57, 8.962715148925781, 2.8994359970092773, -0.1436900645494461
58, 8.962715148925781, 2.8994359970092773, -0.1436900645494461
59, 9.2125825881958, 2.8994359970092773, -0.13556157052516937
60, 9.2125825881958, 2.8994359970092773, -0.13556157052516937
61, 9.2125825881958, 2.8994359970092773, -0.13556157052516937
62, 9.344555854797363, 2.8994359970092773, -0.3478891849517822
63, 9.476529121398926, 2.8994359970092773, -0.5602167844772339
64, 9.608502388000488, 2.8994359970092773, -0.7725443840026855
65, 9.74047565460205, 2.8994359970092773, -0.9848719835281372
66, 9.74047565460205, 2.8994359970092773, -0.9848719835281372
67, 9.74047565460205, 2.8994359970092773, -0.9848719835281372
68, 9.74047565460205, 2.8994359970092773, -0.9848719835281372
69, 9.960931777954102, 2.8994359970092773, -1.1027663946151733
70, 9.960931777954102, 2.8994359970092773, -1.1027663946151733
71, 10.210799217224121, 2.8994359970092773, -1.0946378707885742
72, 10.46066665649414, 2.8994359970092773, -1.086509346961975
73, 10.71053409576416, 2.8994359970092773, -1.078380823135376
74, 10.96040153503418, 2.8994359970092773, -1.0702522993087769
75, 11.2102689743042, 2.8994359970092773, -1.0621237754821777
76, 11.460136413574219, 2.8994359970092773, -1.0539952516555786
77, 11.460136413574219, 2.8994359970092773, -1.0539952516555786
78, 11.672464370727539, 2.8994359970092773, -0.9220218062400818
79, 11.88479232788086, 2.8994359970092773, -0.790048360824585
80, 11.88479232788086, 2.8994359970092773, -0.790048360824585
81, 12.134659767150879, 2.8994359970092773, -0.7819198369979858
82, 12.384527206420898, 2.8994359970092773, -0.7737913131713867
83, 12.384527206420898, 2.8994359970092773, -0.7737913131713867
84, 12.384527206420898, 2.8994359970092773, -0.7737913131713867
85, 12.384527206420898, 2.8994359970092773, -0.7737913131713867
86, 12.60498332977295, 2.8994359970092773, -0.8916856646537781
87, 12.60498332977295, 2.8994359970092773, -0.8916856646537781
88, 12.854850769042969, 2.8994359970092773, -0.8835570812225342
89, 13.104718208312988, 2.8994359970092773, -0.8754285573959351
90, 13.104718208312988, 2.8994359970092773, -0.8754285573959351
91, 13.317046165466309, 2.8994359970092773, -0.7434551119804382
92, 13.529374122619629, 2.8994359970092773, -0.6114816665649414
93, 13.529374122619629, 2.8994359970092773, -0.6114816665649414
94, 13.529374122619629, 2.8994359970092773, -0.6114816665649414
95, 13.529374122619629, 2.8994359970092773, -0.6114816665649414
96, 13.529374122619629, 2.8994359970092773, -0.6114816665649414
97, 13.529374122619629, 2.8994359970092773, -0.6114816665649414
98, 13.27950668334961, 2.8994359970092773, -0.6196101903915405
99, 13.02963924407959, 2.8994359970092773, -0.6277387142181396
100, 12.77977180480957, 2.8994359970092773, -0.6358672380447388
101, 12.52990436553955, 2.8994359970092773, -0.6439957618713379
102, 12.280036926269531, 2.8994359970092773, -0.652124285697937
103, 12.030169486999512, 2.8994359970092773, -0.6602528095245361
104, 11.780302047729492, 2.8994359970092773, -0.6683813333511353
105, 11.530434608459473, 2.8994359970092773, -0.6765098571777344
106, 11.280567169189453, 2.8994359970092773, -0.6846383810043335
107, 11.030699729919434, 2.8994359970092773, -0.6927669048309326
108, 10.780832290649414, 2.8994359970092773, -0.7008954286575317
109, 10.530964851379395, 2.8994359970092773, -0.7090239524841309
110, 10.281097412109375, 2.8994359970092773, -0.71715247631073
111, 10.031229972839355, 2.8994359970092773, -0.7252810001373291
112, 9.781362533569336, 2.8994359970092773, -0.7334095239639282
113, 9.531495094299316, 2.8994359970092773, -0.7415380477905273
114, 9.531495094299316, 2.8994359970092773, -0.7415380477905273
115, 9.311038970947266, 2.8994359970092773, -0.6236436367034912
116, 9.090582847595215, 2.8994359970092773, -0.5057492256164551
117, 8.870126724243164, 2.8994359970092773, -0.38785481452941895
118, 8.649670600891113, 2.8994359970092773, -0.2699604034423828
119, 8.429214477539062, 2.8994359970092773, -0.15206599235534668
120, 8.429214477539062, 2.8994359970092773, -0.15206599235534668
121, 8.179347038269043, 2.8994359970092773, -0.1601945012807846
122, 7.929479122161865, 2.8994359970092773, -0.16832301020622253
123, 7.6796112060546875, 2.8994359970092773, -0.17645151913166046
124, 7.42974328994751, 2.8994359970092773, -0.1845800280570984
125, 7.42974328994751, 2.8994359970092773, -0.1845800280570984
126, 7.2277727127075195, 2.8994359970092773, -0.3101159632205963
127, 7.2277727127075195, 2.8994359970092773, -0.3101159632205963
128, 7.2277727127075195, 2.8994359970092773, -0.3101159632205963
129, 7.109878063201904, 2.8994359970092773, -0.5305720567703247
130, 7.109878063201904, 2.8994359970092773, -0.5305720567703247
131, 7.109878063201904, 2.8994359970092773, -0.5305720567703247
132, 6.860010147094727, 2.8994359970092773, -0.538700520992279
133, 6.610142230987549, 2.8994359970092773, -0.5468289852142334
134, 6.360274314880371, 2.8994359970092773, -0.5549574494361877
135, 6.110406398773193, 2.8994359970092773, -0.5630859136581421
136, 5.860538482666016, 2.8994359970092773, -0.5712143778800964
137, 5.610670566558838, 2.8994359970092773, -0.5793428421020508
138, 5.36080265045166, 2.8994359970092773, -0.5874713063240051
139, 5.110934734344482, 2.8994359970092773, -0.5955997705459595
140, 4.861066818237305, 2.8994359970092773, -0.6037282347679138
141, 4.611198902130127, 2.8994359970092773, -0.6118566989898682
142, 4.611198902130127, 2.8994359970092773, -0.6118566989898682
143, 4.611198902130127, 2.8994359970092773, -0.6118566989898682
144, 4.536673069000244, 2.8994359970092773, -0.7512152791023254
145, 4.536673069000244, 2.8994359970092773, -0.7512155771255493
146, 4.536673069000244, 2.8994359970092773, -0.7512155771255493
147, 4.324345588684082, 2.8994359970092773, -0.8831889629364014
148, 4.324345588684082, 2.8994359970092773, -0.8831889629364014
149, 4.324345588684082, 2.8994359970092773, -0.8831889629364014
150, 4.332474231719971, 2.8994359970092773, -1.1330567598342896
151, 4.340602874755859, 2.8994359970092773, -1.3829245567321777
152, 4.348731517791748, 2.8994359970092773, -1.632792353630066
153, 4.348731517791748, 2.8994359970092773, -1.632792353630066
154, 4.4807047843933105, 2.8994359970092773, -1.8451199531555176
155, 4.4807047843933105, 2.8994359970092773, -1.8451199531555176
156, 4.4807047843933105, 2.8994359970092773, -1.8451199531555176
157, 4.612678050994873, 2.8994359970092773, -2.057447671890259
158, 4.7446513175964355, 2.8994359970092773, -2.269775390625
159, 4.7446513175964355, 2.8994359970092773, -2.269775390625
160, 4.7446513175964355, 2.8994359970092773, -2.269775390625
161, 4.7446513175964355, 2.8994359970092773, -2.269775390625
162, 4.7446513175964355, 2.8994359970092773, -2.269775390625
163, 4.994519233703613, 2.8994359970092773, -2.2616469860076904
164, 4.994519233703613, 2.8994359970092773, -2.2616469860076904
165, 4.994519233703613, 2.8994359970092773, -2.2616469860076904
166, 5.126492500305176, 2.8994359970092773, -2.4739747047424316
167, 5.126492500305176, 2.8994359970092773, -2.4739747047424316
168, 5.1346211433410645, 2.8994359970092773, -2.7238426208496094
169, 5.142749786376953, 2.8994359970092773, -2.973710536956787
170, 5.142749786376953, 2.8994359970092773, -2.973710536956787
171, 5.142749786376953, 2.8994359970092773, -2.973710536956787
172, 5.142749786376953, 2.8994359970092773, -2.973710536956787
173, 5.142749786376953, 2.8994359970092773, -2.973710536956787
174, 4.922293663024902, 2.8994359970092773, -2.855816125869751
175, 4.922293663024902, 2.8994359970092773, -2.855816125869751
176, 4.79032039642334, 2.8994359970092773, -2.6434884071350098
177, 4.79032039642334, 2.8994359970092773, -2.6434884071350098
178, 4.782191753387451, 2.8994359970092773, -2.393620491027832
179, 4.7740631103515625, 2.8994359970092773, -2.1437525749206543
180, 4.7740631103515625, 2.8994359970092773, -2.1437525749206543
181, 4.64208984375, 2.8994359970092773, -1.931424856185913
182, 4.5101165771484375, 2.8994359970092773, -1.7190971374511719
183, 4.378143310546875, 2.8994359970092773, -1.5067694187164307
184, 4.378143310546875, 2.8994359970092773, -1.5067694187164307
185, 4.370014667510986, 2.8994359970092773, -1.256901502609253
186, 4.361886024475098, 2.8994359970092773, -1.0070335865020752
187, 4.353757381439209, 2.8994359970092773, -0.7571657299995422
188, 4.353757381439209, 2.8994359970092773, -0.7571657299995422
189, 4.2217841148376465, 2.8994359970092773, -0.544838011264801
190, 4.089810848236084, 2.8994359970092773, -0.3325102925300598
191, 4.089810848236084, 2.8994359970092773, -0.3325102925300598
192, 3.869354724884033, 2.8994359970092773, -0.21461588144302368
193, 3.869354724884033, 2.8994359970092773, -0.21461588144302368
194, 3.6194868087768555, 2.8994359970092773, -0.22274434566497803
195, 3.3696188926696777, 2.8994359970092773, -0.23087280988693237
196, 3.1197509765625, 2.8994359970092773, -0.23900127410888672
197, 2.8698830604553223, 2.8994359970092773, -0.24712973833084106
198, 2.6200151443481445, 2.8994359970092773, -0.2552582025527954
199, 2.6200151443481445, 2.8994359970092773, -0.2552582025527954
200, 2.4076874256134033, 2.8994359970092773, -0.3872315585613251
201, 2.195359706878662, 2.8994359970092773, -0.5192049145698547
202, 1.983031988143921, 2.8994359970092773, -0.651178240776062
203, 1.7707042694091797, 2.8994359970092773, -0.7831516265869141
204, 1.5583765506744385, 2.8994359970092773, -0.9151250123977661
205, 1.5583765506744385, 2.8994359970092773, -0.9151250123977661
206, 1.5583765506744385, 2.8994359970092773, -0.9151250123977661
207, 1.3460488319396973, 2.8994359970092773, -1.0470983982086182
208, 1.3460488319396973, 2.8994359970092773, -1.0470983982086182
209, 1.2281544208526611, 2.8994359970092773, -1.267554521560669
210, 20.12905502319336, 0.09943583607673645, -0.4778406322002411
