1, -3.849411964416504, 2.7565996646881104, 3.402017593383789
2, -3.849411964416504, 2.7565996646881104, 3.402017593383789
3, -3.849411964416504, 2.7565996646881104, 3.402017593383789
4, -3.849411964416504, 2.7565996646881104, 3.402017593383789
5, -3.849411964416504, 2.7565996646881104, 3.402017593383789
6, -3.849411964416504, 2.7565996646881104, 3.402017593383789
7, -3.849411964416504, 2.7565996646881104, 3.402017593383789
8, -3.849411964416504, 2.7565996646881104, 3.402017593383789
9, -3.849411964416504, 2.7565996646881104, 3.402017593383789
10, -3.849411964416504, 2.7565996646881104, 3.402017593383789
11, -3.849411964416504, 2.7565996646881104, 3.402017593383789
12, -3.849411964416504, 2.7565996646881104, 3.402017593383789
13, -3.704503059387207, 2.8983170986175537, 3.198298692703247
14, -3.704503059387207, 2.8983170986175537, 3.198298692703247
15, -3.704503059387207, 2.8983170986175537, 3.198298692703247
16, -3.808474540710449, 3.056476593017578, 2.970944404602051
17, -3.9124460220336914, 3.2146360874176025, 2.7435901165008545
18, -3.9124460220336914, 3.2146360874176025, 2.7435901165008545
19, -3.9124460220336914, 3.2146360874176025, 2.7435901165008545
20, -4.016417503356934, 3.219202995300293, 2.516235828399658
21, -4.016417503356934, 3.219202995300293, 2.516235828399658
22, -4.016417503356934, 3.219202995300293, 2.516235828399658
23, -4.016417503356934, 3.219202995300293, 2.516235828399658
24, -4.016417503356934, 3.219202995300293, 2.516235828399658
25, -4.016417503356934, 3.219202995300293, 2.516235828399658
26, -4.016417503356934, 3.219202995300293, 2.516235828399658
27, -4.016417503356934, 3.219202995300293, 2.516235828399658
28, -4.220136642456055, 3.219202995300293, 2.3713269233703613
29, -4.220136642456055, 3.219202995300293, 2.3713269233703613
30, -4.220136642456055, 3.219202995300293, 2.3713269233703613
31, -4.220136642456055, 3.219202995300293, 2.3713269233703613
32, -4.469017028808594, 3.219202995300293, 2.347691535949707
33, -4.717897415161133, 3.219202995300293, 2.3240561485290527
34, -4.717897415161133, 3.219202995300293, 2.3240561485290527
35, -4.94525146484375, 3.219202995300293, 2.428027629852295
36, -5.172605514526367, 3.219202995300293, 2.531999111175537
37, -5.172605514526367, 3.219202995300293, 2.531999111175537
38, -5.317514419555664, 3.219202995300293, 2.735718250274658
39, -5.462423324584961, 3.219202995300293, 2.9394373893737793
40, -5.462423324584961, 3.219202995300293, 2.9394373893737793
41, -5.462423324584961, 3.219202995300293, 2.9394373893737793
42, -5.462423324584961, 3.219202995300293, 2.9394373893737793
43, -5.462423324584961, 3.219202995300293, 2.9394373893737793
44, -5.462423324584961, 3.219202995300293, 2.9394373893737793
45, -5.462423324584961, 3.219202995300293, 2.9394373893737793
46, -5.317514419555664, 3.219202995300293, 2.7357184886932373
47, -5.172605514526367, 3.219202995300293, 2.5319995880126953
48, -5.172605514526367, 3.219202995300293, 2.5319995880126953
49, -4.94525146484375, 3.219202995300293, 2.428028106689453
50, -4.717897415161133, 3.219202995300293, 2.324056625366211
51, -4.717897415161133, 3.219202995300293, 2.324056625366211
52, -4.469017028808594, 3.219202995300293, 2.347691774368286
53, -4.220136642456055, 3.219202995300293, 2.3713269233703613
54, -3.9712564945220947, 3.219202995300293, 2.3949620723724365
55, -3.9712564945220947, 3.219202995300293, 2.3949620723724365
56, -3.9712564945220947, 3.219202995300293, 2.3949620723724365
57, -3.9712564945220947, 3.219202995300293, 2.3949620723724365
58, -3.9712564945220947, 3.219202995300293, 2.3949620723724365
59, -3.7223763465881348, 3.219202995300293, 2.4185972213745117
60, -3.7223763465881348, 3.219202995300293, 2.4185972213745117
61, -3.4950220584869385, 3.219202995300293, 2.3146257400512695
62, -3.267667770385742, 3.219202995300293, 2.2106542587280273
63, -3.040313482284546, 3.219202995300293, 2.106682777404785
64, -3.040313482284546, 3.219202995300293, 2.106682777404785
65, -2.791433334350586, 3.219202995300293, 2.1303179264068604
66, -2.542553186416626, 3.219202995300293, 2.1539530754089355
67, -2.293673038482666, 3.219202995300293, 2.1775882244110107
68, -2.044792890548706, 3.219202995300293, 2.201223373413086
69, -1.7959126234054565, 3.219202995300293, 2.224858522415161
70, -1.7959126234054565, 3.219202995300293, 2.224858522415161
71, -1.592193603515625, 3.219202995300293, 2.369767427444458
72, -1.592193603515625, 3.219202995300293, 2.369767427444458
73, -1.592193603515625, 3.219202995300293, 2.369767427444458
74, -1.3884745836257935, 3.219202995300293, 2.514676332473755
75, -1.3884745836257935, 3.219202995300293, 2.514676332473755
76, -1.3884745836257935, 3.219202995300293, 2.514676332473755
77, -1.3884745836257935, 3.219202995300293, 2.514676332473755
78, -1.3884745836257935, 3.219202995300293, 2.514676332473755
79, -1.3884745836257935, 3.219202995300293, 2.514676332473755
80, -1.3884745836257935, 3.219202995300293, 2.514676332473755
81, -1.592193603515625, 3.219202995300293, 2.369767427444458
82, -1.592193603515625, 3.219202995300293, 2.369767427444458
83, -1.7301396131515503, 3.219202995300293, 2.3566672801971436
84, -1.7301396131515503, 3.219202995300293, 2.3566672801971436
85, -1.7301396131515503, 3.219202995300293, 2.3566672801971436
86, -1.7301396131515503, 3.219202995300293, 2.3566672801971436
87, -1.7301396131515503, 3.219202995300293, 2.3566672801971436
88, -1.834110975265503, 3.219202995300293, 2.1293129920959473
89, -1.834110975265503, 3.219202995300293, 2.1293129920959473
90, -1.834110975265503, 3.219202995300293, 2.1293129920959473
91, -2.082991123199463, 3.219202995300293, 2.105677843093872
92, -2.331871271133423, 3.219202995300293, 2.082042694091797
93, -2.580751419067383, 3.219202995300293, 2.0584075450897217
94, -2.8296315670013428, 3.219202995300293, 2.0347723960876465
95, -3.0785117149353027, 3.219202995300293, 2.0111372470855713
96, -3.3273918628692627, 3.219202995300293, 1.9875019788742065
97, -3.5762720108032227, 3.219202995300293, 1.9638667106628418
98, -3.8251521587371826, 3.219202995300293, 1.940231442451477
99, -3.8251521587371826, 3.219202995300293, 1.940231442451477
100, -4.052506446838379, 3.219202995300293, 2.0442028045654297
101, -4.279860496520996, 3.219202995300293, 2.148174285888672
102, -4.507214546203613, 3.219202995300293, 2.252145767211914
103, -4.7345685958862305, 3.219202995300293, 2.3561172485351562
104, -4.961922645568848, 3.219202995300293, 2.4600887298583984
105, -4.961922645568848, 3.219202995300293, 2.4600887298583984
106, -5.210803031921387, 3.219202995300293, 2.4364535808563232
107, -5.459683418273926, 3.219202995300293, 2.412818431854248
108, -5.708563804626465, 3.1249115467071533, 2.389183282852173
109, -5.957444190979004, 3.13529634475708, 2.3655481338500977
110, -6.206324577331543, 3.219202995300293, 2.3419129848480225
111, -6.455204963684082, 3.097303867340088, 2.3182778358459473
112, -6.455204963684082, 3.097303867340088, 2.3182778358459473
113, -6.455204963684082, 3.097303867340088, 2.3182778358459473
114, -6.704085350036621, 3.147425413131714, 2.294642686843872
115, -6.704085350036621, 3.147425413131714, 2.294642686843872
116, -6.704085350036621, 3.147425413131714, 2.294642686843872
117, -6.704085350036621, 3.147425413131714, 2.294642686843872
118, -6.931439399719238, 3.219202995300293, 2.3986141681671143
119, -7.1587934494018555, 3.219202995300293, 2.5025856494903564
120, -7.1587934494018555, 3.219202995300293, 2.5025856494903564
121, -7.1587934494018555, 3.219202995300293, 2.5025856494903564
122, -7.1587934494018555, 3.219202995300293, 2.5025856494903564
123, -7.1587934494018555, 3.219202995300293, 2.5025856494903564
124, -7.1587934494018555, 3.219202995300293, 2.5025856494903564
125, -7.1587934494018555, 3.219202995300293, 2.5025856494903564
126, -6.931439399719238, 3.219202995300293, 2.3986141681671143
127, -6.704085350036621, 3.147425413131714, 2.294642686843872
128, -6.476731300354004, 3.0499370098114014, 2.19067120552063
129, -6.249377250671387, 3.219202995300293, 2.0866997241973877
130, -6.249377250671387, 3.219202995300293, 2.0866997241973877
131, -6.000496864318848, 3.219202995300293, 2.110334873199463
132, -5.751616477966309, 3.071774482727051, 2.133970022201538
133, -5.5027360916137695, 3.15566086769104, 2.1576051712036133
134, -5.2538557052612305, 3.219202995300293, 2.1812403202056885
135, -5.004975318908691, 3.219202995300293, 2.2048754692077637
136, -4.756094932556152, 3.219202995300293, 2.228510618209839
137, -4.507214546203613, 3.219202995300293, 2.252145767211914
138, -4.258334159851074, 3.219202995300293, 2.2757809162139893
139, -4.009453773498535, 3.219202995300293, 2.2994160652160645
140, -3.760573387145996, 3.219202995300293, 2.3230512142181396
141, -3.511693000793457, 3.219202995300293, 2.346686363220215
142, -3.262812614440918, 3.219202995300293, 2.37032151222229
143, -3.013932228088379, 3.219202995300293, 2.3939566612243652
144, -2.76505184173584, 3.219202995300293, 2.4175918102264404
145, -2.76505184173584, 3.219202995300293, 2.4175918102264404
146, -2.5376975536346436, 3.219202995300293, 2.3136203289031982
147, -2.3103432655334473, 3.219202995300293, 2.209648847579956
148, -2.3103432655334473, 3.219202995300293, 2.209648847579956
149, -2.061462879180908, 3.219202995300293, 2.2332839965820312
150, -1.8125826120376587, 3.219202995300293, 2.2569191455841064
151, -1.5637023448944092, 3.219202995300293, 2.2805542945861816
152, -1.3148220777511597, 3.219202995300293, 2.304189443588257
153, -1.0659418106079102, 3.219202995300293, 2.327824592590332
154, -1.0659418106079102, 3.219202995300293, 2.327824592590332
155, -1.0659418106079102, 3.219202995300293, 2.327824592590332
156, -1.0659418106079102, 3.219202995300293, 2.327824592590332
157, -0.8385875821113586, 3.219202995300293, 2.22385311126709
158, -0.8385875821113586, 3.219202995300293, 2.22385311126709
159, -0.6936788558959961, 3.219202995300293, 2.0201339721679688
160, -0.6936788558959961, 3.219202995300293, 2.0201339721679688
161, -0.6936788558959961, 3.219202995300293, 2.0201339721679688
162, -0.5487701296806335, 3.219202995300293, 1.8164149522781372
163, -0.5487701296806335, 3.219202995300293, 1.8164149522781372
164, -0.5487701296806335, 3.219202995300293, 1.8164149522781372
165, -0.403861403465271, 3.219202995300293, 1.6126959323883057
166, -0.403861403465271, 3.219202995300293, 1.6126959323883057
167, -0.3802262842655182, 3.219202995300293, 1.3638156652450562
168, -0.3802262842655182, 3.219202995300293, 1.3638156652450562
169, -0.48419779539108276, 3.219202995300293, 1.1364614963531494
170, -0.48419779539108276, 3.219202995300293, 1.1364614963531494
171, -0.46056267619132996, 3.219202995300293, 0.8875812292098999
172, -0.46056267619132996, 3.219202995300293, 0.8875812292098999
173, -0.46056267619132996, 3.219202995300293, 0.8875812292098999
174, -0.46056267619132996, 3.219202995300293, 0.8875812292098999
175, -0.5645341873168945, 3.219202995300293, 0.6602270603179932
176, -0.5645341873168945, 3.219202995300293, 0.6602270603179932
177, -0.5645341873168945, 3.219202995300293, 0.6602270603179932
178, -0.6685057282447815, 3.219202995300293, 0.4328728914260864
179, -0.6685057282447815, 3.219202995300293, 0.4328728914260864
180, -0.8722248077392578, 3.219202995300293, 0.2879641652107239
181, -0.8722248077392578, 3.219202995300293, 0.2879641652107239
182, -0.8722248077392578, 3.219202995300293, 0.2879641652107239
183, -1.075943946838379, 3.219202995300293, 0.14305546879768372
184, -1.075943946838379, 3.219202995300293, 0.14305546879768372
185, -1.3248242139816284, 3.219202995300293, 0.11942040920257568
186, -1.573704481124878, 3.219202995300293, 0.09578534960746765
187, -1.8225847482681274, 3.219202995300293, 0.07215029001235962
188, -2.071465015411377, 3.219202995300293, 0.04851523041725159
189, -2.320345401763916, 3.219202995300293, 0.024880170822143555
190, -2.569225788116455, 3.219202995300293, 0.0012451112270355225
191, -2.569225788116455, 3.219202995300293, 0.0012451112270355225
192, -2.569225788116455, 3.219202995300293, 0.0012451112270355225
193, -2.569225788116455, 3.219202995300293, 0.0012451112270355225
194, -2.569225788116455, 3.219202995300293, 0.0012451112270355225
195, -2.569225788116455, 3.219202995300293, 0.0012451112270355225
196, -2.569225788116455, 3.219202995300293, 0.0012451112270355225
197, -2.320345401763916, 3.219202995300293, 0.024880170822143555
198, -2.320345401763916, 3.219202995300293, 0.024880170822143555
199, -2.0929911136627197, 3.219202995300293, -0.0790913999080658
200, -2.0929911136627197, 3.219202995300293, -0.0790913999080658
201, -1.8441108465194702, 3.219202995300293, -0.055456340312957764
202, -1.8441108465194702, 3.219202995300293, -0.055456340312957764
203, -1.6403917074203491, 3.219202995300293, 0.08945238590240479
204, -1.6403917074203491, 3.219202995300293, 0.08945238590240479
205, -1.3915114402770996, 3.219202995300293, 0.11308744549751282
206, -1.14263117313385, 3.219202995300293, 0.13672250509262085
207, -0.8937509059906006, 3.219202995300293, 0.16035756468772888
208, -0.8937509059906006, 3.219202995300293, 0.16035756468772888
209, -0.6900317668914795, 3.219202995300293, 0.30526629090309143
210, -0.6900317668914795, 3.219202995300293, 0.30526629090309143
211, -0.5860601663589478, 3.219202995300293, 0.5326204299926758
212, -0.4820885956287384, 3.219202995300293, 0.7599745988845825
213, -0.37811702489852905, 3.219202995300293, 0.9873287677764893
214, -0.37811702489852905, 3.219202995300293, 0.9873287677764893
215, -0.4017520844936371, 3.219202995300293, 1.2362090349197388
216, -0.4253871440887451, 3.219202995300293, 1.4850893020629883
217, -0.44902220368385315, 3.219202995300293, 1.7339695692062378
218, -0.44902220368385315, 3.219202995300293, 1.7339695692062378
219, -0.5939309000968933, 3.219202995300293, 1.9376887083053589
220, -0.7388396263122559, 3.219202995300293, 2.1414077281951904
221, -0.7388396263122559, 3.219202995300293, 2.1414077281951904
222, -0.9661937952041626, 3.219202995300293, 2.2453794479370117
223, -1.1935479640960693, 3.219202995300293, 2.349350929260254
224, -1.1935479640960693, 3.219202995300293, 2.349350929260254
225, -1.4424282312393188, 3.219202995300293, 2.3257157802581787
226, -1.6913084983825684, 3.219202995300293, 2.3020806312561035
227, -1.9401887655258179, 3.219202995300293, 2.2784454822540283
228, -2.1890690326690674, 3.219202995300293, 2.254810333251953
229, -2.4379491806030273, 3.219202995300293, 2.231175184249878
230, -2.6868295669555664, 3.219202995300293, 2.2075400352478027
231, -2.9357099533081055, 3.219202995300293, 2.1839048862457275
232, -3.1845903396606445, 3.219202995300293, 2.1602697372436523
233, -3.4334707260131836, 3.219202995300293, 2.136634588241577
234, -3.6823511123657227, 3.219202995300293, 2.112999439239502
235, -3.9312314987182617, 3.219202995300293, 2.0893642902374268
236, -4.180111885070801, 3.219202995300293, 2.0657291412353516
237, -4.42899227142334, 3.219202995300293, 2.0420939922332764
238, -4.677872657775879, 3.219202995300293, 2.018458843231201
239, -4.926753044128418, 3.219202995300293, 1.9948238134384155
240, -4.926753044128418, 3.219202995300293, 1.9948238134384155
241, -4.926753044128418, 3.219202995300293, 1.9948238134384155
242, -4.926753044128418, 3.219202995300293, 1.9948238134384155
243, -4.926753044128418, 3.219202995300293, 1.9948238134384155
244, -4.926753044128418, 3.219202995300293, 1.9948238134384155
245, -4.926753044128418, 3.219202995300293, 1.9948238134384155
246, -4.926753044128418, 3.219202995300293, 1.9948238134384155
247, -4.926753044128418, 3.219202995300293, 1.9948238134384155
248, -4.926753044128418, 3.219202995300293, 1.9948238134384155
249, -4.926753044128418, 3.219202995300293, 1.9948238134384155
250, -5.03072452545166, 3.219202995300293, 1.7674696445465088
251, -5.03072452545166, 3.219202995300293, 1.7674696445465088
252, -5.007089614868164, 3.091064929962158, 1.5185893774032593
253, -4.983454704284668, 3.0241634845733643, 1.2697091102600098
254, -4.959819793701172, 3.0192031860351562, 1.0208288431167603
255, -4.936184883117676, 3.0192031860351562, 0.7719485759735107
256, -4.281271934509277, 0.01920294761657715, 1.3021306991577148
