1, 8.193897247314453, -0.5355252027511597, 3.5216786861419678
2, 8.193897247314453, -0.5355252027511597, 3.5216786861419678
3, 8.193897247314453, -0.5355252027511597, 3.5216786861419678
4, 8.193897247314453, -0.5355252027511597, 3.5216786861419678
5, 8.193897247314453, -0.5355252027511597, 3.5216786861419678
6, 8.193897247314453, -0.5355252027511597, 3.5216786861419678
7, 8.193897247314453, -0.5355252027511597, 3.5216786861419678
8, 8.193897247314453, -0.5355252027511597, 3.5216786861419678
9, 8.193897247314453, -0.5355252027511597, 3.5216786861419678
10, 8.193897247314453, -0.5355252027511597, 3.5216786861419678
11, 8.193897247314453, -0.5355252027511597, 3.5216786861419678
12, 8.193897247314453, -0.5355252027511597, 3.5216786861419678
13, 8.193897247314453, -0.5355252027511597, 3.5216786861419678
14, 8.193897247314453, -0.5355252027511597, 3.5216786861419678
15, 8.193897247314453, -0.5355252027511597, 3.5216786861419678
16, 8.193897247314453, -0.5355252027511597, 3.5216786861419678
17, 7.9488959312438965, -0.5355252027511597, 3.471935510635376
18, 7.70389461517334, -0.5355252027511597, 3.422192335128784
19, 7.458893299102783, -0.5355252027511597, 3.3724491596221924
20, 7.213891983032227, -0.5355252027511597, 3.3227059841156006
21, 6.96889066696167, -0.5355252027511597, 3.272962808609009
22, 6.96889066696167, -0.5355252027511597, 3.272962808609009
23, 6.781584739685059, -0.5355252027511597, 3.1073832511901855
24, 6.781584739685059, -0.5355252027511597, 3.1073832511901855
25, 6.702162742614746, -0.5355252027511597, 2.8703343868255615
26, 6.622740745544434, -0.5355252027511597, 2.6332855224609375
27, 6.622740745544434, -0.5355252027511597, 2.6332855224609375
28, 6.672483921051025, -0.5355252027511597, 2.388284206390381
29, 6.722227096557617, -0.5355252027511597, 2.143282890319824
30, 6.771970272064209, -0.5355252027511597, 1.8982815742492676
31, 6.771970272064209, -0.5355252027511597, 1.8982815742492676
32, 6.937549591064453, -0.5355252027511597, 1.7109758853912354
33, 6.937549591064453, -0.5355252027511597, 1.7109758853912354
34, 6.937549591064453, -0.5355252027511597, 1.7109758853912354
35, 6.937549591064453, -0.5355252027511597, 1.7109758853912354
36, 7.174598693847656, -0.5355252027511597, 1.631554126739502
37, 7.174598693847656, -0.5355252027511597, 1.631554126739502
38, 7.3401780128479, -0.5355252027511597, 1.4442484378814697
39, 7.3401780128479, -0.5355252027511597, 1.4442484378814697
40, 7.5772271156311035, -0.5355252027511597, 1.3648266792297363
41, 6.206453800201416, 2.0644748210906982, -0.3367733657360077
