1, 9.718339920043945, 0.09943583607673645, 0.45923423767089844
2, 9.718339920043945, 0.09943583607673645, 0.45923423767089844
3, 9.718339920043945, 0.09943583607673645, 0.45923423767089844
4, 9.718339920043945, 0.09943583607673645, 0.45923423767089844
5, 9.718339920043945, 0.09943583607673645, 0.45923423767089844
6, 9.718339920043945, 0.09943583607673645, 0.45923423767089844
7, 9.718339920043945, 0.09943583607673645, 0.45923423767089844
8, 9.718339920043945, 0.09943583607673645, 0.45923423767089844
9, 9.718339920043945, 0.09943583607673645, 0.45923423767089844
10, 9.718339920043945, 0.09943583607673645, 0.45923423767089844
11, 9.718339920043945, 0.09943583607673645, 0.45923423767089844
12, 9.718339920043945, 0.09943583607673645, 0.45923423767089844
13, 9.718339920043945, 0.09943583607673645, 0.45923423767089844
14, 9.718339920043945, 0.09943583607673645, 0.45923423767089844
15, 9.718339920043945, 0.09943583607673645, 0.45923423767089844
16, 9.718339920043945, 0.09943583607673645, 0.45923423767089844
17, 9.718339920043945, 0.09943583607673645, 0.45923423767089844
18, 9.947342872619629, 0.09943583607673645, 0.35894668102264404
19, 9.947342872619629, 0.09943583607673645, 0.35894668102264404
20, 10.195809364318848, 0.09943583607673645, 0.3865966796875
21, 10.195809364318848, 0.09943583607673645, 0.3865966796875
22, 10.195809364318848, 0.09943583607673645, 0.3865966796875
23, 10.195809364318848, 0.09943583607673645, 0.3865966796875
24, 10.195809364318848, 0.09943583607673645, 0.3865966796875
25, 10.195809364318848, 0.09943583607673645, 0.3865966796875
26, 10.195809364318848, 0.09943583607673645, 0.3865966796875
27, 10.195809364318848, 0.09943583607673645, 0.3865966796875
28, 10.195809364318848, 0.09943583607673645, 0.3865966796875
29, 10.195809364318848, 0.09943583607673645, 0.3865966796875
30, 10.372464179992676, 0.09943583607673645, 0.3092341423034668
31, 10.372464179992676, 0.09943583607673645, 0.3092341423034668
32, 10.372464179992676, 0.09943583607673645, 0.3092341423034668
33, 10.372464179992676, 0.09943583607673645, 0.3092341423034668
34, 10.372464179992676, 0.09943583607673645, 0.3092341423034668
35, 10.372464179992676, 0.09943583607673645, 0.3092341423034668
36, 10.372464179992676, 0.09943583607673645, 0.3092341423034668
37, 10.372464179992676, 0.09943583607673645, 0.3092341423034668
38, 10.372464179992676, 0.09943583607673645, 0.3092341423034668
39, 10.143461227416992, 0.09943583607673645, 0.4095216393470764
40, 10.143461227416992, 0.09943583607673645, 0.4095216393470764
41, 9.894994735717773, 0.09943583607673645, 0.38187161087989807
42, 9.646528244018555, 0.09943583607673645, 0.3542215824127197
43, 9.646528244018555, 0.09943583607673645, 0.3542215824127197
44, 9.445175170898438, 0.09943583607673645, 0.2060428261756897
45, 9.445175170898438, 0.09943583607673645, 0.2060428261756897
46, 9.344887733459473, 0.09943583607673645, -0.022960275411605835
47, 9.244600296020508, 0.09943583607673645, -0.25196337699890137
48, 9.244600296020508, 0.09943583607673645, -0.25196337699890137
49, 9.272250175476074, 0.09943583607673645, -0.500429630279541
50, 9.29990005493164, 0.09943583607673645, -0.7488958835601807
51, 9.327549934387207, 0.09943583607673645, -0.9973621368408203
52, 9.327549934387207, 0.09943583607673645, -0.9973621368408203
53, 9.447122573852539, 0.09943583607673645, -1.1598433256149292
54, 9.447122573852539, 0.09943583607673645, -1.1598433256149292
55, 9.447122573852539, 0.09943583607673645, -1.1598433256149292
56, 9.447122573852539, 0.09943583607673645, -1.1598433256149292
57, 9.346835136413574, 0.09943583607673645, -1.3888463973999023
58, 9.346835136413574, 0.09943583607673645, -1.3888463973999023
59, 9.37448501586914, 0.09943583607673645, -1.637312650680542
60, 9.37448501586914, 0.09943583607673645, -1.637312650680542
61, 9.37448501586914, 0.09943583607673645, -1.637312650680542
62, 9.603487968444824, 0.09943583607673645, -1.7376000881195068
63, 9.603487968444824, 0.09943583607673645, -1.7376000881195068
64, 9.851954460144043, 0.09943583607673645, -1.7099499702453613
65, 10.100420951843262, 0.09943583607673645, -1.6822998523712158
66, 10.34888744354248, 0.09943583607673645, -1.6546497344970703
67, 10.473650932312012, 0.09943583607673645, -1.64076566696167
68, 10.473650932312012, 0.09943583607673645, -1.64076566696167
69, 10.473650932312012, 0.09943583607673645, -1.64076566696167
70, 10.473650932312012, 0.09943583607673645, -1.64076566696167
71, 10.702653884887695, 0.09943583607673645, -1.7410531044006348
72, 10.702653884887695, 0.09943583607673645, -1.7410531044006348
73, 10.951120376586914, 0.09943583607673645, -1.7134029865264893
74, 11.199586868286133, 0.09943583607673645, -1.6857528686523438
75, 11.448053359985352, 0.09943583607673645, -1.6581027507781982
76, 11.448053359985352, 0.09943583607673645, -1.6581027507781982
77, 11.448053359985352, 0.09943583607673645, -1.6581027507781982
78, 11.69651985168457, 0.09943583607673645, -1.6304526329040527
79, 11.69651985168457, 0.09943583607673645, -1.6304526329040527
80, 11.925522804260254, 0.09943583607673645, -1.7307400703430176
81, 11.925522804260254, 0.09943583607673645, -1.7307400703430176
82, 11.925522804260254, 0.09943583607673645, -1.7307400703430176
83, 12.126875877380371, 0.09943583607673645, -1.5825612545013428
84, 12.126875877380371, 0.09943583607673645, -1.5825612545013428
85, 12.227163314819336, 0.09943583607673645, -1.35355806350708
86, 12.227163314819336, 0.09943583607673645, -1.35355806350708
87, 12.227163314819336, 0.09943583607673645, -1.35355806350708
88, 12.227163314819336, 0.09943583607673645, -1.35355806350708
89, 12.227163314819336, 0.09943583607673645, -1.35355806350708
90, 12.227163314819336, 0.09943583607673645, -1.35355806350708
91, 12.025810241699219, 0.09943583607673645, -1.5017368793487549
92, 11.824457168579102, 0.09943583607673645, -1.6499156951904297
93, 11.824457168579102, 0.09943583607673645, -1.6499156951904297
94, 11.575990676879883, 0.09943583607673645, -1.6775658130645752
95, 11.327524185180664, 0.09943583607673645, -1.7052159309387207
96, 11.079057693481445, 0.09943583607673645, -1.7328660488128662
97, 10.830591201782227, 0.09943583607673645, -1.7605161666870117
98, 10.582124710083008, 0.09943583607673645, -1.7881662845611572
99, 10.333658218383789, 0.09943583607673645, -1.8158164024353027
100, 10.333658218383789, 0.09943583607673645, -1.8158164024353027
101, 10.104655265808105, 0.09943583607673645, -1.715528964996338
102, 9.875652313232422, 0.09943583607673645, -1.615241527557373
103, 9.646649360656738, 0.09943583607673645, -1.5149540901184082
104, 9.417646408081055, 0.09943583607673645, -1.4146666526794434
105, 9.188643455505371, 0.09943583607673645, -1.3143792152404785
106, 8.959640502929688, 0.09943583607673645, -1.2140917778015137
107, 8.730637550354004, 0.09943583607673645, -1.1138043403625488
108, 8.730637550354004, 0.09943583607673645, -1.1138043403625488
109, 8.58245849609375, 0.09943583607673645, -0.9124513864517212
110, 8.434279441833496, 0.09943583607673645, -0.7110984325408936
111, 8.434279441833496, 0.09943583607673645, -0.7110984325408936
112, 8.434279441833496, 0.09943583607673645, -0.7110984325408936
113, 8.434279441833496, 0.09943583607673645, -0.7110984325408936
114, 8.434279441833496, 0.09943583607673645, -0.7110984325408936
115, 8.434279441833496, 0.09943583607673645, -0.7110984325408936
116, 8.461929321289062, 0.09943583607673645, -0.9595646858215332
117, 8.489579200744629, 0.09943583607673645, -1.2080309391021729
118, 8.489579200744629, 0.09943583607673645, -1.2080309391021729
119, 8.389291763305664, 0.09943583607673645, -1.4370341300964355
120, 8.389291763305664, 0.09943583607673645, -1.4370341300964355
121, 8.187938690185547, 0.09943583607673645, -1.5852129459381104
122, 8.187938690185547, 0.09943583607673645, -1.5852129459381104
123, 7.939472675323486, 0.09943583607673645, -1.6128630638122559
124, 7.691006660461426, 0.09943583607673645, -1.6405131816864014
125, 7.691006660461426, 0.09943583607673645, -1.6405131816864014
126, 7.489653587341309, 0.09943583607673645, -1.7886919975280762
127, 7.288300514221191, 0.09943583607673645, -1.936870813369751
128, 7.086947441101074, 0.09943583607673645, -2.085049629211426
129, 7.086947441101074, 0.09943583607673645, -2.085049629211426
130, 7.086947441101074, 0.09943583607673645, -2.085049629211426
131, 7.114597797393799, 0.09943583607673645, -2.3335158824920654
132, 7.114597797393799, 0.09943583607673645, -2.3335158824920654
133, 7.114597797393799, 0.09943583607673645, -2.3335158824920654
134, 7.114597797393799, 0.09943583607673645, -2.3335158824920654
135, 7.114597797393799, 0.09943583607673645, -2.3335158824920654
136, 7.114597797393799, 0.09943583607673645, -2.3335158824920654
137, 7.214885234832764, 0.09943583607673645, -2.1045126914978027
138, 7.214885234832764, 0.09943583607673645, -2.1045126914978027
139, 7.214885234832764, 0.09943583607673645, -2.1045126914978027
140, 7.3151726722717285, 0.09943583607673645, -1.87550950050354
141, 7.3151726722717285, 0.09943583607673645, -1.87550950050354
142, 7.3151726722717285, 0.09943583607673645, -1.87550950050354
143, 7.563638687133789, 0.09943583607673645, -1.8478593826293945
144, 7.81210470199585, 0.09943583607673645, -1.820209264755249
145, 8.06057071685791, 0.09943583607673645, -1.7925591468811035
146, 8.06057071685791, 0.09943583607673645, -1.7925591468811035
147, 8.261923789978027, 0.09943583607673645, -1.6443803310394287
148, 8.261923789978027, 0.09943583607673645, -1.6443803310394287
149, 8.362211227416992, 0.09943583607673645, -1.415377140045166
150, 8.462498664855957, 0.09943583607673645, -1.1863739490509033
151, 8.462498664855957, 0.09943583607673645, -1.1863739490509033
152, 8.43484878540039, 0.09943583607673645, -0.9379076957702637
153, 8.43484878540039, 0.09943583607673645, -0.9379076957702637
154, 8.286669731140137, 0.09943583607673645, -0.736554741859436
155, 8.286669731140137, 0.09943583607673645, -0.736554741859436
156, 8.208819389343262, 0.09943583607673645, -0.7024616599082947
157, 8.208819389343262, 0.09943583607673645, -0.7024616599082947
158, 8.060640335083008, 0.09943583607673645, -0.5011086463928223
159, 8.060640335083008, 0.09943583607673645, -0.5011086463928223
160, 7.853235721588135, 0.09943583607673645, -0.41027987003326416
161, 7.853235721588135, 0.09943583607673645, -0.4102798402309418
162, 7.853235721588135, 0.09943583607673645, -0.4102798402309418
163, 7.604769706726074, 0.09943583607673645, -0.43792998790740967
164, 7.356303691864014, 0.09943583607673645, -0.46558013558387756
165, 7.107837677001953, 0.09943583607673645, -0.49323028326034546
166, 6.859371662139893, 0.09943583607673645, -0.5208804607391357
167, 6.610905647277832, 0.09943583607673645, -0.5485305786132812
168, 6.3624396324157715, 0.09943583607673645, -0.5761806964874268
169, 6.113973617553711, 0.09943583607673645, -0.6038308143615723
170, 5.86550760269165, 0.09943583607673645, -0.6314809322357178
171, 5.61704158782959, 0.09943583607673645, -0.6591310501098633
172, 5.368575572967529, 0.09943583607673645, -0.6867811679840088
173, 5.120109558105469, 0.09943583607673645, -0.7144312858581543
174, 5.120109558105469, 0.09943583607673645, -0.7144312858581543
175, 4.891106605529785, 0.09943583607673645, -0.6141438484191895
176, 4.662103652954102, 0.09943583607673645, -0.5138564109802246
177, 4.433100700378418, 0.09943583607673645, -0.41356900334358215
178, 4.433100700378418, 0.09943583607673645, -0.41356900334358215
179, 4.3427276611328125, 0.09943583607673645, -0.29076576232910156
180, 4.3427276611328125, 0.09943583607673645, -0.29076576232910156
181, 4.3427276611328125, 0.09943583607673645, -0.29076576232910156
182, 4.3427276611328125, 0.09943583607673645, -0.29076576232910156
183, 4.3427276611328125, 0.09943583607673645, -0.29076576232910156
184, 4.094261646270752, 0.09943583607673645, -0.31841591000556946
185, 4.094261646270752, 0.09943583607673645, -0.31841591000556946
186, 4.094261646270752, 0.09943583607673645, -0.31841591000556946
187, 4.094261646270752, 0.09943583607673645, -0.31841591000556946
188, 4.066611289978027, 0.09943583607673645, -0.06994965672492981
189, 4.066611289978027, 0.09943583607673645, -0.06994965672492981
190, 4.066611289978027, 0.09943583607673645, -0.06994965672492981
191, 4.066611289978027, 0.09943583607673645, -0.06994965672492981
192, 4.066611289978027, 0.09943583607673645, -0.06994965672492981
193, 4.066611289978027, 0.09943583607673645, -0.06994965672492981
194, 3.8181450366973877, 0.09943583607673645, -0.0975998044013977
195, 3.569678783416748, 0.09943583607673645, -0.1252499520778656
196, 3.569678783416748, 0.09943583607673645, -0.1252499520778656
197, 3.368325710296631, 0.09943583607673645, -0.2734287977218628
198, 3.368325710296631, 0.09943583607673645, -0.2734287977218628
199, 3.119859457015991, 0.09943583607673645, -0.3010789453983307
200, 2.8713932037353516, 0.09943583607673645, -0.3287290930747986
201, 2.622926950454712, 0.09943583607673645, -0.3563792407512665
202, 2.3744606971740723, 0.09943583607673645, -0.3840293884277344
203, 2.1259944438934326, 0.09943583607673645, -0.41167953610420227
204, 1.877528190612793, 0.09943583607673645, -0.43932968378067017
205, 1.6290619373321533, 0.09943583607673645, -0.46697983145713806
206, 1.6290619373321533, 0.09943583607673645, -0.46697983145713806
207, 1.4000587463378906, 0.09943583607673645, -0.3666924238204956
208, 1.171055555343628, 0.09943583607673645, -0.26640501618385315
209, 1.171055555343628, 0.09943583607673645, -0.26640501618385315
210, 1.0800647735595703, 0.09943583607673645, -0.14276213943958282
211, 1.0800647735595703, 0.09943583607673645, -0.14276213943958282
212, 1.0800647735595703, 0.09943583607673645, -0.14276213943958282
213, 1.0800647735595703, 0.09943583607673645, -0.14276213943958282
214, 1.0800647735595703, 0.09943583607673645, -0.14276213943958282
215, 1.0800647735595703, 0.09943583607673645, -0.14276213943958282
216, 1.0800647735595703, 0.09943583607673645, -0.14276213943958282
217, 1.0800647735595703, 0.09943583607673645, -0.14276213943958282
218, 1.0800647735595703, 0.09943583607673645, -0.14276213943958282
219, 1.0800647735595703, 0.09943583607673645, -0.14276213943958282
220, 1.309067964553833, 0.09943583607673645, -0.2430494725704193
221, 1.5380711555480957, 0.09943583607673645, -0.343336820602417
222, 1.7670743465423584, 0.09943583607673645, -0.4436241388320923
223, 1.7670743465423584, 0.09943583607673645, -0.4436241388320923
224, 2.015540599822998, 0.09943583607673645, -0.415973961353302
225, 2.2640068531036377, 0.09943583607673645, -0.3883237838745117
226, 2.5124731063842773, 0.09943583607673645, -0.36067360639572144
227, 2.760939359664917, 0.09943583607673645, -0.33302342891693115
228, 3.0094056129455566, 0.09943583607673645, -0.30537325143814087
229, 3.2578718662261963, 0.09943583607673645, -0.2777230739593506
230, 3.506338119506836, 0.09943583607673645, -0.2500728964805603
231, 3.7548043727874756, 0.09943583607673645, -0.22242271900177002
232, 3.7548043727874756, 0.09943583607673645, -0.22242271900177002
233, 3.9838075637817383, 0.09943583607673645, -0.3227100372314453
234, 4.212810516357422, 0.09943583607673645, -0.4229973554611206
235, 4.4418134689331055, 0.09943583607673645, -0.5232846736907959
236, 4.670816421508789, 0.09943583607673645, -0.6235719919204712
237, 4.670816421508789, 0.09943583607673645, -0.6235719919204712
238, 4.91928243637085, 0.09943583607673645, -0.5959218144416809
239, 5.16774845123291, 0.09943583607673645, -0.5682716369628906
240, 5.416214466094971, 0.09943583607673645, -0.5406214594841003
241, 5.664680480957031, 0.09943583607673645, -0.5129712820053101
242, 5.913146495819092, 0.09943583607673645, -0.4853211045265198
243, 6.161612510681152, 0.09943583607673645, -0.4576709270477295
244, 6.410078525543213, 0.09943583607673645, -0.4300207495689392
245, 6.658544540405273, 0.09943583607673645, -0.4023705720901489
246, 6.907010555267334, 0.09943583607673645, -0.37472039461135864
247, 7.1554765701293945, 0.09943583607673645, -0.34707021713256836
248, 7.403942584991455, 0.09943583607673645, -0.3194200396537781
249, 7.403942584991455, 0.09943583607673645, -0.3194200396537781
250, 7.632946014404297, 0.09943583607673645, -0.41970735788345337
251, 7.8619489669799805, 0.09943583607673645, -0.5199946761131287
252, 8.090951919555664, 0.09943583607673645, -0.620281994342804
253, 8.137725830078125, 0.09943583607673645, -0.6407656669616699
254, 8.137725830078125, 0.09943583607673645, -0.6407656669616699
255, 8.137725830078125, 0.09943583607673645, -0.6407656669616699
256, 8.386192321777344, 0.09943583607673645, -0.6131154894828796
257, 8.386192321777344, 0.09943583607673645, -0.6131154894828796
258, 8.386192321777344, 0.09943583607673645, -0.6131154894828796
259, 8.386192321777344, 0.09943583607673645, -0.6131154894828796
260, 8.41384220123291, 0.09943583607673645, -0.8615817427635193
261, 8.441492080688477, 0.09943583607673645, -1.1100479364395142
262, 8.469141960144043, 0.09943583607673645, -1.3585141897201538
263, 8.469141960144043, 0.09943583607673645, -1.3585141897201538
264, 8.368854522705078, 0.09943583607673645, -1.5875173807144165
265, 8.368854522705078, 0.09943583607673645, -1.5875173807144165
266, 8.368854522705078, 0.09943583607673645, -1.5875173807144165
267, 8.12038803100586, 0.09943583607673645, -1.615167498588562
268, 7.871922016143799, 0.09943583607673645, -1.6428176164627075
269, 7.623456001281738, 0.09943583607673645, -1.670467734336853
270, 7.374989986419678, 0.09943583607673645, -1.6981178522109985
271, 7.126523971557617, 0.09943583607673645, -1.725767970085144
272, 7.126523971557617, 0.09943583607673645, -1.725767970085144
273, 6.897521018981934, 0.09943583607673645, -1.6254805326461792
274, 6.66851806640625, 0.09943583607673645, -1.5251930952072144
275, 6.66851806640625, 0.09943583607673645, -1.5251930952072144
276, 6.66851806640625, 0.09943583607673645, -1.5251930952072144
277, 6.439515113830566, 0.09943583607673645, -1.4249056577682495
278, 6.439515113830566, 0.09943583607673645, -1.4249056577682495
279, 6.191049098968506, 0.09943583607673645, -1.452555775642395
280, 5.942583084106445, 0.09943583607673645, -1.4802058935165405
281, 5.942583084106445, 0.09943583607673645, -1.4802058935165405
282, 5.942583084106445, 0.09943583607673645, -1.4802058935165405
283, 5.694117069244385, 0.09943583607673645, -1.507856011390686
284, 5.694117069244385, 0.09943583607673645, -1.507856011390686
285, 5.694117069244385, 0.09943583607673645, -1.507856011390686
286, 5.614015579223633, 0.09943583607673645, -1.690765619277954
287, 5.614015579223633, 0.09943583607673645, -1.690765619277954
288, 5.614015579223633, 0.09943583607673645, -1.690765619277954
289, 5.614015579223633, 0.09943583607673645, -1.690765619277954
290, 5.614015579223633, 0.09943583607673645, -1.690765619277954
291, 5.614015579223633, 0.09943583607673645, -1.690765619277954
292, 5.614015579223633, 0.09943583607673645, -1.690765619277954
293, 5.614015579223633, 0.09943583607673645, -1.690765619277954
294, 5.614015579223633, 0.09943583607673645, -1.690765619277954
295, 5.614015579223633, 0.09943583607673645, -1.690765619277954
296, 5.614015579223633, 0.09943583607673645, -1.690765619277954
297, 5.614015579223633, 0.09943583607673645, -1.690765619277954
298, 5.614015579223633, 0.09943583607673645, -1.690765619277954
299, 5.614015579223633, 0.09943583607673645, -1.690765619277954
300, 5.385012626647949, 0.09943583607673645, -1.5904781818389893
301, 5.385012626647949, 0.09943583607673645, -1.5904781818389893
302, 5.385012626647949, 0.09943583607673645, -1.5904781818389893
303, 5.297122955322266, 0.09943583607673645, -1.6551575660705566
304, 5.297122955322266, 0.09943583607673645, -1.6551575660705566
305, 5.297122955322266, 0.09943583607673645, -1.6551575660705566
306, 5.297122955322266, 0.09943583607673645, -1.6551575660705566
307, 5.297122955322266, 0.09943583607673645, -1.6551575660705566
308, 5.297122955322266, 0.09943583607673645, -1.6551575660705566
309, 5.297122955322266, 0.09943583607673645, -1.6551575660705566
310, 5.315709590911865, 0.09943583607673645, -1.8221791982650757
311, 5.315709590911865, 0.09943583607673645, -1.8221791982650757
312, 5.315709590911865, 0.09943583607673645, -1.8221791982650757
313, 5.315709590911865, 0.09943583607673645, -1.8221791982650757
314, 5.067243576049805, 0.09943583607673645, -1.8498293161392212
315, 4.818777084350586, 0.09943583607673645, -1.8774794340133667
316, 4.570310592651367, 0.09943583607673645, -1.9051295518875122
317, 4.570310592651367, 0.09943583607673645, -1.9051295518875122
318, 4.570310592651367, 0.09943583607673645, -1.9051295518875122
319, 4.570310592651367, 0.09943583607673645, -1.9051295518875122
320, 4.570310592651367, 0.09943583607673645, -1.9051295518875122
321, 4.570310592651367, 0.09943583607673645, -1.9051295518875122
322, 4.570310592651367, 0.09943583607673645, -1.9051295518875122
323, 4.818776607513428, 0.09943583607673645, -1.8774795532226562
324, 5.067242622375488, 0.09943583607673645, -1.8498294353485107
325, 5.067242622375488, 0.09943583607673645, -1.8498294353485107
326, 5.079558849334717, 0.09943583607673645, -1.8407657146453857
327, 5.079558849334717, 0.09943583607673645, -1.8407657146453857
328, 5.079558849334717, 0.09943583607673645, -1.8407657146453857
329, 5.079558849334717, 0.09943583607673645, -1.8407657146453857
330, 5.079558849334717, 0.09943583607673645, -1.8407657146453857
331, 5.079558849334717, 0.09943583607673645, -1.8407657146453857
332, 5.079558849334717, 0.09943583607673645, -1.8407657146453857
333, 5.079558849334717, 0.09943583607673645, -1.8407657146453857
334, 5.079558849334717, 0.09943583607673645, -1.8407657146453857
335, 5.079558849334717, 0.09943583607673645, -1.8407657146453857
336, 5.275653839111328, 0.09943583607673645, -1.926641821861267
337, 5.275653839111328, 0.09943583607673645, -1.926641821861267
338, 5.275653839111328, 0.09943583607673645, -1.926641821861267
339, 5.275653839111328, 0.09943583607673645, -1.926641821861267
340, 5.275653839111328, 0.09943583607673645, -1.926641821861267
341, 5.254183292388916, 0.09943583607673645, -1.7337052822113037
342, 5.254183292388916, 0.09943583607673645, -1.7337052822113037
343, 5.254183292388916, 0.09943583607673645, -1.7337052822113037
344, 5.455536365509033, 0.09943583607673645, -1.585526466369629
345, 5.455536365509033, 0.09943583607673645, -1.585526466369629
346, 5.704002380371094, 0.09943583607673645, -1.5578763484954834
347, 5.952468395233154, 0.09943583607673645, -1.530226230621338
348, 6.200934410095215, 0.09943583607673645, -1.5025761127471924
349, 6.449400424957275, 0.09943583607673645, -1.4749259948730469
350, 6.697866439819336, 0.09943583607673645, -1.4472758769989014
351, 6.9463324546813965, 0.09943583607673645, -1.4196257591247559
352, 6.9463324546813965, 0.09943583607673645, -1.4196257591247559
353, 7.17533540725708, 0.09943583607673645, -1.5199131965637207
354, 7.404338359832764, 0.09943583607673645, -1.6202006340026855
355, 7.633341312408447, 0.09943583607673645, -1.7204880714416504
356, 7.633341312408447, 0.09943583607673645, -1.7204880714416504
357, 7.881807804107666, 0.09943583607673645, -1.6928379535675049
358, 8.130273818969727, 0.09943583607673645, -1.6651878356933594
359, 8.378740310668945, 0.09943583607673645, -1.6375377178192139
360, 8.627206802368164, 0.09943583607673645, -1.6098875999450684
361, 8.875673294067383, 0.09943583607673645, -1.5822374820709229
362, 9.124139785766602, 0.09943583607673645, -1.5545873641967773
363, 9.124139785766602, 0.09943583607673645, -1.5545873641967773
364, 9.353142738342285, 0.09943583607673645, -1.6548748016357422
365, 9.582145690917969, 0.09943583607673645, -1.755162239074707
366, 9.777618408203125, 0.09943583607673645, -1.8407657146453857
367, 9.777618408203125, 0.09943583607673645, -1.8407657146453857
368, 10.026084899902344, 0.09943583607673645, -1.8131155967712402
369, 10.274551391601562, 0.09943583607673645, -1.7854654788970947
370, 10.523017883300781, 0.09943583607673645, -1.7578153610229492
371, 10.771484375, 0.09943583607673645, -1.7301652431488037
372, 11.019950866699219, 0.09943583607673645, -1.7025151252746582
373, 11.268417358398438, 0.09943583607673645, -1.6748650074005127
374, 11.516883850097656, 0.09943583607673645, -1.6472148895263672
375, 11.765350341796875, 0.09943583607673645, -1.6195647716522217
376, 11.765350341796875, 0.09943583607673645, -1.6195647716522217
377, 11.966703414916992, 0.09943583607673645, -1.4713859558105469
378, 12.16805648803711, 0.09943583607673645, -1.323207139968872
379, 12.369409561157227, 0.09943583607673645, -1.1750283241271973
380, 12.570762634277344, 0.09943583607673645, -1.0268495082855225
381, 12.772115707397461, 0.09943583607673645, -0.8786706924438477
382, 12.973468780517578, 0.09943583607673645, -0.7304918766021729
383, 13.174821853637695, 0.09943583607673645, -0.582313060760498
384, 13.376174926757812, 0.09943583607673645, -0.43413427472114563
385, 13.57752799987793, 0.09943583607673645, -0.2859554886817932
386, 13.778881072998047, 0.09943583607673645, -0.1377767026424408
387, 13.778881072998047, 0.09943583607673645, -0.1377767026424408
388, 13.778881072998047, 0.09943583607673645, -0.1377767026424408
389, 13.778881072998047, 0.09943583607673645, -0.1377767026424408
390, 14.027347564697266, 0.09943583607673645, -0.11012661457061768
391, 14.275814056396484, 0.09943583607673645, -0.08247652649879456
392, 14.275814056396484, 0.09943583607673645, -0.08247652649879456
393, 14.275814056396484, 0.09943583607673645, -0.08247652649879456
394, 14.35550594329834, 0.09943583607673645, -0.1907658576965332
395, 14.35550594329834, 0.09943583607673645, -0.1907658576965332
396, 14.35550594329834, 0.09943583607673645, -0.1907658576965332
397, 14.35550594329834, 0.09943583607673645, -0.1907658576965332
398, 14.603972434997559, 0.09943583607673645, -0.16311576962471008
399, 14.603972434997559, 0.09943583607673645, -0.16311576962471008
400, 14.603972434997559, 0.09943583607673645, -0.16311576962471008
401, 14.603972434997559, 0.09943583607673645, -0.16311576962471008
402, 14.603972434997559, 0.09943583607673645, -0.16311576962471008
403, 14.603972434997559, 0.09943583607673645, -0.16311576962471008
404, 14.603972434997559, 0.09943583607673645, -0.16311576962471008
405, 14.852438926696777, 0.09943583607673645, -0.1354655921459198
406, 15.100905418395996, 0.09943583607673645, -0.10781541466712952
407, 15.100905418395996, 0.09943583607673645, -0.10781541466712952
408, 15.302258491516113, 0.09943583607673645, 0.04036349058151245
409, 15.302258491516113, 0.09943583607673645, 0.04036349058151245
410, 15.550724983215332, 0.09943583607673645, 0.06801366806030273
411, 15.79919147491455, 0.09943583607673645, 0.09566384553909302
412, 16.047657012939453, 0.09943583607673645, 0.1233140230178833
413, 16.296123504638672, 0.09943583607673645, 0.15096420049667358
414, 16.296123504638672, 0.09943583607673645, 0.15096420049667358
415, 16.296123504638672, 0.09943583607673645, 0.15096420049667358
416, 16.54458999633789, 0.09943583607673645, 0.17861434817314148
417, 16.54458999633789, 0.09943583607673645, 0.17861434817314148
418, 16.77359390258789, 0.09943583607673645, 0.07832697033882141
419, 17.00259780883789, 0.09943583607673645, -0.021960407495498657
420, 17.23160171508789, 0.09943583607673645, -0.12224778532981873
421, 17.46060562133789, 0.09943583607673645, -0.2225351631641388
422, 17.68960952758789, 0.09943583607673645, -0.32282254099845886
423, 17.91861343383789, 0.09943583607673645, -0.42310991883277893
424, 17.91861343383789, 0.09943583607673645, -0.42310991883277893
425, 18.16707992553711, 0.09943583607673645, -0.39545974135398865
426, 18.415546417236328, 0.09943583607673645, -0.36780956387519836
427, 18.664012908935547, 0.09943583607673645, -0.3401593863964081
428, 18.912479400634766, 0.09943583607673645, -0.3125092089176178
429, 19.160945892333984, 0.09943583607673645, -0.2848590314388275
430, 19.409412384033203, 0.09943583607673645, -0.25720885396003723
431, 19.409412384033203, 0.09943583607673645, -0.25720885396003723
432, 19.638416290283203, 0.09943583607673645, -0.3574962019920349
433, 19.867420196533203, 0.09943583607673645, -0.4577835202217102
434, 20.096424102783203, 0.09943583607673645, -0.5580708384513855
435, 20.325428009033203, 0.09943583607673645, -0.6583581566810608
436, 20.325428009033203, 0.09943583607673645, -0.6583581566810608
437, 20.325428009033203, 0.09943583607673645, -0.6583581566810608
438, 20.52678108215332, 0.09943583607673645, -0.5101792812347412
439, 20.52678108215332, 0.09943583607673645, -0.5101792812347412
440, 20.77524757385254, 0.09943583607673645, -0.4825291335582733
441, 21.023714065551758, 0.09943583607673645, -0.4548789858818054
442, 21.023714065551758, 0.09943583607673645, -0.4548789858818054
443, 21.225067138671875, 0.09943583607673645, -0.3067001402378082
444, 21.248249053955078, 0.09943583607673645, -0.28963959217071533
445, 21.248249053955078, 0.09943583607673645, -0.28963959217071533
446, 21.32282257080078, 0.09943583607673645, -0.11935027688741684
447, 21.32282257080078, 0.09943583607673645, -0.11935027688741684
448, 21.32282257080078, 0.09943583607673645, -0.11935027688741684
449, 21.32282257080078, 0.09943583607673645, -0.11935027688741684
450, 21.32282257080078, 0.09943583607673645, -0.11935027688741684
451, 21.5712890625, 0.09943583607673645, -0.09170012921094894
452, 21.5712890625, 0.09943583607673645, -0.09170012921094894
453, 21.614404678344727, 0.09943583607673645, -0.1105816587805748
454, 21.614404678344727, 0.09943583607673645, -0.11058163642883301
455, 21.614404678344727, 0.09943583607673645, -0.11058163642883301
456, 21.614404678344727, 0.09943583607673645, -0.11058162897825241
457, 21.614404678344727, 0.09943583607673645, -0.11058162897825241
458, 21.777217864990234, 0.09943583607673645, 0.009234428405761719
459, 21.777217864990234, 0.09943583607673645, 0.009234428405761719
460, 21.777217864990234, 0.09943583607673645, 0.009234428405761719
461, 22.006221771240234, 0.09943583607673645, -0.09105294942855835
462, 22.006221771240234, 0.09943583607673645, -0.09105294942855835
463, 22.154399871826172, 0.09943583607673645, -0.2924059331417084
464, 22.30257797241211, 0.09943583607673645, -0.4937589168548584
465, 22.30257797241211, 0.09943583607673645, -0.4937589168548584
466, 22.53158187866211, 0.09943583607673645, -0.5940462946891785
467, 22.76058578491211, 0.09943583607673645, -0.6943336725234985
468, 22.98958969116211, 0.09943583607673645, -0.7946210503578186
469, 23.21859359741211, 0.09943583607673645, -0.8949084281921387
470, 23.44759750366211, 0.09943583607673645, -0.9951958060264587
471, 23.67660140991211, 0.09943583607673645, -1.0954831838607788
472, 23.67660140991211, 0.09943583607673645, -1.0954831838607788
473, 23.925067901611328, 0.09943583607673645, -1.0678329467773438
474, 23.925067901611328, 0.09943583607673645, -1.0678329467773438
475, 23.925067901611328, 0.09943583607673645, -1.0678329467773438
476, 24.173534393310547, 0.09943583607673645, -1.0401828289031982
477, 4.868839740753174, 2.8994359970092773, -0.502289354801178
