1, 3.1926965713500977, -2.5197770595550537, 1.2001794576644897
2, 3.1926965713500977, -2.5197770595550537, 1.2001794576644897
3, 3.1926965713500977, -2.5197770595550537, 1.2001794576644897
4, 3.1926965713500977, -2.5197770595550537, 1.2001794576644897
5, 3.1926965713500977, -2.5197770595550537, 1.2001794576644897
6, 3.1926965713500977, -2.5197770595550537, 1.2001794576644897
7, 3.1926965713500977, -2.5197770595550537, 1.2001794576644897
8, 3.1926965713500977, -2.5197770595550537, 1.2001794576644897
9, 3.1926965713500977, -2.5197770595550537, 1.2001794576644897
10, 3.1926965713500977, -2.5197770595550537, 1.2001794576644897
11, 3.1926965713500977, -2.5197770595550537, 1.2001794576644897
12, 3.1926965713500977, -2.5197770595550537, 1.2001794576644897
13, 3.1926965713500977, -2.5197770595550537, 1.2001794576644897
14, 3.1926965713500977, -2.5197770595550537, 1.2001794576644897
15, 3.1926965713500977, -2.5197770595550537, 1.2001794576644897
16, 3.1926965713500977, -2.5197770595550537, 1.2001794576644897
17, 3.1926965713500977, -2.5197770595550537, 1.2001794576644897
18, 3.1926965713500977, -2.5197770595550537, 1.2001794576644897
19, 3.1926965713500977, -2.5197770595550537, 1.2001794576644897
20, 3.1926965713500977, -2.5197770595550537, 1.2001794576644897
21, 3.1926965713500977, -2.5197770595550537, 1.2001794576644897
22, 3.1926965713500977, -2.5197770595550537, 1.2001794576644897
23, 2.998964309692383, -2.5197770595550537, 1.0421674251556396
24, 2.998964309692383, -2.5197770595550537, 1.0421674251556396
25, 2.7521812915802, -2.5197770595550537, 1.002191185951233
26, 2.5053982734680176, -2.5197770595550537, 0.9622149467468262
27, 3.9438319206237793, -2.5197770595550537, 1.0200586318969727
