1, 4.210134029388428, -2.576007843017578, -0.7904975414276123
2, 4.210134029388428, -2.576007843017578, -0.7904975414276123
3, 4.210134029388428, -2.576007843017578, -0.7904975414276123
4, 4.210134029388428, -2.576007843017578, -0.7904975414276123
5, 4.210134029388428, -2.576007843017578, -0.7904975414276123
6, 4.210134029388428, -2.576007843017578, -0.7904975414276123
7, 4.210134029388428, -2.576007843017578, -0.7904975414276123
8, 4.210134029388428, -2.576007843017578, -0.7904975414276123
9, 4.210134029388428, -2.576007843017578, -0.7904975414276123
10, 4.210134029388428, -2.576007843017578, -0.7904975414276123
11, 4.210134029388428, -2.576007843017578, -0.7904975414276123
12, 4.210134029388428, -2.576007843017578, -0.7904975414276123
13, 4.210134029388428, -2.576007843017578, -0.7904975414276123
14, 4.210134029388428, -2.576007843017578, -0.7904975414276123
15, 4.210134029388428, -2.576007843017578, -0.7904975414276123
16, 4.210134029388428, -2.576007843017578, -0.7904975414276123
17, 4.210134029388428, -2.576007843017578, -0.7904975414276123
18, 4.210134029388428, -2.576007843017578, -0.7904975414276123
19, 4.210134029388428, -2.576007843017578, -0.7904975414276123
20, 4.1956071853637695, -2.576007843017578, -0.5409198999404907
21, 4.1956071853637695, -2.576007843017578, -0.5409198999404907
22, 4.1956071853637695, -2.576007843017578, -0.5409198999404907
23, 4.1956071853637695, -2.576007843017578, -0.5409198999404907
24, 4.1956071853637695, -2.576007843017578, -0.5409198999404907
25, 4.1956071853637695, -2.576007843017578, -0.5409198999404907
26, 4.083399295806885, -2.576007843017578, -0.764323890209198
27, 4.083399295806885, -2.576007843017578, -0.764323890209198
28, 4.097926139831543, -2.576007843017578, -1.0139014720916748
29, 4.112452983856201, -2.576007843017578, -1.2634789943695068
30, 4.126979827880859, -2.576007843017578, -1.5130565166473389
31, 4.126979827880859, -2.576007843017578, -1.5130565166473389
32, 4.014771938323975, -2.576007843017578, -1.7364604473114014
33, 4.014771938323975, -2.576007843017578, -1.7364604473114014
34, 3.8058948516845703, -2.576007843017578, -1.8738298416137695
35, 3.8058948516845703, -2.576007843017578, -1.8738298416137695
36, 3.5563173294067383, -2.576007843017578, -1.8883566856384277
37, 3.3067398071289062, -2.576007843017578, -1.902883529663086
38, 3.057162284851074, -2.5579781532287598, -1.9174103736877441
39, 3.057162284851074, -2.5579781532287598, -1.9174103736877441
40, 2.8337583541870117, -2.5580973625183105, -1.8052022457122803
41, 2.610354423522949, -2.57568621635437, -1.6929941177368164
42, 2.610354423522949, -2.57568621635437, -1.6929941177368164
43, 2.472985029220581, -2.576007843017578, -1.484117031097412
44, 2.472985029220581, -2.576007843017578, -1.484117031097412
45, 2.458458185195923, -2.576007843017578, -1.2345393896102905
46, 2.4439313411712646, -2.576007843017578, -0.984961748123169
47, 2.4294044971466064, -2.576007843017578, -0.7353841066360474
48, 2.4148776531219482, -2.576007843017578, -0.48580649495124817
49, 2.40035080909729, -2.576007843017578, -0.23622888326644897
50, 2.385823965072632, -2.576007843017578, 0.01334872841835022
51, 2.385823965072632, -2.576007843017578, 0.01334872841835022
52, 2.4980320930480957, -2.576007843017578, 0.23675277829170227
53, 6.799537181854248, 2.880223035812378, 2.9310379028320312
