1, -0.5987295508384705, 0.01920294761657715, 2.4130771160125732
2, -0.5987295508384705, 0.01920294761657715, 2.4130771160125732
3, -0.5987295508384705, 0.01920294761657715, 2.4130771160125732
4, -0.5987295508384705, 0.01920294761657715, 2.4130771160125732
5, -0.5987295508384705, 0.01920294761657715, 2.4130771160125732
6, -0.5987295508384705, 0.01920294761657715, 2.4130771160125732
7, -0.5987295508384705, 0.01920294761657715, 2.4130771160125732
8, -0.5987295508384705, 0.01920294761657715, 2.4130771160125732
9, -0.5987295508384705, 0.01920294761657715, 2.4130771160125732
10, -0.5987295508384705, 0.01920294761657715, 2.4130771160125732
11, -0.5987295508384705, 0.01920294761657715, 2.4130771160125732
12, -0.5987295508384705, 0.01920294761657715, 2.4130771160125732
13, -0.5987295508384705, 0.01920294761657715, 2.4130771160125732
14, -0.6833306550979614, 0.01920294761657715, 2.342292308807373
15, -0.6833306550979614, 0.01920294761657715, 2.342292308807373
16, -0.7691684365272522, 0.01920294761657715, 2.1074905395507812
17, -0.855006217956543, 0.01920294761657715, 1.8726887702941895
18, -0.9408439993858337, 0.01920294761657715, 1.6378870010375977
19, -1.0266817808151245, 0.01920294761657715, 1.4030852317810059
20, -1.11251962184906, 0.01920294761657715, 1.168283462524414
21, -1.11251962184906, 0.01920294761657715, 1.168283462524414
22, -1.0694564580917358, 0.01920294761657715, 0.9220202565193176
23, -1.0263932943344116, 0.01920294761657715, 0.6757570505142212
24, -1.0263932943344116, 0.01920294761657715, 0.6757570505142212
25, -1.1122311353683472, 0.01920294761657715, 0.4409552812576294
26, -1.1122311353683472, 0.01920294761657715, 0.4409552812576294
27, -1.3039697408676147, 0.01920294761657715, 0.28052985668182373
28, -1.3039697408676147, 0.01920294761657715, 0.28052985668182373
29, -1.550233006477356, 0.01920294761657715, 0.2374667078256607
30, -1.550233006477356, 0.01920294761657715, 0.2374667078256607
31, -1.550233006477356, 0.01920294761657715, 0.2374667078256607
32, -1.550233006477356, 0.01920294761657715, 0.2374667078256607
33, -1.550233006477356, 0.01920294761657715, 0.2374667078256607
34, -1.7964962720870972, 0.01920294761657715, 0.19440355896949768
35, -1.7964962720870972, 0.01920294761657715, 0.19440355896949768
36, -1.9882348775863647, 0.01920294761657715, 0.03397814929485321
37, -1.9882348775863647, 0.01920294761657715, 0.03397814929485321
38, -2.0740725994110107, 0.01920294761657715, -0.20082363486289978
39, -2.1599104404449463, 0.01920294761657715, -0.43562543392181396
40, -2.1599104404449463, 0.01920294761657715, -0.43562543392181396
41, -2.1599104404449463, 0.01920294761657715, -0.43562543392181396
42, -2.1599104404449463, 0.01920294761657715, -0.43562543392181396
43, -2.1599104404449463, 0.01920294761657715, -0.43562543392181396
44, -2.1599104404449463, 0.01920294761657715, -0.43562543392181396
45, -2.2029736042022705, 0.01920294761657715, -0.18936219811439514
46, -2.2460367679595947, 0.01920294761657715, 0.05690103769302368
47, -2.2460367679595947, 0.01920294761657715, 0.05690103769302368
48, -2.160198926925659, 0.01920294761657715, 0.29170283675193787
49, -2.160198926925659, 0.01920294761657715, 0.29170283675193787
50, -2.2032620906829834, 0.01920294761657715, 0.5379660725593567
51, -2.2463252544403076, 0.01920294761657715, 0.7842292785644531
52, -2.2463252544403076, 0.01920294761657715, 0.7842292785644531
53, -2.4067506790161133, 0.01920294761657715, 0.9759678840637207
54, -2.567176103591919, 0.01920294761657715, 1.1677064895629883
55, -2.567176103591919, 0.01920294761657715, 1.1677064895629883
56, -2.8019778728485107, 0.01920294761657715, 1.2535443305969238
57, -3.0367796421051025, 0.01920294761657715, 1.3393821716308594
58, -3.2715814113616943, 0.01920294761657715, 1.425220012664795
59, -3.2715814113616943, 0.01920294761657715, 1.425220012664795
60, -3.2715814113616943, 0.01920294761657715, 1.425220012664795
61, -3.2715814113616943, 0.01920294761657715, 1.425220012664795
62, -3.2715814113616943, 0.01920294761657715, 1.425220012664795
63, -3.2715814113616943, 0.01920294761657715, 1.425220012664795
64, -3.2715814113616943, 0.01920294761657715, 1.425220012664795
65, -3.0367796421051025, 0.01920294761657715, 1.3393821716308594
66, -2.8019778728485107, 0.01920294761657715, 1.2535443305969238
67, -2.567176103591919, 0.01920294761657715, 1.1677064895629883
68, -2.332374334335327, 0.01920294761657715, 1.0818686485290527
69, -2.0975725650787354, 0.01920294761657715, 0.996030867099762
70, -2.0975725650787354, 0.01920294761657715, 0.996030867099762
71, -1.9371471405029297, 0.01920294761657715, 0.8042922616004944
72, -1.776721715927124, 0.01920294761657715, 0.6125536561012268
73, -1.6162962913513184, 0.01920294761657715, 0.42081505060195923
74, -1.4558708667755127, 0.01920294761657715, 0.22907646000385284
75, -1.295445442199707, 0.01920294761657715, 0.03733786940574646
76, -1.1350200176239014, 0.01920294761657715, -0.15440072119235992
77, -0.9745945930480957, 0.01920294761657715, -0.3461393117904663
78, -0.9745945930480957, 0.01920294761657715, -0.3461393117904663
79, -0.9315313696861267, 0.01920294761657715, -0.5924025177955627
80, -0.8884681463241577, 0.01920294761657715, -0.8386657238006592
81, -0.8454049229621887, 0.01920294761657715, -1.0849288702011108
82, -0.8023416996002197, 0.01920294761657715, -1.3311920166015625
83, -0.8023416996002197, 0.01920294761657715, -1.3311920166015625
84, -0.6419162750244141, 0.01920294761657715, -1.52293062210083
85, -0.6419162750244141, 0.01920294761657715, -1.52293062210083
86, -0.6419162750244141, 0.01920294761657715, -1.52293062210083
87, -0.6419162750244141, 0.01920294761657715, -1.52293062210083
88, -0.40711450576782227, 0.01920294761657715, -1.6087684631347656
89, -0.40711450576782227, 0.01920294761657715, -1.6087684631347656
90, -0.40711450576782227, 0.01920294761657715, -1.6087684631347656
91, -0.40711450576782227, 0.01920294761657715, -1.6087684631347656
92, -0.40711450576782227, 0.01920294761657715, -1.6087684631347656
93, -0.40711450576782227, 0.01920294761657715, -1.6087684631347656
94, -0.5675399303436279, 0.01920294761657715, -1.417029857635498
95, -0.7279653549194336, 0.01920294761657715, -1.2252912521362305
96, -0.7279653549194336, 0.01920294761657715, -1.2252912521362305
97, -0.7710285782814026, 0.01920294761657715, -0.9790279865264893
98, -0.8140918016433716, 0.01920294761657715, -0.732764720916748
99, -0.8571550250053406, 0.01920294761657715, -0.4865014851093292
100, -0.8571550250053406, 0.01920294761657715, -0.4865014851093292
101, -1.017580509185791, 0.01920294761657715, -0.29476287961006165
102, -1.1780059337615967, 0.01920294761657715, -0.10302427411079407
103, -1.3384313583374023, 0.01920294761657715, 0.08871433138847351
104, -1.498856782913208, 0.01920294761657715, 0.2804529368877411
105, -1.6592822074890137, 0.01920294761657715, 0.47219154238700867
106, -1.8197076320648193, 0.01920294761657715, 0.6639301776885986
107, -1.980133056640625, 0.01920294761657715, 0.8556687831878662
108, -2.1405584812164307, 0.01920294761657715, 1.0474073886871338
109, -2.3009839057922363, 0.01920294761657715, 1.2391459941864014
110, -2.461409330368042, 0.01920294761657715, 1.430884599685669
111, -2.6218347549438477, 0.01920294761657715, 1.6226232051849365
112, -2.6218347549438477, 0.01920294761657715, 1.6226232051849365
113, -2.8566365242004395, 0.01920294761657715, 1.708461046218872
114, -3.0914382934570312, 0.01920294761657715, 1.7942988872528076
115, -3.326240062713623, 0.01920294761657715, 1.8801367282867432
116, -3.326240062713623, 0.01920294761657715, 1.8801367282867432
117, -3.326240062713623, 0.01920294761657715, 1.8801367282867432
118, -3.561041831970215, 0.01920294761657715, 1.9659745693206787
119, -3.7958436012268066, 0.01920294761657715, 2.0518124103546143
120, -4.030645370483398, 0.01920294761657715, 2.13765025138855
121, -4.26544713973999, 0.01920294761657715, 2.2234880924224854
122, -4.26544713973999, 0.01920294761657715, 2.2234880924224854
123, -4.511710166931152, 0.01920294761657715, 2.180424928665161
124, -4.7579731941223145, 0.01920294761657715, 2.137361764907837
125, -5.004236221313477, 0.01920294761657715, 2.0942986011505127
126, -5.004236221313477, 0.01920294761657715, 2.0942986011505127
127, -5.239037990570068, 0.01920294761657715, 2.1801364421844482
128, -5.47383975982666, 0.01920294761657715, 2.265974283218384
129, -5.708641529083252, 0.01920294761657715, 2.3518121242523193
130, -5.708641529083252, 0.01920294761657715, 2.3518121242523193
131, -5.954904556274414, 0.01920294761657715, 2.308748960494995
132, -6.201167583465576, 0.01920294761657715, 2.265685796737671
133, -6.201167583465576, 0.01920294761657715, 2.265685796737671
134, -6.201167583465576, 0.01920294761657715, 2.265685796737671
135, -6.447430610656738, 0.01920294761657715, 2.2226226329803467
136, -6.6936936378479, 0.01920294761657715, 2.1795594692230225
137, -6.9399566650390625, 0.01920294761657715, 2.1364963054656982
138, -7.186219692230225, 0.01920294761657715, 2.093433141708374
139, -7.432482719421387, 0.01920294761657715, 2.05036997795105
140, -7.678745746612549, 0.01920294761657715, 2.0073068141937256
141, -7.925008773803711, 0.01920294761657715, 1.9642436504364014
142, -7.925008773803711, 0.01920294761657715, 1.9642436504364014
143, -8.159811019897461, 0.01920294761657715, 2.050081491470337
144, -8.394613265991211, 0.01920294761657715, 2.1359193325042725
145, -8.629415512084961, 0.01920294761657715, 2.221757173538208
146, -8.864217758178711, 0.01920294761657715, 2.3075950145721436
147, -8.864217758178711, 0.01920294761657715, 2.3075950145721436
148, -8.864217758178711, 0.01920294761657715, 2.3075950145721436
149, -8.864217758178711, 0.01920294761657715, 2.3075950145721436
150, -8.864217758178711, 0.01920294761657715, 2.3075950145721436
151, -8.864217758178711, 0.01920294761657715, 2.3075950145721436
152, -8.864217758178711, 0.01920294761657715, 2.3075950145721436
153, -8.629415512084961, 0.01920294761657715, 2.221757173538208
154, -8.394613265991211, 0.01920294761657715, 2.1359193325042725
155, -8.159811019897461, 0.01920294761657715, 2.050081491470337
156, -7.925009250640869, 0.01920294761657715, 1.9642436504364014
157, -7.925009250640869, 0.01920294761657715, 1.9642436504364014
158, -7.678746223449707, 0.01920294761657715, 2.0073068141937256
159, -7.432483196258545, 0.01920294761657715, 2.05036997795105
160, -7.186220169067383, 0.01920294761657715, 2.093433141708374
161, -6.939957141876221, 0.01920294761657715, 2.1364963054656982
162, -6.693694114685059, 0.01920294761657715, 2.1795594692230225
163, -6.4474310874938965, 0.01920294761657715, 2.2226226329803467
164, -6.4474310874938965, 0.01920294761657715, 2.2226226329803467
165, -6.255692481994629, 0.01920294761657715, 2.3830480575561523
166, -6.255692481994629, 0.01920294761657715, 2.3830480575561523
167, -6.169854640960693, 0.01920294761657715, 2.617849826812744
168, -6.084016799926758, 0.01920294761657715, 2.852651596069336
169, -6.084016799926758, 0.01920294761657715, 2.852651596069336
170, -6.127079963684082, 0.01920294761657715, 3.098914861679077
171, -6.170143127441406, 0.01920294761657715, 3.3451781272888184
172, -6.2132062911987305, 0.01920294761657715, 3.5914413928985596
173, -6.256269454956055, 0.01920294761657715, 3.837704658508301
174, -6.256269454956055, 0.01920294761657715, 3.837704658508301
175, -6.256269454956055, 0.01920294761657715, 3.837704658508301
176, -6.256269454956055, 0.01920294761657715, 3.837704658508301
177, -6.256269454956055, 0.01920294761657715, 3.837704658508301
178, -6.299332618713379, 0.01920294761657715, 4.083967685699463
179, -6.299332618713379, 0.01920294761657715, 4.083967685699463
180, -6.213494777679443, 0.01920294761657715, 4.318769454956055
181, -6.213494777679443, 0.01920294761657715, 4.318769454956055
182, -6.213494777679443, 0.01920294761657715, 4.318769454956055
183, -6.213494777679443, 0.01920294761657715, 4.318769454956055
184, -6.213494777679443, 0.01920294761657715, 4.318769454956055
185, -6.213494777679443, 0.01920294761657715, 4.318769454956055
186, -6.170431613922119, 0.01920294761657715, 4.072506427764893
187, -6.127368450164795, 0.01920294761657715, 3.8262431621551514
188, -6.084305286407471, 0.01920294761657715, 3.57997989654541
189, -6.0412421226501465, 0.01920294761657715, 3.333716630935669
190, -5.998178958892822, 0.01920294761657715, 3.0874533653259277
191, -5.955115795135498, 0.01920294761657715, 2.8411900997161865
192, -5.912052631378174, 0.01920294761657715, 2.5949268341064453
193, -5.912052631378174, 0.01920294761657715, 2.5949268341064453
194, -5.751626968383789, 0.01920294761657715, 2.4031882286071777
195, -5.5912017822265625, 0.01920294761657715, 2.21144962310791
196, -5.5912017822265625, 0.01920294761657715, 2.21144962310791
197, -5.356400012969971, 0.01920294761657715, 2.1256117820739746
198, -5.356400012969971, 0.01920294761657715, 2.1256117820739746
199, -5.110136985778809, 0.01920294761657715, 2.168674945831299
200, -4.8638739585876465, 0.01920294761657715, 2.211738109588623
201, -4.617610931396484, 0.01920294761657715, 2.2548012733459473
202, -4.371347904205322, 0.01920294761657715, 2.2978644371032715
203, -4.12508487701416, 0.01920294761657715, 2.3409276008605957
204, -4.12508487701416, 0.01920294761657715, 2.3409276008605957
205, -3.9333462715148926, 0.01920294761657715, 2.5013530254364014
206, -3.9333462715148926, 0.01920294761657715, 2.5013530254364014
207, -3.847508430480957, -0.03473791480064392, 2.736154794692993
208, -3.7616705894470215, -0.1477627009153366, 2.970956563949585
209, -3.7616705894470215, -0.1477627009153366, 2.970956563949585
210, -3.7797811031341553, -0.2107963114976883, 3.074524402618408
211, -3.7797811031341553, -0.2107963114976883, 3.074524402618408
212, -3.940206527709961, -0.3658106327056885, 3.266263008117676
213, -3.940206527709961, -0.3658106327056885, 3.266263008117676
214, -3.940206527709961, -0.3658106327056885, 3.266263008117676
215, -3.940206527709961, -0.3658106327056885, 3.266263008117676
216, -3.938000202178955, -0.36901530623435974, 3.2722980976104736
217, -3.938000202178955, -0.36901530623435974, 3.2722980976104736
218, -3.938000202178955, -0.36901530623435974, 3.2722980976104736
219, -3.938000202178955, -0.36901530623435974, 3.2722980976104736
220, -3.938000202178955, -0.36901530623435974, 3.2722980976104736
221, -3.938000202178955, -0.36901530623435974, 3.2722980976104736
222, -3.938000202178955, -0.36901530623435974, 3.2722980976104736
223, -3.938000202178955, -0.36901530623435974, 3.2722980976104736
224, -3.938000202178955, -0.36901530623435974, 3.2722980976104736
225, -3.938000202178955, -0.36901530623435974, 3.2722980976104736
226, -3.949781894683838, -0.38039958477020264, 3.286379337310791
227, -3.949781894683838, -0.38039958477020264, 3.286379337310791
228, -3.949781894683838, -0.38039958477020264, 3.286379337310791
229, -3.949781894683838, -0.38039958477020264, 3.286379337310791
230, -3.949781894683838, -0.38039958477020264, 3.286379337310791
231, -3.949781894683838, -0.38039958477020264, 3.286379337310791
232, -3.949781894683838, -0.38039958477020264, 3.286379337310791
233, -3.949620008468628, -0.3806349039077759, 3.286822557449341
234, -3.949620008468628, -0.3806349039077759, 3.286822557449341
235, -3.949620008468628, -0.38063499331474304, 3.286822557449341
236, -3.949620008468628, -0.38063499331474304, 3.286822557449341
237, -3.949620008468628, -0.38063499331474304, 3.286822557449341
238, -3.949620008468628, -0.38063499331474304, 3.286822557449341
239, -3.949620008468628, -0.38063496351242065, 3.286822557449341
240, -3.949620008468628, -0.38063496351242065, 3.286822557449341
241, -3.9496188163757324, -0.3806339204311371, 3.2868213653564453
242, -3.9496188163757324, -0.3806339204311371, 3.2868213653564453
243, -3.906555652618408, -0.21914976835250854, 3.040558099746704
244, -3.863492488861084, -0.05943192541599274, 2.794294834136963
245, -3.8204293251037598, 0.005327343940734863, 2.5480315685272217
246, -3.7773661613464355, 0.01920294761657715, 2.3017683029174805
247, -3.7773661613464355, 0.01920294761657715, 2.3017683029174805
248, -3.61694073677063, 0.01920294761657715, 2.110029697418213
249, -3.456515312194824, 0.01920294761657715, 1.9182910919189453
250, -3.456515312194824, 0.01920294761657715, 1.9182910919189453
251, -3.456515312194824, 0.01920294761657715, 1.9182910919189453
252, -3.456515312194824, 0.01920294761657715, 1.9182910919189453
253, -3.2217135429382324, 0.01920294761657715, 1.8324532508850098
254, -2.9869117736816406, 0.01920294761657715, 1.7466154098510742
255, -2.9869117736816406, 0.01920294761657715, 1.7466154098510742
256, -2.826486349105835, 0.01920294761657715, 1.5548768043518066
257, -2.826486349105835, 0.01920294761657715, 1.5548768043518066
258, -2.591684579849243, 0.01920294761657715, 1.469038963317871
259, -2.591684579849243, 0.01920294761657715, 1.469038963317871
260, -2.591684579849243, 0.01920294761657715, 1.469038963317871
261, -2.591684579849243, 0.01920294761657715, 1.469038963317871
262, -2.591684579849243, 0.01920294761657715, 1.469038963317871
263, -2.591684579849243, 0.01920294761657715, 1.469038963317871
264, -2.591684579849243, 0.01920294761657715, 1.469038963317871
265, -2.826486349105835, 0.01920294761657715, 1.5548768043518066
266, -3.0612881183624268, 0.01920294761657715, 1.6407146453857422
267, -3.2960898876190186, 0.01920294761657715, 1.7265524864196777
268, -3.2960898876190186, 0.01920294761657715, 1.7265524864196777
269, -3.2960898876190186, 0.01920294761657715, 1.7265524864196777
270, -3.2960898876190186, 0.01920294761657715, 1.7265524864196777
271, -3.2960898876190186, 0.01920294761657715, 1.7265524864196777
272, -3.2960898876190186, 0.01920294761657715, 1.7265524864196777
273, -3.0498266220092773, 0.01920294761657715, 1.769615650177002
274, -3.0498266220092773, 0.01920294761657715, 1.769615650177002
275, -2.8150248527526855, 0.01920294761657715, 1.6837778091430664
276, -2.5802230834960938, 0.01920294761657715, 1.5979399681091309
277, -2.345421314239502, 0.01920294761657715, 1.5121021270751953
278, -2.345421314239502, 0.01920294761657715, 1.5121021270751953
279, -2.0991580486297607, 0.01920294761657715, 1.5551652908325195
280, -1.8528947830200195, 0.01920294761657715, 1.5982284545898438
281, -1.6066315174102783, 0.01920294761657715, 1.641291618347168
282, -1.360368251800537, 0.01920294761657715, 1.6843547821044922
283, -1.114104986190796, 0.01920294761657715, 1.7274179458618164
284, -1.114104986190796, 0.01920294761657715, 1.7274179458618164
285, -0.9223663806915283, 0.01920294761657715, 1.887843370437622
286, -0.9223663806915283, 0.01920294761657715, 1.887843370437622
287, -0.9223663806915283, 0.01920294761657715, 1.887843370437622
288, -0.9223663806915283, 0.01920294761657715, 1.887843370437622
289, -0.9223663806915283, 0.01920294761657715, 1.887843370437622
290, -0.9223663806915283, 0.01920294761657715, 1.887843370437622
291, -1.1686296463012695, 0.01920294761657715, 1.8447802066802979
292, -1.4148929119110107, 0.01920294761657715, 1.8017170429229736
293, -1.661156177520752, 0.01920294761657715, 1.7586538791656494
294, -1.9074194431304932, 0.01920294761657715, 1.7155907154083252
295, -2.1536827087402344, 0.01920294761657715, 1.672527551651001
296, -2.3999459743499756, 0.01920294761657715, 1.6294643878936768
297, -2.646209239959717, 0.01920294761657715, 1.5864012241363525
298, -2.646209239959717, 0.01920294761657715, 1.5864012241363525
299, -2.8810110092163086, 0.01920294761657715, 1.672239065170288
300, -3.1158127784729004, 0.01920294761657715, 1.7580769062042236
301, -3.350614547729492, 0.01920294761657715, 1.8439147472381592
302, -3.350614547729492, 0.01920294761657715, 1.8439147472381592
303, -3.350614547729492, 0.01920294761657715, 1.8439147472381592
304, -3.350614547729492, 0.01920294761657715, 1.8439147472381592
305, -3.350614547729492, 0.01920294761657715, 1.8439147472381592
306, -3.350614547729492, 0.01920294761657715, 1.8439147472381592
307, -3.350614547729492, 0.01920294761657715, 1.8439147472381592
308, -3.1158127784729004, 0.01920294761657715, 1.7580769062042236
309, -3.1158127784729004, 0.01920294761657715, 1.7580769062042236
310, -3.1158127784729004, 0.01920294761657715, 1.7580769062042236
311, -3.1158127784729004, 0.01920294761657715, 1.7580769062042236
312, -2.869549512863159, 0.01920294761657715, 1.8011400699615479
313, -2.869549512863159, 0.01920294761657715, 1.8011400699615479
314, -2.6347477436065674, 0.01920294761657715, 1.7153022289276123
315, -2.3999459743499756, 0.01920294761657715, 1.6294643878936768
316, -2.3999459743499756, 0.01920294761657715, 1.6294643878936768
317, -2.3999459743499756, 0.01920294761657715, 1.6294643878936768
318, -2.3999459743499756, 0.01920294761657715, 1.6294643878936768
319, -2.1536827087402344, 0.01920294761657715, 1.672527551651001
320, -1.9074194431304932, 0.01920294761657715, 1.7155907154083252
321, -1.661156177520752, 0.01920294761657715, 1.7586538791656494
322, -1.4148929119110107, 0.01920294761657715, 1.8017170429229736
323, -1.1686296463012695, 0.01920294761657715, 1.8447802066802979
324, -1.1686296463012695, 0.01920294761657715, 1.8447802066802979
325, -1.1686296463012695, 0.01920294761657715, 1.8447802066802979
326, -1.1686296463012695, 0.01920294761657715, 1.8447802066802979
327, -1.1686296463012695, 0.01920294761657715, 1.8447802066802979
328, -1.1686296463012695, 0.01920294761657715, 1.8447802066802979
329, -1.1686296463012695, 0.01920294761657715, 1.8447802066802979
330, -1.4148927927017212, 0.01920294761657715, 1.801716923713684
331, -1.6611559391021729, 0.01920294761657715, 1.7586536407470703
332, -1.9074190855026245, 0.01920294761657715, 1.7155903577804565
333, -2.153682231903076, 0.01920294761657715, 1.6725270748138428
334, -2.3999454975128174, 0.01920294761657715, 1.629463791847229
335, -2.6462087631225586, 0.01920294761657715, 1.5864005088806152
336, -2.6462087631225586, 0.01920294761657715, 1.5864005088806152
337, -2.8810105323791504, 0.01920294761657715, 1.6722383499145508
338, -3.115812301635742, 0.01920294761657715, 1.7580761909484863
339, -3.350614070892334, 0.01920294761657715, 1.8439140319824219
340, -3.350614070892334, 0.01920294761657715, 1.8439140319824219
341, -3.5110394954681396, 0.01920294761657715, 2.0356526374816895
342, -3.5110394954681396, 0.01920294761657715, 2.0356526374816895
343, -3.7458412647247314, 0.01920294761657715, 2.121490478515625
344, -3.9806430339813232, 0.01920294761657715, 2.2073283195495605
345, -3.9806430339813232, 0.01920294761657715, 2.2073283195495605
346, -4.2269062995910645, 0.01920294761657715, 2.1642651557922363
347, -4.473169326782227, 0.01920294761657715, 2.121201992034912
348, -4.719432353973389, 0.01920294761657715, 2.078138828277588
349, -4.965695381164551, 0.01920294761657715, 2.0350756645202637
350, -4.965695381164551, 0.01920294761657715, 2.0350756645202637
351, -5.200497150421143, 0.01920294761657715, 2.120913505554199
352, -5.435298919677734, 0.01920294761657715, 2.2067513465881348
353, -5.670100688934326, 0.01920294761657715, 2.2925891876220703
354, -5.670100688934326, 0.01920294761657715, 2.2925891876220703
355, -5.830526351928711, 0.01920294761657715, 2.484327793121338
356, -5.9909515380859375, 0.01920294761657715, 2.6760663986206055
357, -5.9909515380859375, 0.01920294761657715, 2.6760663986206055
358, -6.034014701843262, 0.01920294761657715, 2.9223296642303467
359, -6.077077865600586, 0.01920294761657715, 3.168592929840088
360, -6.12014102935791, 0.01920294761657715, 3.414856195449829
361, -6.12014102935791, 0.01920294761657715, 3.414856195449829
362, -6.12014102935791, 0.01920294761657715, 3.414856195449829
363, -6.12014102935791, 0.01920294761657715, 3.414856195449829
364, -6.12014102935791, 0.01920294761657715, 3.414856195449829
365, -6.12014102935791, 0.01920294761657715, 3.414856195449829
366, -6.12014102935791, 0.01920294761657715, 3.414856195449829
367, -6.077077865600586, 0.01920294761657715, 3.168592929840088
368, -6.034014701843262, 0.01920294761657715, 2.9223296642303467
369, -5.9909515380859375, 0.01920294761657715, 2.6760663986206055
370, -5.9909515380859375, 0.01920294761657715, 2.6760663986206055
371, -5.830526351928711, 0.01920294761657715, 2.484327793121338
372, -5.670101165771484, 0.01920294761657715, 2.2925891876220703
373, -5.670101165771484, 0.01920294761657715, 2.2925891876220703
374, -5.435299396514893, 0.01920294761657715, 2.2067513465881348
375, -5.200497627258301, 0.01920294761657715, 2.120913505554199
376, -5.200497627258301, 0.01920294761657715, 2.120913505554199
377, -5.200497627258301, 0.01920294761657715, 2.120913505554199
378, -4.965695858001709, 0.01920294761657715, 2.0350756645202637
379, -4.965695858001709, 0.01920294761657715, 2.0350756645202637
380, -4.719432830810547, 0.01920294761657715, 2.078138828277588
381, -4.473169803619385, 0.01920294761657715, 2.121201992034912
382, -4.226906776428223, 0.01920294761657715, 2.1642651557922363
383, -4.226906776428223, 0.01920294761657715, 2.1642651557922363
384, -4.226906776428223, 0.01920294761657715, 2.1642651557922363
385, -4.226906776428223, 0.01920294761657715, 2.1642651557922363
386, -3.992105007171631, 0.01920294761657715, 2.078427314758301
387, -3.757303237915039, 0.01920294761657715, 1.9925894737243652
388, -3.5225014686584473, 0.01920294761657715, 1.9067516326904297
389, -3.2876996994018555, 0.01920294761657715, 1.8209137916564941
390, -3.2876996994018555, 0.01920294761657715, 1.8209137916564941
391, -3.2876996994018555, 0.01920294761657715, 1.8209137916564941
392, -3.2876996994018555, 0.01920294761657715, 1.8209137916564941
393, -3.2876996994018555, 0.01920294761657715, 1.8209137916564941
394, -3.0528979301452637, 0.01920294761657715, 1.7350759506225586
395, -3.0528979301452637, 0.01920294761657715, 1.7350759506225586
396, -2.892472505569458, 0.01920294761657715, 1.543337345123291
397, -2.892472505569458, 0.01920294761657715, 1.543337345123291
398, -2.657670736312866, 0.01920294761657715, 1.4574995040893555
399, -2.657670736312866, 0.01920294761657715, 1.4574995040893555
400, -2.657670736312866, 0.01920294761657715, 1.4574995040893555
401, -2.657670736312866, 0.01920294761657715, 1.4574995040893555
402, -2.411407470703125, 0.01920294761657715, 1.5005626678466797
403, -2.165144205093384, 0.01920294761657715, 1.543625831604004
404, -1.9188809394836426, 0.01920294761657715, 1.5866889953613281
405, -1.6726176738739014, 0.01920294761657715, 1.6297521591186523
406, -1.4263544082641602, 0.01920294761657715, 1.6728153228759766
407, -1.180091142654419, 0.01920294761657715, 1.7158784866333008
408, -1.180091142654419, 0.01920294761657715, 1.7158784866333008
409, -0.9883525371551514, 0.01920294761657715, 1.8763039112091064
410, -0.7966139316558838, 0.01920294761657715, 2.036729335784912
411, -0.7966139316558838, 0.01920294761657715, 2.036729335784912
412, -0.7966139316558838, 0.01920294761657715, 2.036729335784912
413, -0.7966139316558838, 0.01920294761657715, 2.036729335784912
414, -0.710776150226593, 0.01920294761657715, 2.271531105041504
415, -0.6864070892333984, 0.01920294761657715, 2.3381905555725098
416, -0.6864070892333984, 0.01920294761657715, 2.3381905555725098
417, -0.6864070892333984, 0.01920294761657715, 2.3381905555725098
418, -0.6864070892333984, 0.01920294761657715, 2.3381905555725098
419, -0.6864070892333984, 0.01920294761657715, 2.3381905555725098
420, -0.6864070892333984, 0.01920294761657715, 2.3381905555725098
421, -0.6864070892333984, 0.01920294761657715, 2.3381905555725098
422, -0.6864070892333984, 0.01920294761657715, 2.3381905555725098
423, -0.6864070892333984, 0.01920294761657715, 2.3381905555725098
424, -0.6864070892333984, 0.01920294761657715, 2.3381905555725098
425, -0.6864070892333984, 0.01920294761657715, 2.3381905555725098
426, -0.6864070892333984, 0.01920294761657715, 2.3381905555725098
427, -0.7722448706626892, 0.01920294761657715, 2.103388786315918
428, -0.85808265209198, 0.01920294761657715, 1.8685870170593262
429, -0.85808265209198, 0.01920294761657715, 1.8685870170593262
430, -0.85808265209198, 0.01920294761657715, 1.8685870170593262
431, -1.1043459177017212, 0.01920294761657715, 1.825523853302002
432, -1.3506091833114624, 0.01920294761657715, 1.7824606895446777
433, -1.5968724489212036, 0.01920294761657715, 1.7393975257873535
434, -1.8431357145309448, 0.01920294761657715, 1.6963343620300293
435, -2.0893988609313965, 0.01920294761657715, 1.653271198272705
436, -2.3356621265411377, 0.01920294761657715, 1.6102080345153809
437, -2.581925392150879, 0.01920294761657715, 1.5671448707580566
438, -2.581925392150879, 0.01920294761657715, 1.5671448707580566
439, -2.7736639976501465, 0.01920294761657715, 1.406719446182251
440, -2.7736639976501465, 0.01920294761657715, 1.406719446182251
441, -2.7736639976501465, 0.01920294761657715, 1.406719446182251
442, -3.0084657669067383, 0.01920294761657715, 1.4925572872161865
443, -3.24326753616333, 0.01920294761657715, 1.578395128250122
444, -3.24326753616333, 0.01920294761657715, 1.578395128250122
445, -3.24326753616333, 0.01920294761657715, 1.578395128250122
446, -3.478069305419922, 0.01920294761657715, 1.6642329692840576
447, -3.7128710746765137, 0.01920294761657715, 1.7500708103179932
448, -3.9476728439331055, 0.01920294761657715, 1.8359086513519287
449, -4.182474613189697, 0.01920294761657715, 1.9217464923858643
450, -4.417276382446289, 0.01920294761657715, 2.0075843334198
451, -4.652078151702881, 0.01920294761657715, 2.0934221744537354
452, -4.652078151702881, 0.01920294761657715, 2.0934221744537354
453, -4.898341178894043, 0.01920294761657715, 2.050359010696411
454, -5.144604206085205, 0.01920294761657715, 2.007295846939087
455, -5.144604206085205, 0.01920294761657715, 2.007295846939087
456, -5.379405975341797, 0.01920294761657715, 2.0931336879730225
457, -5.614207744598389, 0.01920294761657715, 2.178971529006958
458, -5.614207744598389, 0.01920294761657715, 2.178971529006958
459, -5.774633407592773, 0.01920294761657715, 2.3707101345062256
460, -5.93505859375, 0.01920294761657715, 2.562448740005493
461, -5.93505859375, 0.01920294761657715, 2.562448740005493
462, -5.978121757507324, 0.01920294761657715, 2.8087120056152344
463, -6.021184921264648, 0.01920294761657715, 3.0549752712249756
464, -6.064248085021973, 0.01920294761657715, 3.301238536834717
465, -6.107311248779297, 0.01920294761657715, 3.547501802444458
466, -6.107311248779297, 0.01920294761657715, 3.547501802444458
467, -6.107311248779297, 0.01920294761657715, 3.547501802444458
468, -6.107311248779297, 0.01920294761657715, 3.547501802444458
469, -6.107311248779297, 0.01920294761657715, 3.547501802444458
470, -6.107311248779297, 0.01920294761657715, 3.547501802444458
471, -6.107311248779297, 0.01920294761657715, 3.547501802444458
472, -6.064248085021973, 0.01920294761657715, 3.301238536834717
473, -6.021184921264648, 0.01920294761657715, 3.0549752712249756
474, -5.978121757507324, 0.01920294761657715, 2.8087120056152344
475, -5.93505859375, 0.01920294761657715, 2.562448740005493
476, -5.93505859375, 0.01920294761657715, 2.562448740005493
477, -5.774633407592773, 0.01920294761657715, 2.3707101345062256
478, -5.614208221435547, 0.01920294761657715, 2.178971529006958
479, -5.614208221435547, 0.01920294761657715, 2.178971529006958
480, -5.379406452178955, 0.01920294761657715, 2.0931336879730225
481, -5.379406452178955, 0.01920294761657715, 2.0931336879730225
482, -5.133143424987793, 0.01920294761657715, 2.1361968517303467
483, -5.133143424987793, 0.01920294761657715, 2.1361968517303467
484, -4.898341655731201, 0.01920294761657715, 2.050359010696411
485, -4.663539886474609, 0.01920294761657715, 1.9645211696624756
486, -4.428738117218018, 0.01920294761657715, 1.87868332862854
487, -4.193936347961426, 0.01920294761657715, 1.7928454875946045
488, -3.959134578704834, 0.01920294761657715, 1.707007646560669
489, -3.724332809448242, 0.01920294761657715, 1.6211698055267334
490, -3.4895310401916504, 0.01920294761657715, 1.5353319644927979
491, -3.2547292709350586, 0.01920294761657715, 1.4494941234588623
492, -3.2547292709350586, 0.01920294761657715, 1.4494941234588623
493, -3.0084660053253174, 0.01920294761657715, 1.4925572872161865
494, -2.762202739715576, 0.01920294761657715, 1.5356204509735107
495, -2.762202739715576, 0.01920294761657715, 1.5356204509735107
496, -2.762202739715576, 0.01920294761657715, 1.5356204509735107
497, -2.515939474105835, 0.01920294761657715, 1.578683614730835
498, -2.2696762084960938, 0.01920294761657715, 1.6217467784881592
499, -2.0234129428863525, 0.01920294761657715, 1.6648099422454834
