1, -4.707314968109131, 0.16337794065475464, -6.630246639251709
2, -4.707314968109131, 0.16337794065475464, -6.630246639251709
3, -4.707314968109131, 0.16337794065475464, -6.630246639251709
4, -4.707314968109131, 0.16337794065475464, -6.630246639251709
5, -4.707314968109131, 0.16337794065475464, -6.630246639251709
6, -4.707314968109131, 0.16337794065475464, -6.630246639251709
7, -4.707314968109131, 0.16337794065475464, -6.630246639251709
8, -4.707314968109131, 0.16337794065475464, -6.630246639251709
9, -4.707314968109131, 0.16337794065475464, -6.630246639251709
10, -4.707314968109131, 0.16337794065475464, -6.630246639251709
11, -4.707314968109131, 0.16337794065475464, -6.630246639251709
12, -4.707314968109131, 0.16337794065475464, -6.630246639251709
13, -4.707314968109131, 0.16337794065475464, -6.630246639251709
14, -4.707314968109131, 0.16337794065475464, -6.630246639251709
15, -4.707314968109131, 0.16337794065475464, -6.630246639251709
16, -4.707314968109131, 0.16337794065475464, -6.630246639251709
17, -4.707315444946289, 0.16337794065475464, -6.630247116088867
18, -4.707315444946289, 0.16337794065475464, -6.630247116088867
19, -4.945979595184326, 0.16337794065475464, -6.704674243927002
20, -4.945979595184326, 0.16337794065475464, -6.704674243927002
21, -4.945979595184326, 0.16337794065475464, -6.704674243927002
22, -4.97172737121582, 0.16337794065475464, -6.819112777709961
23, -4.97172737121582, 0.16337794065475464, -6.819112777709961
24, -4.97172737121582, 0.16337794065475464, -6.819112777709961
25, -4.97172737121582, 0.16337794065475464, -6.819112777709961
26, -4.97172737121582, 0.16337794065475464, -6.819112777709961
27, -4.97172737121582, 0.16337794065475464, -6.819112777709961
28, -5.210391521453857, 0.16337794065475464, -6.893539905548096
29, -5.210391521453857, 0.16337794065475464, -6.893539905548096
30, -5.210391521453857, 0.16337794065475464, -6.893539905548096
31, -5.210391521453857, 0.16337794065475464, -6.893539905548096
32, -5.135964393615723, 0.16337794065475464, -7.132204055786133
33, -5.135964393615723, 0.16337794065475464, -7.132204055786133
34, -4.952176570892334, 0.16337794065475464, -7.301679611206055
35, -4.768388748168945, 0.16337794065475464, -7.471155166625977
36, -4.768388748168945, 0.16337794065475464, -7.471155166625977
37, -4.768388748168945, 0.16337794065475464, -7.471155166625977
38, -4.529724597930908, 0.16337794065475464, -7.396728038787842
39, -4.529724597930908, 0.16337794065475464, -7.396728038787842
40, -4.285821914672852, 0.16337794065475464, -7.45160436630249
41, -4.285821914672852, 0.16337794065475464, -7.45160436630249
42, -4.0471577644348145, 0.16337794065475464, -7.3771772384643555
43, -3.8084936141967773, 0.16337794065475464, -7.302750110626221
44, -3.8084936141967773, 0.16337794065475464, -7.302750110626221
45, -3.5645906925201416, 0.16337794065475464, -7.357626438140869
46, -3.5645906925201416, 0.16337794065475464, -7.357626438140869
47, -3.5645906925201416, 0.16337794065475464, -7.357626438140869
48, -3.5645906925201416, 0.16337794065475464, -7.357626438140869
49, -3.5645906925201416, 0.16337794065475464, -7.357626438140869
50, -3.320687770843506, 0.16337794065475464, -7.412502765655518
51, -3.320687770843506, 0.16337794065475464, -7.412502765655518
52, -3.0820236206054688, 0.16337794065475464, -7.338075637817383
53, -2.8433594703674316, 0.16337794065475464, -7.263648509979248
54, -2.6046953201293945, 0.16337794065475464, -7.189221382141113
55, -2.3660311698913574, 0.16337794065475464, -7.1147942543029785
56, -2.3660311698913574, 0.16337794065475464, -7.1147942543029785
57, -2.1221282482147217, 0.16337794065475464, -7.169670581817627
58, -2.1221282482147217, 0.16337794065475464, -7.169670581817627
59, -2.1221282482147217, 0.16337794065475464, -7.169670581817627
60, -2.047701120376587, 0.16337794065475464, -7.408334732055664
61, -2.047701120376587, 0.16337794065475464, -7.408334732055664
62, -2.033949375152588, 0.16337794065475464, -7.421015739440918
63, -2.033949375152588, 0.16337794065475464, -7.421015739440918
64, -2.033949375152588, 0.16337794065475464, -7.421015739440918
65, -2.033949375152588, 0.16337794065475464, -7.421015739440918
66, -1.7952852249145508, 0.16337794065475464, -7.346588611602783
67, -1.7952852249145508, 0.16337794065475464, -7.346588611602783
68, -1.7952852249145508, 0.16337794065475464, -7.346588611602783
69, -1.7952852249145508, 0.16337794065475464, -7.346588611602783
70, -1.7832441329956055, 0.16337794065475464, -7.385200500488281
71, -1.7832441329956055, 0.16337794065475464, -7.385200500488281
72, -1.7832441329956055, 0.16337794065475464, -7.385200500488281
73, -1.7832441329956055, 0.16337794065475464, -7.385200500488281
74, -1.7832441329956055, 0.16337794065475464, -7.385200500488281
75, -1.7832441329956055, 0.16337794065475464, -7.385200500488281
76, -1.7832441329956055, 0.16337794065475464, -7.385200500488281
77, -1.7832441329956055, 0.16337794065475464, -7.385200500488281
78, -1.7832441329956055, 0.16337794065475464, -7.385200500488281
79, -1.7832441329956055, 0.16337794065475464, -7.385200500488281
80, -1.7832441329956055, 0.16337794065475464, -7.385200500488281
81, -1.7832441329956055, 0.16337794065475464, -7.385200500488281
82, -1.7832441329956055, 0.16337794065475464, -7.385200500488281
83, -1.7832441329956055, 0.16337794065475464, -7.385200500488281
84, -2.027147054672241, 0.16337794065475464, -7.330324172973633
85, -2.2318055629730225, 0.16337794065475464, -7.284277439117432
86, -2.2318058013916016, 0.16337794065475464, -7.284277439117432
87, -2.2318058013916016, 0.16337794065475464, -7.284277439117432
88, -2.4155938625335693, 0.16337794065475464, -7.11480188369751
89, -2.4155938625335693, 0.16337794065475464, -7.11480188369751
90, -2.4155938625335693, 0.16337794065475464, -7.11480188369751
91, -2.6542580127716064, 0.16337794065475464, -7.1892290115356445
92, -2.6542580127716064, 0.16337794065475464, -7.1892290115356445
93, -2.6542580127716064, 0.16337794065475464, -7.1892290115356445
94, -2.6542580127716064, 0.16337794065475464, -7.1892290115356445
95, -2.6542580127716064, 0.16337794065475464, -7.1892290115356445
96, -2.6542580127716064, 0.16337794065475464, -7.1892290115356445
97, -2.6542580127716064, 0.16337794065475464, -7.1892290115356445
98, -2.4155938625335693, 0.16337794065475464, -7.11480188369751
99, -2.1769297122955322, 0.16337794065475464, -7.040374755859375
100, -1.9382655620574951, 0.16337794065475464, -6.96594762802124
101, -1.699601411819458, 0.16337794065475464, -6.8915205001831055
102, -1.699601411819458, 0.16337794065475464, -6.8915205001831055
103, -1.4556984901428223, 0.16337794065475464, -6.946396827697754
104, -1.2117955684661865, 0.16337794065475464, -7.001273155212402
105, -0.9678927063941956, 0.16337794065475464, -7.056149482727051
106, -0.7239898443222046, 0.16337794065475464, -7.111025810241699
107, -0.4800869822502136, 0.16337794065475464, -7.165902137756348
108, -0.4800869822502136, 0.16337794065475464, -7.165902137756348
109, -0.4800869822502136, 0.16337794065475464, -7.165902137756348
110, -0.4800869822502136, 0.16337794065475464, -7.165902137756348
111, -0.4800869822502136, 0.16337794065475464, -7.165902137756348
112, -0.4800869822502136, 0.16337794065475464, -7.165902137756348
113, -0.4800869822502136, 0.16337794065475464, -7.165902137756348
114, -0.7239898443222046, 0.16337794065475464, -7.111025810241699
115, -0.9678927063941956, 0.16337794065475464, -7.056149482727051
116, -1.2117955684661865, 0.16337794065475464, -7.001273155212402
117, -1.2117955684661865, 0.16337794065475464, -7.001273155212402
118, -1.2117955684661865, 0.16337794065475464, -7.001273155212402
119, -1.4556984901428223, 0.16337794065475464, -6.946396827697754
120, -1.699601411819458, 0.16337794065475464, -6.8915205001831055
121, -1.699601411819458, 0.16337794065475464, -6.8915205001831055
122, -1.9382655620574951, 0.16337794065475464, -6.96594762802124
123, -2.1769297122955322, 0.16337794065475464, -7.040374755859375
124, -2.1769297122955322, 0.16337794065475464, -7.040374755859375
125, -2.1769297122955322, 0.16337794065475464, -7.040374755859375
126, -2.1769297122955322, 0.16337794065475464, -7.040374755859375
127, -2.1769297122955322, 0.16337794065475464, -7.040374755859375
128, -2.1769297122955322, 0.16337794065475464, -7.040374755859375
129, -2.1769297122955322, 0.16337794065475464, -7.040374755859375
130, -2.4155938625335693, 0.16337794065475464, -7.11480188369751
131, -2.4155938625335693, 0.16337794065475464, -7.11480188369751
132, -2.4155938625335693, 0.16337794065475464, -7.11480188369751
133, -2.4155938625335693, 0.16337794065475464, -7.11480188369751
134, -2.4155938625335693, 0.16337794065475464, -7.11480188369751
135, -2.2318058013916016, 0.16337794065475464, -7.284277439117432
136, -2.2318058013916016, 0.16337794065475464, -7.284277439117432
137, -2.2318058013916016, 0.16337794065475464, -7.284277439117432
138, -1.9879028797149658, 0.16337794065475464, -7.33915376663208
139, -1.9879028797149658, 0.16337794065475464, -7.33915376663208
140, -1.9879028797149658, 0.16337794065475464, -7.33915376663208
141, -1.9654269218444824, 0.16337794065475464, -7.411226749420166
142, -1.9654269218444824, 0.16337794065475464, -7.411226749420166
143, -1.9654269218444824, 0.16337794065475464, -7.411226749420166
144, -1.9654269218444824, 0.16337794065475464, -7.411226749420166
145, -1.9654269218444824, 0.16337794065475464, -7.411226749420166
146, -1.9654269218444824, 0.16337794065475464, -7.411226749420166
147, -1.9654269218444824, 0.16337794065475464, -7.411226749420166
148, -1.9654269218444824, 0.16337794065475464, -7.411226749420166
149, -2.104156732559204, 0.16337794065475464, -7.380013465881348
150, -2.104156970977783, 0.16337794065475464, -7.380013465881348
151, -2.104156970977783, 0.16337794065475464, -7.380013465881348
152, -2.287945032119751, 0.16337794065475464, -7.210537910461426
153, -2.4717330932617188, 0.16337794065475464, -7.041062355041504
154, -2.4717330932617188, 0.16337794065475464, -7.041062355041504
155, -2.4717330932617188, 0.16337794065475464, -7.041062355041504
156, -2.710397243499756, 0.16337794065475464, -7.115489482879639
157, -2.949061393737793, 0.16337794065475464, -7.189916610717773
158, -2.949061393737793, 0.16337794065475464, -7.189916610717773
159, -2.949061393737793, 0.16337794065475464, -7.189916610717773
160, -2.949061393737793, 0.16337794065475464, -7.189916610717773
161, -2.949061393737793, 0.16337794065475464, -7.189916610717773
162, -2.949061393737793, 0.16337794065475464, -7.189916610717773
163, -2.7051584720611572, 0.16337794065475464, -7.244792938232422
164, -2.7051584720611572, 0.16337794065475464, -7.244792938232422
165, -2.46649432182312, 0.16337794065475464, -7.170365810394287
166, -2.46649432182312, 0.16337794065475464, -7.170365810394287
167, -2.46649432182312, 0.16337794065475464, -7.170365810394287
168, -2.3553221225738525, 0.16337794065475464, -7.272880554199219
169, -2.3553221225738525, 0.16337794065475464, -7.272880554199219
170, -2.3553221225738525, 0.16337794065475464, -7.272880554199219
171, -2.3553221225738525, 0.16337794065475464, -7.272880554199219
172, -2.1166579723358154, 0.16337794065475464, -7.198453426361084
173, -2.1166579723358154, 0.16337794065475464, -7.198453426361084
174, -2.1166579723358154, 0.16337794065475464, -7.198453426361084
175, -2.1166579723358154, 0.16337794065475464, -7.198453426361084
176, -2.046684503555298, 0.16337794065475464, -7.422834873199463
177, -2.046684503555298, 0.16337794065475464, -7.422834873199463
178, -2.046684503555298, 0.16337794065475464, -7.422834873199463
179, -2.0466842651367188, 0.16337794065475464, -7.422834873199463
180, -3.9533214569091797, 3.1633780002593994, -6.7209038734436035
