1, -0.3550240099430084, 2.794919967651367, -10.073107719421387
2, -0.3550240099430084, 2.794919967651367, -10.073107719421387
3, -0.3550240099430084, 2.794919967651367, -10.073107719421387
4, -0.3550240099430084, 2.794919967651367, -10.073107719421387
5, -0.3550240099430084, 2.794919967651367, -10.073107719421387
6, -0.3550240099430084, 2.794919967651367, -10.073107719421387
7, -0.3550240099430084, 2.794919967651367, -10.073107719421387
8, -0.3550240099430084, 2.794919967651367, -10.073107719421387
9, -0.3550240099430084, 2.794919967651367, -10.073107719421387
10, -0.3550240099430084, 2.794919967651367, -10.073107719421387
11, -0.3550240099430084, 2.794919967651367, -10.073107719421387
12, -0.3550240099430084, 2.794919967651367, -10.073107719421387
13, -0.3550240099430084, 2.794919967651367, -10.073107719421387
14, -0.3550240099430084, 2.794919967651367, -10.073107719421387
15, -0.3550240099430084, 2.794919967651367, -10.073107719421387
16, -0.5816874504089355, 2.794919967651367, -10.178576469421387
17, -0.8083509206771851, 2.794919967651367, -10.284045219421387
18, -1.9799120426177979, -0.005079984664916992, -6.319291591644287
