1, -0.7786863446235657, 0.021223172545433044, 2.315211296081543
2, -0.7786863446235657, 0.021223172545433044, 2.315211296081543
3, -0.7786863446235657, 0.021223172545433044, 2.315211296081543
4, -0.7786863446235657, 0.021223172545433044, 2.315211296081543
5, -0.7786863446235657, 0.021223172545433044, 2.315211296081543
6, -0.7786863446235657, 0.021223172545433044, 2.315211296081543
7, -0.7786863446235657, 0.021223172545433044, 2.315211296081543
8, -0.7786863446235657, 0.021223172545433044, 2.315211296081543
9, -0.7786863446235657, 0.021223172545433044, 2.315211296081543
10, -0.7786863446235657, 0.021223172545433044, 2.315211296081543
11, -0.7786863446235657, 0.021223172545433044, 2.315211296081543
12, -0.7786863446235657, 0.021223172545433044, 2.315211296081543
13, -0.7786863446235657, 0.021223172545433044, 2.315211296081543
14, -0.7786863446235657, 0.021223172545433044, 2.315211296081543
15, -0.7786863446235657, 0.021223172545433044, 2.315211296081543
16, -0.7786863446235657, 0.021223172545433044, 2.315211296081543
17, -0.5821653008460999, 0.021223172545433044, 2.469741106033325
18, -0.38564425706863403, 0.021223172545433044, 2.6242709159851074
19, -0.1891232132911682, 0.021223172545433044, 2.7788007259368896
20, 0.007397830486297607, 0.021223172545433044, 2.933330535888672
21, 0.20391887426376343, 0.021223172545433044, 3.087860345840454
22, 0.40043991804122925, 0.021223172545433044, 3.2423901557922363
23, 0.5969609618186951, 0.021223172545433044, 3.3969199657440186
24, 0.5969609618186951, 0.021223172545433044, 3.3969199657440186
25, 0.5969609618186951, 0.021223172545433044, 3.3969199657440186
26, 0.5969609618186951, 0.021223172545433044, 3.3969199657440186
27, 0.5969609618186951, 0.021223172545433044, 3.3969199657440186
28, 0.5969609618186951, 0.021223172545433044, 3.3969199657440186
29, 0.8444181680679321, 0.021223172545433044, 3.4324862957000732
30, 0.8444181680679321, 0.021223172545433044, 3.4324862957000732
31, 1.0765055418014526, 0.021223172545433044, 3.3395590782165527
32, 1.3085929155349731, 0.021223172545433044, 3.2466318607330322
33, 1.3085929155349731, 0.021223172545433044, 3.2466318607330322
34, 1.5560500621795654, 0.021223172545433044, 3.282198190689087
35, 1.8035072088241577, 0.021223172545433044, 3.3177645206451416
36, 1.8035072088241577, 0.021223172545433044, 3.3177645206451416
37, 1.8035072088241577, 0.021223172545433044, 3.3177645206451416
38, 1.8035072088241577, 0.021223172545433044, 3.3177645206451416
39, 1.8035072088241577, 0.021223172545433044, 3.3177645206451416
40, 1.8035072088241577, 0.021223172545433044, 3.3177645206451416
41, 1.5714199542999268, 0.021223172545433044, 3.410691738128662
42, 1.3393325805664062, 0.021223172545433044, 3.5036189556121826
43, 1.1072452068328857, 0.021223172545433044, 3.596546173095703
44, 0.87515789270401, 0.021223172545433044, 3.6894733905792236
45, 0.6430705785751343, 0.021223172545433044, 3.782400608062744
46, 0.6430705785751343, 0.021223172545433044, 3.782400608062744
47, 0.4885407090187073, 0.021223172545433044, 3.97892165184021
48, 0.4885407090187073, 0.021223172545433044, 3.97892165184021
49, 0.4885407090187073, 0.021223172545433044, 3.97892165184021
50, 0.3340108394622803, 0.021223172545433044, 4.175442695617676
51, 0.17948095500469208, 0.021223172545433044, 4.3719635009765625
52, 0.17948095500469208, 0.021223172545433044, 4.3719635009765625
53, 0.14391466975212097, 0.021223172545433044, 4.619420528411865
54, 0.10834838449954987, 0.021223172545433044, 4.866877555847168
55, 0.07278209924697876, 0.021223172545433044, 5.114334583282471
56, 0.037215813994407654, 0.021223172545433044, 5.361791610717773
57, 0.0016495287418365479, 0.021223172545433044, 5.609248638153076
58, -0.03391675651073456, 0.021223172545433044, 5.856705665588379
59, -0.03391675651073456, 0.021223172545433044, 5.856705665588379
60, 0.05901052802801132, 0.021223172545433044, 6.08879280090332
61, 0.1519378125667572, 0.021223172545433044, 6.320879936218262
62, 0.24486508965492249, 0.021223172545433044, 6.552967071533203
63, 0.33779236674308777, 0.021223172545433044, 6.7850542068481445
64, 0.33779236674308777, 0.021223172545433044, 6.7850542068481445
65, 0.33779236674308777, 0.021223172545433044, 6.7850542068481445
66, 0.33779236674308777, 0.021223172545433044, 6.7850542068481445
67, 0.33779236674308777, 0.021223172545433044, 6.7850542068481445
68, 0.33779236674308777, 0.021223172545433044, 6.7850542068481445
69, 0.33779236674308777, 0.021223172545433044, 6.7850542068481445
70, 0.33779236674308777, 0.021223172545433044, 6.7850542068481445
71, 0.33779236674308777, 0.021223172545433044, 6.7850542068481445
72, 0.33779236674308777, 0.021223172545433044, 6.7850542068481445
73, 0.33779236674308777, 0.021223172545433044, 6.7850542068481445
74, 0.33779236674308777, 0.021223172545433044, 6.7850542068481445
75, 0.33779236674308777, 0.021223172545433044, 6.7850542068481445
76, 0.33779236674308777, 0.021223172545433044, 6.7850542068481445
77, 0.33779236674308777, 0.021223172545433044, 6.7850542068481445
78, 0.33779236674308777, 0.021223172545433044, 6.7850542068481445
79, 0.33779236674308777, 0.021223172545433044, 6.7850542068481445
80, 0.33779236674308777, 0.021223172545433044, 6.7850542068481445
81, 0.33779236674308777, 0.021223172545433044, 6.7850542068481445
82, 0.33779236674308777, 0.021223172545433044, 6.7850542068481445
83, 0.33779236674308777, 0.021223172545433044, 6.7850542068481445
84, 0.33779236674308777, 0.021223172545433044, 6.7850542068481445
85, 0.33779236674308777, 0.021223172545433044, 6.7850542068481445
86, 0.33779236674308777, 0.021223172545433044, 6.7850542068481445
87, 0.33779236674308777, 0.021223172545433044, 6.7850542068481445
88, 0.33779236674308777, 0.021223172545433044, 6.7850542068481445
89, 0.33779236674308777, 0.021223172545433044, 6.7850542068481445
90, 0.33779236674308777, 0.021223172545433044, 6.7850542068481445
91, 0.33779236674308777, 0.021223172545433044, 6.7850542068481445
92, 0.33779236674308777, 0.021223172545433044, 6.7850542068481445
93, 0.33779236674308777, 0.021223172545433044, 6.7850542068481445
94, 0.33779236674308777, 0.021223172545433044, 6.7850542068481445
95, 0.33779236674308777, 0.021223172545433044, 6.7850542068481445
96, 0.33779236674308777, 0.021223172545433044, 6.7850542068481445
97, 0.33779236674308777, 0.021223172545433044, 6.7850542068481445
98, 0.33779236674308777, 0.021223172545433044, 6.7850542068481445
99, 0.33779236674308777, 0.021223172545433044, 6.7850542068481445
100, 0.33779236674308777, 0.021223172545433044, 6.7850542068481445
101, 0.33779236674308777, 0.021223172545433044, 6.7850542068481445
102, 0.33779236674308777, 0.021223172545433044, 6.7850542068481445
103, 0.33779236674308777, 0.021223172545433044, 6.7850542068481445
104, 0.33779236674308777, 0.021223172545433044, 6.7850542068481445
105, 0.33779236674308777, 0.021223172545433044, 6.7850542068481445
106, 0.33779236674308777, 0.021223172545433044, 6.7850542068481445
107, 0.33779236674308777, 0.021223172545433044, 6.7850542068481445
108, 0.33779236674308777, 0.021223172545433044, 6.7850542068481445
109, 0.33779236674308777, 0.021223172545433044, 6.7850542068481445
110, 0.33779236674308777, 0.021223172545433044, 6.7850542068481445
111, 0.33779236674308777, 0.021223172545433044, 6.7850542068481445
112, 0.33779236674308777, 0.021223172545433044, 6.7850542068481445
113, 0.33779236674308777, 0.021223172545433044, 6.7850542068481445
114, 0.33779236674308777, 0.021223172545433044, 6.7850542068481445
115, 0.33779236674308777, 0.021223172545433044, 6.7850542068481445
116, 0.33779236674308777, 0.021223172545433044, 6.7850542068481445
117, 0.33779236674308777, 0.021223172545433044, 6.7850542068481445
118, 0.33779236674308777, 0.021223172545433044, 6.7850542068481445
119, 0.33779236674308777, 0.021223172545433044, 6.7850542068481445
120, 0.33779236674308777, 0.021223172545433044, 6.7850542068481445
121, 0.33779236674308777, 0.021223172545433044, 6.7850542068481445
122, 0.33779236674308777, 0.021223172545433044, 6.7850542068481445
123, 0.33779236674308777, 0.021223172545433044, 6.7850542068481445
124, 0.33779236674308777, 0.021223172545433044, 6.7850542068481445
125, 0.33779236674308777, 0.021223172545433044, 6.7850542068481445
126, 0.33779236674308777, 0.021223172545433044, 6.7850542068481445
127, 0.33779236674308777, 0.021223172545433044, 6.7850542068481445
128, 0.33779236674308777, 0.021223172545433044, 6.7850542068481445
129, 0.33779236674308777, 0.021223172545433044, 6.7850542068481445
130, 0.33779236674308777, 0.021223172545433044, 6.7850542068481445
131, 0.33779236674308777, 0.021223172545433044, 6.7850542068481445
132, 0.33779236674308777, 0.021223172545433044, 6.7850542068481445
133, 0.33779236674308777, 0.021223172545433044, 6.7850542068481445
134, 0.33779236674308777, 0.021223172545433044, 6.7850542068481445
135, 0.33779236674308777, 0.021223172545433044, 6.7850542068481445
136, 0.33779236674308777, 0.021223172545433044, 6.7850542068481445
137, 0.33779236674308777, 0.021223172545433044, 6.7850542068481445
138, 0.33779236674308777, 0.021223172545433044, 6.7850542068481445
139, 0.33779236674308777, 0.021223172545433044, 6.7850542068481445
140, 0.33779236674308777, 0.021223172545433044, 6.7850542068481445
141, 0.33779236674308777, 0.021223172545433044, 6.7850542068481445
142, 0.33779236674308777, 0.021223172545433044, 6.7850542068481445
143, 0.33779236674308777, 0.021223172545433044, 6.7850542068481445
144, 0.33779236674308777, 0.021223172545433044, 6.7850542068481445
145, 0.33779236674308777, 0.021223172545433044, 6.7850542068481445
146, 0.33779236674308777, 0.021223172545433044, 6.7850542068481445
147, 0.33779236674308777, 0.021223172545433044, 6.7850542068481445
148, 0.33779236674308777, 0.021223172545433044, 6.7850542068481445
149, 0.33779236674308777, 0.021223172545433044, 6.7850542068481445
150, 0.33779236674308777, 0.021223172545433044, 6.7850542068481445
151, 0.33779236674308777, 0.021223172545433044, 6.7850542068481445
152, 0.33779236674308777, 0.021223172545433044, 6.7850542068481445
153, 0.33779236674308777, 0.021223172545433044, 6.7850542068481445
154, 0.33779236674308777, 0.021223172545433044, 6.7850542068481445
155, 0.33779236674308777, 0.021223172545433044, 6.7850542068481445
156, 0.33779236674308777, 0.021223172545433044, 6.7850542068481445
157, 0.33779236674308777, 0.021223172545433044, 6.7850542068481445
158, 0.33779236674308777, 0.021223172545433044, 6.7850542068481445
159, 0.33779236674308777, 0.021223172545433044, 6.7850542068481445
160, 0.33779236674308777, 0.021223172545433044, 6.7850542068481445
161, 0.33779236674308777, 0.021223172545433044, 6.7850542068481445
162, 0.33779236674308777, 0.021223172545433044, 6.7850542068481445
163, 0.33779236674308777, 0.021223172545433044, 6.7850542068481445
164, 0.33779236674308777, 0.021223172545433044, 6.7850542068481445
165, 0.33779236674308777, 0.021223172545433044, 6.7850542068481445
166, 0.33779236674308777, 0.021223172545433044, 6.7850542068481445
167, 0.33779236674308777, 0.021223172545433044, 6.7850542068481445
168, 0.33779236674308777, 0.021223172545433044, 6.7850542068481445
169, 0.33779236674308777, 0.021223172545433044, 6.7850542068481445
170, 0.33779236674308777, 0.021223172545433044, 6.7850542068481445
171, 0.33779236674308777, 0.021223172545433044, 6.7850542068481445
172, 0.33779236674308777, 0.021223172545433044, 6.7850542068481445
173, 0.33779236674308777, 0.021223172545433044, 6.7850542068481445
174, 0.33779236674308777, 0.021223172545433044, 6.7850542068481445
175, 0.33779236674308777, 0.021223172545433044, 6.7850542068481445
176, 0.33779236674308777, 0.021223172545433044, 6.7850542068481445
177, 0.33779236674308777, 0.021223172545433044, 6.7850542068481445
178, 0.33779236674308777, 0.021223172545433044, 6.7850542068481445
179, 0.33779236674308777, 0.021223172545433044, 6.7850542068481445
180, 0.33779236674308777, 0.021223172545433044, 6.7850542068481445
181, 0.33779236674308777, 0.021223172545433044, 6.7850542068481445
182, 0.33779236674308777, 0.021223172545433044, 6.7850542068481445
183, 0.33779236674308777, 0.021223172545433044, 6.7850542068481445
184, 0.33779236674308777, 0.021223172545433044, 6.7850542068481445
185, 0.33779236674308777, 0.021223172545433044, 6.7850542068481445
186, 0.33779236674308777, 0.021223172545433044, 6.7850542068481445
187, 0.33779236674308777, 0.021223172545433044, 6.7850542068481445
188, 0.33779236674308777, 0.021223172545433044, 6.7850542068481445
189, 0.33779236674308777, 0.021223172545433044, 6.7850542068481445
190, 0.33779236674308777, 0.021223172545433044, 6.7850542068481445
191, 0.33779236674308777, 0.021223172545433044, 6.7850542068481445
192, 0.33779236674308777, 0.021223172545433044, 6.7850542068481445
193, 0.33779236674308777, 0.021223172545433044, 6.7850542068481445
194, 0.33779236674308777, 0.021223172545433044, 6.7850542068481445
195, 0.33779236674308777, 0.021223172545433044, 6.7850542068481445
196, 0.33779236674308777, 0.021223172545433044, 6.7850542068481445
197, 0.33779236674308777, 0.021223172545433044, 6.7850542068481445
198, 0.33779236674308777, 0.021223172545433044, 6.7850542068481445
199, 0.33779236674308777, 0.021223172545433044, 6.7850542068481445
200, 0.33779236674308777, 0.021223172545433044, 6.7850542068481445
201, 0.33779236674308777, 0.021223172545433044, 6.7850542068481445
202, 0.33779236674308777, 0.021223172545433044, 6.7850542068481445
203, 0.33779236674308777, 0.021223172545433044, 6.7850542068481445
204, 0.33779236674308777, 0.021223172545433044, 6.7850542068481445
205, 0.33779236674308777, 0.021223172545433044, 6.7850542068481445
206, 0.33779236674308777, 0.021223172545433044, 6.7850542068481445
207, 0.33779236674308777, 0.021223172545433044, 6.7850542068481445
208, 0.33779236674308777, 0.021223172545433044, 6.7850542068481445
209, 0.33779236674308777, 0.021223172545433044, 6.7850542068481445
210, 0.33779236674308777, 0.021223172545433044, 6.7850542068481445
211, 0.33779236674308777, 0.021223172545433044, 6.7850542068481445
212, 0.33779236674308777, 0.021223172545433044, 6.7850542068481445
213, 0.33779236674308777, 0.021223172545433044, 6.7850542068481445
214, 0.33779236674308777, 0.021223172545433044, 6.7850542068481445
215, 0.33779236674308777, 0.021223172545433044, 6.7850542068481445
216, 0.33779236674308777, 0.021223172545433044, 6.7850542068481445
217, 0.33779236674308777, 0.021223172545433044, 6.7850542068481445
218, 0.33779236674308777, 0.021223172545433044, 6.7850542068481445
219, 0.33779236674308777, 0.021223172545433044, 6.7850542068481445
220, 0.33779236674308777, 0.021223172545433044, 6.7850542068481445
221, 0.33779236674308777, 0.021223172545433044, 6.7850542068481445
222, 0.33779236674308777, 0.021223172545433044, 6.7850542068481445
223, 0.33779236674308777, 0.021223172545433044, 6.7850542068481445
224, 0.33779236674308777, 0.021223172545433044, 6.7850542068481445
225, 0.33779236674308777, 0.021223172545433044, 6.7850542068481445
226, 0.33779236674308777, 0.021223172545433044, 6.7850542068481445
227, 0.33779236674308777, 0.021223172545433044, 6.7850542068481445
228, 0.33779236674308777, 0.021223172545433044, 6.7850542068481445
229, 0.33779236674308777, 0.021223172545433044, 6.7850542068481445
230, 0.33779236674308777, 0.021223172545433044, 6.7850542068481445
231, 0.33779236674308777, 0.021223172545433044, 6.7850542068481445
232, 0.33779236674308777, 0.021223172545433044, 6.7850542068481445
233, 0.33779236674308777, 0.021223172545433044, 6.7850542068481445
234, 0.33779236674308777, 0.021223172545433044, 6.7850542068481445
235, 0.33779236674308777, 0.021223172545433044, 6.7850542068481445
236, 0.33779236674308777, 0.021223172545433044, 6.7850542068481445
237, 0.33779236674308777, 0.021223172545433044, 6.7850542068481445
238, 0.33779236674308777, 0.021223172545433044, 6.7850542068481445
239, 0.33779236674308777, 0.021223172545433044, 6.7850542068481445
240, 0.33779236674308777, 0.021223172545433044, 6.7850542068481445
241, 0.33779236674308777, 0.021223172545433044, 6.7850542068481445
242, 0.33779236674308777, 0.021223172545433044, 6.7850542068481445
243, 0.33779236674308777, 0.021223172545433044, 6.7850542068481445
244, 0.33779236674308777, 0.021223172545433044, 6.7850542068481445
245, 0.33779236674308777, 0.021223172545433044, 6.7850542068481445
246, 0.33779236674308777, 0.021223172545433044, 6.7850542068481445
247, 0.33779236674308777, 0.021223172545433044, 6.7850542068481445
248, 0.33779236674308777, 0.021223172545433044, 6.7850542068481445
249, 0.33779236674308777, 0.021223172545433044, 6.7850542068481445
250, 0.33779236674308777, 0.021223172545433044, 6.7850542068481445
251, 0.33779236674308777, 0.021223172545433044, 6.7850542068481445
252, 0.33779236674308777, 0.021223172545433044, 6.7850542068481445
253, 0.33779236674308777, 0.021223172545433044, 6.7850542068481445
254, 0.33779236674308777, 0.021223172545433044, 6.7850542068481445
255, 0.33779236674308777, 0.021223172545433044, 6.7850542068481445
256, 0.33779236674308777, 0.021223172545433044, 6.7850542068481445
257, 0.33779236674308777, 0.021223172545433044, 6.7850542068481445
258, 0.33779236674308777, 0.021223172545433044, 6.7850542068481445
259, 0.33779236674308777, 0.021223172545433044, 6.7850542068481445
260, 0.33779236674308777, 0.021223172545433044, 6.7850542068481445
261, 0.33779236674308777, 0.021223172545433044, 6.7850542068481445
262, 0.33779236674308777, 0.021223172545433044, 6.7850542068481445
263, 0.33779236674308777, 0.021223172545433044, 6.7850542068481445
264, 0.33779236674308777, 0.021223172545433044, 6.7850542068481445
265, 0.33779236674308777, 0.021223172545433044, 6.7850542068481445
266, 0.33779236674308777, 0.021223172545433044, 6.7850542068481445
267, 0.33779236674308777, 0.021223172545433044, 6.7850542068481445
268, 0.33779236674308777, 0.021223172545433044, 6.7850542068481445
269, 0.33779236674308777, 0.021223172545433044, 6.7850542068481445
270, 0.33779236674308777, 0.021223172545433044, 6.7850542068481445
271, 0.33779236674308777, 0.021223172545433044, 6.7850542068481445
272, 0.33779236674308777, 0.021223172545433044, 6.7850542068481445
273, 0.33779236674308777, 0.021223172545433044, 6.7850542068481445
274, 0.33779236674308777, 0.021223172545433044, 6.7850542068481445
275, 0.33779236674308777, 0.021223172545433044, 6.7850542068481445
276, 0.33779236674308777, 0.021223172545433044, 6.7850542068481445
277, 0.33779236674308777, 0.021223172545433044, 6.7850542068481445
278, 0.33779236674308777, 0.021223172545433044, 6.7850542068481445
279, 0.33779236674308777, 0.021223172545433044, 6.7850542068481445
280, 0.33779236674308777, 0.021223172545433044, 6.7850542068481445
281, 0.33779236674308777, 0.021223172545433044, 6.7850542068481445
282, 0.33779236674308777, 0.021223172545433044, 6.7850542068481445
283, 0.33779236674308777, 0.021223172545433044, 6.7850542068481445
284, 0.33779236674308777, 0.021223172545433044, 6.7850542068481445
285, 0.33779236674308777, 0.021223172545433044, 6.7850542068481445
286, 0.33779236674308777, 0.021223172545433044, 6.7850542068481445
287, 0.33779236674308777, 0.021223172545433044, 6.7850542068481445
288, 0.33779236674308777, 0.021223172545433044, 6.7850542068481445
289, 0.33779236674308777, 0.021223172545433044, 6.7850542068481445
290, 0.33779236674308777, 0.021223172545433044, 6.7850542068481445
291, 0.33779236674308777, 0.021223172545433044, 6.7850542068481445
292, 0.33779236674308777, 0.021223172545433044, 6.7850542068481445
293, 0.33779236674308777, 0.021223172545433044, 6.7850542068481445
294, 0.33779236674308777, 0.021223172545433044, 6.7850542068481445
295, 0.33779236674308777, 0.021223172545433044, 6.7850542068481445
296, 0.33779236674308777, 0.021223172545433044, 6.7850542068481445
297, 0.33779236674308777, 0.021223172545433044, 6.7850542068481445
298, 0.33779236674308777, 0.021223172545433044, 6.7850542068481445
299, 0.33779236674308777, 0.021223172545433044, 6.7850542068481445
300, 0.33779236674308777, 0.021223172545433044, 6.7850542068481445
301, 0.33779236674308777, 0.021223172545433044, 6.7850542068481445
302, 0.33779236674308777, 0.021223172545433044, 6.7850542068481445
303, 0.33779236674308777, 0.021223172545433044, 6.7850542068481445
304, 0.33779236674308777, 0.021223172545433044, 6.7850542068481445
305, 0.33779236674308777, 0.021223172545433044, 6.7850542068481445
306, 0.33779236674308777, 0.021223172545433044, 6.7850542068481445
307, 0.33779236674308777, 0.021223172545433044, 6.7850542068481445
308, 0.33779236674308777, 0.021223172545433044, 6.7850542068481445
309, 0.33779236674308777, 0.021223172545433044, 6.7850542068481445
310, 0.33779236674308777, 0.021223172545433044, 6.7850542068481445
311, 0.33779236674308777, 0.021223172545433044, 6.7850542068481445
312, 0.33779236674308777, 0.021223172545433044, 6.7850542068481445
313, 0.33779236674308777, 0.021223172545433044, 6.7850542068481445
314, 0.33779236674308777, 0.021223172545433044, 6.7850542068481445
315, 0.33779236674308777, 0.021223172545433044, 6.7850542068481445
316, 0.33779236674308777, 0.021223172545433044, 6.7850542068481445
317, 0.33779236674308777, 0.021223172545433044, 6.7850542068481445
318, 0.33779236674308777, 0.021223172545433044, 6.7850542068481445
319, 0.33779236674308777, 0.021223172545433044, 6.7850542068481445
320, 0.33779236674308777, 0.021223172545433044, 6.7850542068481445
321, 0.33779236674308777, 0.021223172545433044, 6.7850542068481445
322, 0.33779236674308777, 0.021223172545433044, 6.7850542068481445
323, 0.33779236674308777, 0.021223172545433044, 6.7850542068481445
324, 0.33779236674308777, 0.021223172545433044, 6.7850542068481445
325, 0.33779236674308777, 0.021223172545433044, 6.7850542068481445
326, 0.33779236674308777, 0.021223172545433044, 6.7850542068481445
327, 0.33779236674308777, 0.021223172545433044, 6.7850542068481445
328, 0.33779236674308777, 0.021223172545433044, 6.7850542068481445
329, 0.33779236674308777, 0.021223172545433044, 6.7850542068481445
330, 0.33779236674308777, 0.021223172545433044, 6.7850542068481445
331, 0.33779236674308777, 0.021223172545433044, 6.7850542068481445
332, 0.33779236674308777, 0.021223172545433044, 6.7850542068481445
333, 0.33779236674308777, 0.021223172545433044, 6.7850542068481445
334, 0.33779236674308777, 0.021223172545433044, 6.7850542068481445
335, 0.33779236674308777, 0.021223172545433044, 6.7850542068481445
336, 0.33779236674308777, 0.021223172545433044, 6.7850542068481445
337, 0.33779236674308777, 0.021223172545433044, 6.7850542068481445
338, 0.33779236674308777, 0.021223172545433044, 6.7850542068481445
339, 0.33779236674308777, 0.021223172545433044, 6.7850542068481445
340, 0.33779236674308777, 0.021223172545433044, 6.7850542068481445
341, 0.33779236674308777, 0.021223172545433044, 6.7850542068481445
342, 0.33779236674308777, 0.021223172545433044, 6.7850542068481445
343, 0.33779236674308777, 0.021223172545433044, 6.7850542068481445
344, 0.33779236674308777, 0.021223172545433044, 6.7850542068481445
345, 0.33779236674308777, 0.021223172545433044, 6.7850542068481445
346, 0.33779236674308777, 0.021223172545433044, 6.7850542068481445
347, 0.33779236674308777, 0.021223172545433044, 6.7850542068481445
348, 0.33779236674308777, 0.021223172545433044, 6.7850542068481445
349, 0.33779236674308777, 0.021223172545433044, 6.7850542068481445
350, 0.33779236674308777, 0.021223172545433044, 6.7850542068481445
351, 0.33779236674308777, 0.021223172545433044, 6.7850542068481445
352, 0.33779236674308777, 0.021223172545433044, 6.7850542068481445
353, 0.33779236674308777, 0.021223172545433044, 6.7850542068481445
354, 0.33779236674308777, 0.021223172545433044, 6.7850542068481445
355, 0.33779236674308777, 0.021223172545433044, 6.7850542068481445
356, 0.33779236674308777, 0.021223172545433044, 6.7850542068481445
357, 0.33779236674308777, 0.021223172545433044, 6.7850542068481445
358, 0.33779236674308777, 0.021223172545433044, 6.7850542068481445
359, 0.33779236674308777, 0.021223172545433044, 6.7850542068481445
360, 0.33779236674308777, 0.021223172545433044, 6.7850542068481445
361, 0.33779236674308777, 0.021223172545433044, 6.7850542068481445
362, 0.33779236674308777, 0.021223172545433044, 6.7850542068481445
363, 0.33779236674308777, 0.021223172545433044, 6.7850542068481445
364, 0.33779236674308777, 0.021223172545433044, 6.7850542068481445
365, 0.33779236674308777, 0.021223172545433044, 6.7850542068481445
366, 0.33779236674308777, 0.021223172545433044, 6.7850542068481445
367, 0.33779236674308777, 0.021223172545433044, 6.7850542068481445
368, 0.33779236674308777, 0.021223172545433044, 6.7850542068481445
369, 0.33779236674308777, 0.021223172545433044, 6.7850542068481445
370, 0.33779236674308777, 0.021223172545433044, 6.7850542068481445
371, 0.33779236674308777, 0.021223172545433044, 6.7850542068481445
372, 0.33779236674308777, 0.021223172545433044, 6.7850542068481445
373, 0.33779236674308777, 0.021223172545433044, 6.7850542068481445
374, 0.33779236674308777, 0.021223172545433044, 6.7850542068481445
375, 0.33779236674308777, 0.021223172545433044, 6.7850542068481445
376, 0.33779236674308777, 0.021223172545433044, 6.7850542068481445
377, 0.33779236674308777, 0.021223172545433044, 6.7850542068481445
378, 0.33779236674308777, 0.021223172545433044, 6.7850542068481445
379, 0.33779236674308777, 0.021223172545433044, 6.7850542068481445
380, 0.33779236674308777, 0.021223172545433044, 6.7850542068481445
381, 0.33779236674308777, 0.021223172545433044, 6.7850542068481445
382, 0.33779236674308777, 0.021223172545433044, 6.7850542068481445
383, 0.33779236674308777, 0.021223172545433044, 6.7850542068481445
384, 0.33779236674308777, 0.021223172545433044, 6.7850542068481445
385, 0.33779236674308777, 0.021223172545433044, 6.7850542068481445
386, 0.33779236674308777, 0.021223172545433044, 6.7850542068481445
387, 0.33779236674308777, 0.021223172545433044, 6.7850542068481445
388, 0.33779236674308777, 0.021223172545433044, 6.7850542068481445
389, 0.33779236674308777, 0.021223172545433044, 6.7850542068481445
390, 0.33779236674308777, 0.021223172545433044, 6.7850542068481445
391, 0.33779236674308777, 0.021223172545433044, 6.7850542068481445
392, 0.33779236674308777, 0.021223172545433044, 6.7850542068481445
393, 0.33779236674308777, 0.021223172545433044, 6.7850542068481445
394, 0.33779236674308777, 0.021223172545433044, 6.7850542068481445
395, 0.33779236674308777, 0.021223172545433044, 6.7850542068481445
396, 0.33779236674308777, 0.021223172545433044, 6.7850542068481445
397, 0.33779236674308777, 0.021223172545433044, 6.7850542068481445
398, 0.33779236674308777, 0.021223172545433044, 6.7850542068481445
399, 0.33779236674308777, 0.021223172545433044, 6.7850542068481445
400, 0.33779236674308777, 0.021223172545433044, 6.7850542068481445
401, 0.33779236674308777, 0.021223172545433044, 6.7850542068481445
402, 0.33779236674308777, 0.021223172545433044, 6.7850542068481445
403, 0.33779236674308777, 0.021223172545433044, 6.7850542068481445
404, 0.33779236674308777, 0.021223172545433044, 6.7850542068481445
405, 0.33779236674308777, 0.021223172545433044, 6.7850542068481445
406, 0.33779236674308777, 0.021223172545433044, 6.7850542068481445
407, 0.33779236674308777, 0.021223172545433044, 6.7850542068481445
408, 0.33779236674308777, 0.021223172545433044, 6.7850542068481445
409, 0.33779236674308777, 0.021223172545433044, 6.7850542068481445
410, 0.33779236674308777, 0.021223172545433044, 6.7850542068481445
411, 0.33779236674308777, 0.021223172545433044, 6.7850542068481445
412, 0.33779236674308777, 0.021223172545433044, 6.7850542068481445
413, 0.33779236674308777, 0.021223172545433044, 6.7850542068481445
414, 0.33779236674308777, 0.021223172545433044, 6.7850542068481445
415, 0.33779236674308777, 0.021223172545433044, 6.7850542068481445
416, 0.33779236674308777, 0.021223172545433044, 6.7850542068481445
417, 0.33779236674308777, 0.021223172545433044, 6.7850542068481445
418, 0.33779236674308777, 0.021223172545433044, 6.7850542068481445
419, 0.33779236674308777, 0.021223172545433044, 6.7850542068481445
420, 0.33779236674308777, 0.021223172545433044, 6.7850542068481445
421, 0.33779236674308777, 0.021223172545433044, 6.7850542068481445
422, 0.33779236674308777, 0.021223172545433044, 6.7850542068481445
423, 0.33779236674308777, 0.021223172545433044, 6.7850542068481445
424, 0.33779236674308777, 0.021223172545433044, 6.7850542068481445
425, 0.33779236674308777, 0.021223172545433044, 6.7850542068481445
426, 0.33779236674308777, 0.021223172545433044, 6.7850542068481445
427, 0.33779236674308777, 0.021223172545433044, 6.7850542068481445
428, 0.33779236674308777, 0.021223172545433044, 6.7850542068481445
429, 0.33779236674308777, 0.021223172545433044, 6.7850542068481445
430, 0.33779236674308777, 0.021223172545433044, 6.7850542068481445
431, 0.33779236674308777, 0.021223172545433044, 6.7850542068481445
432, 0.33779236674308777, 0.021223172545433044, 6.7850542068481445
433, 0.33779236674308777, 0.021223172545433044, 6.7850542068481445
434, 0.33779236674308777, 0.021223172545433044, 6.7850542068481445
435, 0.33779236674308777, 0.021223172545433044, 6.7850542068481445
436, 0.33779236674308777, 0.021223172545433044, 6.7850542068481445
437, 0.33779236674308777, 0.021223172545433044, 6.7850542068481445
438, 0.33779236674308777, 0.021223172545433044, 6.7850542068481445
439, 0.33779236674308777, 0.021223172545433044, 6.7850542068481445
440, 0.33779236674308777, 0.021223172545433044, 6.7850542068481445
441, 0.33779236674308777, 0.021223172545433044, 6.7850542068481445
442, 0.33779236674308777, 0.021223172545433044, 6.7850542068481445
443, 0.33779236674308777, 0.021223172545433044, 6.7850542068481445
444, 0.33779236674308777, 0.021223172545433044, 6.7850542068481445
445, 0.33779236674308777, 0.021223172545433044, 6.7850542068481445
446, 0.33779236674308777, 0.021223172545433044, 6.7850542068481445
447, 0.33779236674308777, 0.021223172545433044, 6.7850542068481445
448, 0.33779236674308777, 0.021223172545433044, 6.7850542068481445
449, 0.33779236674308777, 0.021223172545433044, 6.7850542068481445
450, 0.33779236674308777, 0.021223172545433044, 6.7850542068481445
451, 0.33779236674308777, 0.021223172545433044, 6.7850542068481445
452, 0.33779236674308777, 0.021223172545433044, 6.7850542068481445
453, 0.33779236674308777, 0.021223172545433044, 6.7850542068481445
454, 0.33779236674308777, 0.021223172545433044, 6.7850542068481445
455, 0.33779236674308777, 0.021223172545433044, 6.7850542068481445
456, 0.33779236674308777, 0.021223172545433044, 6.7850542068481445
457, 0.33779236674308777, 0.021223172545433044, 6.7850542068481445
458, 0.33779236674308777, 0.021223172545433044, 6.7850542068481445
459, 0.33779236674308777, 0.021223172545433044, 6.7850542068481445
460, 0.33779236674308777, 0.021223172545433044, 6.7850542068481445
461, 0.33779236674308777, 0.021223172545433044, 6.7850542068481445
462, 0.33779236674308777, 0.021223172545433044, 6.7850542068481445
463, 0.33779236674308777, 0.021223172545433044, 6.7850542068481445
464, 0.33779236674308777, 0.021223172545433044, 6.7850542068481445
465, 0.33779236674308777, 0.021223172545433044, 6.7850542068481445
466, 0.33779236674308777, 0.021223172545433044, 6.7850542068481445
467, 0.33779236674308777, 0.021223172545433044, 6.7850542068481445
468, 0.33779236674308777, 0.021223172545433044, 6.7850542068481445
469, 0.33779236674308777, 0.021223172545433044, 6.7850542068481445
470, 0.33779236674308777, 0.021223172545433044, 6.7850542068481445
471, 0.33779236674308777, 0.021223172545433044, 6.7850542068481445
472, 0.33779236674308777, 0.021223172545433044, 6.7850542068481445
473, 0.33779236674308777, 0.021223172545433044, 6.7850542068481445
474, 0.33779236674308777, 0.021223172545433044, 6.7850542068481445
475, 0.33779236674308777, 0.021223172545433044, 6.7850542068481445
476, 0.33779236674308777, 0.021223172545433044, 6.7850542068481445
477, 0.33779236674308777, 0.021223172545433044, 6.7850542068481445
478, 0.33779236674308777, 0.021223172545433044, 6.7850542068481445
479, 0.33779236674308777, 0.021223172545433044, 6.7850542068481445
480, 0.33779236674308777, 0.021223172545433044, 6.7850542068481445
481, 0.33779236674308777, 0.021223172545433044, 6.7850542068481445
482, 0.33779236674308777, 0.021223172545433044, 6.7850542068481445
483, 0.33779236674308777, 0.021223172545433044, 6.7850542068481445
484, 0.33779236674308777, 0.021223172545433044, 6.7850542068481445
485, 0.33779236674308777, 0.021223172545433044, 6.7850542068481445
486, 0.33779236674308777, 0.021223172545433044, 6.7850542068481445
487, 0.33779236674308777, 0.021223172545433044, 6.7850542068481445
488, 0.33779236674308777, 0.021223172545433044, 6.7850542068481445
489, 0.33779236674308777, 0.021223172545433044, 6.7850542068481445
490, 0.33779236674308777, 0.021223172545433044, 6.7850542068481445
491, 0.33779236674308777, 0.021223172545433044, 6.7850542068481445
492, 0.33779236674308777, 0.021223172545433044, 6.7850542068481445
493, 0.33779236674308777, 0.021223172545433044, 6.7850542068481445
494, 0.33779236674308777, 0.021223172545433044, 6.7850542068481445
495, 0.33779236674308777, 0.021223172545433044, 6.7850542068481445
496, 0.33779236674308777, 0.021223172545433044, 6.7850542068481445
497, 0.33779236674308777, 0.021223172545433044, 6.7850542068481445
498, 0.33779236674308777, 0.021223172545433044, 6.7850542068481445
499, 0.33779236674308777, 0.021223172545433044, 6.7850542068481445
