1, 2.8718061447143555, -0.5355252027511597, 0.3990318775177002
2, 2.8718061447143555, -0.5355252027511597, 0.3990318775177002
3, 2.8718061447143555, -0.5355252027511597, 0.3990318775177002
4, 2.8718061447143555, -0.5355252027511597, 0.3990318775177002
5, 2.8718061447143555, -0.5355252027511597, 0.3990318775177002
6, 2.8718061447143555, -0.5355252027511597, 0.3990318775177002
7, 2.8718061447143555, -0.5355252027511597, 0.3990318775177002
8, 2.8718061447143555, -0.5355252027511597, 0.3990318775177002
9, 2.8718061447143555, -0.5355252027511597, 0.3990318775177002
10, 2.8718061447143555, -0.5355252027511597, 0.3990318775177002
11, 2.8718061447143555, -0.5355252027511597, 0.3990318775177002
12, 2.8718061447143555, -0.5355252027511597, 0.3990318775177002
13, 2.8718061447143555, -0.5355252027511597, 0.3990318775177002
14, 2.8718061447143555, -0.5355252027511597, 0.3990318775177002
15, 2.8718061447143555, -0.5355252027511597, 0.3990318775177002
16, 2.7624711990356445, -0.5355252027511597, 0.6238559484481812
17, 2.7624711990356445, -0.5355252027511597, 0.6238559484481812
18, 2.5553722381591797, -0.5355252027511597, 0.7638918161392212
19, 2.5553722381591797, -0.5355252027511597, 0.7638918161392212
20, 2.4460372924804688, -0.5355252027511597, 0.9887158870697021
21, 2.336702346801758, -0.5355252027511597, 1.213539958000183
22, 2.227367401123047, -0.5355252027511597, 1.438364028930664
23, 2.227367401123047, -0.5355252027511597, 1.438364028930664
24, 2.2450926303863525, -0.5355252027511597, 1.687734842300415
25, 2.262817859649658, -0.5355252027511597, 1.937105655670166
26, 2.280543088912964, -0.5355252027511597, 2.186476469039917
27, 2.2982683181762695, -0.5355252027511597, 2.435847282409668
28, 2.315993547439575, -0.5355252027511597, 2.685218095779419
29, 2.315993547439575, -0.5355252027511597, 2.685218095779419
30, 2.4560294151306152, -0.5355252027511597, 2.892317056655884
31, 2.4560294151306152, -0.5355252027511597, 2.892317056655884
32, 2.473754644393921, -0.5355252027511597, 3.1416878700256348
33, 2.473754644393921, -0.5355252027511597, 3.1416878700256348
34, 2.36441969871521, -0.5355252027511597, 3.366511821746826
35, 2.36441969871521, -0.5355252027511597, 3.366511821746826
36, 2.157320737838745, -0.5355252027511597, 3.506547689437866
37, 1.9502217769622803, -0.5355252027511597, 3.6465835571289062
38, 1.9502217769622803, -0.5355252027511597, 3.6465835571289062
39, 1.9502217769622803, -0.5355252027511597, 3.6465835571289062
40, 1.967947006225586, -0.5355252027511597, 3.8959543704986572
41, 1.9856722354888916, -0.5355252027511597, 4.145325183868408
42, 2.0033974647521973, -0.5355252027511597, 4.394696235656738
43, 2.021122694015503, -0.5355252027511597, 4.644067287445068
44, 2.021122694015503, -0.5355252027511597, 4.644067287445068
45, 2.021122694015503, -0.5355252027511597, 4.644067287445068
46, 2.021122694015503, -0.5355252027511597, 4.644067287445068
47, 2.021122694015503, -0.5355252027511597, 4.644067287445068
48, 2.021122694015503, -0.5355252027511597, 4.644067287445068
49, 2.021122694015503, -0.5355252027511597, 4.644067287445068
50, 2.0033974647521973, -0.5355252027511597, 4.394696235656738
51, 1.9856722354888916, -0.5355252027511597, 4.145325183868408
52, 1.967947006225586, -0.5355252027511597, 3.8959543704986572
53, 1.967947006225586, -0.5355252027511597, 3.8959543704986572
54, 2.077281951904297, -0.5355252027511597, 3.6711301803588867
55, 2.077281951904297, -0.5355252027511597, 3.6711301803588867
56, 2.2843809127807617, -0.5355252027511597, 3.5310943126678467
57, 2.4914798736572266, -0.5355252027511597, 3.3910584449768066
58, 2.4914798736572266, -0.5355252027511597, 3.3910584449768066
59, 2.7408506870269775, -0.5355252027511597, 3.373333215713501
60, 2.9902215003967285, -0.5355252027511597, 3.3556079864501953
61, 2.9902215003967285, -0.5355252027511597, 3.3556079864501953
62, 3.21504545211792, -0.5355252027511597, 3.4649429321289062
63, 3.21504545211792, -0.5355252027511597, 3.4649429321289062
64, 3.21504545211792, -0.5355252027511597, 3.4649429321289062
65, 3.4398694038391113, -0.5355252027511597, 3.574277877807617
66, 3.4398694038391113, -0.5355252027511597, 3.574277877807617
67, 3.4398694038391113, -0.5355252027511597, 3.574277877807617
68, 3.646968364715576, -0.5355252027511597, 3.434242010116577
69, 3.854067325592041, -0.5355252027511597, 3.294206142425537
70, 4.061166286468506, -0.5355252027511597, 3.154170274734497
71, 4.061166286468506, -0.5355252027511597, 3.154170274734497
72, 4.061166286468506, -0.5355252027511597, 3.154170274734497
73, 4.061166286468506, -0.5355252027511597, 3.154170274734497
74, 4.310537338256836, -0.5355252027511597, 3.1364450454711914
75, 4.310537338256836, -0.5355252027511597, 3.1364450454711914
76, 4.535361289978027, -0.5355252027511597, 3.2457799911499023
77, 4.760185241699219, -0.5355252027511597, 3.3551149368286133
78, 4.98500919342041, -0.5355252027511597, 3.464449882507324
79, 4.98500919342041, -0.5355252027511597, 3.464449882507324
80, 5.23438024520874, -0.5355252027511597, 3.4467246532440186
81, 5.48375129699707, -0.5355252027511597, 3.428999423980713
82, 5.7331223487854, -0.5355252027511597, 3.4112741947174072
83, 5.9824934005737305, -0.5355252027511597, 3.3935489654541016
84, 5.9824934005737305, -0.5355252027511597, 3.3935489654541016
85, 6.189592361450195, -0.5355252027511597, 3.2535130977630615
86, 6.39669132232666, -0.5355252027511597, 3.1134772300720215
87, 6.39669132232666, -0.5355252027511597, 3.1134772300720215
88, 6.506026268005371, -0.5355252027511597, 2.88865327835083
89, 6.615361213684082, -0.5355252027511597, 2.6638293266296387
90, 6.724696159362793, -0.5355252027511597, 2.4390053749084473
91, 6.724696159362793, -0.5355252027511597, 2.4390053749084473
92, 6.931795120239258, -0.5355252027511597, 2.2989695072174072
93, 7.138894081115723, -0.5355252027511597, 2.158933639526367
94, 7.3459930419921875, -0.5355252027511597, 2.018897771835327
95, 7.3459930419921875, -0.5355252027511597, 2.018897771835327
96, 7.595364093780518, -0.5355252027511597, 2.0011725425720215
97, -0.3233599364757538, 2.5949201583862305, -13.869614601135254
