1, 0.8047415614128113, 0.09943583607673645, -3.828461170196533
2, 0.8047415614128113, 0.09943583607673645, -3.828461170196533
3, 0.8047415614128113, 0.09943583607673645, -3.828461170196533
4, 0.8047415614128113, 0.09943583607673645, -3.828461170196533
5, 0.8047415614128113, 0.09943583607673645, -3.828461170196533
6, 0.8047415614128113, 0.09943583607673645, -3.828461170196533
7, 0.8047415614128113, 0.09943583607673645, -3.828461170196533
8, 0.8047415614128113, 0.09943583607673645, -3.828461170196533
9, 0.8047415614128113, 0.09943583607673645, -3.828461170196533
10, 0.8047415614128113, 0.09943583607673645, -3.828461170196533
11, 0.8047415614128113, 0.09943583607673645, -3.828461170196533
12, 0.8047415614128113, 0.09943583607673645, -3.828461170196533
13, 0.8047415614128113, 0.09943583607673645, -3.828461170196533
14, 0.8047415614128113, 0.09943583607673645, -3.828461170196533
15, 0.8047415614128113, 0.09943583607673645, -3.828461170196533
16, 0.8047415614128113, 0.09943583607673645, -3.828461170196533
17, 0.8047415614128113, 0.09943583607673645, -3.828461170196533
18, 1.044847011566162, 0.09943583607673645, -3.7588236331939697
19, 1.2849524021148682, 0.09943583607673645, -3.6891860961914062
20, 1.5250577926635742, 0.09943583607673645, -3.6195485591888428
21, 1.7651631832122803, 0.09943583607673645, -3.5499110221862793
22, 2.0052685737609863, 0.09943583607673645, -3.480273485183716
23, 2.2453739643096924, 0.09943583607673645, -3.4106359481811523
24, 2.4854793548583984, 0.09943583607673645, -3.340998411178589
25, 2.4854793548583984, 0.09943583607673645, -3.340998411178589
26, 2.658597946166992, 0.09943583607673645, -3.160637855529785
27, 2.831716537475586, 0.09943583607673645, -2.9802772998809814
28, 3.0048351287841797, 0.09943583607673645, -2.7999167442321777
29, 3.1779537200927734, 0.09943583607673645, -2.619556188583374
30, 3.351072311401367, 0.09943583607673645, -2.4391956329345703
31, 3.351072311401367, 0.09943583607673645, -2.4391956329345703
32, 3.351072311401367, 0.09943583607673645, -2.4391956329345703
33, 3.524190902709961, 0.09943583607673645, -2.2588350772857666
34, 3.6973094940185547, 0.09943583607673645, -2.078474521636963
35, 3.6973094940185547, 0.09943583607673645, -2.078474521636963
36, 3.9374148845672607, 0.09943583607673645, -2.0088369846343994
37, 4.177520275115967, 0.09943583607673645, -1.9391993284225464
38, 4.177520275115967, 0.09943583607673645, -1.9391993284225464
39, 4.420276641845703, 0.09943583607673645, -1.9989440441131592
40, 4.6630330085754395, 0.09943583607673645, -2.0586888790130615
41, 4.905789375305176, 0.09943583607673645, -2.118433713912964
42, 6.13569450378418, 2.8994359970092773, -0.30530908703804016
