1, 2.069840669631958, -2.5197770595550537, 1.648650884628296
2, 2.069840669631958, -2.5197770595550537, 1.648650884628296
3, 2.069840669631958, -2.5197770595550537, 1.648650884628296
4, 2.069840669631958, -2.5197770595550537, 1.648650884628296
5, 2.069840669631958, -2.5197770595550537, 1.648650884628296
6, 2.069840669631958, -2.5197770595550537, 1.648650884628296
7, 2.069840669631958, -2.5197770595550537, 1.648650884628296
8, 2.069840669631958, -2.5197770595550537, 1.648650884628296
9, 2.069840669631958, -2.5197770595550537, 1.648650884628296
10, 2.069840669631958, -2.5197770595550537, 1.648650884628296
11, 2.069840669631958, -2.5197770595550537, 1.648650884628296
12, 2.069840669631958, -2.5197770595550537, 1.648650884628296
13, 2.069840669631958, -2.5197770595550537, 1.648650884628296
14, 2.2358760833740234, -2.5197770595550537, 1.4617491960525513
15, 2.401911497116089, -2.5197770595550537, 1.2748475074768066
16, 2.401911497116089, -2.5197770595550537, 1.2748475074768066
17, 2.639153242111206, -2.5197770595550537, 1.1960035562515259
18, 2.8763949871063232, -2.5197770595550537, 1.1171596050262451
19, 3.1136367321014404, -2.5197770595550537, 1.0383156538009644
20, 3.3508784770965576, -2.5197770595550537, 0.9594717025756836
21, 3.3508784770965576, -2.5197770595550537, 0.9594717025756836
22, 3.5957577228546143, -2.5197770595550537, 1.0098117589950562
23, 3.840636968612671, -2.5197770595550537, 1.0601518154144287
24, 3.840636968612671, -2.5197770595550537, 1.0601518154144287
25, 4.077878475189209, -2.5197770595550537, 0.981307864189148
26, 4.315120220184326, -2.5197770595550537, 0.9024639129638672
27, 4.552361965179443, -2.5197770595550537, 0.8236199617385864
28, 4.7896037101745605, -2.5197770595550537, 0.7447760105133057
29, 4.7896037101745605, -2.5197770595550537, 0.7447760105133057
30, 4.955638885498047, -2.5197770595550537, 0.557874321937561
31, 6.429372787475586, -2.5197770595550537, -1.0038127899169922
