1, 5.844833850860596, -2.576007843017578, -0.49585485458374023
2, 5.844833850860596, -2.576007843017578, -0.49585485458374023
3, 5.844833850860596, -2.576007843017578, -0.49585485458374023
4, 5.844833850860596, -2.576007843017578, -0.49585485458374023
5, 5.844833850860596, -2.576007843017578, -0.49585485458374023
6, 5.844833850860596, -2.576007843017578, -0.49585485458374023
7, 5.844833850860596, -2.576007843017578, -0.49585485458374023
8, 5.844833850860596, -2.576007843017578, -0.49585485458374023
9, 5.844833850860596, -2.576007843017578, -0.49585485458374023
10, 5.844833850860596, -2.576007843017578, -0.49585485458374023
11, 5.844833850860596, -2.576007843017578, -0.49585485458374023
12, 5.844833850860596, -2.576007843017578, -0.49585485458374023
13, 5.844833850860596, -2.576007843017578, -0.49585485458374023
14, 5.844833850860596, -2.576007843017578, -0.49585485458374023
15, 5.811034679412842, -2.576007843017578, -0.7435595989227295
16, 5.777235507965088, -2.576007843017578, -0.9912643432617188
17, 5.777235507965088, -2.576007843017578, -0.9912643432617188
18, 5.624112129211426, -2.576007843017578, -1.1888834238052368
19, 5.470989227294922, -2.576007843017578, -1.3865025043487549
20, 5.317866325378418, -2.576007843017578, -1.584121584892273
21, 5.317866325378418, -2.576007843017578, -1.584121584892273
22, 5.317866325378418, -2.576007843017578, -1.584121584892273
23, 5.164743423461914, -2.576007843017578, -1.781740665435791
24, 5.164743423461914, -2.576007843017578, -1.781740665435791
25, 5.164743423461914, -2.576007843017578, -1.781740665435791
26, 5.164743423461914, -2.576007843017578, -1.781740665435791
27, 4.933325290679932, -2.576007843017578, -1.8763222694396973
28, 4.701907157897949, -2.576007843017578, -1.9709038734436035
29, 4.701907157897949, -2.576007843017578, -1.9709038734436035
30, 4.454202651977539, -2.576007843017578, -1.9371048212051392
31, 4.454202651977539, -2.576007843017578, -1.9371048212051392
32, 4.454202651977539, -2.576007843017578, -1.9371048212051392
33, 4.454202651977539, -2.576007843017578, -1.9371048212051392
34, 4.2565836906433105, -2.576007843017578, -1.7839816808700562
35, 4.2565836906433105, -2.576007843017578, -1.7839816808700562
36, 4.162002086639404, -2.576007843017578, -1.5525635480880737
37, 4.067420482635498, -2.576007843017578, -1.3211454153060913
38, 3.972838878631592, -2.576007843017578, -1.0897272825241089
39, 3.972838878631592, -2.576007843017578, -1.0897272825241089
40, 4.006638050079346, -2.576007843017578, -0.8420225381851196
41, 4.0404372215271, -2.576007843017578, -0.5943177938461304
42, 4.0742363929748535, -2.576007843017578, -0.3466130793094635
43, 4.108035564422607, -2.576007843017578, -0.09890836477279663
44, 4.108035564422607, -2.576007843017578, -0.09890836477279663
45, 4.108035564422607, -2.576007843017578, -0.09890836477279663
46, 4.108035564422607, -2.576007843017578, -0.09890836477279663
47, 4.108035564422607, -2.576007843017578, -0.09890836477279663
48, 4.108035564422607, -2.576007843017578, -0.09890836477279663
49, 4.108035564422607, -2.576007843017578, -0.09890836477279663
50, 4.0742363929748535, -2.576007843017578, -0.3466130793094635
51, 4.0404372215271, -2.576007843017578, -0.5943177938461304
52, 4.006638050079346, -2.576007843017578, -0.8420225381851196
53, 4.006638050079346, -2.576007843017578, -0.8420225381851196
54, 4.101219654083252, -2.576007843017578, -1.0734405517578125
55, 4.195801258087158, -2.576007843017578, -1.304858684539795
56, 4.195801258087158, -2.576007843017578, -1.304858684539795
57, 4.162002086639404, -2.576007843017578, -1.5525634288787842
58, 4.162002086639404, -2.576007843017578, -1.5525634288787842
59, 4.008878707885742, -2.576007843017578, -1.7501825094223022
60, 4.008878707885742, -2.576007843017578, -1.7501825094223022
61, 3.7774605751037598, -2.576007843017578, -1.8447641134262085
62, 3.5460424423217773, -2.576007843017578, -1.9393457174301147
63, 3.314624309539795, -2.56085205078125, -2.0339272022247314
64, 3.314624309539795, -2.56085205078125, -2.0339272022247314
65, 3.0669195652008057, -2.539663076400757, -2.0001282691955566
66, 2.8192148208618164, -2.5184741020202637, -1.9663292169570923
67, 2.8192148208618164, -2.5184741020202637, -1.9663292169570923
68, 2.621595621109009, -2.5312538146972656, -1.8132060766220093
69, 2.621595621109009, -2.5312538146972656, -1.8132060766220093
70, 2.5270140171051025, -2.576007843017578, -1.5817879438400269
71, 2.4324324131011963, -2.576007843017578, -1.3503698110580444
72, 2.33785080909729, -2.576007843017578, -1.118951678276062
73, 2.33785080909729, -2.576007843017578, -1.118951678276062
74, 2.371649742126465, -2.576007843017578, -0.8712469339370728
75, 2.4054486751556396, -2.576007843017578, -0.6235421895980835
76, 2.4392476081848145, -2.576007843017578, -0.3758374750614166
77, 2.4730465412139893, -2.576007843017578, -0.12813276052474976
78, 2.4730465412139893, -2.576007843017578, -0.12813276052474976
79, 2.378464937210083, -2.576007843017578, 0.10328534245491028
80, 2.2838833332061768, -2.576007843017578, 0.3347034454345703
81, 2.2838833332061768, -2.576007843017578, 0.3347034454345703
82, 2.086264133453369, -2.576007843017578, 0.4878266155719757
83, 2.010133981704712, -2.576007843017578, 0.5468152165412903
84, 2.010133981704712, -2.576007843017578, 0.5468152165412903
85, 2.010133981704712, -2.576007843017578, 0.5468152165412903
86, 2.010133981704712, -2.576007843017578, 0.5468152165412903
87, 2.010133981704712, -2.576007843017578, 0.5468152165412903
88, 2.010133981704712, -2.576007843017578, 0.5468152165412903
89, 2.010133981704712, -2.576007843017578, 0.5468151569366455
90, 2.010133981704712, -2.576007843017578, 0.5468151569366455
91, 2.010133981704712, -2.576007843017578, 0.5468151569366455
92, 2.010133981704712, -2.576007843017578, 0.5468151569366455
93, 2.010133981704712, -2.576007843017578, 0.5468151569366455
94, 2.010133981704712, -2.576007843017578, 0.5468151569366455
95, 2.010133981704712, -2.576007843017578, 0.5468151569366455
96, 2.0439329147338867, -2.576007843017578, 0.7945199012756348
97, 2.0439329147338867, -2.576007843017578, 0.7945199012756348
98, 1.94935142993927, -2.576007843017578, 1.0259380340576172
99, 1.94935142993927, -2.576007843017578, 1.0259380340576172
100, 1.751732349395752, -2.576007843017578, 1.1790611743927002
101, 1.751732349395752, -2.576007843017578, 1.1790611743927002
102, 1.6571507453918457, -2.576007843017578, 1.4104793071746826
103, 1.5625691413879395, -2.576007843017578, 1.641897439956665
104, 6.141319274902344, 2.8239920139312744, 0.11606503278017044
