1, -3.7747673988342285, 0.01920294761657715, 2.355557680130005
2, -3.7747673988342285, 0.01920294761657715, 2.355557680130005
3, -3.7747673988342285, 0.01920294761657715, 2.355557680130005
4, -3.7747673988342285, 0.01920294761657715, 2.355557680130005
5, -3.7747673988342285, 0.01920294761657715, 2.355557680130005
6, -3.7747673988342285, 0.01920294761657715, 2.355557680130005
7, -3.7747673988342285, 0.01920294761657715, 2.355557680130005
8, -3.7747673988342285, 0.01920294761657715, 2.355557680130005
9, -3.7747673988342285, 0.01920294761657715, 2.355557680130005
10, -3.7747673988342285, 0.01920294761657715, 2.355557680130005
11, -3.7747673988342285, 0.01920294761657715, 2.355557680130005
12, -3.7747673988342285, 0.01920294761657715, 2.355557680130005
13, -3.7747673988342285, 0.01920294761657715, 2.355557680130005
14, -3.7747673988342285, 0.01920294761657715, 2.355557680130005
15, -3.7747673988342285, 0.01920294761657715, 2.355557680130005
16, -3.8015058040618896, 0.01920294761657715, 2.106991767883301
17, -3.8015058040618896, 0.01920294761657715, 2.106991767883301
18, -3.9489450454711914, 0.01920294761657715, 1.9050965309143066
19, -3.9489450454711914, 0.01920294761657715, 1.9050965309143066
20, -3.9489450454711914, 0.01920294761657715, 1.9050965309143066
21, -3.9489450454711914, 0.01920294761657715, 1.9050965309143066
22, -3.9489450454711914, 0.01920294761657715, 1.9050965309143066
23, -3.9489450454711914, 0.01920294761657715, 1.9050965309143066
24, -3.9489450454711914, 0.01920294761657715, 1.9050965309143066
25, -4.197511196136475, 0.01920294761657715, 1.9318349361419678
26, -4.446077346801758, 0.01920294761657715, 1.958573341369629
27, -4.446077346801758, 0.01920294761657715, 1.958573341369629
28, -4.446077346801758, 0.01920294761657715, 1.958573341369629
29, -4.694643497467041, 0.01920294761657715, 1.98531174659729
30, -4.943209648132324, 0.01920294761657715, 2.012050151824951
31, -5.191775798797607, 0.01920294761657715, 2.0387885570526123
32, -5.191775798797607, 0.01920294761657715, 2.0387885570526123
33, -5.420409679412842, 0.01920294761657715, 1.9376617670059204
34, -5.649043560028076, 0.01920294761657715, 1.8365349769592285
35, -5.649043560028076, 0.01920294761657715, 1.8365349769592285
36, -5.796482563018799, 0.01920294761657715, 1.6346397399902344
37, -5.796482563018799, 0.01920294761657715, 1.6346397399902344
38, -5.796482563018799, 0.01920294761657715, 1.6346397399902344
39, -5.796482563018799, 0.01920294761657715, 1.6346397399902344
40, -5.823221206665039, 0.01920294761657715, 1.3860737085342407
41, -5.823221206665039, 0.01920294761657715, 1.3860737085342407
42, -5.823221206665039, 0.01920294761657715, 1.3860737085342407
43, -5.823221206665039, 0.01920294761657715, 1.3860737085342407
44, -5.823221206665039, 0.01920294761657715, 1.3860737085342407
45, -5.823221206665039, 0.01920294761657715, 1.3860737085342407
46, -5.799781799316406, 0.01920294761657715, 1.41817045211792
47, -5.799781799316406, 0.01920294761657715, 1.41817045211792
48, -5.799781799316406, 0.01920294761657715, 1.41817045211792
49, -5.799781799316406, 0.01920294761657715, 1.41817045211792
50, -5.799781799316406, 0.01920294761657715, 1.41817045211792
51, -5.900908470153809, 0.01920294761657715, 1.6468042135238647
52, -5.900908470153809, 0.01920294761657715, 1.6468042135238647
53, -5.900908470153809, 0.01920294761657715, 1.6468042135238647
54, -5.900908470153809, 0.01920294761657715, 1.6468042135238647
55, -5.672274589538574, 0.01920294761657715, 1.7479310035705566
56, -5.44364070892334, 0.01920294761657715, 1.8490577936172485
57, -5.2150068283081055, 0.01920294761657715, 1.9501845836639404
58, -5.2150068283081055, 0.01920294761657715, 1.9501845836639404
59, -4.966440677642822, 0.01920294761657715, 1.9234460592269897
60, -4.966440677642822, 0.01920294761657715, 1.9234460592269897
61, -4.764545440673828, 0.01920294761657715, 1.776006817817688
62, -4.711165904998779, 0.01920294761657715, 1.7370250225067139
63, -4.711165904998779, 0.01920294761657715, 1.7370250225067139
64, -4.711165904998779, 0.01920294761657715, 1.7370250225067139
65, -4.711165904998779, 0.01920294761657715, 1.7370250225067139
66, -4.711165904998779, 0.01920294761657715, 1.7370250225067139
67, -4.711165904998779, 0.01920294761657715, 1.7370250225067139
68, -4.711165904998779, 0.01920294761657715, 1.7370250225067139
69, -4.482532024383545, 0.01920294761657715, 1.8381518125534058
70, -4.482532024383545, 0.01920294761657715, 1.8381518125534058
71, -4.482532024383545, 0.01920294761657715, 1.8381518125534058
72, -4.482532024383545, 0.01920294761657715, 1.8381518125534058
73, -4.482532024383545, 0.01920294761657715, 1.8381518125534058
74, -4.482532024383545, 0.01920294761657715, 1.8381518125534058
75, -4.482532024383545, 0.01920294761657715, 1.8381518125534058
76, -4.482532024383545, 0.01920294761657715, 1.8381518125534058
77, -4.731098175048828, 0.01920294761657715, 1.8648903369903564
78, -4.979664325714111, 0.01920294761657715, 1.8916288614273071
79, -5.2282304763793945, 0.01920294761657715, 1.9183673858642578
80, -5.476796627044678, 0.01920294761657715, 1.9451059103012085
81, -5.725362777709961, 0.01920294761657715, 1.9718444347381592
82, -5.973928928375244, 0.01920294761657715, 1.9985829591751099
83, -6.222495079040527, 0.01920294761657715, 2.0253214836120605
84, -6.4710612297058105, 0.01920294761657715, 2.052060127258301
85, -6.719627380371094, 0.01920294761657715, 2.078798770904541
86, -6.968193531036377, 0.01920294761657715, 2.1055374145507812
87, -7.21675968170166, 0.01920294761657715, 2.1322760581970215
88, -7.465325832366943, 0.01920294761657715, 2.1590147018432617
89, -7.713891983032227, 0.01920294761657715, 2.185753345489502
90, -7.96245813369751, 0.01920294761657715, 2.212491989135742
91, -8.211024284362793, 0.01920294761657715, 2.2392306327819824
92, -8.459589958190918, 0.01920294761657715, 2.2659692764282227
93, -8.708155632019043, 0.01920294761657715, 2.292707920074463
94, -8.708155632019043, 0.01920294761657715, 2.292707920074463
95, -8.910050392150879, 0.01920294761657715, 2.4401471614837646
96, -8.910050392150879, 0.01920294761657715, 2.4401471614837646
97, -8.910050392150879, 0.01920294761657715, 2.4401471614837646
98, -8.910050392150879, 0.01920294761657715, 2.4401471614837646
99, -8.910050392150879, 0.01920294761657715, 2.4401471614837646
100, -8.910050392150879, 0.01920294761657715, 2.4401471614837646
101, -8.910050392150879, 0.01920294761657715, 2.4401471614837646
102, -8.708155632019043, 0.01920294761657715, 2.292707920074463
103, -8.708155632019043, 0.01920294761657715, 2.292707920074463
104, -8.459589958190918, 0.01920294761657715, 2.2659692764282227
105, -8.211024284362793, 0.01920294761657715, 2.2392306327819824
106, -7.96245813369751, 0.01920294761657715, 2.212491989135742
107, -7.713891983032227, 0.01920294761657715, 2.185753345489502
108, -7.465325832366943, 0.01920294761657715, 2.1590147018432617
109, -7.21675968170166, 0.01920294761657715, 2.1322760581970215
110, -6.968193531036377, 0.01920294761657715, 2.1055374145507812
111, -6.719627380371094, 0.01920294761657715, 2.078798770904541
112, -6.4710612297058105, 0.01920294761657715, 2.052060127258301
113, -6.222495079040527, 0.01920294761657715, 2.0253214836120605
114, -5.973928928375244, 0.01920294761657715, 1.9985829591751099
115, -5.725362777709961, 0.01920294761657715, 1.9718444347381592
116, -5.476796627044678, 0.01920294761657715, 1.9451059103012085
117, -5.2282304763793945, 0.01920294761657715, 1.9183673858642578
118, -4.979664325714111, 0.01920294761657715, 1.8916288614273071
119, -4.731098175048828, 0.01920294761657715, 1.8648903369903564
120, -4.731098175048828, 0.01920294761657715, 1.8648903369903564
121, -4.529202938079834, 0.01920294761657715, 1.7174510955810547
122, -4.32730770111084, 0.01920294761657715, 1.570011854171753
123, -4.125412464141846, 0.01920294761657715, 1.4225726127624512
124, -4.125412464141846, 0.01920294761657715, 1.4225726127624512
125, -3.8768465518951416, 0.01920294761657715, 1.3958340883255005
126, -3.6282806396484375, 0.01920294761657715, 1.3690955638885498
127, -3.3797147274017334, 0.01920294761657715, 1.3423570394515991
128, -3.1311488151550293, 0.01920294761657715, 1.3156185150146484
129, -2.882582902908325, 0.01920294761657715, 1.2888799905776978
130, -2.634016990661621, 0.01920294761657715, 1.262141466140747
131, -2.634016990661621, 0.01920294761657715, 1.262141466140747
132, -2.432121753692627, 0.01920294761657715, 1.1147022247314453
133, -2.230226516723633, 0.01920294761657715, 0.9672629833221436
134, -2.230226516723633, 0.01920294761657715, 0.9672629833221436
135, -2.230226516723633, 0.01920294761657715, 0.9672629833221436
136, -2.0015928745269775, 0.01920294761657715, 1.0683897733688354
137, -1.7729591131210327, 0.01920294761657715, 1.1695165634155273
138, -1.544325351715088, 0.01920294761657715, 1.2706433534622192
139, -1.315691590309143, 0.01920294761657715, 1.3717701435089111
140, -1.0870578289031982, 0.01920294761657715, 1.472896933555603
141, -1.0870578289031982, 0.01920294761657715, 1.472896933555603
142, -0.9396185874938965, 0.01920294761657715, 1.6747921705245972
143, -0.9396185874938965, 0.01920294761657715, 1.6747921705245972
144, -0.9396185874938965, 0.01920294761657715, 1.6747921705245972
145, -0.9396185874938965, 0.01920294761657715, 1.6747921705245972
146, -0.9396185874938965, 0.01920294761657715, 1.6747921705245972
147, -0.9396185874938965, 0.01920294761657715, 1.6747921705245972
148, -0.7377234101295471, 0.01920294761657715, 1.5273529291152954
149, -0.7377234101295471, 0.01920294761657715, 1.5273529291152954
150, -0.7377234101295471, 0.01920294761657715, 1.5273529291152954
151, -0.7377234101295471, 0.01920294761657715, 1.5273529291152954
152, -0.7377234101295471, 0.01920294761657715, 1.5273529291152954
153, -0.9663571715354919, 0.01920294761657715, 1.426226258277893
154, -0.9663571715354919, 0.01920294761657715, 1.426226258277893
155, -1.2149231433868408, 0.01920294761657715, 1.4529649019241333
156, -1.4634891748428345, 0.01920294761657715, 1.4797035455703735
157, -1.7120552062988281, 0.01920294761657715, 1.5064421892166138
158, -1.9606212377548218, 0.01920294761657715, 1.533180832862854
159, -2.2091872692108154, 0.01920294761657715, 1.5599194765090942
160, -2.4577531814575195, 0.01920294761657715, 1.5866581201553345
161, -2.7063190937042236, 0.01920294761657715, 1.6133967638015747
162, -2.9548850059509277, 0.01920294761657715, 1.640135407447815
163, -3.203450918197632, 0.01920294761657715, 1.6668740510940552
164, -3.452016830444336, 0.01920294761657715, 1.6936126947402954
165, -3.70058274269104, 0.01920294761657715, 1.7203513383865356
166, -3.949148654937744, 0.01920294761657715, 1.7470899820327759
167, -4.197714805603027, 0.01920294761657715, 1.7738286256790161
168, -4.4462809562683105, 0.01920294761657715, 1.8005672693252563
169, -4.694847106933594, 0.01920294761657715, 1.8273059129714966
170, -4.943413257598877, 0.01920294761657715, 1.8540445566177368
171, -5.19197940826416, 0.01920294761657715, 1.880783200263977
172, -5.440545558929443, 0.01920294761657715, 1.9075218439102173
173, -5.689111709594727, 0.01920294761657715, 1.9342604875564575
174, -5.93767786026001, 0.01920294761657715, 1.9609991312026978
175, -6.186244010925293, 0.01920294761657715, 1.987737774848938
176, -6.434810161590576, 0.01920294761657715, 2.0144762992858887
177, -6.683376312255859, 0.01920294761657715, 2.041214942932129
178, -6.931942462921143, 0.01920294761657715, 2.067953586578369
179, -7.180508613586426, 0.01920294761657715, 2.0946922302246094
180, -7.429074764251709, 0.01920294761657715, 2.1214308738708496
181, -7.677640914916992, 0.01920294761657715, 2.14816951751709
182, -7.926207065582275, 0.01920294761657715, 2.17490816116333
183, -8.174773216247559, 0.01920294761657715, 2.2016468048095703
184, -8.423338890075684, 0.01920294761657715, 2.2283854484558105
185, -8.671904563903809, 0.01920294761657715, 2.255124092102051
186, -8.920470237731934, 0.01920294761657715, 2.281862735748291
187, -8.920470237731934, 0.01920294761657715, 2.281862735748291
188, -8.920470237731934, 0.01920294761657715, 2.281862735748291
189, -9.021596908569336, 0.01920294761657715, 2.5104966163635254
190, -9.122723579406738, 0.01920294761657715, 2.7391304969787598
191, -9.22385025024414, 0.01920294761657715, 2.967764377593994
192, -9.324976921081543, 0.01920294761657715, 3.1963982582092285
193, -9.324976921081543, 0.01920294761657715, 3.1963982582092285
194, -9.298238754272461, 0.01920294761657715, 3.4449644088745117
195, -9.271500587463379, 0.01920294761657715, 3.693530559539795
196, -9.271500587463379, 0.01920294761657715, 3.693530559539795
197, -9.124061584472656, 0.01920294761657715, 3.895425796508789
198, -9.124061584472656, 0.01920294761657715, 3.895425796508789
199, -9.124061584472656, 0.01920294761657715, 3.895425796508789
200, -9.124061584472656, 0.01920294761657715, 3.895425796508789
201, -9.124061584472656, 0.01920294761657715, 3.895425796508789
202, -9.124061584472656, 0.01920294761657715, 3.895425796508789
203, -9.124061584472656, 0.01920294761657715, 3.895425796508789
204, -9.271500587463379, 0.01920294761657715, 3.693530559539795
205, -9.418939590454102, 0.01920294761657715, 3.491635322570801
206, -9.418939590454102, 0.01920294761657715, 3.491635322570801
207, -9.445677757263184, 0.01920294761657715, 3.2430694103240967
208, -9.445677757263184, 0.01920294761657715, 3.2430694103240967
209, -9.344551086425781, 0.01920294761657715, 3.0144357681274414
210, -9.243424415588379, 0.01920294761657715, 2.785801887512207
211, -9.142297744750977, 0.01920294761657715, 2.5571680068969727
212, -9.142297744750977, 0.01920294761657715, 2.5571680068969727
213, -8.94040298461914, 0.01920294761657715, 2.409728765487671
214, -8.738508224487305, 0.01920294761657715, 2.262289524078369
215, -8.536613464355469, 0.01920294761657715, 2.1148502826690674
216, -8.536613464355469, 0.01920294761657715, 2.1148502826690674
217, -8.288047790527344, 0.01920294761657715, 2.088111639022827
218, -8.039482116699219, 0.01920294761657715, 2.061372995376587
219, -7.7909159660339355, 0.01920294761657715, 2.0346343517303467
220, -7.542349815368652, 0.01920294761657715, 2.0078957080841064
221, -7.293783664703369, 0.01920294761657715, 1.9811570644378662
222, -7.045217514038086, 0.01920294761657715, 1.954418420791626
223, -6.796651363372803, 0.01920294761657715, 1.9276797771453857
224, -6.5480852127075195, 0.01920294761657715, 1.9009411334991455
225, -6.299519062042236, 0.01920294761657715, 1.8742024898529053
226, -6.050952911376953, 0.01920294761657715, 1.847463846206665
227, -5.80238676071167, 0.01920294761657715, 1.8207252025604248
228, -5.80238676071167, 0.01920294761657715, 1.8207252025604248
229, -5.5737528800964355, 0.01920294761657715, 1.9218518733978271
230, -5.5737528800964355, 0.01920294761657715, 1.9218518733978271
231, -5.325186729431152, 0.01920294761657715, 1.895113229751587
232, -5.076620578765869, 0.01920294761657715, 1.8683745861053467
233, -4.828054428100586, 0.01920294761657715, 1.8416359424591064
234, -4.579488277435303, 0.01920294761657715, 1.8148972988128662
235, -4.3309221267700195, 0.01920294761657715, 1.788158655166626
236, -4.082355976104736, 0.01920294761657715, 1.7614200115203857
237, -3.8337900638580322, 0.01920294761657715, 1.7346813678741455
238, -3.585224151611328, 0.01920294761657715, 1.7079427242279053
239, -3.336658239364624, 0.01920294761657715, 1.681204080581665
240, -3.336658239364624, 0.01920294761657715, 1.681204080581665
241, -3.1080243587493896, 0.01920294761657715, 1.7823307514190674
242, -2.8793904781341553, 0.01920294761657715, 1.8834574222564697
243, -2.650756597518921, 0.01920294761657715, 1.984584093093872
244, -2.650756597518921, 0.01920294761657715, 1.984584093093872
245, -2.650756597518921, 0.01920294761657715, 1.984584093093872
246, -2.650756597518921, 0.01920294761657715, 1.984584093093872
247, -2.650756597518921, 0.01920294761657715, 1.984584093093872
248, -2.4488613605499268, 0.01920294761657715, 1.8371448516845703
249, -2.2469661235809326, 0.01920294761657715, 1.6897056102752686
250, -2.0450708866119385, 0.01920294761657715, 1.5422663688659668
251, -1.8431757688522339, 0.01920294761657715, 1.394827127456665
252, -1.6412806510925293, 0.01920294761657715, 1.2473878860473633
253, -1.6412806510925293, 0.01920294761657715, 1.2473878860473633
254, -1.540153980255127, 0.01920294761657715, 1.0187541246414185
255, -1.4390273094177246, 0.01920294761657715, 0.7901203632354736
256, -1.3379006385803223, 0.01920294761657715, 0.5614866018295288
257, -1.23677396774292, 0.01920294761657715, 0.332852840423584
258, -1.1356472969055176, 0.01920294761657715, 0.10421907901763916
259, -1.0345206260681152, 0.01920294761657715, -0.12441468238830566
260, -0.9333939552307129, 0.01920294761657715, -0.3530484437942505
261, -0.8322672843933105, 0.01920294761657715, -0.5816822052001953
262, -0.7311406135559082, 0.01920294761657715, -0.8103159666061401
263, -0.6300139427185059, 0.01920294761657715, -1.038949728012085
264, -0.6300139427185059, 0.01920294761657715, -1.038949728012085
265, -0.6567525863647461, 0.01920294761657715, -1.2875157594680786
266, -0.6567525863647461, 0.01920294761657715, -1.2875157594680786
267, -0.6567525863647461, 0.01920294761657715, -1.2875157594680786
268, -0.5482412576675415, 0.01920294761657715, -1.366759181022644
269, -0.5482412576675415, 0.01920294761657715, -1.366759181022644
270, -0.5482412576675415, 0.01920294761657715, -1.366759181022644
271, -0.5482412576675415, 0.01920294761657715, -1.366759181022644
272, -0.5482412576675415, 0.01920294761657715, -1.366759181022644
273, -0.5749799013137817, 0.01920294761657715, -1.6153252124786377
274, -0.5749799013137817, 0.01920294761657715, -1.6153252124786377
275, -0.5749799013137817, 0.01920294761657715, -1.6153252124786377
276, -0.5749799013137817, 0.01920294761657715, -1.6153252124786377
277, -0.5749799013137817, 0.01920294761657715, -1.6153252124786377
278, -0.5749799013137817, 0.01920294761657715, -1.6153252124786377
279, -0.5749799013137817, 0.01920294761657715, -1.6153252124786377
280, -0.5749799013137817, 0.01920294761657715, -1.6153252124786377
281, -0.6761065721511841, 0.01920294761657715, -1.3866914510726929
282, -0.7772332429885864, 0.01920294761657715, -1.158057689666748
283, -0.8783599138259888, 0.01920294761657715, -0.9294239282608032
284, -0.8783599138259888, 0.01920294761657715, -0.9294239282608032
285, -0.8516213297843933, 0.01920294761657715, -0.6808578968048096
286, -0.8516213297843933, 0.01920294761657715, -0.6808578968048096
287, -0.9527480006217957, 0.01920294761657715, -0.45222410559654236
288, -1.0538747310638428, 0.01920294761657715, -0.22359031438827515
289, -1.1550014019012451, 0.01920294761657715, 0.005043476819992065
290, -1.2561280727386475, 0.01920294761657715, 0.23367726802825928
291, -1.2561280727386475, 0.01920294761657715, 0.23367726802825928
292, -1.458023190498352, 0.01920294761657715, 0.3811165690422058
293, -1.6599183082580566, 0.01920294761657715, 0.5285558700561523
294, -1.8618134260177612, 0.01920294761657715, 0.6759951710700989
295, -2.063708543777466, 0.01920294761657715, 0.8234344720840454
296, -2.26560378074646, 0.01920294761657715, 0.9708737730979919
297, -2.467499017715454, 0.01920294761657715, 1.1183130741119385
298, -2.6693942546844482, 0.01920294761657715, 1.2657523155212402
299, -2.8712894916534424, 0.01920294761657715, 1.413191556930542
300, -3.0731847286224365, 0.01920294761657715, 1.5606307983398438
301, -3.2750799655914307, 0.01920294761657715, 1.7080700397491455
302, -3.476975202560425, 0.01920294761657715, 1.8555092811584473
303, -3.476975202560425, 0.01920294761657715, 1.8555092811584473
304, -3.476975202560425, 0.01920294761657715, 1.8555092811584473
305, -3.476975202560425, 0.01920294761657715, 1.8555092811584473
306, -3.476975202560425, 0.01920294761657715, 1.8555092811584473
307, -3.476975202560425, 0.01920294761657715, 1.8555092811584473
308, -3.2284092903137207, 0.01920294761657715, 1.828770637512207
309, -2.9798433780670166, 0.01920294761657715, 1.8020319938659668
310, -2.7312774658203125, 0.01920294761657715, 1.7752933502197266
311, -2.4827115535736084, 0.01920294761657715, 1.7485547065734863
312, -2.2341456413269043, 0.01920294761657715, 1.721816062927246
313, -1.9855796098709106, 0.01920294761657715, 1.6950774192810059
314, -1.737013578414917, 0.01920294761657715, 1.6683387756347656
315, -1.4884475469589233, 0.01920294761657715, 1.6416001319885254
316, -1.4884475469589233, 0.01920294761657715, 1.6416001319885254
317, -1.2598137855529785, 0.01920294761657715, 1.7427268028259277
318, -1.0311800241470337, 0.01920294761657715, 1.84385347366333
319, -1.0311800241470337, 0.01920294761657715, 1.84385347366333
320, -0.8837407231330872, 0.01920294761657715, 2.045748710632324
321, -0.7363014221191406, 0.01920294761657715, 2.2476439476013184
322, -0.5888621211051941, 0.01920294761657715, 2.4495391845703125
323, -0.5888621211051941, 0.01920294761657715, 2.4495391845703125
324, -0.5888621211051941, 0.01920294761657715, 2.4495391845703125
325, -0.5888621211051941, 0.01920294761657715, 2.4495391845703125
326, -0.5888621211051941, 0.01920294761657715, 2.4495391845703125
327, -0.5888621211051941, 0.01920294761657715, 2.4495391845703125
328, -0.5888621211051941, 0.01920294761657715, 2.4495391845703125
329, -0.7363014221191406, 0.01920294761657715, 2.2476439476013184
330, -0.8837407231330872, 0.01920294761657715, 2.045748710632324
331, -0.8837407231330872, 0.01920294761657715, 2.045748710632324
332, -0.9166586995124817, 0.01920294761657715, 2.031188726425171
333, -0.9166588187217712, 0.01920294761657715, 2.031188726425171
334, -0.9166587591171265, 0.01920294761657715, 2.031188726425171
335, -0.9166587591171265, 0.01920294761657715, 2.031188726425171
336, -1.0640981197357178, 0.01920294761657715, 1.8292936086654663
337, -1.0640981197357178, 0.01920294761657715, 1.8292936086654663
338, -1.2927318811416626, 0.01920294761657715, 1.728166937828064
339, -1.5213656425476074, 0.01920294761657715, 1.6270402669906616
340, -1.5213656425476074, 0.01920294761657715, 1.6270402669906616
341, -1.769931674003601, 0.01920294761657715, 1.6537789106369019
342, -2.0184977054595947, 0.01920294761657715, 1.680517554283142
343, -2.267063617706299, 0.01920294761657715, 1.7072561979293823
344, -2.515629529953003, 0.01920294761657715, 1.7339948415756226
345, -2.764195442199707, 0.01920294761657715, 1.7607334852218628
346, -3.012761354446411, 0.01920294761657715, 1.787472128868103
347, -3.2613272666931152, 0.01920294761657715, 1.8142107725143433
348, -3.2613272666931152, 0.01920294761657715, 1.8142107725143433
349, -3.4632225036621094, 0.01920294761657715, 1.9616501331329346
350, -3.6651177406311035, 0.01920294761657715, 2.1090893745422363
351, -3.6651177406311035, 0.01920294761657715, 2.1090893745422363
352, -3.6651177406311035, 0.01920294761657715, 2.1090893745422363
353, -3.6383790969848633, 0.002310022711753845, 2.3576552867889404
354, -3.611640453338623, -0.06823860853910446, 2.6062211990356445
355, -3.584901809692383, -0.13878723978996277, 2.8547871112823486
356, -3.584901809692383, -0.13878723978996277, 2.8547871112823486
357, -3.6655070781707764, -0.18079686164855957, 3.037024974822998
358, -3.6655070781707764, -0.18079686164855957, 3.037024974822998
359, -3.6655070781707764, -0.18079686164855957, 3.037024974822998
360, -3.6655070781707764, -0.18079686164855957, 3.037024974822998
361, -3.6655070781707764, -0.18079686164855957, 3.037024974822998
362, -3.6655070781707764, -0.18079686164855957, 3.037024974822998
363, -3.6655070781707764, -0.18079686164855957, 3.037024974822998
364, -3.8941407203674316, -0.15187877416610718, 2.9358983039855957
365, -3.8941407203674316, -0.15187877416610718, 2.9358983039855957
366, -3.8941407203674316, -0.15187877416610718, 2.9358983039855957
367, -3.8941407203674316, -0.15187877416610718, 2.9358983039855957
368, -3.8941407203674316, -0.15187877416610718, 2.9358983039855957
369, -3.867441415786743, -0.29845643043518066, 3.1840994358062744
370, -3.867441415786743, -0.2984565198421478, 3.1840994358062744
371, -3.867441415786743, -0.2984565198421478, 3.1840994358062744
372, -3.867441415786743, -0.298456609249115, 3.1840996742248535
373, -3.867441415786743, -0.298456609249115, 3.1840996742248535
374, -3.949781894683838, -0.35446229577064514, 3.2442312240600586
375, -3.949781894683838, -0.35446229577064514, 3.2442312240600586
376, -3.949781894683838, -0.35446229577064514, 3.2442312240600586
377, -3.949781894683838, -0.35446229577064514, 3.2442312240600586
378, -3.949781894683838, -0.35446229577064514, 3.2442312240600586
379, -3.9334442615509033, -0.3644593358039856, 3.2666029930114746
380, -3.9334442615509033, -0.3644593358039856, 3.2666029930114746
381, -3.9334442615509033, -0.3644593358039856, 3.2666029930114746
382, -3.9334442615509033, -0.3644593358039856, 3.2666029930114746
383, -3.9334442615509033, -0.3644593358039856, 3.2666029930114746
384, -3.9334442615509033, -0.3644593358039856, 3.2666029930114746
385, -3.9334442615509033, -0.3644593358039856, 3.2666029930114746
386, -3.9334442615509033, -0.3644593358039856, 3.2666029930114746
387, -3.949781894683838, -0.37557166814804077, 3.278533935546875
388, -3.949781894683838, -0.37557166814804077, 3.278533935546875
389, -3.949781894683838, -0.37557166814804077, 3.278533935546875
390, -3.949781894683838, -0.37557166814804077, 3.278533935546875
391, -3.949781894683838, -0.37557166814804077, 3.278533935546875
392, -3.949781894683838, -0.37557166814804077, 3.278533935546875
393, -3.949781894683838, -0.37557166814804077, 3.278533935546875
394, -3.949781894683838, -0.37557166814804077, 3.278533935546875
395, -3.946540117263794, -0.377555251121521, 3.282972812652588
396, -3.946540117263794, -0.377555251121521, 3.282972812652588
397, -3.946540117263794, -0.377555251121521, 3.282972812652588
398, -3.946540117263794, -0.377555251121521, 3.282972812652588
399, -3.946540117263794, -0.377555251121521, 3.282972812652588
400, -3.946540117263794, -0.377555251121521, 3.282972812652588
401, -3.946540117263794, -0.377555251121521, 3.282972812652588
402, -3.946540117263794, -0.377555251121521, 3.282972812652588
403, -3.8454134464263916, -0.21352051198482513, 3.0543389320373535
404, -3.7442867755889893, -0.08651722967624664, 2.825705051422119
405, -3.7442867755889893, -0.08651722222566605, 2.825705051422119
406, -3.7710254192352295, -0.015968605875968933, 2.577139139175415
407, -3.7977640628814697, 0.01920294761657715, 2.328573226928711
408, -3.7977640628814697, 0.01920294761657715, 2.328573226928711
409, -3.6966373920440674, 0.01920294761657715, 2.0999393463134766
410, -3.6966373920440674, 0.01920294761657715, 2.0999393463134766
411, -3.4947423934936523, 0.01920294761657715, 1.9524999856948853
412, -3.4947423934936523, 0.01920294761657715, 1.9524999856948853
413, -3.2461764812469482, 0.01920294761657715, 1.925761342048645
414, -2.997610569000244, 0.01920294761657715, 1.8990226984024048
415, -2.74904465675354, 0.01920294761657715, 1.8722840547561646
416, -2.74904465675354, 0.01920294761657715, 1.8722840547561646
417, -2.74904465675354, 0.01920294761657715, 1.8722840547561646
418, -2.74904465675354, 0.01920294761657715, 1.8722840547561646
419, -2.74904465675354, 0.01920294761657715, 1.8722840547561646
420, -2.74904465675354, 0.01920294761657715, 1.8722840547561646
421, -2.74904465675354, 0.01920294761657715, 1.8722840547561646
422, -2.74904465675354, 0.01920294761657715, 1.8722840547561646
423, -2.9776782989501953, 0.01920294761657715, 1.7711573839187622
424, -2.9776782989501953, 0.01920294761657715, 1.7711573839187622
425, -3.2262442111968994, 0.01920294761657715, 1.797896146774292
426, -3.2262442111968994, 0.01920294761657715, 1.797896146774292
427, -3.4281392097473145, 0.01920294761657715, 1.9453355073928833
428, -3.6300342082977295, 0.01920294761657715, 2.0927748680114746
429, -3.6300342082977295, 0.01920294761657715, 2.0927748680114746
430, -3.6300342082977295, 0.01920294761657715, 2.0927748680114746
431, -3.6300342082977295, 0.01920294761657715, 2.0927748680114746
432, -3.6300342082977295, 0.01920294761657715, 2.0927748680114746
433, -3.6300342082977295, 0.01920294761657715, 2.0927748680114746
434, -3.6300342082977295, 0.01920294761657715, 2.0927748680114746
435, -3.4281392097473145, 0.01920294761657715, 1.9453355073928833
436, -3.2262442111968994, 0.01920294761657715, 1.797896146774292
437, -3.2262442111968994, 0.01920294761657715, 1.797896146774292
438, -3.2262442111968994, 0.01920294761657715, 1.797896146774292
439, -3.2262442111968994, 0.01920294761657715, 1.797896146774292
440, -2.9776782989501953, 0.01920294761657715, 1.7711575031280518
441, -2.729112386703491, 0.01920294761657715, 1.7444188594818115
442, -2.480546474456787, 0.01920294761657715, 1.7176802158355713
443, -2.231980562210083, 0.01920294761657715, 1.690941572189331
444, -1.9834145307540894, 0.01920294761657715, 1.6642029285430908
445, -1.7348484992980957, 0.01920294761657715, 1.6374642848968506
446, -1.486282467842102, 0.01920294761657715, 1.6107256412506104
447, -1.486282467842102, 0.01920294761657715, 1.6107256412506104
448, -1.2576487064361572, 0.01920294761657715, 1.7118523120880127
449, -1.0290149450302124, 0.01920294761657715, 1.812978982925415
450, -1.0290149450302124, 0.01920294761657715, 1.812978982925415
451, -1.0290149450302124, 0.01920294761657715, 1.812978982925415
452, -1.0290149450302124, 0.01920294761657715, 1.812978982925415
453, -0.8815755844116211, 0.01920294761657715, 2.01487398147583
454, -0.7341362237930298, 0.01920294761657715, 2.216769218444824
455, -0.7341362237930298, 0.01920294761657715, 2.216769218444824
456, -0.7341362237930298, 0.01920294761657715, 2.216769218444824
457, -0.7341362237930298, 0.01920294761657715, 2.216769218444824
458, -0.7341362237930298, 0.01920294761657715, 2.216769218444824
459, -0.7341362237930298, 0.01920294761657715, 2.216769218444824
460, -0.7341362237930298, 0.01920294761657715, 2.216769218444824
461, -0.8815755844116211, 0.01920294761657715, 2.014874219894409
462, -1.0290149450302124, 0.01920294761657715, 1.8129791021347046
463, -1.0290149450302124, 0.01920294761657715, 1.8129791021347046
464, -1.2576487064361572, 0.01920294761657715, 1.7118525505065918
465, -1.486282467842102, 0.01920294761657715, 1.610725998878479
466, -1.486282467842102, 0.01920294761657715, 1.610725998878479
467, -1.7348483800888062, 0.01920294761657715, 1.6374647617340088
468, -1.9834142923355103, 0.01920294761657715, 1.664203405380249
469, -2.231980323791504, 0.01920294761657715, 1.6909420490264893
470, -2.480546236038208, 0.01920294761657715, 1.7176806926727295
471, -2.729112148284912, 0.01920294761657715, 1.7444193363189697
472, -2.977678060531616, 0.01920294761657715, 1.77115797996521
473, -3.2262439727783203, 0.01920294761657715, 1.7978966236114502
474, -3.2262439727783203, 0.01920294761657715, 1.7978966236114502
475, -3.4281389713287354, 0.01920294761657715, 1.945336103439331
476, -3.6300339698791504, 0.01920294761657715, 2.092775583267212
477, -3.6300339698791504, 0.01920294761657715, 2.092775583267212
478, -3.6300339698791504, 0.01920294761657715, 2.092775583267212
479, -3.60329532623291, -0.0034368187189102173, 2.341341495513916
480, -3.57655668258667, -0.07398544996976852, 2.58990740776062
481, -3.57655668258667, -0.07398544996976852, 2.58990740776062
482, -3.6776833534240723, -0.10346256196498871, 2.8185412883758545
483, -3.7788100242614746, -0.19374200701713562, 3.047175168991089
484, -3.7788100242614746, -0.19374200701713562, 3.047175168991089
485, -3.776331901550293, -0.20734700560569763, 3.0702126026153564
486, -3.776331901550293, -0.20734700560569763, 3.0702126026153564
487, -3.776331901550293, -0.20734700560569763, 3.0702126026153564
488, -3.776331901550293, -0.20734700560569763, 3.0702126026153564
489, -3.776331901550293, -0.20734700560569763, 3.0702126026153564
490, -3.776331901550293, -0.20734700560569763, 3.0702126026153564
491, -3.776331901550293, -0.20734700560569763, 3.0702126026153564
492, -3.776331901550293, -0.20734700560569763, 3.0702126026153564
493, -3.776332139968872, -0.2073473036289215, 3.0702130794525146
494, -3.776332139968872, -0.2073473036289215, 3.0702130794525146
495, -3.949781894683838, -0.32532286643981934, 3.1968796253204346
496, -3.949781894683838, -0.32532286643981934, 3.1968796253204346
497, -3.949781894683838, -0.32532286643981934, 3.1968796253204346
498, -3.9412341117858887, -0.37224918603897095, 3.2763402462005615
499, -3.9412341117858887, -0.37224918603897095, 3.2763402462005615
