1, -3.6873278617858887, 3.1633780002593994, -1.1900835037231445
2, -3.6873278617858887, 3.1633780002593994, -1.1900835037231445
3, -3.6873278617858887, 3.1633780002593994, -1.1900835037231445
4, -3.6873278617858887, 3.1633780002593994, -1.1900835037231445
5, -3.6873278617858887, 3.1633780002593994, -1.1900835037231445
6, -3.6873278617858887, 3.1633780002593994, -1.1900835037231445
7, -3.6873278617858887, 3.1633780002593994, -1.1900835037231445
8, -3.6873278617858887, 3.1633780002593994, -1.1900835037231445
9, -3.6873278617858887, 3.1633780002593994, -1.1900835037231445
10, -3.6873278617858887, 3.1633780002593994, -1.1900835037231445
11, -3.6873278617858887, 3.1633780002593994, -1.1900835037231445
12, -3.6873278617858887, 3.1633780002593994, -1.1900835037231445
13, -3.6873278617858887, 3.1633780002593994, -1.1900835037231445
14, -3.6873278617858887, 3.1633780002593994, -1.1900835037231445
15, -3.6873278617858887, 3.1633780002593994, -1.1900835037231445
16, -3.6873278617858887, 3.1633780002593994, -1.1900835037231445
17, -3.6873278617858887, 3.1633780002593994, -1.1900835037231445
18, -3.6873278617858887, 3.1633780002593994, -1.1900835037231445
19, -3.827934741973877, 3.1633780002593994, -1.3967951536178589
20, -3.9685416221618652, 3.1633780002593994, -1.6035068035125732
21, -3.9685416221618652, 3.1633780002593994, -1.6035068035125732
22, -4.193666458129883, 3.1633780002593994, -1.7122209072113037
23, -4.4187912940979, 3.1633780002593994, -1.8209350109100342
24, -4.643916130065918, 3.1633780002593994, -1.9296491146087646
25, -4.8690409660339355, 3.1633780002593994, -2.038363218307495
26, -5.094165802001953, 3.1633780002593994, -2.1470773220062256
27, -5.319290637969971, 3.1633780002593994, -2.255791425704956
28, -5.544415473937988, 3.1633780002593994, -2.3645055294036865
29, -5.544415473937988, 3.1633780002593994, -2.3645055294036865
30, -5.544415473937988, 3.1633780002593994, -2.3645055294036865
31, -5.769540309906006, 3.1633780002593994, -2.473219633102417
32, -5.769540309906006, 3.1633780002593994, -2.473219633102417
33, -5.910147190093994, 3.1633780002593994, -2.679931163787842
34, -5.910147190093994, 3.1633780002593994, -2.679931163787842
35, -5.928560733795166, 3.1633780002593994, -2.9292521476745605
36, -5.946974277496338, 3.1633780002593994, -3.1785731315612793
37, -5.946974277496338, 3.1633780002593994, -3.1785731315612793
38, -5.946974277496338, 3.1633780002593994, -3.1785731315612793
39, -5.946974277496338, 3.1633780002593994, -3.1785731315612793
40, -5.946974277496338, 3.1633780002593994, -3.1785731315612793
41, -5.946974277496338, 3.1633780002593994, -3.1785731315612793
42, -5.946974277496338, 3.1633780002593994, -3.1785731315612793
43, -5.946974277496338, 3.1633780002593994, -3.1785731315612793
44, -5.946974277496338, 3.1633780002593994, -3.1785731315612793
45, -6.151424407958984, 3.1633780002593994, -3.2773032188415527
46, -6.151424407958984, 3.1633780002593994, -3.2773032188415527
47, -6.292031288146973, 3.1633780002593994, -3.4840147495269775
48, -6.292031288146973, 3.1633780002593994, -3.4840147495269775
49, -6.3104448318481445, 3.1633780002593994, -3.7333357334136963
50, -6.328858375549316, 3.1633780002593994, -3.982656717300415
51, -6.347271919250488, 3.1633780002593994, -4.231977462768555
52, -6.36568546295166, 3.1633780002593994, -4.481298446655273
53, -6.36568546295166, 3.1633780002593994, -4.481298446655273
54, -6.25697135925293, 3.1633780002593994, -4.706423282623291
55, -6.25697135925293, 3.1633780002593994, -4.706423282623291
56, -6.050259590148926, 3.1633780002593994, -4.847030162811279
57, -5.843547821044922, 3.1633780002593994, -4.987637042999268
58, -5.636836051940918, 3.1633780002593994, -5.128243923187256
59, -5.636836051940918, 3.1633780002593994, -5.128243923187256
60, -5.387515068054199, 3.1633780002593994, -5.146657466888428
61, -5.1381940841674805, 3.1633780002593994, -5.1650710105896
62, -5.1381940841674805, 3.1633780002593994, -5.1650710105896
63, -5.1381940841674805, 3.1633780002593994, -5.1650710105896
64, -5.1381940841674805, 3.1633780002593994, -5.1650710105896
65, -5.1381940841674805, 3.1633780002593994, -5.1650710105896
66, -5.1381940841674805, 3.1633780002593994, -5.1650710105896
67, -5.1381940841674805, 3.1633780002593994, -5.1650710105896
68, -5.387515068054199, 3.1633780002593994, -5.146657466888428
69, -5.636836051940918, 3.1633780002593994, -5.128243923187256
70, -5.636836051940918, 3.1633780002593994, -5.128243923187256
71, -5.636836051940918, 3.1633780002593994, -5.128243923187256
72, -5.636836051940918, 3.1633780002593994, -5.128243923187256
73, -5.636836051940918, 3.1633780002593994, -5.128243923187256
74, -5.636836051940918, 3.1633780002593994, -5.128243923187256
75, -5.636836051940918, 3.1633780002593994, -5.128243923187256
76, -5.387515068054199, 3.1633780002593994, -5.146657466888428
77, -5.1381940841674805, 3.1633780002593994, -5.1650710105896
78, -5.1381940841674805, 3.1633780002593994, -5.1650710105896
79, -5.1381940841674805, 3.1633780002593994, -5.1650710105896
80, -5.1381940841674805, 3.1633780002593994, -5.1650710105896
81, -5.1381940841674805, 3.1633780002593994, -5.1650710105896
82, -5.1381940841674805, 3.1633780002593994, -5.1650710105896
83, -5.1381940841674805, 3.1633780002593994, -5.1650710105896
84, -5.387515068054199, 3.1633780002593994, -5.146657466888428
85, -5.636836051940918, 3.1633780002593994, -5.128243923187256
86, -5.636836051940918, 3.1633780002593994, -5.128243923187256
87, -5.636836051940918, 3.1633780002593994, -5.128243923187256
88, -5.636836051940918, 3.1633780002593994, -5.128243923187256
89, -5.636836051940918, 3.1633780002593994, -5.128243923187256
90, -5.636836051940918, 3.1633780002593994, -5.128243923187256
91, -5.636836051940918, 3.1633780002593994, -5.128243923187256
92, -5.387515068054199, 3.1633780002593994, -5.146657466888428
93, -5.1381940841674805, 3.1633780002593994, -5.1650710105896
94, -5.1381940841674805, 3.1633780002593994, -5.1650710105896
95, -5.1381940841674805, 3.1633780002593994, -5.1650710105896
96, -5.1381940841674805, 3.1633780002593994, -5.1650710105896
97, -5.1381940841674805, 3.1633780002593994, -5.1650710105896
98, -5.1381940841674805, 3.1633780002593994, -5.1650710105896
99, -5.1381940841674805, 3.1633780002593994, -5.1650710105896
100, -5.387515068054199, 3.1633780002593994, -5.146657466888428
101, -5.636836051940918, 3.1633780002593994, -5.128243923187256
102, -5.636836051940918, 3.1633780002593994, -5.128243923187256
103, -5.636836051940918, 3.1633780002593994, -5.128243923187256
104, -5.636836051940918, 3.1633780002593994, -5.128243923187256
105, -5.636836051940918, 3.1633780002593994, -5.128243923187256
106, -5.636836051940918, 3.1633780002593994, -5.128243923187256
107, -5.636836051940918, 3.1633780002593994, -5.128243923187256
108, -5.387515068054199, 3.1633780002593994, -5.146657466888428
109, -5.1381940841674805, 3.1633780002593994, -5.1650710105896
110, -5.1381940841674805, 3.1633780002593994, -5.1650710105896
111, -5.1381940841674805, 3.1633780002593994, -5.1650710105896
112, -5.1381940841674805, 3.1633780002593994, -5.1650710105896
113, -5.1381940841674805, 3.1633780002593994, -5.1650710105896
114, -5.1381940841674805, 3.1633780002593994, -5.1650710105896
115, -5.1381940841674805, 3.1633780002593994, -5.1650710105896
116, -5.387515068054199, 3.1633780002593994, -5.146657466888428
117, -5.636836051940918, 3.1633780002593994, -5.128243923187256
118, -5.636836051940918, 3.1633780002593994, -5.128243923187256
119, -5.636836051940918, 3.1633780002593994, -5.128243923187256
120, -5.636836051940918, 3.1633780002593994, -5.128243923187256
121, -5.636836051940918, 3.1633780002593994, -5.128243923187256
122, -5.636836051940918, 3.1633780002593994, -5.128243923187256
123, -5.636836051940918, 3.1633780002593994, -5.128243923187256
124, -5.387515068054199, 3.1633780002593994, -5.146657466888428
125, -5.1381940841674805, 3.1633780002593994, -5.1650710105896
126, -5.1381940841674805, 3.1633780002593994, -5.1650710105896
127, -5.1381940841674805, 3.1633780002593994, -5.1650710105896
128, -5.1381940841674805, 3.1633780002593994, -5.1650710105896
129, -5.1381940841674805, 3.1633780002593994, -5.1650710105896
130, -5.1381940841674805, 3.1633780002593994, -5.1650710105896
131, -5.1381940841674805, 3.1633780002593994, -5.1650710105896
132, -5.387515068054199, 3.1633780002593994, -5.146657466888428
133, -5.636836051940918, 3.1633780002593994, -5.128243923187256
134, -5.636836051940918, 3.1633780002593994, -5.128243923187256
135, -5.636836051940918, 3.1633780002593994, -5.128243923187256
136, -5.636836051940918, 3.1633780002593994, -5.128243923187256
137, -5.636836051940918, 3.1633780002593994, -5.128243923187256
138, -5.636836051940918, 3.1633780002593994, -5.128243923187256
139, -5.636836051940918, 3.1633780002593994, -5.128243923187256
140, -5.387515068054199, 3.1633780002593994, -5.146657466888428
141, -5.1381940841674805, 3.1633780002593994, -5.1650710105896
142, -5.1381940841674805, 3.1633780002593994, -5.1650710105896
143, -5.1381940841674805, 3.1633780002593994, -5.1650710105896
144, -5.1381940841674805, 3.1633780002593994, -5.1650710105896
145, -5.1381940841674805, 3.1633780002593994, -5.1650710105896
146, -5.1381940841674805, 3.1633780002593994, -5.1650710105896
147, -5.1381940841674805, 3.1633780002593994, -5.1650710105896
148, -5.387515068054199, 3.1633780002593994, -5.146657466888428
149, -5.636836051940918, 3.1633780002593994, -5.128243923187256
150, -5.636836051940918, 3.1633780002593994, -5.128243923187256
151, -5.636836051940918, 3.1633780002593994, -5.128243923187256
152, -5.636836051940918, 3.1633780002593994, -5.128243923187256
153, -5.636836051940918, 3.1633780002593994, -5.128243923187256
154, -5.636836051940918, 3.1633780002593994, -5.128243923187256
155, -5.636836051940918, 3.1633780002593994, -5.128243923187256
156, -5.387515068054199, 3.1633780002593994, -5.146657466888428
157, -5.1381940841674805, 3.1633780002593994, -5.1650710105896
158, -5.1381940841674805, 3.1633780002593994, -5.1650710105896
159, -5.1381940841674805, 3.1633780002593994, -5.1650710105896
160, -5.1381940841674805, 3.1633780002593994, -5.1650710105896
161, -5.1381940841674805, 3.1633780002593994, -5.1650710105896
162, -5.1381940841674805, 3.1633780002593994, -5.1650710105896
163, -5.1381940841674805, 3.1633780002593994, -5.1650710105896
164, -5.387515068054199, 3.1633780002593994, -5.146657466888428
165, -5.636836051940918, 3.1633780002593994, -5.128243923187256
166, -5.636836051940918, 3.1633780002593994, -5.128243923187256
167, -5.636836051940918, 3.1633780002593994, -5.128243923187256
168, -5.636836051940918, 3.1633780002593994, -5.128243923187256
169, -5.636836051940918, 3.1633780002593994, -5.128243923187256
170, -5.636836051940918, 3.1633780002593994, -5.128243923187256
171, -5.636836051940918, 3.1633780002593994, -5.128243923187256
172, -5.387515068054199, 3.1633780002593994, -5.146657466888428
173, -5.1381940841674805, 3.1633780002593994, -5.1650710105896
174, -5.1381940841674805, 3.1633780002593994, -5.1650710105896
175, -5.1381940841674805, 3.1633780002593994, -5.1650710105896
176, -5.1381940841674805, 3.1633780002593994, -5.1650710105896
177, -5.1381940841674805, 3.1633780002593994, -5.1650710105896
178, -5.1381940841674805, 3.1633780002593994, -5.1650710105896
179, -5.1381940841674805, 3.1633780002593994, -5.1650710105896
180, -5.387515068054199, 3.1633780002593994, -5.146657466888428
181, -5.636836051940918, 3.1633780002593994, -5.128243923187256
182, -5.636836051940918, 3.1633780002593994, -5.128243923187256
183, -5.636836051940918, 3.1633780002593994, -5.128243923187256
184, -5.636836051940918, 3.1633780002593994, -5.128243923187256
185, -5.636836051940918, 3.1633780002593994, -5.128243923187256
186, -5.636836051940918, 3.1633780002593994, -5.128243923187256
187, -5.636836051940918, 3.1633780002593994, -5.128243923187256
188, -5.387515068054199, 3.1633780002593994, -5.146657466888428
189, -5.1381940841674805, 3.1633780002593994, -5.1650710105896
190, -5.1381940841674805, 3.1633780002593994, -5.1650710105896
191, -5.1381940841674805, 3.1633780002593994, -5.1650710105896
192, -5.1381940841674805, 3.1633780002593994, -5.1650710105896
193, -5.1381940841674805, 3.1633780002593994, -5.1650710105896
194, -5.1381940841674805, 3.1633780002593994, -5.1650710105896
195, -5.1381940841674805, 3.1633780002593994, -5.1650710105896
196, -5.387515068054199, 3.1633780002593994, -5.146657466888428
197, -5.636836051940918, 3.1633780002593994, -5.128243923187256
198, -5.636836051940918, 3.1633780002593994, -5.128243923187256
199, -5.636836051940918, 3.1633780002593994, -5.128243923187256
200, -5.636836051940918, 3.1633780002593994, -5.128243923187256
201, -5.636836051940918, 3.1633780002593994, -5.128243923187256
202, -5.636836051940918, 3.1633780002593994, -5.128243923187256
203, -5.636836051940918, 3.1633780002593994, -5.128243923187256
204, -5.387515068054199, 3.1633780002593994, -5.146657466888428
205, -5.1381940841674805, 3.1633780002593994, -5.1650710105896
206, -5.1381940841674805, 3.1633780002593994, -5.1650710105896
207, -5.1381940841674805, 3.1633780002593994, -5.1650710105896
208, -5.1381940841674805, 3.1633780002593994, -5.1650710105896
209, -5.1381940841674805, 3.1633780002593994, -5.1650710105896
210, -5.1381940841674805, 3.1633780002593994, -5.1650710105896
211, -5.1381940841674805, 3.1633780002593994, -5.1650710105896
212, -5.387515068054199, 3.1633780002593994, -5.146657466888428
213, -5.636836051940918, 3.1633780002593994, -5.128243923187256
214, -5.636836051940918, 3.1633780002593994, -5.128243923187256
215, -5.636836051940918, 3.1633780002593994, -5.128243923187256
216, -5.636836051940918, 3.1633780002593994, -5.128243923187256
217, -5.636836051940918, 3.1633780002593994, -5.128243923187256
218, -5.636836051940918, 3.1633780002593994, -5.128243923187256
219, -5.636836051940918, 3.1633780002593994, -5.128243923187256
220, -5.387515068054199, 3.1633780002593994, -5.146657466888428
221, -5.1381940841674805, 3.1633780002593994, -5.1650710105896
222, -5.1381940841674805, 3.1633780002593994, -5.1650710105896
223, -5.1381940841674805, 3.1633780002593994, -5.1650710105896
224, -5.1381940841674805, 3.1633780002593994, -5.1650710105896
225, -5.1381940841674805, 3.1633780002593994, -5.1650710105896
226, -5.1381940841674805, 3.1633780002593994, -5.1650710105896
227, -5.1381940841674805, 3.1633780002593994, -5.1650710105896
228, -5.387515068054199, 3.1633780002593994, -5.146657466888428
229, -5.636836051940918, 3.1633780002593994, -5.128243923187256
230, -5.636836051940918, 3.1633780002593994, -5.128243923187256
231, -5.636836051940918, 3.1633780002593994, -5.128243923187256
232, -5.636836051940918, 3.1633780002593994, -5.128243923187256
233, -5.636836051940918, 3.1633780002593994, -5.128243923187256
234, -5.636836051940918, 3.1633780002593994, -5.128243923187256
235, -5.636836051940918, 3.1633780002593994, -5.128243923187256
236, -5.387515068054199, 3.1633780002593994, -5.146657466888428
237, -5.1381940841674805, 3.1633780002593994, -5.1650710105896
238, -5.1381940841674805, 3.1633780002593994, -5.1650710105896
239, -5.1381940841674805, 3.1633780002593994, -5.1650710105896
240, -5.1381940841674805, 3.1633780002593994, -5.1650710105896
241, -5.1381940841674805, 3.1633780002593994, -5.1650710105896
242, -5.1381940841674805, 3.1633780002593994, -5.1650710105896
243, -5.1381940841674805, 3.1633780002593994, -5.1650710105896
244, -5.387515068054199, 3.1633780002593994, -5.146657466888428
245, -5.636836051940918, 3.1633780002593994, -5.128243923187256
246, -5.636836051940918, 3.1633780002593994, -5.128243923187256
247, -5.636836051940918, 3.1633780002593994, -5.128243923187256
248, -5.636836051940918, 3.1633780002593994, -5.128243923187256
249, -5.636836051940918, 3.1633780002593994, -5.128243923187256
250, -5.636836051940918, 3.1633780002593994, -5.128243923187256
251, -5.636836051940918, 3.1633780002593994, -5.128243923187256
252, -5.387515068054199, 3.1633780002593994, -5.146657466888428
253, -5.1381940841674805, 3.1633780002593994, -5.1650710105896
254, -5.1381940841674805, 3.1633780002593994, -5.1650710105896
255, -5.1381940841674805, 3.1633780002593994, -5.1650710105896
256, -5.1381940841674805, 3.1633780002593994, -5.1650710105896
257, -5.1381940841674805, 3.1633780002593994, -5.1650710105896
258, -5.1381940841674805, 3.1633780002593994, -5.1650710105896
259, -5.1381940841674805, 3.1633780002593994, -5.1650710105896
260, -5.387515068054199, 3.1633780002593994, -5.146657466888428
261, -5.636836051940918, 3.1633780002593994, -5.128243923187256
262, -5.636836051940918, 3.1633780002593994, -5.128243923187256
263, -5.636836051940918, 3.1633780002593994, -5.128243923187256
264, -5.636836051940918, 3.1633780002593994, -5.128243923187256
265, -5.636836051940918, 3.1633780002593994, -5.128243923187256
266, -5.636836051940918, 3.1633780002593994, -5.128243923187256
267, -5.636836051940918, 3.1633780002593994, -5.128243923187256
268, -5.387515068054199, 3.1633780002593994, -5.146657466888428
269, -5.1381940841674805, 3.1633780002593994, -5.1650710105896
270, -5.1381940841674805, 3.1633780002593994, -5.1650710105896
271, -5.1381940841674805, 3.1633780002593994, -5.1650710105896
272, -5.1381940841674805, 3.1633780002593994, -5.1650710105896
273, -5.1381940841674805, 3.1633780002593994, -5.1650710105896
274, -5.1381940841674805, 3.1633780002593994, -5.1650710105896
275, -5.1381940841674805, 3.1633780002593994, -5.1650710105896
276, -5.387515068054199, 3.1633780002593994, -5.146657466888428
277, -5.636836051940918, 3.1633780002593994, -5.128243923187256
278, -5.636836051940918, 3.1633780002593994, -5.128243923187256
279, -5.636836051940918, 3.1633780002593994, -5.128243923187256
280, -5.636836051940918, 3.1633780002593994, -5.128243923187256
281, -5.636836051940918, 3.1633780002593994, -5.128243923187256
282, -5.636836051940918, 3.1633780002593994, -5.128243923187256
283, -5.636836051940918, 3.1633780002593994, -5.128243923187256
284, -5.387515068054199, 3.1633780002593994, -5.146657466888428
285, -5.1381940841674805, 3.1633780002593994, -5.1650710105896
286, -5.1381940841674805, 3.1633780002593994, -5.1650710105896
287, -5.1381940841674805, 3.1633780002593994, -5.1650710105896
288, -5.1381940841674805, 3.1633780002593994, -5.1650710105896
289, -5.1381940841674805, 3.1633780002593994, -5.1650710105896
290, -5.1381940841674805, 3.1633780002593994, -5.1650710105896
291, -5.1381940841674805, 3.1633780002593994, -5.1650710105896
292, -5.387515068054199, 3.1633780002593994, -5.146657466888428
293, -5.636836051940918, 3.1633780002593994, -5.128243923187256
294, -5.636836051940918, 3.1633780002593994, -5.128243923187256
295, -5.636836051940918, 3.1633780002593994, -5.128243923187256
296, -5.636836051940918, 3.1633780002593994, -5.128243923187256
297, -5.636836051940918, 3.1633780002593994, -5.128243923187256
298, -5.636836051940918, 3.1633780002593994, -5.128243923187256
299, -5.636836051940918, 3.1633780002593994, -5.128243923187256
300, -5.387515068054199, 3.1633780002593994, -5.146657466888428
301, -5.1381940841674805, 3.1633780002593994, -5.1650710105896
302, -5.1381940841674805, 3.1633780002593994, -5.1650710105896
303, -5.1381940841674805, 3.1633780002593994, -5.1650710105896
304, -5.1381940841674805, 3.1633780002593994, -5.1650710105896
305, -5.1381940841674805, 3.1633780002593994, -5.1650710105896
306, -5.1381940841674805, 3.1633780002593994, -5.1650710105896
307, -5.1381940841674805, 3.1633780002593994, -5.1650710105896
308, -5.387515068054199, 3.1633780002593994, -5.146657466888428
309, -5.636836051940918, 3.1633780002593994, -5.128243923187256
310, -5.636836051940918, 3.1633780002593994, -5.128243923187256
311, -5.636836051940918, 3.1633780002593994, -5.128243923187256
312, -5.636836051940918, 3.1633780002593994, -5.128243923187256
313, -5.636836051940918, 3.1633780002593994, -5.128243923187256
314, -5.636836051940918, 3.1633780002593994, -5.128243923187256
315, -5.636836051940918, 3.1633780002593994, -5.128243923187256
316, -5.387515068054199, 3.1633780002593994, -5.146657466888428
317, -5.1381940841674805, 3.1633780002593994, -5.1650710105896
318, -5.1381940841674805, 3.1633780002593994, -5.1650710105896
319, -5.1381940841674805, 3.1633780002593994, -5.1650710105896
320, -5.1381940841674805, 3.1633780002593994, -5.1650710105896
321, -5.1381940841674805, 3.1633780002593994, -5.1650710105896
322, -5.1381940841674805, 3.1633780002593994, -5.1650710105896
323, -5.1381940841674805, 3.1633780002593994, -5.1650710105896
324, -5.387515068054199, 3.1633780002593994, -5.146657466888428
325, -5.636836051940918, 3.1633780002593994, -5.128243923187256
326, -5.636836051940918, 3.1633780002593994, -5.128243923187256
327, -5.636836051940918, 3.1633780002593994, -5.128243923187256
328, -5.636836051940918, 3.1633780002593994, -5.128243923187256
329, -5.636836051940918, 3.1633780002593994, -5.128243923187256
330, -5.636836051940918, 3.1633780002593994, -5.128243923187256
331, -5.636836051940918, 3.1633780002593994, -5.128243923187256
332, -5.387515068054199, 3.1633780002593994, -5.146657466888428
333, -5.1381940841674805, 3.1633780002593994, -5.1650710105896
334, -5.1381940841674805, 3.1633780002593994, -5.1650710105896
335, -5.1381940841674805, 3.1633780002593994, -5.1650710105896
336, -5.1381940841674805, 3.1633780002593994, -5.1650710105896
337, -5.1381940841674805, 3.1633780002593994, -5.1650710105896
338, -5.1381940841674805, 3.1633780002593994, -5.1650710105896
339, -5.1381940841674805, 3.1633780002593994, -5.1650710105896
340, -5.387515068054199, 3.1633780002593994, -5.146657466888428
341, -5.636836051940918, 3.1633780002593994, -5.128243923187256
342, -5.636836051940918, 3.1633780002593994, -5.128243923187256
343, -5.636836051940918, 3.1633780002593994, -5.128243923187256
344, -5.636836051940918, 3.1633780002593994, -5.128243923187256
345, -5.636836051940918, 3.1633780002593994, -5.128243923187256
346, -5.636836051940918, 3.1633780002593994, -5.128243923187256
347, -5.636836051940918, 3.1633780002593994, -5.128243923187256
348, -5.387515068054199, 3.1633780002593994, -5.146657466888428
349, -5.1381940841674805, 3.1633780002593994, -5.1650710105896
350, -5.1381940841674805, 3.1633780002593994, -5.1650710105896
351, -5.1381940841674805, 3.1633780002593994, -5.1650710105896
352, -5.1381940841674805, 3.1633780002593994, -5.1650710105896
353, -5.1381940841674805, 3.1633780002593994, -5.1650710105896
354, -5.1381940841674805, 3.1633780002593994, -5.1650710105896
355, -5.1381940841674805, 3.1633780002593994, -5.1650710105896
356, -5.387515068054199, 3.1633780002593994, -5.146657466888428
357, -5.636836051940918, 3.1633780002593994, -5.128243923187256
358, -5.636836051940918, 3.1633780002593994, -5.128243923187256
359, -5.636836051940918, 3.1633780002593994, -5.128243923187256
360, -5.636836051940918, 3.1633780002593994, -5.128243923187256
361, -5.636836051940918, 3.1633780002593994, -5.128243923187256
362, -5.636836051940918, 3.1633780002593994, -5.128243923187256
363, -5.636836051940918, 3.1633780002593994, -5.128243923187256
364, -5.387515068054199, 3.1633780002593994, -5.146657466888428
365, -5.1381940841674805, 3.1633780002593994, -5.1650710105896
366, -5.1381940841674805, 3.1633780002593994, -5.1650710105896
367, -5.1381940841674805, 3.1633780002593994, -5.1650710105896
368, -5.1381940841674805, 3.1633780002593994, -5.1650710105896
369, -5.1381940841674805, 3.1633780002593994, -5.1650710105896
370, -5.1381940841674805, 3.1633780002593994, -5.1650710105896
371, -5.1381940841674805, 3.1633780002593994, -5.1650710105896
372, -5.387515068054199, 3.1633780002593994, -5.146657466888428
373, -5.636836051940918, 3.1633780002593994, -5.128243923187256
374, -5.636836051940918, 3.1633780002593994, -5.128243923187256
375, -5.636836051940918, 3.1633780002593994, -5.128243923187256
376, -5.636836051940918, 3.1633780002593994, -5.128243923187256
377, -5.636836051940918, 3.1633780002593994, -5.128243923187256
378, -5.636836051940918, 3.1633780002593994, -5.128243923187256
379, -5.636836051940918, 3.1633780002593994, -5.128243923187256
380, -5.387515068054199, 3.1633780002593994, -5.146657466888428
381, -5.1381940841674805, 3.1633780002593994, -5.1650710105896
382, -5.1381940841674805, 3.1633780002593994, -5.1650710105896
383, -5.1381940841674805, 3.1633780002593994, -5.1650710105896
384, -5.1381940841674805, 3.1633780002593994, -5.1650710105896
385, -5.1381940841674805, 3.1633780002593994, -5.1650710105896
386, -5.1381940841674805, 3.1633780002593994, -5.1650710105896
387, -5.1381940841674805, 3.1633780002593994, -5.1650710105896
388, -5.387515068054199, 3.1633780002593994, -5.146657466888428
389, -5.636836051940918, 3.1633780002593994, -5.128243923187256
390, -5.636836051940918, 3.1633780002593994, -5.128243923187256
391, -5.636836051940918, 3.1633780002593994, -5.128243923187256
392, -5.636836051940918, 3.1633780002593994, -5.128243923187256
393, -5.636836051940918, 3.1633780002593994, -5.128243923187256
394, -5.636836051940918, 3.1633780002593994, -5.128243923187256
395, -5.636836051940918, 3.1633780002593994, -5.128243923187256
396, -5.387515068054199, 3.1633780002593994, -5.146657466888428
397, -5.1381940841674805, 3.1633780002593994, -5.1650710105896
398, -5.1381940841674805, 3.1633780002593994, -5.1650710105896
399, -5.1381940841674805, 3.1633780002593994, -5.1650710105896
400, -5.1381940841674805, 3.1633780002593994, -5.1650710105896
401, -5.1381940841674805, 3.1633780002593994, -5.1650710105896
402, -5.1381940841674805, 3.1633780002593994, -5.1650710105896
403, -5.1381940841674805, 3.1633780002593994, -5.1650710105896
404, -5.387515068054199, 3.1633780002593994, -5.146657466888428
405, -5.636836051940918, 3.1633780002593994, -5.128243923187256
406, -5.636836051940918, 3.1633780002593994, -5.128243923187256
407, -5.636836051940918, 3.1633780002593994, -5.128243923187256
408, -5.636836051940918, 3.1633780002593994, -5.128243923187256
409, -5.636836051940918, 3.1633780002593994, -5.128243923187256
410, -5.636836051940918, 3.1633780002593994, -5.128243923187256
411, -5.636836051940918, 3.1633780002593994, -5.128243923187256
412, -5.387515068054199, 3.1633780002593994, -5.146657466888428
413, -5.1381940841674805, 3.1633780002593994, -5.1650710105896
414, -5.1381940841674805, 3.1633780002593994, -5.1650710105896
415, -5.1381940841674805, 3.1633780002593994, -5.1650710105896
416, -5.1381940841674805, 3.1633780002593994, -5.1650710105896
417, -5.1381940841674805, 3.1633780002593994, -5.1650710105896
418, -5.1381940841674805, 3.1633780002593994, -5.1650710105896
419, -5.1381940841674805, 3.1633780002593994, -5.1650710105896
420, -5.387515068054199, 3.1633780002593994, -5.146657466888428
421, -5.636836051940918, 3.1633780002593994, -5.128243923187256
422, -5.636836051940918, 3.1633780002593994, -5.128243923187256
423, -5.636836051940918, 3.1633780002593994, -5.128243923187256
424, -5.636836051940918, 3.1633780002593994, -5.128243923187256
425, -5.636836051940918, 3.1633780002593994, -5.128243923187256
426, -5.636836051940918, 3.1633780002593994, -5.128243923187256
427, -5.636836051940918, 3.1633780002593994, -5.128243923187256
428, -5.387515068054199, 3.1633780002593994, -5.146657466888428
429, -5.1381940841674805, 3.1633780002593994, -5.1650710105896
430, -5.1381940841674805, 3.1633780002593994, -5.1650710105896
431, -5.1381940841674805, 3.1633780002593994, -5.1650710105896
432, -5.1381940841674805, 3.1633780002593994, -5.1650710105896
433, -5.1381940841674805, 3.1633780002593994, -5.1650710105896
434, -5.1381940841674805, 3.1633780002593994, -5.1650710105896
435, -5.1381940841674805, 3.1633780002593994, -5.1650710105896
436, -5.387515068054199, 3.1633780002593994, -5.146657466888428
437, -5.636836051940918, 3.1633780002593994, -5.128243923187256
438, -5.636836051940918, 3.1633780002593994, -5.128243923187256
439, -5.636836051940918, 3.1633780002593994, -5.128243923187256
440, -5.636836051940918, 3.1633780002593994, -5.128243923187256
441, -5.636836051940918, 3.1633780002593994, -5.128243923187256
442, -5.636836051940918, 3.1633780002593994, -5.128243923187256
443, -5.636836051940918, 3.1633780002593994, -5.128243923187256
444, -5.387515068054199, 3.1633780002593994, -5.146657466888428
445, -5.1381940841674805, 3.1633780002593994, -5.1650710105896
446, -5.1381940841674805, 3.1633780002593994, -5.1650710105896
447, -5.1381940841674805, 3.1633780002593994, -5.1650710105896
448, -5.1381940841674805, 3.1633780002593994, -5.1650710105896
449, -5.1381940841674805, 3.1633780002593994, -5.1650710105896
450, -5.1381940841674805, 3.1633780002593994, -5.1650710105896
451, -5.1381940841674805, 3.1633780002593994, -5.1650710105896
452, -5.387515068054199, 3.1633780002593994, -5.146657466888428
453, -5.636836051940918, 3.1633780002593994, -5.128243923187256
454, -5.636836051940918, 3.1633780002593994, -5.128243923187256
455, -5.636836051940918, 3.1633780002593994, -5.128243923187256
456, -5.636836051940918, 3.1633780002593994, -5.128243923187256
457, -5.636836051940918, 3.1633780002593994, -5.128243923187256
458, -5.636836051940918, 3.1633780002593994, -5.128243923187256
459, -5.636836051940918, 3.1633780002593994, -5.128243923187256
460, -5.387515068054199, 3.1633780002593994, -5.146657466888428
461, -5.1381940841674805, 3.1633780002593994, -5.1650710105896
462, -5.1381940841674805, 3.1633780002593994, -5.1650710105896
463, -5.1381940841674805, 3.1633780002593994, -5.1650710105896
464, -5.1381940841674805, 3.1633780002593994, -5.1650710105896
465, -5.1381940841674805, 3.1633780002593994, -5.1650710105896
466, -5.1381940841674805, 3.1633780002593994, -5.1650710105896
467, -5.1381940841674805, 3.1633780002593994, -5.1650710105896
468, -5.387515068054199, 3.1633780002593994, -5.146657466888428
469, -5.636836051940918, 3.1633780002593994, -5.128243923187256
470, -5.636836051940918, 3.1633780002593994, -5.128243923187256
471, -5.636836051940918, 3.1633780002593994, -5.128243923187256
472, -5.636836051940918, 3.1633780002593994, -5.128243923187256
473, -5.636836051940918, 3.1633780002593994, -5.128243923187256
474, -5.636836051940918, 3.1633780002593994, -5.128243923187256
475, -5.636836051940918, 3.1633780002593994, -5.128243923187256
476, -5.387515068054199, 3.1633780002593994, -5.146657466888428
477, -5.1381940841674805, 3.1633780002593994, -5.1650710105896
478, -5.1381940841674805, 3.1633780002593994, -5.1650710105896
479, -5.1381940841674805, 3.1633780002593994, -5.1650710105896
480, -5.1381940841674805, 3.1633780002593994, -5.1650710105896
481, -5.1381940841674805, 3.1633780002593994, -5.1650710105896
482, -5.1381940841674805, 3.1633780002593994, -5.1650710105896
483, -5.1381940841674805, 3.1633780002593994, -5.1650710105896
484, -5.387515068054199, 3.1633780002593994, -5.146657466888428
485, -5.636836051940918, 3.1633780002593994, -5.128243923187256
486, -5.636836051940918, 3.1633780002593994, -5.128243923187256
487, -5.636836051940918, 3.1633780002593994, -5.128243923187256
488, -5.636836051940918, 3.1633780002593994, -5.128243923187256
489, -5.636836051940918, 3.1633780002593994, -5.128243923187256
490, -5.636836051940918, 3.1633780002593994, -5.128243923187256
491, -5.636836051940918, 3.1633780002593994, -5.128243923187256
492, -5.387515068054199, 3.1633780002593994, -5.146657466888428
493, -5.1381940841674805, 3.1633780002593994, -5.1650710105896
494, -5.1381940841674805, 3.1633780002593994, -5.1650710105896
495, -5.1381940841674805, 3.1633780002593994, -5.1650710105896
496, -5.1381940841674805, 3.1633780002593994, -5.1650710105896
497, -5.1381940841674805, 3.1633780002593994, -5.1650710105896
498, -5.1381940841674805, 3.1633780002593994, -5.1650710105896
499, -5.1381940841674805, 3.1633780002593994, -5.1650710105896
