1, 1.8741182088851929, 2.794919967651367, -10.315199851989746
2, 1.8741182088851929, 2.794919967651367, -10.315199851989746
3, 1.8741182088851929, 2.794919967651367, -10.315199851989746
4, 1.8741182088851929, 2.794919967651367, -10.315199851989746
5, 1.8741182088851929, 2.794919967651367, -10.315199851989746
6, 1.8741182088851929, 2.794919967651367, -10.315199851989746
7, 1.8741182088851929, 2.794919967651367, -10.315199851989746
8, 1.8741182088851929, 2.794919967651367, -10.315199851989746
9, 1.8741182088851929, 2.794919967651367, -10.315199851989746
10, 1.8741182088851929, 2.794919967651367, -10.315199851989746
11, 1.8741182088851929, 2.794919967651367, -10.315199851989746
12, 1.8741182088851929, 2.794919967651367, -10.315199851989746
13, 1.8741182088851929, 2.794919967651367, -10.315199851989746
14, 1.8741182088851929, 2.794919967651367, -10.315199851989746
15, 1.8741182088851929, 2.794919967651367, -10.315199851989746
16, 1.8741182088851929, 2.794919967651367, -10.315199851989746
17, 1.8741182088851929, 2.794919967651367, -10.315199851989746
18, 1.8741182088851929, 2.794919967651367, -10.315199851989746
19, 1.6738089323043823, 2.794919967651367, -10.464786529541016
20, 1.6738089323043823, 2.794919967651367, -10.464786529541016
21, 1.4411866664886475, 2.794919967651367, -10.492325782775879
22, 1.4411866664886475, 2.794919967651367, -10.492325782775879
23, 1.4411866664886475, 2.794919967651367, -10.492325782775879
24, 1.4411866664886475, 2.794919967651367, -10.492325782775879
25, 1.4411866664886475, 2.794919967651367, -10.492325782775879
26, 1.4411866664886475, 2.794919967651367, -10.492325782775879
27, 1.4411866664886475, 2.794919967651367, -10.492325782775879
28, 1.4411866664886475, 2.794919967651367, -10.492325782775879
29, 1.4411866664886475, 2.794919967651367, -10.492325782775879
30, 1.4411866664886475, 2.794919967651367, -10.492325782775879
31, 1.2114861011505127, 2.794919967651367, -10.393646240234375
32, 0.9764311909675598, 2.794919967651367, -9.989748001098633
