1, 2.803995132446289, 0.021223172545433044, 2.3288590908050537
2, 2.803995132446289, 0.021223172545433044, 2.3288590908050537
3, 2.803995132446289, 0.021223172545433044, 2.3288590908050537
4, 2.803995132446289, 0.021223172545433044, 2.3288590908050537
5, 2.803995132446289, 0.021223172545433044, 2.3288590908050537
6, 2.803995132446289, 0.021223172545433044, 2.3288590908050537
7, 2.803995132446289, 0.021223172545433044, 2.3288590908050537
8, 2.803995132446289, 0.021223172545433044, 2.3288590908050537
9, 2.803995132446289, 0.021223172545433044, 2.3288590908050537
10, 2.803995132446289, 0.021223172545433044, 2.3288590908050537
11, 2.803995132446289, 0.021223172545433044, 2.3288590908050537
12, 2.803995132446289, 0.021223172545433044, 2.3288590908050537
13, 2.803995132446289, 0.021223172545433044, 2.3288590908050537
14, 2.803995132446289, 0.021223172545433044, 2.3288590908050537
15, 2.803995132446289, 0.021223172545433044, 2.3288590908050537
16, 2.803995132446289, 0.021223172545433044, 2.3288590908050537
17, 3.0477569103240967, 0.021223172545433044, 2.3843581676483154
18, 3.2915186882019043, 0.021223172545433044, 2.439857244491577
19, 3.535280466079712, 0.021223172545433044, 2.495356321334839
20, 3.7790422439575195, 0.021223172545433044, 2.5508553981781006
21, 4.022804260253906, 0.021223172545433044, 2.6063544750213623
22, 4.022804260253906, 0.021223172545433044, 2.6063544750213623
23, 4.26165771484375, 0.021223172545433044, 2.5325372219085693
24, 4.26165771484375, 0.021223172545433044, 2.5325372219085693
25, 4.505419731140137, 0.021223172545433044, 2.588036298751831
26, 4.505419731140137, 0.021223172545433044, 2.588036298751831
27, 4.505419731140137, 0.021223172545433044, 2.588036298751831
28, 4.57923698425293, 0.021223172545433044, 2.826889991760254
29, 4.57923698425293, 0.021223172545433044, 2.826889991760254
30, 4.762591361999512, 0.021223172545433044, 2.9968347549438477
31, 4.945945739746094, 0.021223172545433044, 3.1667795181274414
32, 5.129300117492676, 0.021223172545433044, 3.336724281311035
33, 5.312654495239258, 0.021223172545433044, 3.506669044494629
34, 5.49600887298584, 0.021223172545433044, 3.6766138076782227
35, 5.679363250732422, 0.021223172545433044, 3.8465585708618164
36, 5.679363250732422, 0.021223172545433044, 3.8465585708618164
37, 5.679363250732422, 0.021223172545433044, 3.8465585708618164
38, 5.679363250732422, 0.021223172545433044, 3.8465585708618164
39, 5.679363250732422, 0.021223172545433044, 3.8465585708618164
40, 5.679363250732422, 0.021223172545433044, 3.8465585708618164
41, 5.679363250732422, 0.021223172545433044, 3.8465585708618164
42, 5.49600887298584, 0.021223172545433044, 3.6766140460968018
43, 5.312654495239258, 0.021223172545433044, 3.506669521331787
44, 5.129300117492676, 0.021223172545433044, 3.3367249965667725
45, 4.945945739746094, 0.021223172545433044, 3.166780471801758
46, 4.762591361999512, 0.021223172545433044, 2.996835947036743
47, 4.57923698425293, 0.021223172545433044, 2.8268914222717285
48, 4.395882606506348, 0.021223172545433044, 2.656946897506714
49, 4.395882606506348, 0.021223172545433044, 2.656946897506714
50, 4.152120590209961, 0.021223172545433044, 2.601447820663452
51, 3.9083588123321533, 0.021223172545433044, 2.5459487438201904
52, 3.6645970344543457, 0.021223172545433044, 2.4904496669769287
53, 3.6645970344543457, 0.021223172545433044, 2.4904496669769287
54, 3.425743579864502, 0.021223172545433044, 2.5642669200897217
55, 3.186890125274658, 0.021223172545433044, 2.6380841732025146
56, 2.9480366706848145, 0.021223172545433044, 2.7119014263153076
57, 2.7091832160949707, 0.021223172545433044, 2.7857186794281006
58, 2.470329761505127, 0.021223172545433044, 2.8595359325408936
59, 2.231476306915283, 0.021223172545433044, 2.9333531856536865
60, 1.99262273311615, 0.021223172545433044, 3.0071704387664795
61, 1.7537691593170166, 0.021223172545433044, 3.0809876918792725
62, 1.5149155855178833, 0.021223172545433044, 3.1548049449920654
63, 1.5149155855178833, 0.021223172545433044, 3.1548049449920654
64, 1.5149155855178833, 0.021223172545433044, 3.1548049449920654
65, 1.5149155855178833, 0.021223172545433044, 3.1548049449920654
66, 1.5149155855178833, 0.021223172545433044, 3.1548049449920654
67, 1.5149155855178833, 0.021223172545433044, 3.1548049449920654
68, 1.7586774826049805, 0.021223172545433044, 3.210304021835327
69, 2.002439498901367, 0.021223172545433044, 3.265803098678589
70, 2.246201515197754, 0.021223172545433044, 3.3213021755218506
71, 2.4899635314941406, 0.021223172545433044, 3.3768012523651123
72, 2.7337255477905273, 0.021223172545433044, 3.432300329208374
73, 2.977487564086914, 0.021223172545433044, 3.4877994060516357
74, 2.977487564086914, 0.021223172545433044, 3.4877994060516357
75, 2.977487564086914, 0.021223172545433044, 3.4877994060516357
76, 3.0169191360473633, 0.021223172545433044, 3.615389823913574
77, 3.0169191360473633, 0.021223172545433044, 3.615389823913574
78, 2.9614200592041016, 0.021223172545433044, 3.859151601791382
79, 2.9614200592041016, 0.021223172545433044, 3.859151601791382
80, 2.9614200592041016, 0.021223172545433044, 3.859151601791382
81, 2.9614200592041016, 0.021223172545433044, 3.859151601791382
82, 2.9614200592041016, 0.021223172545433044, 3.859151601791382
83, 2.9614200592041016, 0.021223172545433044, 3.859151601791382
84, 2.8876028060913086, 0.021223172545433044, 3.620298147201538
85, 2.8137855529785156, 0.021223172545433044, 3.3814446926116943
86, 2.8137855529785156, 0.021223172545433044, 3.3814446926116943
87, 2.8137855529785156, 0.021223172545433044, 3.3814446926116943
88, 2.570023775100708, 0.021223172545433044, 3.3259456157684326
89, 2.3262619972229004, 0.021223172545433044, 3.270446538925171
90, 2.0825002193450928, 0.021223172545433044, 3.214947462081909
91, 1.8387383222579956, 0.021223172545433044, 3.1594483852386475
92, 1.5949764251708984, 0.021223172545433044, 3.1039493083953857
93, 1.3512145280838013, 0.021223172545433044, 3.048450231552124
94, 1.107452630996704, 0.021223172545433044, 2.9929511547088623
95, 0.8636907935142517, 0.021223172545433044, 2.9374520778656006
96, 0.8636907935142517, 0.021223172545433044, 2.9374520778656006
97, 0.8636907935142517, 0.021223172545433044, 2.9374520778656006
98, 0.8636907935142517, 0.021223172545433044, 2.9374520778656006
99, 0.6803364157676697, 0.021223172545433044, 2.767507553100586
100, 0.6803364157676697, 0.021223172545433044, 2.767507553100586
101, 0.4365745782852173, 0.021223172545433044, 2.712008476257324
102, 0.1928127259016037, 0.021223172545433044, 2.6565093994140625
103, -0.05094912648200989, 0.021223172545433044, 2.601010322570801
104, -0.29471099376678467, 0.021223172545433044, 2.545511245727539
105, -0.5384728312492371, 0.021223172545433044, 2.4900121688842773
106, -0.7822346687316895, 0.021223172545433044, 2.4345130920410156
107, -0.7822346687316895, 0.021223172545433044, 2.4345130920410156
108, -1.0210882425308228, 0.021223172545433044, 2.5083303451538086
109, -1.259941816329956, 0.021223172545433044, 2.5821475982666016
110, -1.4987953901290894, 0.021223172545433044, 2.6559648513793945
111, -1.7376489639282227, 0.021223172545433044, 2.7297821044921875
112, -1.976502537727356, 0.021223172545433044, 2.8035993576049805
113, -2.2153561115264893, 0.021223172545433044, 2.8774166107177734
114, -2.2153561115264893, 0.021223172545433044, 2.8774166107177734
115, -2.459117889404297, 0.021223172545433044, 2.8219175338745117
116, -2.7028796672821045, 0.021223172545433044, 2.76641845703125
117, -2.946641445159912, 0.021223172545433044, 2.7109193801879883
118, -3.1904032230377197, 0.021223172545433044, 2.6554203033447266
119, -3.4341650009155273, 0.021223172545433044, 2.599921226501465
120, -3.677926778793335, 0.021223172545433044, 2.544422149658203
121, -3.677926778793335, 0.021223172545433044, 2.544422149658203
122, -3.9167802333831787, 0.021223172545433044, 2.618239402770996
123, -4.155633926391602, 0.021223172545433044, 2.692056655883789
124, -4.155633926391602, 0.021223172545433044, 2.692056655883789
125, -4.325578689575195, 0.021223172545433044, 2.875411033630371
126, -4.325578689575195, 0.021223172545433044, 2.875411033630371
127, -4.381077766418457, 0.021223172545433044, 3.1191728115081787
128, -4.381077766418457, 0.021223172545433044, 3.1191728115081787
129, -4.333081245422363, 0.021223172545433044, 3.274477243423462
130, -4.333081245422363, 0.021223172545433044, 3.274477243423462
131, -4.333081245422363, 0.021223172545433044, 3.274477243423462
132, -4.333081245422363, 0.021223172545433044, 3.274477243423462
133, -4.388580322265625, 0.021223172545433044, 3.5182392597198486
134, -4.388580322265625, 0.021223172545433044, 3.5182392597198486
135, -4.314763069152832, 0.021223172545433044, 3.7570929527282715
136, -4.240945816040039, 0.021223172545433044, 3.9959464073181152
137, -4.167128562927246, 0.021223172545433044, 4.234799861907959
138, -4.093311309814453, 0.021223172545433044, 4.473653316497803
139, -4.01949405670166, 0.021223172545433044, 4.7125067710876465
140, -4.01949405670166, 0.021223172545433044, 4.7125067710876465
141, -4.074993133544922, 0.021223172545433044, 4.956268787384033
142, -4.130492210388184, 0.021223172545433044, 5.20003080368042
143, -4.185991287231445, 0.021223172545433044, 5.443792819976807
144, -4.241490364074707, 0.021223172545433044, 5.687554836273193
145, -4.296989440917969, 0.021223172545433044, 5.93131685256958
146, -4.296989440917969, 0.021223172545433044, 5.93131685256958
147, -4.4669342041015625, 0.021223172545433044, 6.114671230316162
148, -4.636878967285156, 0.021223172545433044, 6.298025608062744
149, -4.636878967285156, 0.021223172545433044, 6.298025608062744
150, -4.875732421875, 0.021223172545433044, 6.371842861175537
151, -4.875732421875, 0.021223172545433044, 6.371842861175537
152, -5.119494438171387, 0.021223172545433044, 6.316343784332275
153, -5.363256454467773, 0.021223172545433044, 6.260844707489014
154, -5.60701847076416, 0.021223172545433044, 6.205345630645752
155, -5.60701847076416, 0.021223172545433044, 6.205345630645752
156, -5.60701847076416, 0.021223172545433044, 6.205345630645752
157, -5.850780487060547, 0.021223172545433044, 6.14984655380249
158, -5.850780487060547, 0.021223172545433044, 6.14984655380249
159, -6.034134864807129, 0.021223172545433044, 5.9799017906188965
160, -6.034134864807129, 0.021223172545433044, 5.9799017906188965
161, -6.107952117919922, 0.021223172545433044, 5.741048336029053
162, -6.107952117919922, 0.021223172545433044, 5.741048336029053
163, -6.107952117919922, 0.021223172545433044, 5.741048336029053
164, -6.181769371032715, 0.021223172545433044, 5.502194881439209
165, -6.255586624145508, 0.021223172545433044, 5.263341426849365
166, -6.255586624145508, 0.021223172545433044, 5.263341426849365
167, -6.200087547302246, 0.021223172545433044, 5.0195794105529785
168, -6.144588470458984, 0.021223172545433044, 4.775817394256592
169, -6.089089393615723, 0.021223172545433044, 4.532055377960205
170, -6.089089393615723, 0.021223172545433044, 4.532055377960205
171, -6.162906646728516, 0.021223172545433044, 4.293201923370361
172, -6.236723899841309, 0.021223172545433044, 4.054348468780518
173, -6.236723899841309, 0.021223172545433044, 4.054348468780518
174, -6.236723899841309, 0.021223172545433044, 4.054348468780518
175, -6.236723899841309, 0.021223172545433044, 4.054348468780518
176, -6.236723899841309, 0.021223172545433044, 4.054348468780518
177, -6.236723899841309, 0.021223172545433044, 4.054348468780518
178, -6.236723899841309, 0.021223172545433044, 4.054348468780518
179, -6.236723899841309, 0.021223172545433044, 4.054348468780518
180, -6.236723899841309, 0.021223172545433044, 4.054348468780518
181, -6.162906646728516, 0.021223172545433044, 4.293201923370361
182, -6.089089393615723, 0.021223172545433044, 4.532055377960205
183, -6.01527214050293, 0.021223172545433044, 4.770908832550049
184, -6.01527214050293, 0.021223172545433044, 4.770908832550049
185, -6.070771217346191, 0.021223172545433044, 5.0146708488464355
186, -6.126270294189453, 0.021223172545433044, 5.258432865142822
187, -6.181769371032715, 0.021223172545433044, 5.502194881439209
188, -6.181769371032715, 0.021223172545433044, 5.502194881439209
189, -6.107952117919922, 0.021223172545433044, 5.741048336029053
190, -6.034134864807129, 0.021223172545433044, 5.9799017906188965
191, -6.034134864807129, 0.021223172545433044, 5.9799017906188965
192, -5.850780487060547, 0.021223172545433044, 6.14984655380249
193, -5.850780487060547, 0.021223172545433044, 6.14984655380249
194, -5.60701847076416, 0.021223172545433044, 6.205345630645752
195, -5.363256454467773, 0.021223172545433044, 6.260844707489014
196, -5.119494438171387, 0.021223172545433044, 6.316343784332275
197, -4.875732421875, 0.021223172545433044, 6.371842861175537
198, -4.875732421875, 0.021223172545433044, 6.371842861175537
199, -4.875732421875, 0.021223172545433044, 6.371842861175537
200, -4.875732421875, 0.021223172545433044, 6.371842861175537
201, -4.875732421875, 0.021223172545433044, 6.371842861175537
202, -4.875732421875, 0.021223172545433044, 6.371842861175537
203, -4.875732421875, 0.021223172545433044, 6.371842861175537
204, -4.875732421875, 0.021223172545433044, 6.371842861175537
205, -4.636878967285156, 0.021223172545433044, 6.298025608062744
206, -4.636878967285156, 0.021223172545433044, 6.298025608062744
207, -4.4669342041015625, 0.021223172545433044, 6.114671230316162
208, -4.296989440917969, 0.021223172545433044, 5.93131685256958
209, -4.296989440917969, 0.021223172545433044, 5.93131685256958
210, -4.241490364074707, 0.021223172545433044, 5.687554836273193
211, -4.185991287231445, 0.021223172545433044, 5.443792819976807
212, -4.130492210388184, 0.021223172545433044, 5.20003080368042
213, -4.074993133544922, 0.021223172545433044, 4.956268787384033
214, -4.01949405670166, 0.021223172545433044, 4.7125067710876465
215, -4.01949405670166, 0.021223172545433044, 4.7125067710876465
216, -4.093311309814453, 0.021223172545433044, 4.473653316497803
217, -4.167128562927246, 0.021223172545433044, 4.234799861907959
218, -4.240945816040039, 0.021223172545433044, 3.9959464073181152
219, -4.314763069152832, 0.021223172545433044, 3.7570929527282715
220, -4.388580322265625, 0.021223172545433044, 3.5182394981384277
221, -4.462397575378418, 0.021223172545433044, 3.279386043548584
222, -4.536214828491211, 0.021223172545433044, 3.0405325889587402
223, -4.610032081604004, 0.021223172545433044, 2.8016791343688965
224, -4.683849334716797, 0.021223172545433044, 2.5628256797790527
225, -4.75766658782959, 0.021223172545433044, 2.323972225189209
226, -4.75766658782959, 0.021223172545433044, 2.323972225189209
227, -4.702167510986328, 0.021223172545433044, 2.0802104473114014
228, -4.646668434143066, 0.021223172545433044, 1.8364485502243042
229, -4.646668434143066, 0.021223172545433044, 1.8364485502243042
230, -4.476723670959473, 0.021223172545433044, 1.6530941724777222
231, -4.476723670959473, 0.021223172545433044, 1.6530941724777222
232, -4.476723670959473, 0.021223172545433044, 1.6530941724777222
233, -4.476723670959473, 0.021223172545433044, 1.6530941724777222
234, -4.476723670959473, 0.021223172545433044, 1.6530941724777222
235, -4.476723670959473, 0.021223172545433044, 1.6530941724777222
236, -4.476723670959473, 0.021223172545433044, 1.6530941724777222
237, -4.646668434143066, 0.021223172545433044, 1.8364485502243042
238, -4.646668434143066, 0.021223172545433044, 1.8364485502243042
239, -4.702167510986328, 0.021223172545433044, 2.0802104473114014
240, -4.75766658782959, 0.021223172545433044, 2.323972225189209
241, -4.75766658782959, 0.021223172545433044, 2.323972225189209
242, -4.683849334716797, 0.021223172545433044, 2.5628256797790527
243, -4.610032081604004, 0.021223172545433044, 2.8016791343688965
244, -4.536214828491211, 0.021223172545433044, 3.0405325889587402
245, -4.462397575378418, 0.021223172545433044, 3.279386043548584
246, -4.388580322265625, 0.021223172545433044, 3.5182394981384277
247, -4.388580322265625, 0.021223172545433044, 3.5182394981384277
248, -4.205225944519043, 0.021223172545433044, 3.6881842613220215
249, -4.205225944519043, 0.021223172545433044, 3.6881842613220215
250, -4.205225944519043, 0.021223172545433044, 3.6881842613220215
251, -4.205225944519043, 0.021223172545433044, 3.6881842613220215
252, -4.205225944519043, 0.021223172545433044, 3.6881842613220215
253, -4.205225944519043, 0.021223172545433044, 3.6881842613220215
254, -4.13140869140625, 0.021223172545433044, 3.9270377159118652
255, -4.13140869140625, 0.021223172545433044, 3.9270377159118652
256, -4.13140869140625, 0.021223172545433044, 3.9270377159118652
257, -4.13140869140625, 0.021223172545433044, 3.9270377159118652
258, -4.13140869140625, 0.021223172545433044, 3.9270377159118652
259, -4.13140869140625, 0.021223172545433044, 3.9270377159118652
260, -4.13140869140625, 0.021223172545433044, 3.9270377159118652
261, -4.13140869140625, 0.021223172545433044, 3.9270377159118652
262, -4.314763069152832, 0.021223172545433044, 3.7570931911468506
263, -4.314763069152832, 0.021223172545433044, 3.7570931911468506
264, -4.388580322265625, 0.021223172545433044, 3.518239736557007
265, -4.462397575378418, 0.021223172545433044, 3.279386281967163
266, -4.536214828491211, 0.021223172545433044, 3.0405328273773193
267, -4.610032081604004, 0.021223172545433044, 2.8016793727874756
268, -4.683849334716797, 0.021223172545433044, 2.562825918197632
269, -4.75766658782959, 0.021223172545433044, 2.323972463607788
270, -4.75766658782959, 0.021223172545433044, 2.323972463607788
271, -4.702167510986328, 0.021223172545433044, 2.0802106857299805
272, -4.646668434143066, 0.021223172545433044, 1.8364487886428833
273, -4.646668434143066, 0.021223172545433044, 1.8364487886428833
274, -4.476723670959473, 0.021223172545433044, 1.6530944108963013
275, -4.476723670959473, 0.021223172545433044, 1.6530944108963013
276, -4.237870216369629, 0.021223172545433044, 1.5792771577835083
277, -4.237870216369629, 0.021223172545433044, 1.5792771577835083
278, -4.067925453186035, 0.021223172545433044, 1.3959227800369263
279, -3.8979809284210205, 0.021223172545433044, 1.2125684022903442
280, -3.8979809284210205, 0.021223172545433044, 1.2125684022903442
281, -3.8979809284210205, 0.021223172545433044, 1.2125684022903442
282, -3.8979809284210205, 0.021223172545433044, 1.2125684022903442
283, -3.8979809284210205, 0.021223172545433044, 1.2125684022903442
284, -3.8979809284210205, 0.021223172545433044, 1.2125684022903442
285, -3.8979809284210205, 0.021223172545433044, 1.2125684022903442
286, -4.067925453186035, 0.021223172545433044, 1.3959227800369263
287, -4.067925453186035, 0.021223172545433044, 1.3959227800369263
288, -4.306778907775879, 0.021223172545433044, 1.4697400331497192
289, -4.545632362365723, 0.021223172545433044, 1.5435572862625122
290, -4.545632362365723, 0.021223172545433044, 1.5435572862625122
291, -4.715577125549316, 0.021223172545433044, 1.7269116640090942
292, -4.715577125549316, 0.021223172545433044, 1.7269116640090942
293, -4.771076202392578, 0.021223172545433044, 1.9706735610961914
294, -4.82657527923584, 0.021223172545433044, 2.214435338973999
295, -4.82657527923584, 0.021223172545433044, 2.214435338973999
296, -4.752758026123047, 0.021223172545433044, 2.453289031982422
297, -4.678940773010254, 0.021223172545433044, 2.6921424865722656
298, -4.605123519897461, 0.021223172545433044, 2.9309959411621094
299, -4.531306266784668, 0.021223172545433044, 3.169849395751953
300, -4.457489013671875, 0.021223172545433044, 3.408702850341797
301, -4.457489013671875, 0.021223172545433044, 3.408702850341797
302, -4.274134635925293, 0.021223172545433044, 3.5786476135253906
303, -4.090780258178711, 0.021223172545433044, 3.7485923767089844
304, -4.090780258178711, 0.021223172545433044, 3.7485923767089844
305, -4.090780258178711, 0.021223172545433044, 3.7485923767089844
306, -4.090780258178711, 0.021223172545433044, 3.7485923767089844
307, -4.090780258178711, 0.021223172545433044, 3.7485923767089844
308, -4.090780258178711, 0.021223172545433044, 3.7485923767089844
309, -4.090780258178711, 0.021223172545433044, 3.7485923767089844
310, -4.274134635925293, 0.021223172545433044, 3.5786478519439697
311, -4.457489013671875, 0.021223172545433044, 3.408703327178955
312, -4.457489013671875, 0.021223172545433044, 3.408703327178955
313, -4.531306266784668, 0.021223172545433044, 3.1698498725891113
314, -4.531306266784668, 0.021223172545433044, 3.1698498725891113
315, -4.531306266784668, 0.021223172545433044, 3.1698498725891113
316, -4.361361503601074, 0.021223172545433044, 2.9864954948425293
317, -4.361361503601074, 0.021223172545433044, 2.9864954948425293
318, -4.170845031738281, 0.021223172545433044, 2.927616596221924
319, -4.170845031738281, 0.021223172545433044, 2.927616596221924
320, -4.170845031738281, 0.021223172545433044, 2.927616596221924
321, -4.0009002685546875, 0.021223172545433044, 2.744262218475342
322, -4.0009002685546875, 0.021223172545433044, 2.744262218475342
323, -3.7620468139648438, 0.021223172545433044, 2.670444965362549
324, -3.523193359375, 0.021223172545433044, 2.596627712249756
325, -3.2843399047851562, 0.021223172545433044, 2.522810459136963
326, -3.0463294982910156, 0.021223172545433044, 2.449253797531128
327, -3.0463294982910156, 0.021223172545433044, 2.449253797531128
328, -3.0463294982910156, 0.021223172545433044, 2.449253797531128
329, -3.0463294982910156, 0.021223172545433044, 2.449253797531128
330, -3.0463294982910156, 0.021223172545433044, 2.449253797531128
331, -2.8629751205444336, 0.021223172545433044, 2.6191983222961426
332, -2.8629751205444336, 0.021223172545433044, 2.6191983222961426
333, -2.619213342666626, 0.021223172545433044, 2.6746973991394043
334, -2.3754515647888184, 0.021223172545433044, 2.730196475982666
335, -2.1316897869110107, 0.021223172545433044, 2.7856955528259277
336, -2.1316897869110107, 0.021223172545433044, 2.7856955528259277
337, -1.8928362131118774, 0.021223172545433044, 2.7118782997131348
338, -1.6539826393127441, 0.021223172545433044, 2.638061046600342
339, -1.4151290655136108, 0.021223172545433044, 2.564243793487549
340, -1.1762754917144775, 0.021223172545433044, 2.490426540374756
341, -0.9374219179153442, 0.021223172545433044, 2.416609287261963
342, -0.9374219179153442, 0.021223172545433044, 2.416609287261963
343, -0.6936600804328918, 0.021223172545433044, 2.4721083641052246
344, -0.44989824295043945, 0.021223172545433044, 2.5276074409484863
345, -0.20613639056682587, 0.021223172545433044, 2.583106517791748
346, 0.03762546181678772, 0.021223172545433044, 2.6386055946350098
347, 0.2813873291015625, 0.021223172545433044, 2.6941046714782715
348, 0.5251491665840149, 0.021223172545433044, 2.749603748321533
349, 0.7689110040664673, 0.021223172545433044, 2.805102825164795
350, 1.0126729011535645, 0.021223172545433044, 2.8606019020080566
351, 1.2564347982406616, 0.021223172545433044, 2.9161009788513184
352, 1.2564347982406616, 0.021223172545433044, 2.9161009788513184
353, 1.495288372039795, 0.021223172545433044, 2.8422837257385254
354, 1.7341419458389282, 0.021223172545433044, 2.7684664726257324
355, 1.9729955196380615, 0.021223172545433044, 2.6946492195129395
356, 2.2118489742279053, 0.021223172545433044, 2.6208319664001465
357, 2.450702428817749, 0.021223172545433044, 2.5470147132873535
358, 2.450702428817749, 0.021223172545433044, 2.5470147132873535
359, 2.6206469535827637, 0.021223172545433044, 2.3636603355407715
360, 2.7905914783477783, 0.021223172545433044, 2.1803059577941895
361, 2.7905914783477783, 0.021223172545433044, 2.1803059577941895
362, 2.84609055519104, 0.021223172545433044, 1.9365440607070923
363, 2.9015896320343018, 0.021223172545433044, 1.6927821636199951
364, 2.9570887088775635, 0.021223172545433044, 1.449020266532898
365, 3.012587785720825, 0.021223172545433044, 1.2052583694458008
366, 3.068086862564087, 0.021223172545433044, 0.9614964723587036
367, 3.1235859394073486, 0.021223172545433044, 0.7177345752716064
368, 3.1235859394073486, 0.021223172545433044, 0.7177345752716064
369, 3.1235859394073486, 0.021223172545433044, 0.7177345752716064
370, 3.3624393939971924, 0.021223172545433044, 0.6439173221588135
371, 3.601292848587036, 0.021223172545433044, 0.5701000690460205
372, 3.84014630317688, 0.021223172545433044, 0.49628281593322754
373, 4.078999996185303, 0.021223172545433044, 0.42246556282043457
374, 4.3178534507751465, 0.021223172545433044, 0.3486483097076416
375, 4.55670690536499, 0.021223172545433044, 0.27483105659484863
376, 4.795560359954834, 0.021223172545433044, 0.20101378858089447
377, 4.795560359954834, 0.021223172545433044, 0.20101378858089447
378, 4.795560359954834, 0.021223172545433044, 0.20101378858089447
379, 4.795560359954834, 0.021223172545433044, 0.20101378858089447
380, 4.795560359954834, 0.021223172545433044, 0.20101378858089447
381, 4.795560359954834, 0.021223172545433044, 0.20101378858089447
382, 4.795560359954834, 0.021223172545433044, 0.20101378858089447
383, 4.55670690536499, 0.021223172545433044, 0.27483105659484863
384, 4.3178534507751465, 0.021223172545433044, 0.348648339509964
385, 4.078999996185303, 0.021223172545433044, 0.42246562242507935
386, 3.840146541595459, 0.021223172545433044, 0.4962829053401947
387, 3.6012930870056152, 0.021223172545433044, 0.5701001882553101
388, 3.3624396324157715, 0.021223172545433044, 0.643917441368103
389, 3.3624396324157715, 0.021223172545433044, 0.643917441368103
390, 3.192495107650757, 0.021223172545433044, 0.8272718191146851
391, 3.192495107650757, 0.021223172545433044, 0.8272718191146851
392, 3.136996030807495, 0.021223172545433044, 1.0710337162017822
393, 3.0814969539642334, 0.021223172545433044, 1.3147956132888794
394, 3.0259978771209717, 0.021223172545433044, 1.5585575103759766
395, 2.97049880027771, 0.021223172545433044, 1.8023194074630737
396, 2.9149997234344482, 0.021223172545433044, 2.046081304550171
397, 2.9149997234344482, 0.021223172545433044, 2.046081304550171
398, 2.7450551986694336, 0.021223172545433044, 2.229435682296753
399, 2.575110673904419, 0.021223172545433044, 2.412790060043335
400, 2.575110673904419, 0.021223172545433044, 2.412790060043335
401, 2.336257219314575, 0.021223172545433044, 2.486607313156128
402, 2.0974037647247314, 0.021223172545433044, 2.560424566268921
403, 1.8585501909255981, 0.021223172545433044, 2.634241819381714
404, 1.6196966171264648, 0.021223172545433044, 2.708059072494507
405, 1.3808430433273315, 0.021223172545433044, 2.7818763256073
406, 1.1419894695281982, 0.021223172545433044, 2.8556935787200928
407, 0.9031359553337097, 0.021223172545433044, 2.9295108318328857
408, 0.6642824411392212, 0.021223172545433044, 3.0033280849456787
409, 0.42542892694473267, 0.021223172545433044, 3.0771453380584717
410, 0.42542892694473267, 0.021223172545433044, 3.0771453380584717
411, 0.1816670447587967, 0.021223172545433044, 3.02164626121521
412, -0.06209483742713928, 0.021223172545433044, 2.9661471843719482
413, -0.30585670471191406, 0.021223172545433044, 2.9106481075286865
414, -0.5496186017990112, 0.021223172545433044, 2.855149030685425
415, -0.7933804988861084, 0.021223172545433044, 2.799649953842163
416, -1.0371423959732056, 0.021223172545433044, 2.7441508769989014
417, -1.2809042930603027, 0.021223172545433044, 2.6886518001556396
418, -1.5246661901474, 0.021223172545433044, 2.633152723312378
419, -1.768428087234497, 0.021223172545433044, 2.577653646469116
420, -2.0121898651123047, 0.021223172545433044, 2.5221545696258545
421, -2.0121898651123047, 0.021223172545433044, 2.5221545696258545
422, -2.2510433197021484, 0.021223172545433044, 2.5959718227386475
423, -2.489896774291992, 0.021223172545433044, 2.6697890758514404
424, -2.728750228881836, 0.021223172545433044, 2.7436063289642334
425, -2.9676036834716797, 0.021223172545433044, 2.8174235820770264
426, -2.9676036834716797, 0.021223172545433044, 2.8174235820770264
427, -3.2113654613494873, 0.021223172545433044, 2.7619245052337646
428, -3.455127239227295, 0.021223172545433044, 2.706425428390503
429, -3.6988890171051025, 0.021223172545433044, 2.650926351547241
430, -3.94265079498291, 0.021223172545433044, 2.5954272747039795
431, -4.186412811279297, 0.021223172545433044, 2.5399281978607178
432, -4.430174827575684, 0.021223172545433044, 2.484429121017456
433, -4.430174827575684, 0.021223172545433044, 2.484429121017456
434, -4.613529205322266, 0.021223172545433044, 2.3144845962524414
435, -4.613529205322266, 0.021223172545433044, 2.3144845962524414
436, -4.687346458435059, 0.021223172545433044, 2.0756311416625977
437, -4.761163711547852, 0.021223172545433044, 1.8367775678634644
438, -4.8349809646606445, 0.021223172545433044, 1.597923994064331
439, -4.9087982177734375, 0.021223172545433044, 1.3590704202651978
440, -4.9087982177734375, 0.021223172545433044, 1.3590704202651978
441, -4.853299140930176, 0.021223172545433044, 1.1153085231781006
442, -4.797800064086914, 0.021223172545433044, 0.8715466856956482
443, -4.742300987243652, 0.021223172545433044, 0.6277848482131958
444, -4.686801910400391, 0.021223172545433044, 0.3840230107307434
445, -4.686801910400391, 0.021223172545433044, 0.3840230107307434
446, -4.760619163513184, 0.021223172545433044, 0.1451694667339325
447, -4.834436416625977, 0.021223172545433044, -0.09368407726287842
448, -4.9082536697387695, 0.021223172545433044, -0.33253762125968933
449, -4.9082536697387695, 0.021223172545433044, -0.33253762125968933
450, -5.091608047485352, 0.021223172545433044, -0.5024821758270264
451, -5.091608047485352, 0.021223172545433044, -0.5024821758270264
452, -5.091608047485352, 0.021223172545433044, -0.5024821758270264
453, -5.091608047485352, 0.021223172545433044, -0.5024821758270264
454, -5.091608047485352, 0.021223172545433044, -0.5024821758270264
455, -5.091608047485352, 0.021223172545433044, -0.5024821758270264
456, -5.091608047485352, 0.021223172545433044, -0.5024821758270264
457, -5.091608047485352, 0.021223172545433044, -0.5024821758270264
458, -5.091608047485352, 0.021223172545433044, -0.5024821758270264
459, -5.091608047485352, 0.021223172545433044, -0.5024821758270264
460, -5.091608047485352, 0.021223172545433044, -0.5024821758270264
461, -5.091608047485352, 0.021223172545433044, -0.5024821758270264
462, -5.017790794372559, 0.021223172545433044, -0.26362860202789307
463, -4.943973541259766, 0.021223172545433044, -0.024775028228759766
464, -4.870156288146973, 0.021223172545433044, 0.21407854557037354
465, -4.79633903503418, 0.021223172545433044, 0.45293211936950684
466, -4.722521781921387, 0.021223172545433044, 0.6917856931686401
467, -4.648704528808594, 0.021223172545433044, 0.9306392669677734
468, -4.574887275695801, 0.021223172545433044, 1.1694928407669067
469, -4.574887275695801, 0.021223172545433044, 1.1694928407669067
470, -4.6303863525390625, 0.021223172545433044, 1.413254737854004
471, -4.685885429382324, 0.021223172545433044, 1.657016634941101
472, -4.741384506225586, 0.021223172545433044, 1.9007785320281982
473, -4.741384506225586, 0.021223172545433044, 1.9007785320281982
474, -4.667567253112793, 0.021223172545433044, 2.139632225036621
475, -4.59375, 0.021223172545433044, 2.378485679626465
476, -4.519932746887207, 0.021223172545433044, 2.6173391342163086
477, -4.519932746887207, 0.021223172545433044, 2.6173391342163086
478, -4.575431823730469, 0.021223172545433044, 2.861100912094116
479, -4.575431823730469, 0.021223172545433044, 2.861100912094116
480, -4.501614570617676, 0.021223172545433044, 3.099954605102539
481, -4.427797317504883, 0.021223172545433044, 3.338808059692383
482, -4.427797317504883, 0.021223172545433044, 3.338808059692383
483, -4.244442939758301, 0.021223172545433044, 3.5087528228759766
484, -4.061088562011719, 0.021223172545433044, 3.6786975860595703
485, -4.061088562011719, 0.021223172545433044, 3.6786975860595703
486, -4.061088562011719, 0.021223172545433044, 3.6786975860595703
487, -4.061088562011719, 0.021223172545433044, 3.6786975860595703
488, -4.061088562011719, 0.021223172545433044, 3.6786975860595703
489, -4.061088562011719, 0.021223172545433044, 3.6786975860595703
490, -4.061088562011719, 0.021223172545433044, 3.6786975860595703
491, -4.244442939758301, 0.021223172545433044, 3.5087530612945557
492, -4.427797317504883, 0.021223172545433044, 3.338808536529541
493, -4.427797317504883, 0.021223172545433044, 3.338808536529541
494, -4.501614570617676, 0.021223172545433044, 3.0999550819396973
495, -4.575431823730469, 0.021223172545433044, 2.8611016273498535
496, -4.649249076843262, 0.021223172545433044, 2.6222481727600098
497, -4.723066329956055, 0.021223172545433044, 2.383394718170166
498, -4.723066329956055, 0.021223172545433044, 2.383394718170166
499, -4.667567253112793, 0.021223172545433044, 2.1396329402923584
