1, 7.432032585144043, -0.5355252027511597, 1.687382459640503
2, 7.432032585144043, -0.5355252027511597, 1.687382459640503
3, 7.432032585144043, -0.5355252027511597, 1.687382459640503
4, 7.432032585144043, -0.5355252027511597, 1.687382459640503
5, 7.432032585144043, -0.5355252027511597, 1.687382459640503
6, 7.432032585144043, -0.5355252027511597, 1.687382459640503
7, 7.432032585144043, -0.5355252027511597, 1.687382459640503
8, 7.432032585144043, -0.5355252027511597, 1.687382459640503
9, 7.432032585144043, -0.5355252027511597, 1.687382459640503
10, 7.432032585144043, -0.5355252027511597, 1.687382459640503
11, 7.432032585144043, -0.5355252027511597, 1.687382459640503
12, 7.432032585144043, -0.5355252027511597, 1.687382459640503
13, 7.184689044952393, -0.5355252027511597, 1.651033639907837
14, 7.184689044952393, -0.5355252027511597, 1.651033639907837
15, 6.9523091316223145, -0.5355252027511597, 1.7432262897491455
16, 6.9523091316223145, -0.5355252027511597, 1.7432262897491455
17, 6.797158241271973, -0.5355252027511597, 1.9392576217651367
18, 6.642007350921631, -0.5355252027511597, 2.135288953781128
19, 6.642007350921631, -0.5355252027511597, 2.135288953781128
20, 6.605658531188965, -0.5355252027511597, 2.3826324939727783
21, 6.569309711456299, -0.5355252027511597, 2.6299760341644287
22, 6.569309711456299, -0.5355252027511597, 2.6299760341644287
23, 6.661502361297607, -0.5355252027511597, 2.862356185913086
24, 6.661502361297607, -0.5355252027511597, 2.862356185913086
25, 6.8575334548950195, -0.5355252027511597, 3.0175070762634277
26, 6.8856353759765625, -0.5355252027511597, 3.039748430252075
27, 6.8856353759765625, -0.5355252027511597, 3.039748430252075
28, 6.8856353759765625, -0.5355252027511597, 3.039748430252075
29, 6.8856353759765625, -0.5355252027511597, 3.0397486686706543
30, 6.8856353759765625, -0.5355252027511597, 3.0397486686706543
31, 6.977828025817871, -0.5355252027511597, 3.2721288204193115
32, 6.977828025817871, -0.5355252027511597, 3.2721288204193115
33, 6.977828025817871, -0.5355252027511597, 3.2721288204193115
34, 7.2251715660095215, -0.5355252027511597, 3.3084776401519775
35, 7.472515106201172, -0.5355252027511597, 3.3448264598846436
36, 7.719858646392822, -0.5355252027511597, 3.3811752796173096
37, 7.967202186584473, -0.5355252027511597, 3.4175240993499756
38, 8.214545249938965, -0.5355252027511597, 3.4538729190826416
39, 8.461888313293457, -0.5355252027511597, 3.4902217388153076
40, 8.278277397155762, -0.5355252027511597, 3.6178739070892334
