1, 6.429372787475586, -2.5197770595550537, -1.0038127899169922
2, 6.429372787475586, -2.5197770595550537, -1.0038127899169922
3, 6.429372787475586, -2.5197770595550537, -1.0038127899169922
4, 6.429372787475586, -2.5197770595550537, -1.0038127899169922
5, 6.429372787475586, -2.5197770595550537, -1.0038127899169922
6, 6.429372787475586, -2.5197770595550537, -1.0038127899169922
7, 6.429372787475586, -2.5197770595550537, -1.0038127899169922
8, 6.429372787475586, -2.5197770595550537, -1.0038127899169922
9, 6.429372787475586, -2.5197770595550537, -1.0038127899169922
10, 6.429372787475586, -2.5197770595550537, -1.0038127899169922
11, 6.429372787475586, -2.5197770595550537, -1.0038127899169922
12, 6.429372787475586, -2.5197770595550537, -1.0038127899169922
13, 6.429372787475586, -2.5197770595550537, -1.0038127899169922
14, 6.429372787475586, -2.5197770595550537, -1.0038127899169922
15, 6.429372787475586, -2.5197770595550537, -1.0038127899169922
16, 6.1889729499816895, -2.5197770595550537, -0.9351980090141296
17, 5.948573112487793, -2.5197770595550537, -0.8665832281112671
18, 5.7081732749938965, -2.5197770595550537, -0.7979684472084045
19, 5.7081732749938965, -2.5197770595550537, -0.7979684472084045
20, 5.53428840637207, -2.5197770595550537, -0.6183464527130127
21, 5.360403537750244, -2.5197770595550537, -0.43872445821762085
22, 5.186518669128418, -2.5197770595550537, -0.259102463722229
23, 5.186518669128418, -2.5197770595550537, -0.259102463722229
24, 5.125741004943848, -2.5197770595550537, -0.01660284399986267
25, 5.064963340759277, -2.5197770595550537, 0.22589677572250366
26, 5.064963340759277, -2.5197770595550537, 0.22589677572250366
27, 5.133578300476074, -2.5197770595550537, 0.4662964642047882
28, 5.133578300476074, -2.5197770595550537, 0.4662964642047882
29, 5.072800636291504, -2.5197770595550537, 0.7087960839271545
30, 5.072800636291504, -2.5197770595550537, 0.7087960839271545
31, 4.898915767669678, -2.5197770595550537, 0.8884180784225464
32, 4.898915767669678, -2.5197770595550537, 0.8884180784225464
33, 4.658515930175781, -2.5197770595550537, 0.9570327997207642
34, 4.418116092681885, -2.5197770595550537, 1.025647521018982
35, 4.177716255187988, -2.5197770595550537, 1.0942622423171997
36, 4.177716255187988, -2.5197770595550537, 1.0942622423171997
37, 3.9352166652679443, -2.5197770595550537, 1.0334844589233398
38, 3.9352166652679443, -2.5197770595550537, 1.0334844589233398
39, 3.694817066192627, -2.5197770595550537, 1.1020991802215576
40, 3.694817066192627, -2.5197770595550537, 1.1020991802215576
41, 3.452317476272583, -2.5197770595550537, 1.0413215160369873
42, 3.209817886352539, -2.5197770595550537, 0.9805437922477722
43, 3.209817886352539, -2.5197770595550537, 0.9805437922477722
44, 2.9694180488586426, -2.5197770595550537, 1.0491585731506348
45, 2.9694180488586426, -2.5197770595550537, 1.0491585731506348
46, 2.9694180488586426, -2.5197770595550537, 1.0491585731506348
47, 2.9694180488586426, -2.5197770595550537, 1.0491585731506348
48, 2.9694180488586426, -2.5197770595550537, 1.0491585731506348
49, 2.9694180488586426, -2.5197770595550537, 1.0491585731506348
50, 2.9694180488586426, -2.5197770595550537, 1.0491585731506348
51, 2.9694180488586426, -2.5197770595550537, 1.0491585731506348
52, 2.9694180488586426, -2.5197770595550537, 1.0491585731506348
53, 2.9694180488586426, -2.5197770595550537, 1.0491585731506348
54, 2.9694180488586426, -2.5197770595550537, 1.0491585731506348
55, 2.9694180488586426, -2.5197770595550537, 1.0491585731506348
56, 2.9694180488586426, -2.5197770595550537, 1.0491585731506348
57, 2.729018211364746, -2.5197770595550537, 1.1177732944488525
58, 2.729018211364746, -2.5197770595550537, 1.1177732944488525
59, 2.55513334274292, -2.5197770595550537, 1.2973952293395996
60, 2.55513334274292, -2.5197770595550537, 1.2973952293395996
61, 2.4943556785583496, -2.5197770595550537, 1.5398948192596436
62, 2.4335780143737793, -2.5197770595550537, 1.7823944091796875
63, 2.4335780143737793, -2.5197770595550537, 1.7823944091796875
64, 2.4335780143737793, -2.5197770595550537, 1.7823944091796875
65, 2.4335780143737793, -2.5197770595550537, 1.7823944091796875
66, 2.259693145751953, -2.5197770595550537, 1.9620163440704346
67, 2.259693145751953, -2.5197770595550537, 1.9620163440704346
68, 2.0192933082580566, -2.5197770595550537, 2.0306310653686523
69, 1.8637820482254028, -2.5197770595550537, 2.075016975402832
70, 1.8637820482254028, -2.5197770595550537, 2.075016975402832
71, 1.664286732673645, -2.5197770595550537, 2.025017261505127
72, 1.664286732673645, -2.5197770595550537, 2.025017261505127
73, 1.664286732673645, -2.5197770595550537, 2.025017261505127
74, 1.4891068935394287, -2.5197770595550537, 2.075016975402832
75, 1.4891068935394287, -2.5197770595550537, 2.075016975402832
76, 1.289611577987671, -2.5197770595550537, 2.025017261505127
77, 1.289611577987671, -2.5197770595550537, 2.025017261505127
78, 1.1144317388534546, -2.5197770595550537, 2.075016975402832
79, 1.1144317388534546, -2.5197770595550537, 2.075016975402832
80, 0.914936363697052, -2.5197770595550537, 2.025017261505127
81, 0.914936363697052, -2.5197770595550537, 2.025017261505127
82, 0.7397565245628357, -2.5197770595550537, 2.075016975402832
83, 0.7397565245628357, -2.5197770595550537, 2.075016975402832
84, 0.5402610301971436, -2.5197770595550537, 2.025017261505127
85, 0.5402610301971436, -2.5197770595550537, 2.025017261505127
86, 0.5402610301971436, -2.5197770595550537, 2.025017261505127
87, 0.36508119106292725, -2.5197770595550537, 2.075016975402832
88, 0.36508119106292725, -2.5197770595550537, 2.075016975402832
89, 0.36508119106292725, -2.5197770595550537, 2.075016975402832
90, 0.36508119106292725, -2.5197770595550537, 2.075016975402832
91, 0.36508119106292725, -2.5197770595550537, 2.075016975402832
92, 0.36508119106292725, -2.5197770595550537, 2.075016975402832
93, 0.36508119106292725, -2.5197770595550537, 2.075016975402832
94, 0.36508119106292725, -2.5197770595550537, 2.075016975402832
95, 0.36508119106292725, -2.5197770595550537, 2.075016975402832
96, 0.36508119106292725, -2.5197770595550537, 2.075016975402832
97, 0.36508119106292725, -2.5197770595550537, 2.075016975402832
98, 0.16558516025543213, -2.5197770595550537, 2.025017261505127
99, 0.16558516025543213, -2.5197770595550537, 2.025017261505127
100, -0.0748145580291748, -2.5197770595550537, 2.0936319828033447
101, -0.0748145580291748, -2.5197770595550537, 2.0936319828033447
102, -0.0748145580291748, -2.5197770595550537, 2.0936319828033447
103, -0.1355922967195511, -2.5197770595550537, 2.3361315727233887
104, -0.1355922967195511, -2.5197770595550537, 2.3361315727233887
105, -0.06697754561901093, -2.5197770595550537, 2.576531171798706
106, -0.06697754561901093, -2.5197770595550537, 2.576531171798706
107, -0.10411933064460754, -2.5197770595550537, 2.724724769592285
108, -0.10411933064460754, -2.5197770595550537, 2.724724769592285
109, -0.10411933064460754, -2.5197770595550537, 2.724724769592285
110, -0.10411933064460754, -2.5197770595550537, 2.724724769592285
111, -0.10411933064460754, -2.5197770595550537, 2.724724769592285
112, -0.2279801070690155, -2.5197770595550537, 2.7600769996643066
113, -0.2279801070690155, -2.5197770595550537, 2.7600769996643066
114, -0.2279801070690155, -2.5197770595550537, 2.7600769996643066
115, -0.2279801070690155, -2.5197770595550537, 2.7600769996643066
116, -0.15936538577079773, -2.5197770595550537, 3.000476837158203
117, -0.15936538577079773, -2.5197770595550537, 3.000476837158203
118, 2.8552865982055664, 2.880223035812378, 0.36815667152404785
