1, 3.0060975551605225, -2.576007843017578, -1.766552448272705
2, 3.0060975551605225, -2.576007843017578, -1.766552448272705
3, 3.0060975551605225, -2.576007843017578, -1.766552448272705
4, 3.0060975551605225, -2.576007843017578, -1.766552448272705
5, 3.0060975551605225, -2.576007843017578, -1.766552448272705
6, 3.0060975551605225, -2.576007843017578, -1.766552448272705
7, 3.0060975551605225, -2.576007843017578, -1.766552448272705
8, 3.0060975551605225, -2.576007843017578, -1.766552448272705
9, 3.0060975551605225, -2.576007843017578, -1.766552448272705
10, 3.0060975551605225, -2.576007843017578, -1.766552448272705
11, 3.0060975551605225, -2.576007843017578, -1.766552448272705
12, 3.0060975551605225, -2.576007843017578, -1.766552448272705
13, 3.0060975551605225, -2.576007843017578, -1.766552448272705
14, 3.0060975551605225, -2.576007843017578, -1.766552448272705
15, 3.0060975551605225, -2.576007843017578, -1.766552448272705
16, 3.0060975551605225, -2.576007843017578, -1.766552448272705
17, 3.0060975551605225, -2.576007843017578, -1.766552448272705
18, 3.0060975551605225, -2.576007843017578, -1.766552448272705
19, 3.0060975551605225, -2.576007843017578, -1.766552448272705
20, 3.0060975551605225, -2.576007843017578, -1.766552448272705
21, 2.7658495903015137, -2.5754714012145996, -1.6974081993103027
22, 2.525601625442505, -2.576007843017578, -1.6282639503479004
23, 2.525601625442505, -2.576007843017578, -1.6282639503479004
24, 2.525601625442505, -2.576007843017578, -1.6282639503479004
25, 2.465358257293701, -2.576007843017578, -1.3856309652328491
26, 2.4051148891448975, -2.576007843017578, -1.1429979801177979
27, 2.3448715209960938, -2.576007843017578, -0.9003649950027466
28, 2.3448715209960938, -2.576007843017578, -0.9003649950027466
29, 2.414015769958496, -2.576007843017578, -0.6601170301437378
30, 2.4831600189208984, -2.576007843017578, -0.4198690354824066
31, 2.4831600189208984, -2.576007843017578, -0.4198690354824066
32, 2.4229166507720947, -2.576007843017578, -0.17723608016967773
33, 2.362673282623291, -2.576007843017578, 0.06539687514305115
34, 2.362673282623291, -2.576007843017578, 0.06539687514305115
35, 2.1891844272613525, -2.576007843017578, 0.24540147185325623
36, 2.015695571899414, -2.576007843017578, 0.4254060685634613
37, 2.010133981704712, -2.576007843017578, 0.4311765432357788
38, 2.010133981704712, -2.576007843017578, 0.4311765432357788
39, 2.010133981704712, -2.576007843017578, 0.4311765432357788
40, 2.010133981704712, -2.576007843017578, 0.4311765432357788
41, 2.0792782306671143, -2.576007843017578, 0.6714245080947876
42, 2.0792782306671143, -2.576007843017578, 0.6714245080947876
43, 2.0190348625183105, -2.576007843017578, 0.9140574932098389
44, 2.0190348625183105, -2.576007843017578, 0.9140574932098389
45, 1.8455461263656616, -2.576007843017578, 1.094062089920044
46, 1.6720573902130127, -2.576007843017578, 1.274066686630249
47, 1.6720573902130127, -2.576007843017578, 1.274066686630249
48, 1.611814022064209, -2.576007843017578, 1.5166996717453003
49, 1.5515706539154053, -2.576007843017578, 1.7593326568603516
50, 5.1040215492248535, -2.576007843017578, -1.5400452613830566
