1, 0.4350241720676422, 0.01920294761657715, 1.014701008796692
2, 0.4350241720676422, 0.01920294761657715, 1.014701008796692
3, 0.4350241720676422, 0.01920294761657715, 1.014701008796692
4, 0.4350241720676422, 0.01920294761657715, 1.014701008796692
5, 0.4350241720676422, 0.01920294761657715, 1.014701008796692
6, 0.4350241720676422, 0.01920294761657715, 1.014701008796692
7, 0.4350241720676422, 0.01920294761657715, 1.014701008796692
8, 0.4350241720676422, 0.01920294761657715, 1.014701008796692
9, 0.4350241720676422, 0.01920294761657715, 1.014701008796692
10, 0.4350241720676422, 0.01920294761657715, 1.014701008796692
11, 0.4350241720676422, 0.01920294761657715, 1.014701008796692
12, 0.4350241720676422, 0.01920294761657715, 1.014701008796692
13, 0.4350241720676422, 0.01920294761657715, 1.014701008796692
14, 0.4350241720676422, 0.01920294761657715, 1.014701008796692
15, 0.4350241720676422, 0.01920294761657715, 1.014701008796692
16, 0.4350241720676422, 0.01920294761657715, 1.014701008796692
17, 0.4350241720676422, 0.01920294761657715, 1.014701008796692
18, 0.4350241720676422, 0.01920294761657715, 1.014701008796692
19, 0.1901444047689438, 0.01920294761657715, 1.0650389194488525
20, -0.05473536252975464, 0.01920294761657715, 1.1153769493103027
21, -0.29961514472961426, 0.01920294761657715, 1.165714979171753
22, -0.5444949269294739, 0.01920294761657715, 1.2160530090332031
23, -0.7893747091293335, 0.01920294761657715, 1.2663910388946533
24, -1.0342544317245483, 0.01920294761657715, 1.3167290687561035
25, -1.2791341543197632, 0.01920294761657715, 1.3670670986175537
26, -1.524013876914978, 0.01920294761657715, 1.417405128479004
27, -1.7688935995101929, 0.01920294761657715, 1.467743158340454
28, -1.7688935995101929, 0.01920294761657715, 1.467743158340454
29, -1.955796718597412, 0.01920294761657715, 1.6337770223617554
30, -2.142699956893921, 0.01920294761657715, 1.7998108863830566
31, -2.142699956893921, 0.01920294761657715, 1.7998108863830566
32, -2.142699956893921, 0.01920294761657715, 1.7998108863830566
33, -2.142699956893921, 0.01920294761657715, 1.7998108863830566
34, -2.3875796794891357, 0.01920294761657715, 1.8501489162445068
35, -2.3875796794891357, 0.01920294761657715, 1.8501489162445068
36, -2.6248207092285156, 0.01920294761657715, 1.7713030576705933
37, -2.6248207092285156, 0.01920294761657715, 1.7713030576705933
38, -2.8697004318237305, 0.01920294761657715, 1.821640968322754
39, -3.1145801544189453, 0.01920294761657715, 1.871978998184204
40, -3.35945987701416, 0.01920294761657715, 1.9223170280456543
41, -3.35945987701416, 0.01920294761657715, 1.9223170280456543
42, -3.35945987701416, 0.01920294761657715, 1.9223170280456543
43, -3.3964879512786865, 0.01920294761657715, 2.033731698989868
44, -3.3964879512786865, 0.01920294761657715, 2.033731698989868
45, -3.3964879512786865, 0.01920294761657715, 2.033731698989868
46, -3.3964879512786865, 0.01920294761657715, 2.033731698989868
47, -3.6337289810180664, 0.01920294761657715, 1.9548858404159546
48, -3.6337289810180664, 0.01920294761657715, 1.9548858404159546
49, -3.799762725830078, 0.01920294761657715, 1.7679827213287354
50, -3.96579647064209, 0.01920294761657715, 1.5810796022415161
51, -3.96579647064209, 0.01920294761657715, 1.5810796022415161
52, -3.96579647064209, 0.01920294761657715, 1.5810796022415161
53, -4.210676193237305, 0.01920294761657715, 1.6314175128936768
54, -4.210676193237305, 0.01920294761657715, 1.6314175128936768
55, -4.210676193237305, 0.01920294761657715, 1.6314175128936768
56, -4.210676193237305, 0.01920294761657715, 1.6314175128936768
57, -4.261013984680176, 0.01920294761657715, 1.386537790298462
58, -4.261013984680176, 0.01920294761657715, 1.386537790298462
59, -4.261013984680176, 0.01920294761657715, 1.386537790298462
60, -4.311351776123047, 0.01920294761657715, 1.141658067703247
61, -4.361689567565918, 0.01920294761657715, 0.8967783451080322
62, -4.412027359008789, 0.01920294761657715, 0.6518986225128174
63, -4.46236515045166, 0.01920294761657715, 0.40701889991760254
64, -4.512702941894531, 0.01920294761657715, 0.1621391624212265
65, -4.563040733337402, 0.01920294761657715, -0.08274057507514954
66, -4.563040733337402, 0.01920294761657715, -0.08274057507514954
67, -4.484194755554199, 0.01920294761657715, -0.3199816346168518
68, -4.405348777770996, 0.01920294761657715, -0.5572227239608765
69, -4.326502799987793, 0.01920294761657715, -0.7944637537002563
70, -4.326502799987793, 0.01920294761657715, -0.7944637537002563
71, -4.326502799987793, 0.01920294761657715, -0.7944637537002563
72, -4.326502799987793, 0.01920294761657715, -0.7944637537002563
73, -4.326502799987793, 0.01920294761657715, -0.7944637537002563
74, -4.326502799987793, 0.01920294761657715, -0.7944637537002563
75, -4.326502799987793, 0.01920294761657715, -0.7944637537002563
76, -4.405348777770996, 0.01920294761657715, -0.5572227239608765
77, -4.484194755554199, 0.01920294761657715, -0.3199816644191742
78, -4.563040733337402, 0.01920294761657715, -0.08274060487747192
79, -4.563040733337402, 0.01920294761657715, -0.08274060487747192
80, -4.512702941894531, 0.01920294761657715, 0.1621391773223877
81, -4.46236515045166, 0.01920294761657715, 0.4070189595222473
82, -4.412027359008789, 0.01920294761657715, 0.6518987417221069
83, -4.361689567565918, 0.01920294761657715, 0.8967785239219666
84, -4.361689567565918, 0.01920294761657715, 0.8967785239219666
85, -4.195655822753906, 0.01920294761657715, 1.0836817026138306
86, -4.0296220779418945, 0.01920294761657715, 1.2705848217010498
87, -4.0296220779418945, 0.01920294761657715, 1.2705848217010498
88, -3.7923810482025146, 0.01920294761657715, 1.349430799484253
89, -3.5551400184631348, 0.01920294761657715, 1.428276777267456
90, -3.5551400184631348, 0.01920294761657715, 1.428276777267456
91, -3.31026029586792, 0.01920294761657715, 1.3779387474060059
92, -3.065380573272705, 0.01920294761657715, 1.3276007175445557
93, -2.8205008506774902, 0.01920294761657715, 1.2772626876831055
94, -2.5756211280822754, 0.01920294761657715, 1.2269246578216553
95, -2.5756211280822754, 0.01920294761657715, 1.2269246578216553
96, -2.3887181282043457, 0.01920294761657715, 1.060890793800354
97, -2.201815128326416, 0.01920294761657715, 0.8948569297790527
98, -2.0149121284484863, 0.01920294761657715, 0.7288230657577515
99, -1.828009009361267, 0.01920294761657715, 0.5627892017364502
100, -1.6411058902740479, 0.01920294761657715, 0.3967553675174713
101, -1.4542027711868286, 0.01920294761657715, 0.23072153329849243
102, -1.2672996520996094, 0.01920294761657715, 0.06468769907951355
103, -1.2672996520996094, 0.01920294761657715, 0.06468769907951355
104, -1.2672996520996094, 0.01920294761657715, 0.06468769907951355
105, -1.0803965330123901, 0.01920294761657715, -0.10134613513946533
106, -1.0803965330123901, 0.01920294761657715, -0.10134613513946533
107, -1.0803965330123901, 0.01920294761657715, -0.10134613513946533
108, -1.0803965330123901, 0.01920294761657715, -0.10134613513946533
109, -1.0803965330123901, 0.01920294761657715, -0.10134613513946533
110, -1.0803965330123901, 0.01920294761657715, -0.10134613513946533
111, -1.0803965330123901, 0.01920294761657715, -0.10134613513946533
112, -1.2672996520996094, 0.01920294761657715, 0.06468769907951355
113, -1.4542027711868286, 0.01920294761657715, 0.23072153329849243
114, -1.6411058902740479, 0.01920294761657715, 0.3967553675174713
115, -1.828009009361267, 0.01920294761657715, 0.5627892017364502
116, -2.0149121284484863, 0.01920294761657715, 0.7288230657577515
117, -2.201815128326416, 0.01920294761657715, 0.8948569297790527
118, -2.3887181282043457, 0.01920294761657715, 1.060890793800354
119, -2.5756211280822754, 0.01920294761657715, 1.2269246578216553
120, -2.762524127960205, 0.01920294761657715, 1.3929585218429565
121, -2.9494271278381348, 0.01920294761657715, 1.5589923858642578
122, -3.1363301277160645, 0.01920294761657715, 1.725026249885559
123, -3.1363301277160645, 0.01920294761657715, 1.725026249885559
124, -3.3812098503112793, 0.01920294761657715, 1.7753642797470093
125, -3.626089572906494, 0.01920294761657715, 1.8257023096084595
126, -3.870969295501709, 0.01920294761657715, 1.8760403394699097
127, -4.115849018096924, 0.01920294761657715, 1.9263783693313599
128, -4.360728740692139, 0.01920294761657715, 1.97671639919281
129, -4.6056084632873535, 0.01920294761657715, 2.0270543098449707
130, -4.850488185882568, 0.01920294761657715, 2.077392339706421
131, -5.095367908477783, 0.01920294761657715, 2.127730369567871
132, -5.340247631072998, 0.01920294761657715, 2.1780683994293213
133, -5.585127353668213, 0.01920294761657715, 2.2284064292907715
134, -5.585127353668213, 0.01920294761657715, 2.2284064292907715
135, -5.772030353546143, 0.01920294761657715, 2.3944404125213623
136, -5.772030353546143, 0.01920294761657715, 2.3944404125213623
137, -5.772030353546143, 0.01920294761657715, 2.3944404125213623
138, -5.772030353546143, 0.01920294761657715, 2.3944404125213623
139, -5.850876331329346, 0.01920294761657715, 2.631681442260742
140, -5.929722309112549, 0.01920294761657715, 2.868922472000122
141, -6.008568286895752, 0.01920294761657715, 3.106163501739502
142, -6.008568286895752, 0.01920294761657715, 3.106163501739502
143, -6.008568286895752, 0.01920294761657715, 3.106163501739502
144, -6.008568286895752, 0.01920294761657715, 3.106163501739502
145, -6.008568286895752, 0.01920294761657715, 3.106163501739502
146, -6.008568286895752, 0.01920294761657715, 3.106163501739502
147, -6.008568286895752, 0.01920294761657715, 3.106163501739502
148, -5.929722309112549, 0.01920294761657715, 2.868922472000122
149, -5.850876331329346, 0.01920294761657715, 2.631681442260742
150, -5.772030353546143, 0.01920294761657715, 2.3944404125213623
151, -5.772030353546143, 0.01920294761657715, 2.3944404125213623
152, -5.585127353668213, 0.01920294761657715, 2.2284066677093506
153, -5.585127353668213, 0.01920294761657715, 2.2284066677093506
154, -5.340247631072998, 0.01920294761657715, 2.1780686378479004
155, -5.095367908477783, 0.01920294761657715, 2.12773060798645
156, -4.850488185882568, 0.01920294761657715, 2.077392578125
157, -4.850488185882568, 0.01920294761657715, 2.077392578125
158, -4.613246917724609, 0.01920294761657715, 2.156238555908203
159, -4.37600564956665, 0.01920294761657715, 2.2350845336914062
160, -4.138764381408691, 0.01920294761657715, 2.3139305114746094
161, -4.138764381408691, 0.01920294761657715, 2.3139305114746094
162, -4.138764381408691, 0.01920294761657715, 2.3139305114746094
163, -4.138764381408691, 0.01920294761657715, 2.3139305114746094
164, -3.9727306365966797, 0.01920294761657715, 2.500833511352539
165, -3.806696891784668, -0.0339590460062027, 2.6877365112304688
166, -3.806696891784668, -0.0339590460062027, 2.6877365112304688
167, -3.7563588619232178, -0.12859255075454712, 2.9326162338256836
168, -3.734896421432495, -0.18079686164855957, 3.037024974822998
169, -3.734896421432495, -0.18079686164855957, 3.037024974822998
170, -3.734896421432495, -0.18079686164855957, 3.037024974822998
171, -3.734896421432495, -0.18079686164855957, 3.037024974822998
172, -3.734896421432495, -0.18079686164855957, 3.037024974822998
173, -3.734896421432495, -0.18079686164855957, 3.037024974822998
174, -3.734896421432495, -0.18079686164855957, 3.037024974822998
175, -3.734896421432495, -0.18079686164855957, 3.037024974822998
176, -3.949781894683838, -0.18300247192382812, 2.965608835220337
177, -3.949781894683838, -0.18300247192382812, 2.965608835220337
178, -3.949781894683838, -0.18300247192382812, 2.965608835220337
179, -3.949781894683838, -0.18300247192382812, 2.965608835220337
180, -3.949781894683838, -0.18300247192382812, 2.965608835220337
181, -3.949781894683838, -0.18300247192382812, 2.965608835220337
182, -3.8994438648223877, -0.3220811188220978, 3.2104885578155518
183, -3.8972175121307373, -0.32823246717453003, 3.2213194370269775
184, -3.8972175121307373, -0.32823246717453003, 3.2213194370269775
185, -3.8972175121307373, -0.32823246717453003, 3.2213194370269775
186, -3.8972175121307373, -0.32823246717453003, 3.2213194370269775
187, -3.949781894683838, -0.36909812688827515, 3.268014430999756
188, -3.949781894683838, -0.36909812688827515, 3.268014430999756
189, -3.949781894683838, -0.36909812688827515, 3.268014430999756
190, -3.949781894683838, -0.36909812688827515, 3.268014430999756
191, -3.949781894683838, -0.36909812688827515, 3.268014430999756
192, -3.941779851913452, -0.3727948069572449, 3.277022361755371
193, -3.941779851913452, -0.3727948069572449, 3.277022361755371
194, -3.941779851913452, -0.37279483675956726, 3.277022361755371
195, -3.941779851913452, -0.37279483675956726, 3.277022361755371
196, -3.941779851913452, -0.37279483675956726, 3.277022361755371
197, -3.941779851913452, -0.37279483675956726, 3.277022361755371
198, -3.941779851913452, -0.37279483675956726, 3.277022361755371
199, -3.941779851913452, -0.37279483675956726, 3.277022361755371
200, -3.949781894683838, -0.37901604175567627, 3.2841310501098633
201, -3.949781894683838, -0.37901604175567627, 3.2841310501098633
202, -3.949781894683838, -0.37901604175567627, 3.2841310501098633
203, -3.949781894683838, -0.37901604175567627, 3.2841310501098633
204, -3.949781894683838, -0.37901604175567627, 3.2841310501098633
205, -3.949781894683838, -0.37901604175567627, 3.2841310501098633
206, -3.949781894683838, -0.37901604175567627, 3.2841310501098633
207, -3.949781894683838, -0.37901604175567627, 3.2841310501098633
208, -3.948563814163208, -0.37957870960235596, 3.2855021953582764
209, -3.948563814163208, -0.37957870960235596, 3.2855021953582764
210, -3.948563814163208, -0.37957870960235596, 3.2855021953582764
211, -3.948563814163208, -0.37957870960235596, 3.2855021953582764
212, -3.948563575744629, -0.3795786499977112, 3.2855021953582764
213, -3.948563575744629, -0.3795786499977112, 3.2855021953582764
214, -3.948563575744629, -0.3795786499977112, 3.2855021953582764
215, -3.948563575744629, -0.3795786499977112, 3.2855021953582764
216, -3.948563575744629, -0.3795786499977112, 3.2855021953582764
217, -3.948563575744629, -0.3795786499977112, 3.2855021953582764
218, -3.948563575744629, -0.3795786499977112, 3.2855021953582764
219, -3.948563575744629, -0.3795786499977112, 3.2855021953582764
220, -3.948563575744629, -0.3795786499977112, 3.2855021953582764
221, -3.948563575744629, -0.3795786499977112, 3.2855021953582764
222, -3.949781894683838, -0.380014032125473, 3.285752773284912
223, -3.949781894683838, -0.380014032125473, 3.285752773284912
224, -3.949781894683838, -0.380014032125473, 3.285752773284912
225, -3.949781894683838, -0.380014032125473, 3.285752773284912
226, -3.949781894683838, -0.380014032125473, 3.285752773284912
227, -3.949781894683838, -0.380014032125473, 3.285752773284912
228, -3.949781894683838, -0.380014032125473, 3.285752773284912
229, -3.949246406555176, -0.3802613914012909, 3.286355495452881
230, -3.949246406555176, -0.3802613914012909, 3.286355495452881
231, -3.949246406555176, -0.3802613317966461, 3.286355495452881
232, -3.949246406555176, -0.3802613317966461, 3.286355495452881
233, -3.949246406555176, -0.38026130199432373, 3.286355495452881
234, -3.949246406555176, -0.38026130199432373, 3.286355495452881
235, -3.949246406555176, -0.38026130199432373, 3.286355495452881
236, -3.949246406555176, -0.38026130199432373, 3.286355495452881
237, -3.949246406555176, -0.38026130199432373, 3.286355495452881
238, -3.949246406555176, -0.38026130199432373, 3.286355495452881
239, -3.949246406555176, -0.38026130199432373, 3.286355495452881
240, -3.949246406555176, -0.38026130199432373, 3.286355495452881
241, -3.949246406555176, -0.38026130199432373, 3.286355495452881
242, -3.949781894683838, -0.3804526925086975, 3.286465644836426
243, -3.949781894683838, -0.3804526925086975, 3.286465644836426
244, -3.949781894683838, -0.3804526925086975, 3.286465644836426
245, -3.949781894683838, -0.3804526925086975, 3.286465644836426
246, -3.949781894683838, -0.3804526925086975, 3.286465644836426
247, -3.949781894683838, -0.3804526925086975, 3.286465644836426
248, -3.8709359169006348, -0.2162630558013916, 3.049224615097046
249, -3.7920899391174316, -0.06957289576530457, 2.811983585357666
250, -3.7920899391174316, -0.06957289576530457, 2.811983585357666
251, -3.842427968978882, 0.006688907742500305, 2.567103862762451
252, -3.892765998840332, 0.01920294761657715, 2.3222241401672363
253, -3.892765998840332, 0.01920294761657715, 2.3222241401672363
254, -3.892765998840332, 0.01920294761657715, 2.3222241401672363
255, -4.130007266998291, 0.01920294761657715, 2.243378162384033
256, -4.36724853515625, 0.01920294761657715, 2.16453218460083
257, -4.604489803314209, 0.01920294761657715, 2.085686206817627
258, -4.841731071472168, 0.01920294761657715, 2.006840229034424
259, -4.841731071472168, 0.01920294761657715, 2.006840229034424
260, -5.086610794067383, 0.01920294761657715, 2.057178258895874
261, -5.331490516662598, 0.01920294761657715, 2.107516288757324
262, -5.5763702392578125, 0.01920294761657715, 2.1578543186187744
263, -5.5763702392578125, 0.01920294761657715, 2.1578543186187744
264, -5.763273239135742, 0.01920294761657715, 2.323888063430786
265, -5.950176239013672, 0.01920294761657715, 2.489921808242798
266, -5.950176239013672, 0.01920294761657715, 2.489921808242798
267, -6.029022216796875, 0.01920294761657715, 2.7271628379821777
268, -6.107868194580078, 0.01920294761657715, 2.9644038677215576
269, -6.107868194580078, 0.01920294761657715, 2.9644038677215576
270, -6.107868194580078, 0.01920294761657715, 2.9644038677215576
271, -6.107868194580078, 0.01920294761657715, 2.9644038677215576
272, -6.107868194580078, 0.01920294761657715, 2.9644038677215576
273, -6.107868194580078, 0.01920294761657715, 2.9644038677215576
274, -6.107868194580078, 0.01920294761657715, 2.9644038677215576
275, -6.029022216796875, 0.01920294761657715, 2.7271628379821777
276, -5.950176239013672, 0.01920294761657715, 2.489921808242798
277, -5.950176239013672, 0.01920294761657715, 2.489921808242798
278, -5.763273239135742, 0.01920294761657715, 2.323888063430786
279, -5.5763702392578125, 0.01920294761657715, 2.1578543186187744
280, -5.5763702392578125, 0.01920294761657715, 2.1578543186187744
281, -5.331490516662598, 0.01920294761657715, 2.1075165271759033
282, -5.086610794067383, 0.01920294761657715, 2.0571787357330322
283, -4.841731071472168, 0.01920294761657715, 2.006840944290161
284, -4.841731071472168, 0.01920294761657715, 2.006840944290161
285, -4.604489803314209, 0.01920294761657715, 2.0856869220733643
286, -4.604489803314209, 0.01920294761657715, 2.0856869220733643
287, -4.359610080718994, 0.01920294761657715, 2.035349130630493
288, -4.114730358123779, 0.01920294761657715, 1.9850112199783325
289, -3.8698506355285645, 0.01920294761657715, 1.9346733093261719
290, -3.6249709129333496, 0.01920294761657715, 1.8843353986740112
291, -3.3800911903381348, 0.01920294761657715, 1.8339974880218506
292, -3.13521146774292, 0.01920294761657715, 1.78365957736969
293, -3.13521146774292, 0.01920294761657715, 1.78365957736969
294, -3.13521146774292, 0.01920294761657715, 1.78365957736969
295, -3.13521146774292, 0.01920294761657715, 1.78365957736969
296, -2.89797043800354, 0.01920294761657715, 1.862505555152893
297, -2.89797043800354, 0.01920294761657715, 1.862505555152893
298, -2.653090715408325, 0.01920294761657715, 1.8121676445007324
299, -2.4082109928131104, 0.01920294761657715, 1.7618297338485718
300, -2.1633312702178955, 0.01920294761657715, 1.7114918231964111
301, -1.9184515476226807, 0.01920294761657715, 1.6611539125442505
302, -1.6735718250274658, 0.01920294761657715, 1.6108160018920898
303, -1.6735718250274658, 0.01920294761657715, 1.6108160018920898
304, -1.436330795288086, 0.01920294761657715, 1.689661979675293
305, -1.199089765548706, 0.01920294761657715, 1.768507957458496
306, -0.9618487358093262, 0.01920294761657715, 1.8473539352416992
307, -0.9618487358093262, 0.01920294761657715, 1.8473539352416992
308, -0.7958149909973145, 0.01920294761657715, 2.034257173538208
309, -0.6297812461853027, 0.01920294761657715, 2.221160411834717
310, -0.6297812461853027, 0.01920294761657715, 2.221160411834717
311, -0.5794433355331421, 0.01920294761657715, 2.4660401344299316
312, -0.5291054248809814, 0.01920294761657715, 2.7109198570251465
313, -0.4787675440311432, 0.01920294761657715, 2.9557995796203613
314, -0.42842966318130493, 0.01920294761657715, 3.200679302215576
315, -0.42842966318130493, 0.01920294761657715, 3.200679302215576
316, -0.42842966318130493, 0.01920294761657715, 3.200679302215576
317, -0.42842966318130493, 0.01920294761657715, 3.200679302215576
318, -0.42842966318130493, 0.01920294761657715, 3.200679302215576
319, -0.42842966318130493, 0.01920294761657715, 3.200679302215576
320, -0.42842966318130493, 0.01920294761657715, 3.200679302215576
321, -0.4787675440311432, 0.01920294761657715, 2.9557995796203613
322, -0.5291054248809814, 0.01920294761657715, 2.7109198570251465
323, -0.5794433355331421, 0.01920294761657715, 2.4660401344299316
324, -0.6297812461853027, 0.01920294761657715, 2.221160411834717
325, -0.6297812461853027, 0.01920294761657715, 2.221160411834717
326, -0.7958150506019592, 0.01920294761657715, 2.034257173538208
327, -0.7958150506019592, 0.01920294761657715, 2.034257173538208
328, -1.0330561399459839, 0.01920294761657715, 1.9554111957550049
329, -1.2702971696853638, 0.01920294761657715, 1.8765652179718018
330, -1.5075381994247437, 0.01920294761657715, 1.7977192401885986
331, -1.7447792291641235, 0.01920294761657715, 1.7188732624053955
332, -1.9820202589035034, 0.01920294761657715, 1.6400272846221924
333, -2.219261407852173, 0.01920294761657715, 1.5611813068389893
334, -2.219261407852173, 0.01920294761657715, 1.5611813068389893
335, -2.4641411304473877, 0.01920294761657715, 1.61151921749115
336, -2.7090208530426025, 0.01920294761657715, 1.6618571281433105
337, -2.9539005756378174, 0.01920294761657715, 1.7121950387954712
338, -3.1987802982330322, 0.01920294761657715, 1.7625329494476318
339, -3.1987802982330322, 0.01920294761657715, 1.7625329494476318
340, -3.385683536529541, 0.01920294761657715, 1.9285666942596436
341, -3.57258677482605, 0.01920294761657715, 2.0946004390716553
342, -3.57258677482605, 0.01920294761657715, 2.0946004390716553
343, -3.651432752609253, 0.012531429529190063, 2.331841468811035
344, -3.730278730392456, -0.02540399134159088, 2.569082498550415
345, -3.809124708175659, -0.06544627249240875, 2.806323528289795
346, -3.8879706859588623, -0.21671105921268463, 3.043564558029175
347, -3.8879706859588623, -0.21671105921268463, 3.043564558029175
348, -3.860790967941284, -0.29180610179901123, 3.1757864952087402
349, -3.860790967941284, -0.29180610179901123, 3.1757864952087402
350, -3.860790967941284, -0.29180610179901123, 3.1757864952087402
351, -3.860790967941284, -0.29180610179901123, 3.1757864952087402
352, -3.860790967941284, -0.29180610179901123, 3.1757864952087402
353, -3.860790967941284, -0.29180610179901123, 3.1757864952087402
354, -3.860790967941284, -0.29180610179901123, 3.1757864952087402
355, -3.860790967941284, -0.29180610179901123, 3.1757864952087402
356, -3.860790967941284, -0.29180610179901123, 3.1757864952087402
357, -3.860790967941284, -0.29180610179901123, 3.1757864952087402
358, -3.860790967941284, -0.29180610179901123, 3.1757864952087402
359, -3.949781894683838, -0.36099129915237427, 3.254840850830078
360, -3.949781894683838, -0.36099129915237427, 3.254840850830078
361, -3.949781894683838, -0.36099129915237427, 3.254840850830078
362, -3.949781894683838, -0.36099129915237427, 3.254840850830078
363, -3.949781894683838, -0.36099129915237427, 3.254840850830078
364, -3.949781894683838, -0.36099129915237427, 3.254840850830078
365, -3.949781894683838, -0.36099129915237427, 3.254840850830078
366, -3.944518566131592, -0.3755335509777069, 3.2804458141326904
367, -3.944518566131592, -0.3755335509777069, 3.2804458141326904
368, -3.944518566131592, -0.3755335807800293, 3.2804458141326904
369, -3.944518566131592, -0.3755335807800293, 3.2804458141326904
370, -3.944518566131592, -0.3755335807800293, 3.2804458141326904
371, -3.944518566131592, -0.3755335807800293, 3.2804458141326904
372, -3.944518566131592, -0.3755335807800293, 3.2804458141326904
373, -3.944518566131592, -0.3755335807800293, 3.2804458141326904
374, -3.944518566131592, -0.3755335807800293, 3.2804458141326904
375, -3.944518566131592, -0.3755335807800293, 3.2804458141326904
376, -3.944518566131592, -0.3755335807800293, 3.2804458141326904
377, -3.944518566131592, -0.3755335807800293, 3.2804458141326904
378, -3.944518566131592, -0.3755335807800293, 3.2804458141326904
379, -3.944518566131592, -0.3755335807800293, 3.2804458141326904
380, -3.949781894683838, -0.37962549924850464, 3.285121440887451
381, -3.949781894683838, -0.37962549924850464, 3.285121440887451
382, -3.949781894683838, -0.37962549924850464, 3.285121440887451
383, -3.949781894683838, -0.37962549924850464, 3.285121440887451
384, -3.949781894683838, -0.37962549924850464, 3.285121440887451
385, -3.949781894683838, -0.37962549924850464, 3.285121440887451
386, -3.949781894683838, -0.37962549924850464, 3.285121440887451
387, -3.949781894683838, -0.37962549924850464, 3.285121440887451
388, -3.949781894683838, -0.37962549924850464, 3.285121440887451
389, -3.8709359169006348, -0.21543584764003754, 3.0478804111480713
390, -3.7920899391174316, -0.06923212110996246, 2.8106393814086914
391, -3.7920899391174316, -0.06923212110996246, 2.8106393814086914
392, -3.8424277305603027, 0.007029607892036438, 2.5657596588134766
393, -3.892765522003174, 0.01920294761657715, 2.3208799362182617
394, -3.892765522003174, 0.01920294761657715, 2.3208799362182617
395, -3.892765522003174, 0.01920294761657715, 2.3208799362182617
396, -4.130006790161133, 0.01920294761657715, 2.2420339584350586
397, -4.367247581481934, 0.01920294761657715, 2.1631879806518555
398, -4.604488372802734, 0.01920294761657715, 2.0843420028686523
399, -4.841729164123535, 0.01920294761657715, 2.005496025085449
400, -4.841729164123535, 0.01920294761657715, 2.005496025085449
401, -5.08660888671875, 0.01920294761657715, 2.0558338165283203
402, -5.331488609313965, 0.01920294761657715, 2.1061716079711914
403, -5.57636833190918, 0.01920294761657715, 2.1565093994140625
404, -5.57636833190918, 0.01920294761657715, 2.1565093994140625
405, -5.763271331787109, 0.01920294761657715, 2.322543144226074
406, -5.950174331665039, 0.01920294761657715, 2.488576889038086
407, -5.950174331665039, 0.01920294761657715, 2.488576889038086
408, -6.029020309448242, 0.01920294761657715, 2.725817918777466
409, -6.107866287231445, 0.01920294761657715, 2.9630589485168457
410, -6.107866287231445, 0.01920294761657715, 2.9630589485168457
411, -6.107866287231445, 0.01920294761657715, 2.9630589485168457
412, -6.107866287231445, 0.01920294761657715, 2.9630589485168457
413, -6.107866287231445, 0.01920294761657715, 2.9630589485168457
414, -6.107866287231445, 0.01920294761657715, 2.9630589485168457
415, -6.107866287231445, 0.01920294761657715, 2.9630589485168457
416, -6.029020309448242, 0.01920294761657715, 2.725817918777466
417, -5.950174331665039, 0.01920294761657715, 2.488576889038086
418, -5.950174331665039, 0.01920294761657715, 2.488576889038086
419, -5.763271331787109, 0.01920294761657715, 2.322543144226074
420, -5.57636833190918, 0.01920294761657715, 2.1565093994140625
421, -5.57636833190918, 0.01920294761657715, 2.1565093994140625
422, -5.331488609313965, 0.01920294761657715, 2.1061716079711914
423, -5.08660888671875, 0.01920294761657715, 2.0558338165283203
424, -4.841729164123535, 0.01920294761657715, 2.005496025085449
425, -4.59684944152832, 0.01920294761657715, 1.9551582336425781
426, -4.59684944152832, 0.01920294761657715, 1.9551582336425781
427, -4.59684944152832, 0.01920294761657715, 1.9551582336425781
428, -4.3519697189331055, 0.01920294761657715, 1.904820442199707
429, -4.107089996337891, 0.01920294761657715, 1.854482650756836
430, -3.862210273742676, 0.01920294761657715, 1.8041448593139648
431, -3.617330551147461, 0.01920294761657715, 1.7538070678710938
432, -3.372450828552246, 0.01920294761657715, 1.7034692764282227
433, -3.372450828552246, 0.01920294761657715, 1.7034692764282227
434, -3.135209798812866, 0.01920294761657715, 1.7823152542114258
435, -3.135209798812866, 0.01920294761657715, 1.7823152542114258
436, -2.8903300762176514, 0.01920294761657715, 1.7319774627685547
437, -2.6454503536224365, 0.01920294761657715, 1.6816396713256836
438, -2.4005706310272217, 0.01920294761657715, 1.6313018798828125
439, -2.155690908432007, 0.01920294761657715, 1.5809640884399414
440, -1.910811185836792, 0.01920294761657715, 1.5306262969970703
441, -1.910811185836792, 0.01920294761657715, 1.5306262969970703
442, -1.673570156097412, 0.01920294761657715, 1.6094722747802734
443, -1.4363291263580322, 0.01920294761657715, 1.6883182525634766
444, -1.1990880966186523, 0.01920294761657715, 1.7671642303466797
445, -0.9618470668792725, 0.01920294761657715, 1.8460102081298828
446, -0.7246060371398926, 0.01920294761657715, 1.924856185913086
447, -0.7246060371398926, 0.01920294761657715, 1.924856185913086
448, -0.5585722923278809, 0.01920294761657715, 2.1117594242095947
449, -0.5585722923278809, 0.01920294761657715, 2.1117594242095947
450, -0.508234441280365, 0.01920294761657715, 2.3566393852233887
451, -0.4578965902328491, 0.01920294761657715, 2.6015191078186035
452, -0.40755873918533325, 0.01920294761657715, 2.8463988304138184
453, -0.3572208881378174, 0.01920294761657715, 3.091278553009033
454, -0.3572208881378174, 0.01920294761657715, 3.091278553009033
455, -0.4360668957233429, 0.01920294761657715, 3.328519582748413
456, -0.49978160858154297, 0.01920294761657715, 3.5202317237854004
457, -0.49978160858154297, 0.01920294761657715, 3.5202317237854004
458, -0.49978160858154297, 0.01920294761657715, 3.5202317237854004
459, -0.49978160858154297, 0.01920294761657715, 3.5202317237854004
460, -0.49978160858154297, 0.01920294761657715, 3.5202317237854004
461, -0.49978160858154297, 0.01920294761657715, 3.5202317237854004
462, -0.49978160858154297, 0.01920294761657715, 3.5202317237854004
463, -0.42093560099601746, 0.01920294761657715, 3.2829906940460205
464, -0.34208959341049194, 0.01920294761657715, 3.0457496643066406
465, -0.34208959341049194, 0.01920294761657715, 3.0457496643066406
466, -0.3924274444580078, 0.01920294761657715, 2.800869941711426
467, -0.4427652955055237, 0.01920294761657715, 2.555990219116211
468, -0.49310314655303955, 0.01920294761657715, 2.311110496520996
469, -0.49310314655303955, 0.01920294761657715, 2.311110496520996
470, -0.6591368913650513, 0.01920294761657715, 2.1242072582244873
471, -0.825170636177063, 0.01920294761657715, 1.937304139137268
472, -0.825170636177063, 0.01920294761657715, 1.937304139137268
473, -1.0624116659164429, 0.01920294761657715, 1.858458161354065
474, -1.2996526956558228, 0.01920294761657715, 1.7796121835708618
475, -1.5368937253952026, 0.01920294761657715, 1.7007662057876587
476, -1.7741347551345825, 0.01920294761657715, 1.6219202280044556
477, -2.011375904083252, 0.01920294761657715, 1.5430742502212524
478, -2.011375904083252, 0.01920294761657715, 1.5430742502212524
479, -2.256255626678467, 0.01920294761657715, 1.593412160873413
480, -2.5011353492736816, 0.01920294761657715, 1.6437500715255737
481, -2.7460150718688965, 0.01920294761657715, 1.6940879821777344
482, -2.9908947944641113, 0.01920294761657715, 1.744425892829895
483, -3.235774517059326, 0.01920294761657715, 1.7947638034820557
484, -3.235774517059326, 0.01920294761657715, 1.7947638034820557
485, -3.422677755355835, 0.01920294761657715, 1.9607975482940674
486, -3.6095809936523438, 0.01920294761657715, 2.126831293106079
487, -3.6095809936523438, 0.01920294761657715, 2.126831293106079
488, -3.688426971435547, 0.014781147241592407, 2.364072322845459
489, -3.76727294921875, -0.02315431833267212, 2.601313352584839
490, -3.846118927001953, -0.08156168460845947, 2.8385543823242188
491, -3.9249649047851562, -0.2450825572013855, 3.0757954120635986
492, -3.9249649047851562, -0.2450825572013855, 3.0757954120635986
493, -3.895493745803833, -0.3265087902545929, 3.2191648483276367
494, -3.895493745803833, -0.3265088200569153, 3.2191648483276367
495, -3.895493745803833, -0.3265088200569153, 3.2191648483276367
496, -3.895493745803833, -0.3265088200569153, 3.2191648483276367
497, -3.895493745803833, -0.3265088200569153, 3.2191648483276367
498, -3.949781894683838, -0.3687146306037903, 3.2673912048339844
499, -3.949781894683838, -0.3687146306037903, 3.2673912048339844
