1, -0.7993301153182983, 0.16337794065475464, -5.185327053070068
2, -0.7993301153182983, 0.16337794065475464, -5.185327053070068
3, -0.7993301153182983, 0.16337794065475464, -5.185327053070068
4, -0.7993301153182983, 0.16337794065475464, -5.185327053070068
5, -0.7993301153182983, 0.16337794065475464, -5.185327053070068
6, -0.7993301153182983, 0.16337794065475464, -5.185327053070068
7, -0.7993301153182983, 0.16337794065475464, -5.185327053070068
8, -0.7993301153182983, 0.16337794065475464, -5.185327053070068
9, -0.7993301153182983, 0.16337794065475464, -5.185327053070068
10, -0.7993301153182983, 0.16337794065475464, -5.185327053070068
11, -0.7993301153182983, 0.16337794065475464, -5.185327053070068
12, -0.7993301153182983, 0.16337794065475464, -5.185327053070068
13, -0.7993301153182983, 0.16337794065475464, -5.185327053070068
14, -0.7993301153182983, 0.16337794065475464, -5.185327053070068
15, -0.7993301153182983, 0.16337794065475464, -5.185327053070068
16, -0.5564849376678467, 0.16337794065475464, -5.244709014892578
17, -0.313639760017395, 0.16337794065475464, -5.304090976715088
18, -0.07079456746578217, 0.16337794065475464, -5.363472938537598
19, 0.1720506250858307, 0.16337794065475464, -5.422854900360107
20, 0.41489583253860474, 0.16337794065475464, -5.482236862182617
21, 0.6577410101890564, 0.16337794065475464, -5.541618824005127
22, 0.9005861878395081, 0.16337794065475464, -5.601000785827637
23, 1.1434314250946045, 0.16337794065475464, -5.6603827476501465
24, 1.3862766027450562, 0.16337794065475464, -5.719764709472656
25, 1.6291217803955078, 0.16337794065475464, -5.779146671295166
26, 1.8719669580459595, 0.16337794065475464, -5.838528633117676
27, 1.8719669580459595, 0.16337794065475464, -5.838528633117676
28, 1.8719669580459595, 0.16337794065475464, -5.838528633117676
29, 1.8719669580459595, 0.16337794065475464, -5.838528633117676
30, 2.1119680404663086, 0.16337794065475464, -5.7685322761535645
31, 2.3519692420959473, 0.16337794065475464, -5.698535919189453
32, 2.591970443725586, 0.16337794065475464, -5.628539562225342
33, 2.591970443725586, 0.16337794065475464, -5.628539562225342
34, 2.591970443725586, 0.16337794065475464, -5.628539562225342
35, 2.591970443725586, 0.16337794065475464, -5.628539562225342
36, 2.591970443725586, 0.16337794065475464, -5.628539562225342
37, 2.591970443725586, 0.16337794065475464, -5.628539562225342
38, 2.3491251468658447, 0.16337794065475464, -5.569157600402832
39, 2.1062798500061035, 0.16337794065475464, -5.509775638580322
40, 2.1062798500061035, 0.16337794065475464, -5.509775638580322
41, 1.8662787675857544, 0.16337794065475464, -5.579771995544434
42, 1.6262776851654053, 0.16337794065475464, -5.649768352508545
43, 1.3862766027450562, 0.16337794065475464, -5.719764709472656
44, 1.3862766027450562, 0.16337794065475464, -5.719764709472656
45, 1.1434314250946045, 0.16337794065475464, -5.6603827476501465
46, 0.9005861878395081, 0.16337794065475464, -5.601000785827637
47, 0.6577409505844116, 0.16337794065475464, -5.541618824005127
48, 0.4148957133293152, 0.16337794065475464, -5.482236862182617
49, 0.17205049097537994, 0.16337794065475464, -5.422854900360107
50, -0.0707947313785553, 0.16337794065475464, -5.363472938537598
51, -0.31363993883132935, 0.16337794065475464, -5.304090976715088
52, -0.5564851760864258, 0.16337794065475464, -5.244709014892578
53, -0.7993304133415222, 0.16337794065475464, -5.185327053070068
54, -1.0421756505966187, 0.16337794065475464, -5.125945091247559
55, -1.2850208282470703, 0.16337794065475464, -5.066563129425049
56, -1.2850208282470703, 0.16337794065475464, -5.066563129425049
57, -1.2850208282470703, 0.16337794065475464, -5.066563129425049
58, -1.3186602592468262, 0.16337794065475464, -4.951221466064453
59, -1.3186602592468262, 0.16337794065475464, -4.951221466064453
60, -1.3186602592468262, 0.16337794065475464, -4.951221466064453
61, -1.4992793798446655, 0.16337794065475464, -4.778372764587402
62, -1.4992793798446655, 0.16337794065475464, -4.778372764587402
63, -1.4992793798446655, 0.16337794065475464, -4.778372764587402
64, -1.4992793798446655, 0.16337794065475464, -4.778372764587402
65, -1.4992793798446655, 0.16337794065475464, -4.778372764587402
66, -1.4992793798446655, 0.16337794065475464, -4.778372764587402
67, -1.4992793798446655, 0.16337794065475464, -4.778372764587402
68, -1.3186602592468262, 0.16337794065475464, -4.951221466064453
69, -1.3186602592468262, 0.16337794065475464, -4.951221466064453
70, -1.3186602592468262, 0.16337794065475464, -4.951221466064453
71, -1.2486639022827148, 0.16337794065475464, -5.191222667694092
72, -1.2486639022827148, 0.16337794065475464, -5.191222667694092
73, -1.2486639022827148, 0.16337794065475464, -5.191222667694092
74, -1.0058187246322632, 0.16337794065475464, -5.250604629516602
75, -0.7629735469818115, 0.16337794065475464, -5.309986591339111
76, -0.5201283693313599, 0.16337794065475464, -5.369368553161621
77, -0.5201283693313599, 0.16337794065475464, -5.369368553161621
78, -0.3395092189311981, 0.16337794065475464, -5.542217254638672
79, -0.3395092189311981, 0.16337794065475464, -5.542217254638672
80, -0.2695128619670868, 0.16337794065475464, -5.7822184562683105
81, -0.19951650500297546, 0.16337794065475464, -6.022219657897949
82, -0.12952014803886414, 0.16337794065475464, -6.262220859527588
83, -0.12952014803886414, 0.16337794065475464, -6.262220859527588
84, -0.1889020800590515, 0.16337794065475464, -6.50506591796875
85, -0.2482840120792389, 0.16337794065475464, -6.747910976409912
86, -0.30766594409942627, 0.16337794065475464, -6.990756034851074
87, -0.30766594409942627, 0.16337794065475464, -6.990756034851074
88, -0.30766594409942627, 0.16337794065475464, -6.990756034851074
89, -0.5476670265197754, 0.16337794065475464, -7.0607523918151855
90, -0.7876681089401245, 0.16337794065475464, -7.130748748779297
91, -1.0276691913604736, 0.16337794065475464, -7.200745105743408
92, -1.0276691913604736, 0.16337794065475464, -7.200745105743408
93, -1.2705143690109253, 0.16337794065475464, -7.141363143920898
94, -1.513359546661377, 0.16337794065475464, -7.081981182098389
95, -1.7562047243118286, 0.16337794065475464, -7.022599220275879
96, -1.9990499019622803, 0.16337794065475464, -6.963217258453369
97, -1.9990499019622803, 0.16337794065475464, -6.963217258453369
98, -2.239051103591919, 0.16337794065475464, -7.0332136154174805
99, -2.4790523052215576, 0.16337794065475464, -7.103209972381592
100, -2.7190535068511963, 0.16337794065475464, -7.173206329345703
101, -2.7190535068511963, 0.16337794065475464, -7.173206329345703
102, -2.7190535068511963, 0.16337794065475464, -7.173206329345703
103, -2.7190535068511963, 0.16337794065475464, -7.173206329345703
104, -2.7190535068511963, 0.16337794065475464, -7.173206329345703
105, -2.7190535068511963, 0.16337794065475464, -7.173206329345703
106, -2.7190535068511963, 0.16337794065475464, -7.173206329345703
107, -2.7190535068511963, 0.16337794065475464, -7.173206329345703
108, -2.7190535068511963, 0.16337794065475464, -7.173206329345703
109, -2.959054470062256, 0.16337794065475464, -7.2432026863098145
110, -3.1990554332733154, 0.16337794065475464, -7.313199043273926
111, -3.1990554332733154, 0.16337794065475464, -7.313199043273926
112, -3.1990554332733154, 0.16337794065475464, -7.313199043273926
113, -3.1990554332733154, 0.16337794065475464, -7.313199043273926
114, -3.1990554332733154, 0.16337794065475464, -7.313199043273926
115, -3.1990554332733154, 0.16337794065475464, -7.313199043273926
116, -3.1990554332733154, 0.16337794065475464, -7.313199043273926
117, -3.1990554332733154, 0.16337794065475464, -7.313199043273926
118, -3.1990554332733154, 0.16337794065475464, -7.313199043273926
119, -2.9590542316436768, 0.16337794065475464, -7.2432026863098145
120, -2.719053030014038, 0.16337794065475464, -7.173206329345703
121, -2.4790518283843994, 0.16337794065475464, -7.103209972381592
122, -2.2390506267547607, 0.16337794065475464, -7.0332136154174805
123, -2.2390506267547607, 0.16337794065475464, -7.0332136154174805
124, -2.2390506267547607, 0.16337794065475464, -7.0332136154174805
125, -2.2390506267547607, 0.16337794065475464, -7.0332136154174805
126, -2.2390506267547607, 0.16337794065475464, -7.0332136154174805
127, -2.2390506267547607, 0.16337794065475464, -7.0332136154174805
128, -2.2390506267547607, 0.16337794065475464, -7.0332136154174805
129, -2.4790518283843994, 0.16337794065475464, -7.103209972381592
130, -2.719053030014038, 0.16337794065475464, -7.173206329345703
131, -2.719053030014038, 0.16337794065475464, -7.173206329345703
132, -2.719053030014038, 0.16337794065475464, -7.173206329345703
133, -2.719053030014038, 0.16337794065475464, -7.173206329345703
134, -2.719053030014038, 0.16337794065475464, -7.173206329345703
135, -2.719053030014038, 0.16337794065475464, -7.173206329345703
136, -2.719053030014038, 0.16337794065475464, -7.173206329345703
137, -2.4790520668029785, 0.16337794065475464, -7.103209972381592
138, -2.4790520668029785, 0.16337794065475464, -7.103209972381592
139, -2.4790520668029785, 0.16337794065475464, -7.103209972381592
140, -2.4790520668029785, 0.16337794065475464, -7.103209972381592
141, -2.4790520668029785, 0.16337794065475464, -7.103209972381592
142, -2.4790520668029785, 0.16337794065475464, -7.103209972381592
143, -2.4790520668029785, 0.16337794065475464, -7.103209972381592
144, -2.719053268432617, 0.16337794065475464, -7.173206329345703
145, -2.719053268432617, 0.16337794065475464, -7.173206329345703
146, -2.719053268432617, 0.16337794065475464, -7.173206329345703
147, -2.719053268432617, 0.16337794065475464, -7.173206329345703
148, -2.719053268432617, 0.16337794065475464, -7.173206329345703
149, -2.719053268432617, 0.16337794065475464, -7.173206329345703
150, -2.719053268432617, 0.16337794065475464, -7.173206329345703
151, -2.4790523052215576, 0.16337794065475464, -7.103209972381592
152, -2.4790523052215576, 0.16337794065475464, -7.103209972381592
153, -2.4790523052215576, 0.16337794065475464, -7.103209972381592
154, -2.4790523052215576, 0.16337794065475464, -7.103209972381592
155, -2.4790523052215576, 0.16337794065475464, -7.103209972381592
156, -2.4790523052215576, 0.16337794065475464, -7.103209972381592
157, -2.4790523052215576, 0.16337794065475464, -7.103209972381592
158, -2.7190535068511963, 0.16337794065475464, -7.173206329345703
159, -2.7190535068511963, 0.16337794065475464, -7.173206329345703
160, -2.7190535068511963, 0.16337794065475464, -7.173206329345703
161, -2.7190535068511963, 0.16337794065475464, -7.173206329345703
162, -2.7190535068511963, 0.16337794065475464, -7.173206329345703
163, -2.7190535068511963, 0.16337794065475464, -7.173206329345703
164, -2.7190535068511963, 0.16337794065475464, -7.173206329345703
165, -2.4790525436401367, 0.16337794065475464, -7.103209972381592
166, -2.4790525436401367, 0.16337794065475464, -7.103209972381592
167, -2.4790525436401367, 0.16337794065475464, -7.103209972381592
168, -2.4790525436401367, 0.16337794065475464, -7.103209972381592
169, -2.4790525436401367, 0.16337794065475464, -7.103209972381592
170, -2.4790525436401367, 0.16337794065475464, -7.103209972381592
171, -2.4790525436401367, 0.16337794065475464, -7.103209972381592
172, -2.7190537452697754, 0.16337794065475464, -7.173206329345703
173, -2.7190537452697754, 0.16337794065475464, -7.173206329345703
174, -2.7190537452697754, 0.16337794065475464, -7.173206329345703
175, -2.7190537452697754, 0.16337794065475464, -7.173206329345703
176, -2.7190537452697754, 0.16337794065475464, -7.173206329345703
177, -2.7190537452697754, 0.16337794065475464, -7.173206329345703
178, -2.7190537452697754, 0.16337794065475464, -7.173206329345703
179, -2.479052782058716, 0.16337794065475464, -7.103209972381592
180, -2.479052782058716, 0.16337794065475464, -7.103209972381592
181, -2.479052782058716, 0.16337794065475464, -7.103209972381592
182, -2.479052782058716, 0.16337794065475464, -7.103209972381592
183, -2.479052782058716, 0.16337794065475464, -7.103209972381592
184, -2.479052782058716, 0.16337794065475464, -7.103209972381592
185, -2.479052782058716, 0.16337794065475464, -7.103209972381592
186, -2.7190539836883545, 0.16337794065475464, -7.173206329345703
187, -2.7190539836883545, 0.16337794065475464, -7.173206329345703
188, -2.7190539836883545, 0.16337794065475464, -7.173206329345703
189, -2.7190539836883545, 0.16337794065475464, -7.173206329345703
190, -2.7190539836883545, 0.16337794065475464, -7.173206329345703
191, -2.7190539836883545, 0.16337794065475464, -7.173206329345703
192, -2.7190539836883545, 0.16337794065475464, -7.173206329345703
193, -2.479053020477295, 0.16337794065475464, -7.103209972381592
194, -2.479053020477295, 0.16337794065475464, -7.103209972381592
195, -2.479053020477295, 0.16337794065475464, -7.103209972381592
196, -2.479053020477295, 0.16337794065475464, -7.103209972381592
197, -2.479053020477295, 0.16337794065475464, -7.103209972381592
198, -2.479053020477295, 0.16337794065475464, -7.103209972381592
199, -2.479053020477295, 0.16337794065475464, -7.103209972381592
200, -2.7190542221069336, 0.16337794065475464, -7.173206329345703
201, -2.7190542221069336, 0.16337794065475464, -7.173206329345703
202, -2.7190542221069336, 0.16337794065475464, -7.173206329345703
203, -2.7190542221069336, 0.16337794065475464, -7.173206329345703
204, -2.7190542221069336, 0.16337794065475464, -7.173206329345703
205, -2.7190542221069336, 0.16337794065475464, -7.173206329345703
206, -2.7190542221069336, 0.16337794065475464, -7.173206329345703
207, -2.479053258895874, 0.16337794065475464, -7.103209972381592
208, -2.479053258895874, 0.16337794065475464, -7.103209972381592
209, -2.479053258895874, 0.16337794065475464, -7.103209972381592
210, -2.479053258895874, 0.16337794065475464, -7.103209972381592
211, -2.479053258895874, 0.16337794065475464, -7.103209972381592
212, -2.479053258895874, 0.16337794065475464, -7.103209972381592
213, -2.479053258895874, 0.16337794065475464, -7.103209972381592
214, -2.7190544605255127, 0.16337794065475464, -7.173206329345703
215, -2.7190544605255127, 0.16337794065475464, -7.173206329345703
216, -2.7190544605255127, 0.16337794065475464, -7.173206329345703
217, -2.7190544605255127, 0.16337794065475464, -7.173206329345703
218, -2.7190544605255127, 0.16337794065475464, -7.173206329345703
219, -2.7190544605255127, 0.16337794065475464, -7.173206329345703
220, -2.7190544605255127, 0.16337794065475464, -7.173206329345703
221, -2.479053497314453, 0.16337794065475464, -7.103209972381592
222, -2.479053497314453, 0.16337794065475464, -7.103209972381592
223, -2.479053497314453, 0.16337794065475464, -7.103209972381592
224, -2.479053497314453, 0.16337794065475464, -7.103209972381592
225, -2.479053497314453, 0.16337794065475464, -7.103209972381592
226, -2.479053497314453, 0.16337794065475464, -7.103209972381592
227, -2.479053497314453, 0.16337794065475464, -7.103209972381592
228, -2.719054698944092, 0.16337794065475464, -7.173206329345703
229, -2.719054698944092, 0.16337794065475464, -7.173206329345703
230, -2.719054698944092, 0.16337794065475464, -7.173206329345703
231, -2.719054698944092, 0.16337794065475464, -7.173206329345703
232, -2.719054698944092, 0.16337794065475464, -7.173206329345703
233, -2.719054698944092, 0.16337794065475464, -7.173206329345703
234, -2.719054698944092, 0.16337794065475464, -7.173206329345703
235, -2.4790537357330322, 0.16337794065475464, -7.103209972381592
236, -2.4790537357330322, 0.16337794065475464, -7.103209972381592
237, -2.4790537357330322, 0.16337794065475464, -7.103209972381592
238, -2.4790537357330322, 0.16337794065475464, -7.103209972381592
239, -2.4790537357330322, 0.16337794065475464, -7.103209972381592
240, -2.4790537357330322, 0.16337794065475464, -7.103209972381592
241, -2.4790537357330322, 0.16337794065475464, -7.103209972381592
242, -2.719054937362671, 0.16337794065475464, -7.173206329345703
243, -2.719054937362671, 0.16337794065475464, -7.173206329345703
244, -2.719054937362671, 0.16337794065475464, -7.173206329345703
245, -2.719054937362671, 0.16337794065475464, -7.173206329345703
246, -2.719054937362671, 0.16337794065475464, -7.173206329345703
247, -2.719054937362671, 0.16337794065475464, -7.173206329345703
248, -2.719054937362671, 0.16337794065475464, -7.173206329345703
249, -2.4790539741516113, 0.16337794065475464, -7.103209972381592
250, -2.4790539741516113, 0.16337794065475464, -7.103209972381592
251, -2.4790539741516113, 0.16337794065475464, -7.103209972381592
252, -2.4790539741516113, 0.16337794065475464, -7.103209972381592
253, -2.4790539741516113, 0.16337794065475464, -7.103209972381592
254, -2.4790539741516113, 0.16337794065475464, -7.103209972381592
255, -2.4790539741516113, 0.16337794065475464, -7.103209972381592
256, -2.71905517578125, 0.16337794065475464, -7.173206329345703
257, -2.71905517578125, 0.16337794065475464, -7.173206329345703
258, -2.71905517578125, 0.16337794065475464, -7.173206329345703
259, -2.71905517578125, 0.16337794065475464, -7.173206329345703
260, -2.71905517578125, 0.16337794065475464, -7.173206329345703
261, -2.71905517578125, 0.16337794065475464, -7.173206329345703
262, -2.71905517578125, 0.16337794065475464, -7.173206329345703
263, -2.4790542125701904, 0.16337794065475464, -7.103209972381592
264, -2.4790542125701904, 0.16337794065475464, -7.103209972381592
265, -2.4790542125701904, 0.16337794065475464, -7.103209972381592
266, -2.4790542125701904, 0.16337794065475464, -7.103209972381592
267, -2.4790542125701904, 0.16337794065475464, -7.103209972381592
268, -2.4790542125701904, 0.16337794065475464, -7.103209972381592
269, -2.4790542125701904, 0.16337794065475464, -7.103209972381592
270, -2.719055414199829, 0.16337794065475464, -7.173206329345703
271, -2.719055414199829, 0.16337794065475464, -7.173206329345703
272, -2.719055414199829, 0.16337794065475464, -7.173206329345703
273, -2.719055414199829, 0.16337794065475464, -7.173206329345703
274, -2.719055414199829, 0.16337794065475464, -7.173206329345703
275, -2.719055414199829, 0.16337794065475464, -7.173206329345703
276, -2.719055414199829, 0.16337794065475464, -7.173206329345703
277, -2.4790544509887695, 0.16337794065475464, -7.103209972381592
278, -2.4790544509887695, 0.16337794065475464, -7.103209972381592
279, -2.4790544509887695, 0.16337794065475464, -7.103209972381592
280, -2.4790544509887695, 0.16337794065475464, -7.103209972381592
281, -2.4790544509887695, 0.16337794065475464, -7.103209972381592
282, -2.4790544509887695, 0.16337794065475464, -7.103209972381592
283, -2.4790544509887695, 0.16337794065475464, -7.103209972381592
284, -2.719055652618408, 0.16337794065475464, -7.173206329345703
285, -2.719055652618408, 0.16337794065475464, -7.173206329345703
286, -2.719055652618408, 0.16337794065475464, -7.173206329345703
287, -2.719055652618408, 0.16337794065475464, -7.173206329345703
288, -2.719055652618408, 0.16337794065475464, -7.173206329345703
289, -2.719055652618408, 0.16337794065475464, -7.173206329345703
290, -2.719055652618408, 0.16337794065475464, -7.173206329345703
291, -2.4790546894073486, 0.16337794065475464, -7.103209972381592
292, -2.4790546894073486, 0.16337794065475464, -7.103209972381592
293, -2.4790546894073486, 0.16337794065475464, -7.103209972381592
294, -2.4790546894073486, 0.16337794065475464, -7.103209972381592
295, -2.4790546894073486, 0.16337794065475464, -7.103209972381592
296, -2.4790546894073486, 0.16337794065475464, -7.103209972381592
297, -2.4790546894073486, 0.16337794065475464, -7.103209972381592
298, -2.7190558910369873, 0.16337794065475464, -7.173206329345703
299, -2.7190558910369873, 0.16337794065475464, -7.173206329345703
300, -2.7190558910369873, 0.16337794065475464, -7.173206329345703
301, -2.7190558910369873, 0.16337794065475464, -7.173206329345703
302, -2.7190558910369873, 0.16337794065475464, -7.173206329345703
303, -2.7190558910369873, 0.16337794065475464, -7.173206329345703
304, -2.7190558910369873, 0.16337794065475464, -7.173206329345703
305, -2.4790549278259277, 0.16337794065475464, -7.103209972381592
306, -2.4790549278259277, 0.16337794065475464, -7.103209972381592
307, -2.4790549278259277, 0.16337794065475464, -7.103209972381592
308, -2.4790549278259277, 0.16337794065475464, -7.103209972381592
309, -2.4790549278259277, 0.16337794065475464, -7.103209972381592
310, -2.4790549278259277, 0.16337794065475464, -7.103209972381592
311, -2.4790549278259277, 0.16337794065475464, -7.103209972381592
312, -2.7190561294555664, 0.16337794065475464, -7.173206329345703
313, -2.7190561294555664, 0.16337794065475464, -7.173206329345703
314, -2.7190561294555664, 0.16337794065475464, -7.173206329345703
315, -2.7190561294555664, 0.16337794065475464, -7.173206329345703
316, -2.7190561294555664, 0.16337794065475464, -7.173206329345703
317, -2.7190561294555664, 0.16337794065475464, -7.173206329345703
318, -2.7190561294555664, 0.16337794065475464, -7.173206329345703
319, -2.479055166244507, 0.16337794065475464, -7.103209972381592
320, -2.479055166244507, 0.16337794065475464, -7.103209972381592
321, -2.479055166244507, 0.16337794065475464, -7.103209972381592
322, -2.479055166244507, 0.16337794065475464, -7.103209972381592
323, -2.479055166244507, 0.16337794065475464, -7.103209972381592
324, -2.479055166244507, 0.16337794065475464, -7.103209972381592
325, -2.479055166244507, 0.16337794065475464, -7.103209972381592
326, -2.7190563678741455, 0.16337794065475464, -7.173206329345703
327, -2.7190563678741455, 0.16337794065475464, -7.173206329345703
328, -2.7190563678741455, 0.16337794065475464, -7.173206329345703
329, -2.7190563678741455, 0.16337794065475464, -7.173206329345703
330, -2.7190563678741455, 0.16337794065475464, -7.173206329345703
331, -2.7190563678741455, 0.16337794065475464, -7.173206329345703
332, -2.7190563678741455, 0.16337794065475464, -7.173206329345703
333, -2.479055404663086, 0.16337794065475464, -7.103209972381592
334, -2.479055404663086, 0.16337794065475464, -7.103209972381592
335, -2.479055404663086, 0.16337794065475464, -7.103209972381592
336, -2.479055404663086, 0.16337794065475464, -7.103209972381592
337, -2.479055404663086, 0.16337794065475464, -7.103209972381592
338, -2.479055404663086, 0.16337794065475464, -7.103209972381592
339, -2.479055404663086, 0.16337794065475464, -7.103209972381592
340, -2.7190566062927246, 0.16337794065475464, -7.173206329345703
341, -2.7190566062927246, 0.16337794065475464, -7.173206329345703
342, -2.7190566062927246, 0.16337794065475464, -7.173206329345703
343, -2.7190566062927246, 0.16337794065475464, -7.173206329345703
344, -2.7190566062927246, 0.16337794065475464, -7.173206329345703
345, -2.7190566062927246, 0.16337794065475464, -7.173206329345703
346, -2.7190566062927246, 0.16337794065475464, -7.173206329345703
347, -2.479055643081665, 0.16337794065475464, -7.103209972381592
348, -2.479055643081665, 0.16337794065475464, -7.103209972381592
349, -2.479055643081665, 0.16337794065475464, -7.103209972381592
350, -2.479055643081665, 0.16337794065475464, -7.103209972381592
351, -2.479055643081665, 0.16337794065475464, -7.103209972381592
352, -2.479055643081665, 0.16337794065475464, -7.103209972381592
353, -2.479055643081665, 0.16337794065475464, -7.103209972381592
354, -2.7190568447113037, 0.16337794065475464, -7.173206329345703
355, -2.7190568447113037, 0.16337794065475464, -7.173206329345703
356, -2.7190568447113037, 0.16337794065475464, -7.173206329345703
357, -2.7190568447113037, 0.16337794065475464, -7.173206329345703
358, -2.7190568447113037, 0.16337794065475464, -7.173206329345703
359, -2.7190568447113037, 0.16337794065475464, -7.173206329345703
360, -2.7190568447113037, 0.16337794065475464, -7.173206329345703
361, -2.479055881500244, 0.16337794065475464, -7.103209972381592
362, -2.479055881500244, 0.16337794065475464, -7.103209972381592
363, -2.479055881500244, 0.16337794065475464, -7.103209972381592
364, -2.479055881500244, 0.16337794065475464, -7.103209972381592
365, -2.479055881500244, 0.16337794065475464, -7.103209972381592
366, -2.479055881500244, 0.16337794065475464, -7.103209972381592
367, -2.479055881500244, 0.16337794065475464, -7.103209972381592
368, -2.719057083129883, 0.16337794065475464, -7.173206329345703
369, -2.719057083129883, 0.16337794065475464, -7.173206329345703
370, -2.719057083129883, 0.16337794065475464, -7.173206329345703
371, -2.719057083129883, 0.16337794065475464, -7.173206329345703
372, -2.719057083129883, 0.16337794065475464, -7.173206329345703
373, -2.719057083129883, 0.16337794065475464, -7.173206329345703
374, -2.719057083129883, 0.16337794065475464, -7.173206329345703
375, -2.4790561199188232, 0.16337794065475464, -7.103209972381592
376, -2.4790561199188232, 0.16337794065475464, -7.103209972381592
377, -2.4790561199188232, 0.16337794065475464, -7.103209972381592
378, -2.4790561199188232, 0.16337794065475464, -7.103209972381592
379, -2.4790561199188232, 0.16337794065475464, -7.103209972381592
380, -2.4790561199188232, 0.16337794065475464, -7.103209972381592
381, -2.4790561199188232, 0.16337794065475464, -7.103209972381592
382, -2.719057321548462, 0.16337794065475464, -7.173206329345703
383, -2.719057321548462, 0.16337794065475464, -7.173206329345703
384, -2.719057321548462, 0.16337794065475464, -7.173206329345703
385, -2.719057321548462, 0.16337794065475464, -7.173206329345703
386, -2.719057321548462, 0.16337794065475464, -7.173206329345703
387, -2.719057321548462, 0.16337794065475464, -7.173206329345703
388, -2.719057321548462, 0.16337794065475464, -7.173206329345703
389, -2.4790563583374023, 0.16337794065475464, -7.103209972381592
390, -2.4790563583374023, 0.16337794065475464, -7.103209972381592
391, -2.4790563583374023, 0.16337794065475464, -7.103209972381592
392, -2.4790563583374023, 0.16337794065475464, -7.103209972381592
393, -2.4790563583374023, 0.16337794065475464, -7.103209972381592
394, -2.4790563583374023, 0.16337794065475464, -7.103209972381592
395, -2.4790563583374023, 0.16337794065475464, -7.103209972381592
396, -2.719057559967041, 0.16337794065475464, -7.173206329345703
397, -2.719057559967041, 0.16337794065475464, -7.173206329345703
398, -2.719057559967041, 0.16337794065475464, -7.173206329345703
399, -2.719057559967041, 0.16337794065475464, -7.173206329345703
400, -2.719057559967041, 0.16337794065475464, -7.173206329345703
401, -2.719057559967041, 0.16337794065475464, -7.173206329345703
402, -2.719057559967041, 0.16337794065475464, -7.173206329345703
403, -2.4790565967559814, 0.16337794065475464, -7.103209972381592
404, -2.4790565967559814, 0.16337794065475464, -7.103209972381592
405, -2.4790565967559814, 0.16337794065475464, -7.103209972381592
406, -2.4790565967559814, 0.16337794065475464, -7.103209972381592
407, -2.4790565967559814, 0.16337794065475464, -7.103209972381592
408, -2.4790565967559814, 0.16337794065475464, -7.103209972381592
409, -2.4790565967559814, 0.16337794065475464, -7.103209972381592
410, -2.71905779838562, 0.16337794065475464, -7.173206329345703
411, -2.71905779838562, 0.16337794065475464, -7.173206329345703
412, -2.71905779838562, 0.16337794065475464, -7.173206329345703
413, -2.71905779838562, 0.16337794065475464, -7.173206329345703
414, -2.71905779838562, 0.16337794065475464, -7.173206329345703
415, -2.71905779838562, 0.16337794065475464, -7.173206329345703
416, -2.71905779838562, 0.16337794065475464, -7.173206329345703
417, -2.4790568351745605, 0.16337794065475464, -7.103209972381592
418, -2.4790568351745605, 0.16337794065475464, -7.103209972381592
419, -2.4790568351745605, 0.16337794065475464, -7.103209972381592
420, -2.4790568351745605, 0.16337794065475464, -7.103209972381592
421, -2.4790568351745605, 0.16337794065475464, -7.103209972381592
422, -2.4790568351745605, 0.16337794065475464, -7.103209972381592
423, -2.4790568351745605, 0.16337794065475464, -7.103209972381592
424, -2.719058036804199, 0.16337794065475464, -7.173206329345703
425, -2.719058036804199, 0.16337794065475464, -7.173206329345703
426, -2.719058036804199, 0.16337794065475464, -7.173206329345703
427, -2.719058036804199, 0.16337794065475464, -7.173206329345703
428, -2.719058036804199, 0.16337794065475464, -7.173206329345703
429, -2.719058036804199, 0.16337794065475464, -7.173206329345703
430, -2.719058036804199, 0.16337794065475464, -7.173206329345703
431, -2.4790570735931396, 0.16337794065475464, -7.103209972381592
432, -2.4790570735931396, 0.16337794065475464, -7.103209972381592
433, -2.4790570735931396, 0.16337794065475464, -7.103209972381592
434, -2.4790570735931396, 0.16337794065475464, -7.103209972381592
435, -2.4790570735931396, 0.16337794065475464, -7.103209972381592
436, -2.4790570735931396, 0.16337794065475464, -7.103209972381592
437, -2.4790570735931396, 0.16337794065475464, -7.103209972381592
438, -2.7190582752227783, 0.16337794065475464, -7.173206329345703
439, -2.7190582752227783, 0.16337794065475464, -7.173206329345703
440, -2.7190582752227783, 0.16337794065475464, -7.173206329345703
441, -2.7190582752227783, 0.16337794065475464, -7.173206329345703
442, -2.7190582752227783, 0.16337794065475464, -7.173206329345703
443, -2.7190582752227783, 0.16337794065475464, -7.173206329345703
444, -2.7190582752227783, 0.16337794065475464, -7.173206329345703
445, -2.4790573120117188, 0.16337794065475464, -7.103209972381592
446, -2.4790573120117188, 0.16337794065475464, -7.103209972381592
447, -2.4790573120117188, 0.16337794065475464, -7.103209972381592
448, -2.4790573120117188, 0.16337794065475464, -7.103209972381592
449, -2.4790573120117188, 0.16337794065475464, -7.103209972381592
450, -2.4790573120117188, 0.16337794065475464, -7.103209972381592
451, -2.4790573120117188, 0.16337794065475464, -7.103209972381592
452, -2.7190585136413574, 0.16337794065475464, -7.173206329345703
453, -2.7190585136413574, 0.16337794065475464, -7.173206329345703
454, -2.7190585136413574, 0.16337794065475464, -7.173206329345703
455, -2.7190585136413574, 0.16337794065475464, -7.173206329345703
456, -2.7190585136413574, 0.16337794065475464, -7.173206329345703
457, -2.7190585136413574, 0.16337794065475464, -7.173206329345703
458, -2.7190585136413574, 0.16337794065475464, -7.173206329345703
459, -2.479057550430298, 0.16337794065475464, -7.103209972381592
460, -2.479057550430298, 0.16337794065475464, -7.103209972381592
461, -2.479057550430298, 0.16337794065475464, -7.103209972381592
462, -2.479057550430298, 0.16337794065475464, -7.103209972381592
463, -2.479057550430298, 0.16337794065475464, -7.103209972381592
464, -2.479057550430298, 0.16337794065475464, -7.103209972381592
465, -2.479057550430298, 0.16337794065475464, -7.103209972381592
466, -2.7190587520599365, 0.16337794065475464, -7.173206329345703
467, -2.7190587520599365, 0.16337794065475464, -7.173206329345703
468, -2.7190587520599365, 0.16337794065475464, -7.173206329345703
469, -2.7190587520599365, 0.16337794065475464, -7.173206329345703
470, -2.7190587520599365, 0.16337794065475464, -7.173206329345703
471, -2.7190587520599365, 0.16337794065475464, -7.173206329345703
472, -2.7190587520599365, 0.16337794065475464, -7.173206329345703
473, -2.479057788848877, 0.16337794065475464, -7.103209972381592
474, -2.479057788848877, 0.16337794065475464, -7.103209972381592
475, -2.479057788848877, 0.16337794065475464, -7.103209972381592
476, -2.479057788848877, 0.16337794065475464, -7.103209972381592
477, -2.479057788848877, 0.16337794065475464, -7.103209972381592
478, -2.479057788848877, 0.16337794065475464, -7.103209972381592
479, -2.479057788848877, 0.16337794065475464, -7.103209972381592
480, -2.7190589904785156, 0.16337794065475464, -7.173206329345703
481, -2.7190589904785156, 0.16337794065475464, -7.173206329345703
482, -2.7190589904785156, 0.16337794065475464, -7.173206329345703
483, -2.7190589904785156, 0.16337794065475464, -7.173206329345703
484, -2.7190589904785156, 0.16337794065475464, -7.173206329345703
485, -2.7190589904785156, 0.16337794065475464, -7.173206329345703
486, -2.7190589904785156, 0.16337794065475464, -7.173206329345703
487, -2.479058027267456, 0.16337794065475464, -7.103209972381592
488, -2.479058027267456, 0.16337794065475464, -7.103209972381592
489, -2.479058027267456, 0.16337794065475464, -7.103209972381592
490, -2.479058027267456, 0.16337794065475464, -7.103209972381592
491, -2.479058027267456, 0.16337794065475464, -7.103209972381592
492, -2.479058027267456, 0.16337794065475464, -7.103209972381592
493, -2.479058027267456, 0.16337794065475464, -7.103209972381592
494, -2.7190592288970947, 0.16337794065475464, -7.173206329345703
495, -2.7190592288970947, 0.16337794065475464, -7.173206329345703
496, -2.7190592288970947, 0.16337794065475464, -7.173206329345703
497, -2.7190592288970947, 0.16337794065475464, -7.173206329345703
498, -2.7190592288970947, 0.16337794065475464, -7.173206329345703
499, -2.7190592288970947, 0.16337794065475464, -7.173206329345703
