1, 2.299659013748169, 2.794919967651367, -10.662853240966797
2, 2.299659013748169, 2.794919967651367, -10.662853240966797
3, 2.299659013748169, 2.794919967651367, -10.662853240966797
4, 2.299659013748169, 2.794919967651367, -10.662853240966797
5, 2.299659013748169, 2.794919967651367, -10.662853240966797
6, 2.299659013748169, 2.794919967651367, -10.662853240966797
7, 2.299659013748169, 2.794919967651367, -10.662853240966797
8, 2.299659013748169, 2.794919967651367, -10.662853240966797
9, 2.299659013748169, 2.794919967651367, -10.662853240966797
10, 2.299659013748169, 2.794919967651367, -10.662853240966797
11, 2.299659013748169, 2.794919967651367, -10.662853240966797
12, 2.299659013748169, 2.794919967651367, -10.662853240966797
13, 2.299659013748169, 2.794919967651367, -10.662853240966797
14, 2.299659013748169, 2.794919967651367, -10.662853240966797
15, 2.299659013748169, 2.794919967651367, -10.662853240966797
16, 2.299659013748169, 2.794919967651367, -10.662853240966797
17, 2.299659013748169, 2.794919967651367, -10.662853240966797
18, 2.0661566257476807, 2.794919967651367, -10.573540687561035
19, 1.832654356956482, 2.794919967651367, -10.484228134155273
20, 1.5991520881652832, 2.794919967651367, -10.394915580749512
21, 1.5991520881652832, 2.794919967651367, -10.394915580749512
22, 1.5991520881652832, 2.794919967651367, -10.394915580749512
23, 1.5991520881652832, 2.794919967651367, -10.394915580749512
24, 1.3522770404815674, 2.794919967651367, -10.434320449829102
25, 1.1054019927978516, 2.794919967651367, -10.473725318908691
26, 0.8585269451141357, 2.794919967651367, -10.513130187988281
27, 0.6116518974304199, 2.794919967651367, -10.552535057067871
28, 0.6116518974304199, 2.794919967651367, -10.552535057067871
29, 0.3781495988368988, 2.794919967651367, -10.46322250366211
30, 0.14464730024337769, 2.794919967651367, -10.373909950256348
31, 0.14464730024337769, 2.794919967651367, -10.373909950256348
32, -0.10222777724266052, 2.794919967651367, -10.413313865661621
33, -0.10222777724266052, 2.794919967651367, -10.413313865661621
34, -0.33573007583618164, 2.794919967651367, -10.32400131225586
35, -0.33573007583618164, 2.794919967651367, -10.32400131225586
36, -0.5826051235198975, 2.794919967651367, -10.363405227661133
37, -0.5826051235198975, 2.794919967651367, -10.363405227661133
38, -0.8161073923110962, 2.794919967651367, -10.274092674255371
39, -0.8161073923110962, 2.794919967651367, -10.274092674255371
40, -1.062982439994812, 2.794919967651367, -10.313496589660645
41, -1.062982439994812, 2.794919967651367, -10.313496589660645
42, -1.062982439994812, 2.794919967651367, -10.313496589660645
43, -1.3098574876785278, 2.794919967651367, -10.352900505065918
44, -1.5567325353622437, 2.794919967651367, -10.392304420471191
45, -1.8036075830459595, 2.794919967651367, -10.431708335876465
46, -1.8036075830459595, 2.794919967651367, -10.431708335876465
47, -2.037109851837158, 2.794919967651367, -10.342395782470703
48, -2.2706122398376465, 2.794919967651367, -10.253083229064941
49, 0.8559026718139648, -0.005079984664916992, -4.994657039642334
