1, 2.778806447982788, 0.021223172545433044, 2.311110496520996
2, 2.778806447982788, 0.021223172545433044, 2.311110496520996
3, 2.778806447982788, 0.021223172545433044, 2.311110496520996
4, 2.778806447982788, 0.021223172545433044, 2.311110496520996
5, 2.778806447982788, 0.021223172545433044, 2.311110496520996
6, 2.778806447982788, 0.021223172545433044, 2.311110496520996
7, 2.778806447982788, 0.021223172545433044, 2.311110496520996
8, 2.778806447982788, 0.021223172545433044, 2.311110496520996
9, 2.778806447982788, 0.021223172545433044, 2.311110496520996
10, 2.778806447982788, 0.021223172545433044, 2.311110496520996
11, 2.778806447982788, 0.021223172545433044, 2.311110496520996
12, 2.778806447982788, 0.021223172545433044, 2.311110496520996
13, 2.7002532482147217, 0.021223172545433044, 2.5484485626220703
14, 2.7002532482147217, 0.021223172545433044, 2.5484485626220703
15, 2.7002532482147217, 0.021223172545433044, 2.5484485626220703
16, 2.7002532482147217, 0.021223172545433044, 2.5484485626220703
17, 2.7002532482147217, 0.021223172545433044, 2.5484485626220703
18, 2.945070743560791, 0.021223172545433044, 2.4978084564208984
19, 3.1898882389068604, 0.021223172545433044, 2.4471683502197266
20, 3.4347057342529297, 0.021223172545433044, 2.3965282440185547
21, 3.4347057342529297, 0.021223172545433044, 2.3965282440185547
22, 3.672043800354004, 0.021223172545433044, 2.475081443786621
23, 3.909381866455078, 0.021223172545433044, 2.5536346435546875
24, 3.909381866455078, 0.021223172545433044, 2.5536346435546875
25, 4.154199123382568, 0.021223172545433044, 2.5029945373535156
26, 4.154199123382568, 0.021223172545433044, 2.5029945373535156
27, 4.391537189483643, 0.021223172545433044, 2.581547737121582
28, 4.628875255584717, 0.021223172545433044, 2.6601009368896484
29, 4.628875255584717, 0.021223172545433044, 2.6601009368896484
30, 4.795139312744141, 0.021223172545433044, 2.84679913520813
31, 4.9614033699035645, 0.021223172545433044, 3.0334973335266113
32, 5.127667427062988, 0.021223172545433044, 3.2201955318450928
33, 5.293931484222412, 0.021223172545433044, 3.406893730163574
34, 5.460195541381836, 0.021223172545433044, 3.5935919284820557
35, 5.62645959854126, 0.021223172545433044, 3.780290126800537
36, 5.792723655700684, 0.021223172545433044, 3.9669883251190186
37, 5.792723655700684, 0.021223172545433044, 3.9669883251190186
38, 5.792723655700684, 0.021223172545433044, 3.9669883251190186
39, 5.958987712860107, 0.021223172545433044, 4.1536865234375
40, 5.958987712860107, 0.021223172545433044, 4.1536865234375
41, 6.009627819061279, 0.021223172545433044, 4.39850378036499
42, 6.060267925262451, 0.021223172545433044, 4.6433210372924805
43, 6.110908031463623, 0.021223172545433044, 4.888138294219971
44, 6.110908031463623, 0.021223172545433044, 4.888138294219971
45, 6.110908031463623, 0.021223172545433044, 4.888138294219971
46, 6.110908031463623, 0.021223172545433044, 4.888138294219971
47, 6.110908031463623, 0.021223172545433044, 4.888138294219971
48, 6.110908031463623, 0.021223172545433044, 4.888138294219971
49, 6.110908031463623, 0.021223172545433044, 4.888138294219971
50, 6.060267925262451, 0.021223172545433044, 4.6433210372924805
51, 6.009627819061279, 0.021223172545433044, 4.39850378036499
52, 5.958987712860107, 0.021223172545433044, 4.1536865234375
53, 5.958987712860107, 0.021223172545433044, 4.1536865234375
54, 5.792723655700684, 0.021223172545433044, 3.9669883251190186
55, 5.62645959854126, 0.021223172545433044, 3.780290126800537
56, 5.460195541381836, 0.021223172545433044, 3.5935919284820557
57, 5.293931484222412, 0.021223172545433044, 3.406893730163574
58, 5.127667427062988, 0.021223172545433044, 3.2201955318450928
59, 4.9614033699035645, 0.021223172545433044, 3.0334973335266113
60, 4.795139312744141, 0.021223172545433044, 2.84679913520813
61, 4.795139312744141, 0.021223172545433044, 2.84679913520813
62, 4.557801246643066, 0.021223172545433044, 2.7682459354400635
63, 4.320463180541992, 0.021223172545433044, 2.689692735671997
64, 4.083125114440918, 0.021223172545433044, 2.6111395359039307
65, 3.8457870483398438, 0.021223172545433044, 2.5325863361358643
66, 3.6084489822387695, 0.021223172545433044, 2.454033136367798
67, 3.3711109161376953, 0.021223172545433044, 2.3754799365997314
68, 3.3711109161376953, 0.021223172545433044, 2.3754799365997314
69, 3.2048466205596924, 0.021223172545433044, 2.18878173828125
70, 3.2048466205596924, 0.021223172545433044, 2.18878173828125
71, 3.1542067527770996, 0.021223172545433044, 1.9439642429351807
72, 3.103566884994507, 0.021223172545433044, 1.6991467475891113
73, 3.052927017211914, 0.021223172545433044, 1.454329252243042
74, 3.0022871494293213, 0.021223172545433044, 1.2095117568969727
75, 3.0022871494293213, 0.021223172545433044, 1.2095117568969727
76, 3.0808403491973877, 0.021223172545433044, 0.9721736311912537
77, 3.159393548965454, 0.021223172545433044, 0.7348355054855347
78, 3.159393548965454, 0.021223172545433044, 0.7348355054855347
79, 3.159393548965454, 0.021223172545433044, 0.7348355054855347
80, 3.159393548965454, 0.021223172545433044, 0.7348355054855347
81, 3.159393548965454, 0.021223172545433044, 0.7348355054855347
82, 3.159393548965454, 0.021223172545433044, 0.7348355054855347
83, 3.159393548965454, 0.021223172545433044, 0.7348355054855347
84, 3.0808403491973877, 0.021223172545433044, 0.9721736907958984
85, 3.0022871494293213, 0.021223172545433044, 1.2095118761062622
86, 2.923733949661255, 0.021223172545433044, 1.446850061416626
87, 2.8451807498931885, 0.021223172545433044, 1.6841882467269897
88, 2.766627550125122, 0.021223172545433044, 1.9215264320373535
89, 2.6880743503570557, 0.021223172545433044, 2.1588644981384277
90, 2.6095211505889893, 0.021223172545433044, 2.396202564239502
91, 2.6095211505889893, 0.021223172545433044, 2.396202564239502
92, 2.422822952270508, 0.021223172545433044, 2.562466859817505
93, 2.422822952270508, 0.021223172545433044, 2.562466859817505
94, 2.1780054569244385, 0.021223172545433044, 2.6131067276000977
95, 1.9331879615783691, 0.021223172545433044, 2.6637468338012695
96, 1.6883704662322998, 0.021223172545433044, 2.7143869400024414
97, 1.4435529708862305, 0.021223172545433044, 2.7650270462036133
98, 1.4435529708862305, 0.021223172545433044, 2.7650270462036133
99, 1.2062149047851562, 0.021223172545433044, 2.686473846435547
100, 0.9688767790794373, 0.021223172545433044, 2.6079206466674805
101, 0.7315386533737183, 0.021223172545433044, 2.529367446899414
102, 0.7315386533737183, 0.021223172545433044, 2.529367446899414
103, 0.7315386533737183, 0.021223172545433044, 2.529367446899414
104, 0.49420052766799927, 0.021223172545433044, 2.4508142471313477
105, 0.2568624019622803, 0.021223172545433044, 2.3722610473632812
106, 0.2568624019622803, 0.021223172545433044, 2.3722610473632812
107, 0.2568624019622803, 0.021223172545433044, 2.3722610473632812
108, 0.2568624019622803, 0.021223172545433044, 2.3722610473632812
109, 0.09059815108776093, 0.021223172545433044, 2.1855628490448
110, 0.09059815108776093, 0.021223172545433044, 2.1855628490448
111, 0.09059815108776093, 0.021223172545433044, 2.1855628490448
112, 0.09059815108776093, 0.021223172545433044, 2.1855628490448
113, 0.09059815108776093, 0.021223172545433044, 2.1855628490448
114, 0.09059815108776093, 0.021223172545433044, 2.1855628490448
115, 0.09059815108776093, 0.021223172545433044, 2.1855628490448
116, 0.09059815108776093, 0.021223172545433044, 2.1855628490448
117, 0.09059815108776093, 0.021223172545433044, 2.1855628490448
118, -0.15421932935714722, 0.021223172545433044, 2.2362029552459717
119, -0.39903682470321655, 0.021223172545433044, 2.2868430614471436
120, -0.39903682470321655, 0.021223172545433044, 2.2868430614471436
121, -0.5857349634170532, 0.021223172545433044, 2.4531073570251465
122, -0.5857349634170532, 0.021223172545433044, 2.4531073570251465
123, -0.8305524587631226, 0.021223172545433044, 2.5037474632263184
124, -1.075369954109192, 0.021223172545433044, 2.5543875694274902
125, -1.3201874494552612, 0.021223172545433044, 2.605027675628662
126, -1.5650049448013306, 0.021223172545433044, 2.655667781829834
127, -1.8098224401474, 0.021223172545433044, 2.706307888031006
128, -2.0546398162841797, 0.021223172545433044, 2.7569479942321777
129, -2.299457311630249, 0.021223172545433044, 2.8075881004333496
130, -2.5442748069763184, 0.021223172545433044, 2.8582282066345215
131, -2.5442748069763184, 0.021223172545433044, 2.8582282066345215
132, -2.7816128730773926, 0.021223172545433044, 2.779675006866455
133, -3.018950939178467, 0.021223172545433044, 2.7011218070983887
134, -3.256289005279541, 0.021223172545433044, 2.6225686073303223
135, -3.4936270713806152, 0.021223172545433044, 2.544015407562256
136, -3.4936270713806152, 0.021223172545433044, 2.544015407562256
137, -3.7384445667266846, 0.021223172545433044, 2.5946555137634277
138, -3.7384445667266846, 0.021223172545433044, 2.5946555137634277
139, -3.975782632827759, 0.021223172545433044, 2.5161023139953613
140, -4.213120937347412, 0.021223172545433044, 2.437549114227295
141, -4.450459003448486, 0.021223172545433044, 2.3589959144592285
142, -4.450459003448486, 0.021223172545433044, 2.3589959144592285
143, -4.450459003448486, 0.021223172545433044, 2.3589959144592285
144, -4.6877970695495605, 0.021223172545433044, 2.280442714691162
145, -4.925135135650635, 0.021223172545433044, 2.2018895149230957
146, -5.162473201751709, 0.021223172545433044, 2.1233363151550293
147, -5.399811267852783, 0.021223172545433044, 2.044783115386963
148, -5.399811267852783, 0.021223172545433044, 2.044783115386963
149, -5.644628524780273, 0.021223172545433044, 2.0954232215881348
150, -5.644628524780273, 0.021223172545433044, 2.0954232215881348
151, -5.644628524780273, 0.021223172545433044, 2.0954232215881348
152, -5.889445781707764, 0.021223172545433044, 2.1460633277893066
153, -5.889445781707764, 0.021223172545433044, 2.1460633277893066
154, -5.889445781707764, 0.021223172545433044, 2.1460633277893066
155, -5.889445781707764, 0.021223172545433044, 2.1460633277893066
156, -5.889445781707764, 0.021223172545433044, 2.1460633277893066
157, -5.889445781707764, 0.021223172545433044, 2.1460633277893066
158, -5.889445781707764, 0.021223172545433044, 2.1460633277893066
159, -5.644628524780273, 0.021223172545433044, 2.0954232215881348
160, -5.399811267852783, 0.021223172545433044, 2.044783115386963
161, -5.399811267852783, 0.021223172545433044, 2.044783115386963
162, -5.399811267852783, 0.021223172545433044, 2.044783115386963
163, -5.154994010925293, 0.021223172545433044, 1.9941431283950806
164, -4.910176753997803, 0.021223172545433044, 1.9435031414031982
165, -4.910176753997803, 0.021223172545433044, 1.9435031414031982
166, -4.7234787940979, 0.021223172545433044, 1.7772388458251953
167, -4.7234787940979, 0.021223172545433044, 1.7772388458251953
168, -4.644925594329834, 0.021223172545433044, 1.5399006605148315
169, -4.644925594329834, 0.021223172545433044, 1.5399006605148315
170, -4.695565700531006, 0.021223172545433044, 1.2950831651687622
171, -4.746205806732178, 0.021223172545433044, 1.0502656698226929
172, -4.79684591293335, 0.021223172545433044, 0.8054481744766235
173, -4.8474860191345215, 0.021223172545433044, 0.5606306791305542
174, -4.8474860191345215, 0.021223172545433044, 0.5606306791305542
175, -4.8474860191345215, 0.021223172545433044, 0.5606306791305542
176, -4.8474860191345215, 0.021223172545433044, 0.5606306791305542
177, -4.8474860191345215, 0.021223172545433044, 0.5606306791305542
178, -4.8474860191345215, 0.021223172545433044, 0.5606306791305542
179, -4.8474860191345215, 0.021223172545433044, 0.5606306791305542
180, -4.79684591293335, 0.021223172545433044, 0.8054481744766235
181, -4.746205806732178, 0.021223172545433044, 1.0502656698226929
182, -4.695565700531006, 0.021223172545433044, 1.2950831651687622
183, -4.644925594329834, 0.021223172545433044, 1.5399006605148315
184, -4.594285488128662, 0.021223172545433044, 1.7847181558609009
185, -4.594285488128662, 0.021223172545433044, 1.7847181558609009
186, -4.6728386878967285, 0.021223172545433044, 2.0220563411712646
187, -4.6728386878967285, 0.021223172545433044, 2.0220563411712646
188, -4.6728386878967285, 0.021223172545433044, 2.0220563411712646
189, -4.5330810546875, 0.021223172545433044, 2.178990364074707
190, -4.5330810546875, 0.021223172545433044, 2.178990364074707
191, -4.5330810546875, 0.021223172545433044, 2.178990364074707
192, -4.5330810546875, 0.021223172545433044, 2.178990364074707
193, -4.5330810546875, 0.021223172545433044, 2.178990364074707
194, -4.611634254455566, 0.021223172545433044, 2.4163284301757812
195, -4.611634254455566, 0.021223172545433044, 2.4163284301757812
196, -4.611634254455566, 0.021223172545433044, 2.4163284301757812
197, -4.611634254455566, 0.021223172545433044, 2.4163284301757812
198, -4.374296188354492, 0.021223172545433044, 2.4948816299438477
199, -4.136958122253418, 0.021223172545433044, 2.573434829711914
200, -3.8996200561523438, 0.021223172545433044, 2.6519880294799805
201, -3.6622819900512695, 0.021223172545433044, 2.730541229248047
202, -3.4249439239501953, 0.021223172545433044, 2.8090944290161133
203, -3.187605857849121, 0.021223172545433044, 2.8876476287841797
204, -3.187605857849121, 0.021223172545433044, 2.8876476287841797
205, -2.9427883625030518, 0.021223172545433044, 2.837007522583008
206, -2.6979708671569824, 0.021223172545433044, 2.786367416381836
207, -2.453153371810913, 0.021223172545433044, 2.735727310180664
208, -2.2083358764648438, 0.021223172545433044, 2.685087203979492
209, -1.9635183811187744, 0.021223172545433044, 2.6344470977783203
210, -1.718700885772705, 0.021223172545433044, 2.5838069915771484
211, -1.4738833904266357, 0.021223172545433044, 2.5331668853759766
212, -1.2290658950805664, 0.021223172545433044, 2.4825267791748047
213, -0.9842484593391418, 0.021223172545433044, 2.431886672973633
214, -0.7394310235977173, 0.021223172545433044, 2.381246566772461
215, -0.4946135878562927, 0.021223172545433044, 2.330606460571289
216, -0.24979613721370697, 0.021223172545433044, 2.279966354370117
217, -0.004978686571121216, 0.021223172545433044, 2.2293262481689453
218, -0.004978686571121216, 0.021223172545433044, 2.2293262481689453
219, 0.23235946893692017, 0.021223172545433044, 2.3078794479370117
220, 0.46969762444496155, 0.021223172545433044, 2.386432647705078
221, 0.7070357799530029, 0.021223172545433044, 2.4649858474731445
222, 0.9443739652633667, 0.021223172545433044, 2.543539047241211
223, 1.1817121505737305, 0.021223172545433044, 2.6220922470092773
224, 1.4190503358840942, 0.021223172545433044, 2.7006454467773438
225, 1.656388521194458, 0.021223172545433044, 2.77919864654541
226, 1.656388521194458, 0.021223172545433044, 2.77919864654541
227, 1.9012060165405273, 0.021223172545433044, 2.7285585403442383
228, 2.1460235118865967, 0.021223172545433044, 2.6779184341430664
229, 2.390841007232666, 0.021223172545433044, 2.6272783279418945
230, 2.390841007232666, 0.021223172545433044, 2.6272783279418945
231, 2.5775392055511475, 0.021223172545433044, 2.4610140323638916
232, 2.5775392055511475, 0.021223172545433044, 2.4610140323638916
233, 2.656092405319214, 0.021223172545433044, 2.2236759662628174
234, 2.7346456050872803, 0.021223172545433044, 1.9863377809524536
235, 2.8131988048553467, 0.021223172545433044, 1.7489995956420898
236, 2.891752004623413, 0.021223172545433044, 1.511661410331726
237, 2.9703052043914795, 0.021223172545433044, 1.2743232250213623
238, 3.048858404159546, 0.021223172545433044, 1.0369850397109985
239, 3.048858404159546, 0.021223172545433044, 1.0369850397109985
240, 3.2355566024780273, 0.021223172545433044, 0.8707207441329956
241, 3.422254800796509, 0.021223172545433044, 0.7044564485549927
242, 3.422254800796509, 0.021223172545433044, 0.7044564485549927
243, 3.667072296142578, 0.021223172545433044, 0.6538164615631104
244, 3.667072296142578, 0.021223172545433044, 0.6538164615631104
245, 3.8537704944610596, 0.021223172545433044, 0.4875521957874298
246, 4.040468692779541, 0.021223172545433044, 0.32128793001174927
247, 4.227166652679443, 0.021223172545433044, 0.15502366423606873
248, 4.413864612579346, 0.021223172545433044, -0.011240601539611816
249, 4.413864612579346, 0.021223172545433044, -0.011240601539611816
250, 4.658681869506836, 0.021223172545433044, -0.061880603432655334
251, 4.903499126434326, 0.021223172545433044, -0.11252060532569885
252, 5.148316383361816, 0.021223172545433044, -0.16316060721874237
253, 5.148316383361816, 0.021223172545433044, -0.16316060721874237
254, 5.148316383361816, 0.021223172545433044, -0.16316060721874237
255, 5.148316383361816, 0.021223172545433044, -0.16316060721874237
256, 5.148316383361816, 0.021223172545433044, -0.16316060721874237
257, 5.148316383361816, 0.021223172545433044, -0.16316060721874237
258, 5.148316383361816, 0.021223172545433044, -0.16316060721874237
259, 5.148316383361816, 0.021223172545433044, -0.16316060721874237
260, 4.961618423461914, 0.021223172545433044, 0.003103688359260559
261, 4.774920463562012, 0.021223172545433044, 0.1693679839372635
262, 4.588222503662109, 0.021223172545433044, 0.3356322646141052
263, 4.588222503662109, 0.021223172545433044, 0.3356322646141052
264, 4.343405246734619, 0.021223172545433044, 0.38627225160598755
265, 4.098587989807129, 0.021223172545433044, 0.4369122385978699
266, 3.8537704944610596, 0.021223172545433044, 0.4875522255897522
267, 3.6089529991149902, 0.021223172545433044, 0.5381922125816345
268, 3.364135503768921, 0.021223172545433044, 0.5888321995735168
269, 3.364135503768921, 0.021223172545433044, 0.5888321995735168
270, 3.1774373054504395, 0.021223172545433044, 0.755096435546875
271, 3.1774373054504395, 0.021223172545433044, 0.755096435546875
272, 3.098884105682373, 0.021223172545433044, 0.992434561252594
273, 3.0203309059143066, 0.021223172545433044, 1.229772686958313
274, 2.9417777061462402, 0.021223172545433044, 1.4671108722686768
275, 2.863224506378174, 0.021223172545433044, 1.704448938369751
276, 2.7846713066101074, 0.021223172545433044, 1.9417870044708252
277, 2.706118106842041, 0.021223172545433044, 2.1791250705718994
278, 2.706118106842041, 0.021223172545433044, 2.1791250705718994
279, 2.5194199085235596, 0.021223172545433044, 2.3453893661499023
280, 2.332721710205078, 0.021223172545433044, 2.5116536617279053
281, 2.332721710205078, 0.021223172545433044, 2.5116536617279053
282, 2.087904214859009, 0.021223172545433044, 2.562293529510498
283, 1.8430867195129395, 0.021223172545433044, 2.612933397293091
284, 1.5982692241668701, 0.021223172545433044, 2.6635732650756836
285, 1.3534517288208008, 0.021223172545433044, 2.7142131328582764
286, 1.1086342334747314, 0.021223172545433044, 2.764853000640869
287, 0.8638167381286621, 0.021223172545433044, 2.815492868423462
288, 0.6189992427825928, 0.021223172545433044, 2.8661327362060547
289, 0.3741817772388458, 0.021223172545433044, 2.9167726039886475
290, 0.12936431169509888, 0.021223172545433044, 2.9674124717712402
291, 0.12936431169509888, 0.021223172545433044, 2.9674124717712402
292, -0.10797382891178131, 0.021223172545433044, 2.888859272003174
293, -0.3453119695186615, 0.021223172545433044, 2.8103060722351074
294, -0.5826501250267029, 0.021223172545433044, 2.731752872467041
295, -0.8199882507324219, 0.021223172545433044, 2.6531996726989746
296, -1.0573264360427856, 0.021223172545433044, 2.574646472930908
297, -1.2946646213531494, 0.021223172545433044, 2.496093273162842
298, -1.5320028066635132, 0.021223172545433044, 2.4175400733947754
299, -1.5320028066635132, 0.021223172545433044, 2.4175400733947754
300, -1.7768203020095825, 0.021223172545433044, 2.4681801795959473
301, -2.0216376781463623, 0.021223172545433044, 2.518820285797119
302, -2.2664551734924316, 0.021223172545433044, 2.569460391998291
303, -2.511272668838501, 0.021223172545433044, 2.620100498199463
304, -2.7560901641845703, 0.021223172545433044, 2.6707406044006348
305, -3.0009076595306396, 0.021223172545433044, 2.7213807106018066
306, -3.245725154876709, 0.021223172545433044, 2.7720208168029785
307, -3.4905426502227783, 0.021223172545433044, 2.8226609230041504
308, -3.4905426502227783, 0.021223172545433044, 2.8226609230041504
309, -3.7278807163238525, 0.021223172545433044, 2.744107723236084
310, -3.7278807163238525, 0.021223172545433044, 2.744107723236084
311, -3.972698211669922, 0.021223172545433044, 2.794747829437256
312, -4.217515468597412, 0.021223172545433044, 2.8453879356384277
313, -4.217515468597412, 0.021223172545433044, 2.8453879356384277
314, -4.4042134284973145, 0.021223172545433044, 3.0116522312164307
315, -4.4042134284973145, 0.021223172545433044, 3.0116522312164307
316, -4.4042134284973145, 0.021223172545433044, 3.0116522312164307
317, -4.353573322296143, 0.021223172545433044, 3.2564697265625
318, -4.302933216094971, 0.021223172545433044, 3.5012872219085693
319, -4.302933216094971, 0.021223172545433044, 3.5012872219085693
320, -4.136669158935547, 0.021223172545433044, 3.687985420227051
321, -4.136669158935547, 0.021223172545433044, 3.687985420227051
322, -4.136669158935547, 0.021223172545433044, 3.687985420227051
323, -4.136669158935547, 0.021223172545433044, 3.687985420227051
324, -4.136669158935547, 0.021223172545433044, 3.687985420227051
325, -4.136669158935547, 0.021223172545433044, 3.687985420227051
326, -4.136669158935547, 0.021223172545433044, 3.687985420227051
327, -4.302933216094971, 0.021223172545433044, 3.5012872219085693
328, -4.4691972732543945, 0.021223172545433044, 3.314589023590088
329, -4.4691972732543945, 0.021223172545433044, 3.314589023590088
330, -4.519837379455566, 0.021223172545433044, 3.0697715282440186
331, -4.570477485656738, 0.021223172545433044, 2.824954032897949
332, -4.62111759185791, 0.021223172545433044, 2.58013653755188
333, -4.671757698059082, 0.021223172545433044, 2.3353190422058105
334, -4.722397804260254, 0.021223172545433044, 2.090501546859741
335, -4.722397804260254, 0.021223172545433044, 2.090501546859741
336, -4.6438446044921875, 0.021223172545433044, 1.8531633615493774
337, -4.565291404724121, 0.021223172545433044, 1.6158251762390137
338, -4.565291404724121, 0.021223172545433044, 1.6158251762390137
339, -4.378593444824219, 0.021223172545433044, 1.4495608806610107
340, -4.378593444824219, 0.021223172545433044, 1.4495608806610107
341, -4.1337761878967285, 0.021223172545433044, 1.3989208936691284
342, -4.1337761878967285, 0.021223172545433044, 1.3989208936691284
343, -4.1337761878967285, 0.021223172545433044, 1.3989208936691284
344, -3.888958692550659, 0.021223172545433044, 1.348280906677246
345, -3.888958692550659, 0.021223172545433044, 1.348280906677246
346, -3.7022604942321777, 0.021223172545433044, 1.1820166110992432
347, -3.5155622959136963, 0.021223172545433044, 1.0157523155212402
348, -3.5155622959136963, 0.021223172545433044, 1.0157523155212402
349, -3.5155622959136963, 0.021223172545433044, 1.0157523155212402
350, -3.5155622959136963, 0.021223172545433044, 1.0157523155212402
351, -3.5155622959136963, 0.021223172545433044, 1.0157523155212402
352, -3.5155622959136963, 0.021223172545433044, 1.0157523155212402
353, -3.5155622959136963, 0.021223172545433044, 1.0157523155212402
354, -3.7022604942321777, 0.021223172545433044, 1.1820166110992432
355, -3.888958692550659, 0.021223172545433044, 1.348280906677246
356, -3.888958692550659, 0.021223172545433044, 1.348280906677246
357, -4.1337761878967285, 0.021223172545433044, 1.3989208936691284
358, -4.378593444824219, 0.021223172545433044, 1.4495608806610107
359, -4.378593444824219, 0.021223172545433044, 1.4495608806610107
360, -4.565291404724121, 0.021223172545433044, 1.6158251762390137
361, -4.565291404724121, 0.021223172545433044, 1.6158251762390137
362, -4.6438446044921875, 0.021223172545433044, 1.853163242340088
363, -4.722397804260254, 0.021223172545433044, 2.090501308441162
364, -4.722397804260254, 0.021223172545433044, 2.090501308441162
365, -4.671757698059082, 0.021223172545433044, 2.3353188037872314
366, -4.62111759185791, 0.021223172545433044, 2.580136299133301
367, -4.570477485656738, 0.021223172545433044, 2.82495379447937
368, -4.519837379455566, 0.021223172545433044, 3.0697712898254395
369, -4.4691972732543945, 0.021223172545433044, 3.314588785171509
370, -4.4691972732543945, 0.021223172545433044, 3.314588785171509
371, -4.302933216094971, 0.021223172545433044, 3.5012869834899902
372, -4.136669158935547, 0.021223172545433044, 3.6879851818084717
373, -4.136669158935547, 0.021223172545433044, 3.6879851818084717
374, -4.136669158935547, 0.021223172545433044, 3.6879851818084717
375, -4.136669158935547, 0.021223172545433044, 3.6879851818084717
376, -4.136669158935547, 0.021223172545433044, 3.6879851818084717
377, -4.136669158935547, 0.021223172545433044, 3.6879851818084717
378, -4.136669158935547, 0.021223172545433044, 3.6879851818084717
379, -4.302933216094971, 0.021223172545433044, 3.5012869834899902
380, -4.4691972732543945, 0.021223172545433044, 3.314588785171509
381, -4.4691972732543945, 0.021223172545433044, 3.314588785171509
382, -4.519837379455566, 0.021223172545433044, 3.0697712898254395
383, -4.519837379455566, 0.021223172545433044, 3.0697712898254395
384, -4.4412841796875, 0.021223172545433044, 2.8324332237243652
385, -4.4412841796875, 0.021223172545433044, 2.8324332237243652
386, -4.254586219787598, 0.021223172545433044, 2.6661689281463623
387, -4.254586219787598, 0.021223172545433044, 2.6661689281463623
388, -4.009768962860107, 0.021223172545433044, 2.6155290603637695
389, -3.764951467514038, 0.021223172545433044, 2.5648891925811768
390, -3.5201339721679688, 0.021223172545433044, 2.514249324798584
391, -3.2753164768218994, 0.021223172545433044, 2.463609457015991
392, -3.2753164768218994, 0.021223172545433044, 2.463609457015991
393, -3.037978410720825, 0.021223172545433044, 2.5421626567840576
394, -2.800640344619751, 0.021223172545433044, 2.620715856552124
395, -2.5633022785186768, 0.021223172545433044, 2.6992690563201904
396, -2.3259642124176025, 0.021223172545433044, 2.777822256088257
397, -2.3259642124176025, 0.021223172545433044, 2.777822256088257
398, -2.081146717071533, 0.021223172545433044, 2.727182388305664
399, -1.8363292217254639, 0.021223172545433044, 2.6765425205230713
400, -1.5915117263793945, 0.021223172545433044, 2.6259026527404785
401, -1.3466942310333252, 0.021223172545433044, 2.5752627849578857
402, -1.3466942310333252, 0.021223172545433044, 2.5752627849578857
403, -1.109356164932251, 0.021223172545433044, 2.653815984725952
404, -0.872018039226532, 0.021223172545433044, 2.7323691844940186
405, -0.634679913520813, 0.021223172545433044, 2.810922384262085
406, -0.397341787815094, 0.021223172545433044, 2.8894755840301514
407, -0.160003662109375, 0.021223172545433044, 2.9680287837982178
408, 0.077334463596344, 0.021223172545433044, 3.046581983566284
409, 0.077334463596344, 0.021223172545433044, 3.046581983566284
410, 0.32215189933776855, 0.021223172545433044, 2.9959418773651123
411, 0.5669693350791931, 0.021223172545433044, 2.9453017711639404
412, 0.8117867708206177, 0.021223172545433044, 2.8946616649627686
413, 1.056604266166687, 0.021223172545433044, 2.8440215587615967
414, 1.056604266166687, 0.021223172545433044, 2.8440215587615967
415, 1.2939424514770508, 0.021223172545433044, 2.922574758529663
416, 1.5312806367874146, 0.021223172545433044, 3.0011279582977295
417, 1.7686188220977783, 0.021223172545433044, 3.079681158065796
418, 2.0059568881988525, 0.021223172545433044, 3.1582343578338623
419, 2.2432949542999268, 0.021223172545433044, 3.2367875576019287
420, 2.480633020401001, 0.021223172545433044, 3.315340757369995
421, 2.717971086502075, 0.021223172545433044, 3.3938939571380615
422, 2.717971086502075, 0.021223172545433044, 3.3938939571380615
423, 2.884235382080078, 0.021223172545433044, 3.580592155456543
424, 2.884235382080078, 0.021223172545433044, 3.580592155456543
425, 2.884235382080078, 0.021223172545433044, 3.580592155456543
426, 2.884235382080078, 0.021223172545433044, 3.580592155456543
427, 2.884235382080078, 0.021223172545433044, 3.580592155456543
428, 2.884235382080078, 0.021223172545433044, 3.580592155456543
429, 2.884235382080078, 0.021223172545433044, 3.580592155456543
430, 2.884235382080078, 0.021223172545433044, 3.580592155456543
431, 2.769774913787842, 0.021223172545433044, 3.542708396911621
432, 2.769774913787842, 0.021223172545433044, 3.542708396911621
433, 2.603510618209839, 0.021223172545433044, 3.3560101985931396
434, 2.603510618209839, 0.021223172545433044, 3.3560101985931396
435, 2.3661725521087646, 0.021223172545433044, 3.2774569988250732
436, 2.1288344860076904, 0.021223172545433044, 3.198903799057007
437, 1.8914964199066162, 0.021223172545433044, 3.1203505992889404
438, 1.654158353805542, 0.021223172545433044, 3.041797399520874
439, 1.4168202877044678, 0.021223172545433044, 2.9632441997528076
440, 1.1794822216033936, 0.021223172545433044, 2.884690999984741
441, 0.9421440958976746, 0.021223172545433044, 2.806137800216675
442, 0.7048059701919556, 0.021223172545433044, 2.7275846004486084
443, 0.4674678444862366, 0.021223172545433044, 2.649031400680542
444, 0.23012971878051758, 0.021223172545433044, 2.5704782009124756
445, -0.007208406925201416, 0.021223172545433044, 2.491925001144409
446, -0.2445465326309204, 0.021223172545433044, 2.4133718013763428
447, -0.2445465326309204, 0.021223172545433044, 2.4133718013763428
448, -0.48936396837234497, 0.021223172545433044, 2.4640116691589355
449, -0.7341814041137695, 0.021223172545433044, 2.5146517753601074
450, -0.9789988398551941, 0.021223172545433044, 2.5652918815612793
451, -1.2238162755966187, 0.021223172545433044, 2.615931987762451
452, -1.468633770942688, 0.021223172545433044, 2.666572093963623
453, -1.7134512662887573, 0.021223172545433044, 2.717212200164795
454, -1.9582687616348267, 0.021223172545433044, 2.767852306365967
455, -2.2030861377716064, 0.021223172545433044, 2.8184924125671387
456, -2.447903633117676, 0.021223172545433044, 2.8691325187683105
457, -2.447903633117676, 0.021223172545433044, 2.8691325187683105
458, -2.68524169921875, 0.021223172545433044, 2.790579319000244
459, -2.922579765319824, 0.021223172545433044, 2.7120261192321777
460, -3.1599178314208984, 0.021223172545433044, 2.6334729194641113
461, -3.1599178314208984, 0.021223172545433044, 2.6334729194641113
462, -3.4047353267669678, 0.021223172545433044, 2.684113025665283
463, -3.649552822113037, 0.021223172545433044, 2.734753131866455
464, -3.649552822113037, 0.021223172545433044, 2.734753131866455
465, -3.8868908882141113, 0.021223172545433044, 2.6561999320983887
466, -4.1242289543151855, 0.021223172545433044, 2.5776467323303223
467, -4.36156702041626, 0.021223172545433044, 2.499093532562256
468, -4.36156702041626, 0.021223172545433044, 2.499093532562256
469, -4.527831077575684, 0.021223172545433044, 2.3123953342437744
470, -4.694095134735107, 0.021223172545433044, 2.125697135925293
471, -4.694095134735107, 0.021223172545433044, 2.125697135925293
472, -4.744735240936279, 0.021223172545433044, 1.8808796405792236
473, -4.795375347137451, 0.021223172545433044, 1.6360621452331543
474, -4.846015453338623, 0.021223172545433044, 1.391244649887085
475, -4.896655559539795, 0.021223172545433044, 1.1464271545410156
476, -4.896655559539795, 0.021223172545433044, 1.1464271545410156
477, -4.8181023597717285, 0.021223172545433044, 0.9090890288352966
478, -4.739549160003662, 0.021223172545433044, 0.6717509031295776
479, -4.739549160003662, 0.021223172545433044, 0.6717509031295776
480, -4.739549160003662, 0.021223172545433044, 0.6717509031295776
481, -4.739549160003662, 0.021223172545433044, 0.6717509031295776
482, -4.790189266204834, 0.021223172545433044, 0.4269334375858307
483, -4.790189266204834, 0.021223172545433044, 0.4269334375858307
484, -4.790189266204834, 0.021223172545433044, 0.4269334375858307
485, -4.790189266204834, 0.021223172545433044, 0.4269334375858307
486, -4.790189266204834, 0.021223172545433044, 0.4269334375858307
487, -4.790189266204834, 0.021223172545433044, 0.4269334375858307
488, -4.790189266204834, 0.021223172545433044, 0.4269334375858307
489, -4.790189266204834, 0.021223172545433044, 0.4269334375858307
490, -4.790189266204834, 0.021223172545433044, 0.4269334375858307
491, -4.739549160003662, 0.021223172545433044, 0.6717509627342224
492, -4.68890905380249, 0.021223172545433044, 0.9165685176849365
493, -4.638268947601318, 0.021223172545433044, 1.1613860130310059
494, -4.638268947601318, 0.021223172545433044, 1.1613860130310059
495, -4.4720048904418945, 0.021223172545433044, 1.3480842113494873
496, -4.4720048904418945, 0.021223172545433044, 1.3480842113494873
497, -4.23466682434082, 0.021223172545433044, 1.4266374111175537
498, -4.23466682434082, 0.021223172545433044, 1.4266374111175537
499, -3.989849328994751, 0.021223172545433044, 1.3759974241256714
