1, 9.110172271728516, -0.5355252027511597, 2.2922849655151367
2, 9.110172271728516, -0.5355252027511597, 2.2922849655151367
3, 9.110172271728516, -0.5355252027511597, 2.2922849655151367
4, 9.110172271728516, -0.5355252027511597, 2.2922849655151367
5, 9.110172271728516, -0.5355252027511597, 2.2922849655151367
6, 9.110172271728516, -0.5355252027511597, 2.2922849655151367
7, 9.110172271728516, -0.5355252027511597, 2.2922849655151367
8, 9.110172271728516, -0.5355252027511597, 2.2922849655151367
9, 9.110172271728516, -0.5355252027511597, 2.2922849655151367
10, 9.110172271728516, -0.5355252027511597, 2.2922849655151367
11, 9.110172271728516, -0.5355252027511597, 2.2922849655151367
12, 9.110172271728516, -0.5355252027511597, 2.2922849655151367
13, 9.110172271728516, -0.5355252027511597, 2.2922849655151367
14, 9.110172271728516, -0.5355252027511597, 2.2922849655151367
15, 9.110172271728516, -0.5355252027511597, 2.2922849655151367
16, 9.110172271728516, -0.5355252027511597, 2.2922849655151367
17, 9.110172271728516, -0.5355252027511597, 2.2922849655151367
18, 9.110172271728516, -0.5355252027511597, 2.2922849655151367
19, 9.110172271728516, -0.5355252027511597, 2.2922849655151367
20, 9.110172271728516, -0.5355252027511597, 2.2922849655151367
21, 8.86262321472168, -0.5355252027511597, 2.327206611633301
22, 8.615074157714844, -0.5355252027511597, 2.362128257751465
23, 8.615074157714844, -0.5355252027511597, 2.362128257751465
24, 8.38322925567627, -0.5355252027511597, 2.268596887588501
25, 8.287910461425781, -0.5355252027511597, 2.2301430702209473
26, 8.287910461425781, -0.5355252027511597, 2.2301430702209473
27, 8.287910461425781, -0.5355252027511597, 2.2301430702209473
28, 8.287910461425781, -0.5355252027511597, 2.2301430702209473
29, 8.287910461425781, -0.5355252027511597, 2.2301430702209473
30, 8.287910461425781, -0.5355252027511597, 2.2301430702209473
31, 8.040361404418945, -0.5355252027511597, 2.2650647163391113
32, 8.040361404418945, -0.5355252027511597, 2.2650647163391113
33, 7.808516979217529, -0.5355252027511597, 2.1715333461761475
34, 7.808516979217529, -0.5355252027511597, 2.1715333461761475
35, 7.654499530792236, -0.5355252027511597, 1.9746105670928955
36, 7.654499530792236, -0.5355252027511597, 1.9746105670928955
37, 7.654499530792236, -0.5355252027511597, 1.9746105670928955
38, 7.654499530792236, -0.5355252027511597, 1.9746105670928955
39, 7.654499530792236, -0.5355252027511597, 1.9746105670928955
40, 7.748031139373779, -0.5355252027511597, 1.74276602268219
41, 7.841562747955322, -0.5355252027511597, 1.5109214782714844
42, 5.7392988204956055, 2.0644748210906982, 3.607278823852539
