1, 4.656405925750732, -2.5197770595550537, 1.5563197135925293
2, 4.656405925750732, -2.5197770595550537, 1.5563197135925293
3, 4.656405925750732, -2.5197770595550537, 1.5563197135925293
4, 4.656405925750732, -2.5197770595550537, 1.5563197135925293
5, 4.656405925750732, -2.5197770595550537, 1.5563197135925293
6, 4.656405925750732, -2.5197770595550537, 1.5563197135925293
7, 4.656405925750732, -2.5197770595550537, 1.5563197135925293
8, 4.656405925750732, -2.5197770595550537, 1.5563197135925293
9, 4.656405925750732, -2.5197770595550537, 1.5563197135925293
10, 4.656405925750732, -2.5197770595550537, 1.5563197135925293
11, 4.656405925750732, -2.5197770595550537, 1.5563197135925293
12, 4.656405925750732, -2.5197770595550537, 1.5563197135925293
13, 4.656405925750732, -2.5197770595550537, 1.5563197135925293
14, 4.656405925750732, -2.5197770595550537, 1.5563197135925293
15, 4.656405925750732, -2.5197770595550537, 1.5563197135925293
16, 4.633961200714111, -2.5197770595550537, 1.3073292970657349
17, 4.633961200714111, -2.5197770595550537, 1.3073292970657349
18, 4.739018440246582, -2.5197770595550537, 1.080474853515625
19, 4.844075679779053, -2.5197770595550537, 0.8536204099655151
20, 4.844075679779053, -2.5197770595550537, 0.8536204099655151
21, 5.048485279083252, -2.5197770595550537, 0.7096874117851257
22, 5.048485279083252, -2.5197770595550537, 0.7096874117851257
23, 5.297475814819336, -2.5197770595550537, 0.6872425675392151
24, 5.54646635055542, -2.5197770595550537, 0.6647977232933044
25, 5.973663806915283, -2.5197770595550537, 0.41704872250556946
