1, 4.1768269538879395, -2.576007843017578, 0.8030505180358887
2, 4.1768269538879395, -2.576007843017578, 0.8030505180358887
3, 4.1768269538879395, -2.576007843017578, 0.8030505180358887
4, 4.1768269538879395, -2.576007843017578, 0.8030505180358887
5, 4.1768269538879395, -2.576007843017578, 0.8030505180358887
6, 4.1768269538879395, -2.576007843017578, 0.8030505180358887
7, 4.1768269538879395, -2.576007843017578, 0.8030505180358887
8, 4.1768269538879395, -2.576007843017578, 0.8030505180358887
9, 4.1768269538879395, -2.576007843017578, 0.8030505180358887
10, 4.1768269538879395, -2.576007843017578, 0.8030505180358887
11, 4.1768269538879395, -2.576007843017578, 0.8030505180358887
12, 4.1768269538879395, -2.576007843017578, 0.8030505180358887
13, 4.1768269538879395, -2.576007843017578, 0.8030505180358887
14, 4.1768269538879395, -2.576007843017578, 0.8030505180358887
15, 4.1768269538879395, -2.576007843017578, 0.8030505180358887
16, 4.1768269538879395, -2.576007843017578, 0.8030505180358887
17, 4.1768269538879395, -2.576007843017578, 0.8030505180358887
18, 4.134181499481201, -2.576007843017578, 1.0493865013122559
19, 4.134181499481201, -2.576007843017578, 1.0493865013122559
20, 4.160134315490723, -2.576007843017578, 1.1200064420700073
21, 4.160134315490723, -2.576007843017578, 1.1200064420700073
22, 4.160134315490723, -2.576007843017578, 1.1200064420700073
23, 4.160134315490723, -2.576007843017578, 1.1200064420700073
24, 4.160134315490723, -2.576007843017578, 1.1200064420700073
25, 4.160134315490723, -2.576007843017578, 1.1200064420700073
26, 4.160134315490723, -2.576007843017578, 1.1200064420700073
27, 4.160134315490723, -2.576007843017578, 1.1200064420700073
28, 4.160134315490723, -2.576007843017578, 1.1200064420700073
29, 4.127635955810547, -2.576007843017578, 1.307729721069336
30, 4.127635955810547, -2.576007843017578, 1.307729721069336
31, 4.127635955810547, -2.576007843017578, 1.307729721069336
32, 4.127635955810547, -2.576007843017578, 1.307729721069336
33, 4.127635955810547, -2.576007843017578, 1.307729721069336
34, 4.127635955810547, -2.576007843017578, 1.307729721069336
35, 4.041399955749512, -2.576007843017578, 1.0730738639831543
36, 4.041399955749512, -2.576007843017578, 1.0730738639831543
37, 4.08404541015625, -2.576007843017578, 0.8267379999160767
38, 4.126690864562988, -2.576007843017578, 0.580402135848999
39, 4.169336318969727, -2.576007843017578, 0.334066241979599
40, 4.211981773376465, -2.576007843017578, 0.08773034811019897
41, 4.254627227783203, -2.576007843017578, -0.15860554575920105
42, 4.254627227783203, -2.576007843017578, -0.15860554575920105
43, 4.168391227722168, -2.576007843017578, -0.3932613730430603
44, 4.082155227661133, -2.576007843017578, -0.6279171705245972
45, 4.082155227661133, -2.576007843017578, -0.6279171705245972
46, 4.124800682067871, -2.576007843017578, -0.8742530345916748
47, 4.167446136474609, -2.576007843017578, -1.1205888986587524
48, 4.210091590881348, -2.576007843017578, -1.36692476272583
49, 4.210134029388428, -2.576007843017578, -1.3671698570251465
50, 4.210134029388428, -2.576007843017578, -1.3671698570251465
51, 4.123898029327393, -2.576007843017578, -1.6018257141113281
52, 4.123898029327393, -2.576007843017578, -1.6018257141113281
53, 4.123898029327393, -2.576007843017578, -1.6018257141113281
54, 4.123898029327393, -2.576007843017578, -1.6018257141113281
55, 4.123898029327393, -2.576007843017578, -1.6018257141113281
56, 4.283998012542725, -2.576007843017578, -1.7938361167907715
57, 4.283998012542725, -2.576007843017578, -1.7938361167907715
58, 4.283998012542725, -2.576007843017578, -1.7938361167907715
59, 4.283998012542725, -2.576007843017578, -1.7938361167907715
60, 4.518653869628906, -2.576007843017578, -1.8800721168518066
61, 4.518653869628906, -2.576007843017578, -1.8800721168518066
62, 4.518653869628906, -2.576007843017578, -1.8800721168518066
63, 4.518653869628906, -2.576007843017578, -1.8800721168518066
64, 4.764989852905273, -2.576007843017578, -1.8374266624450684
65, 4.764989852905273, -2.576007843017578, -1.8374266624450684
66, 4.764989852905273, -2.576007843017578, -1.8374266624450684
67, 4.764989852905273, -2.576007843017578, -1.8374266624450684
68, 4.957000255584717, -2.576007843017578, -1.6773266792297363
69, 5.054524898529053, -2.576007843017578, -1.596009612083435
70, 5.054524898529053, -2.576007843017578, -1.596009612083435
71, 5.054524898529053, -2.576007843017578, -1.596009612083435
72, 5.054524898529053, -2.576007843017578, -1.596009612083435
73, 5.054524898529053, -2.576007843017578, -1.596009612083435
74, 5.054524898529053, -2.576007843017578, -1.596009612083435
75, 5.054524898529053, -2.576007843017578, -1.596009612083435
76, 5.054524898529053, -2.576007843017578, -1.596009612083435
77, 5.054524898529053, -2.576007843017578, -1.596009612083435
78, 5.054524898529053, -2.576007843017578, -1.596009612083435
79, 5.30086088180542, -2.576007843017578, -1.5533641576766968
80, 5.30086088180542, -2.576007843017578, -1.5533641576766968
81, 5.30086088180542, -2.576007843017578, -1.5533641576766968
82, 5.387096881866455, -2.576007843017578, -1.3187081813812256
83, 5.387096881866455, -2.576007843017578, -1.3187081813812256
84, 5.387096881866455, -2.576007843017578, -1.3187081813812256
85, 5.633432865142822, -2.576007843017578, -1.2760627269744873
86, 5.633432865142822, -2.576007843017578, -1.2760627269744873
87, 5.633432865142822, -2.576007843017578, -1.2760627269744873
88, 5.633432865142822, -2.576007843017578, -1.2760627269744873
89, 5.633432865142822, -2.576007843017578, -1.2760627269744873
90, 5.633432865142822, -2.576007843017578, -1.2760627269744873
91, 5.633432865142822, -2.576007843017578, -1.2760627269744873
92, 5.633432865142822, -2.576007843017578, -1.2760627269744873
93, 5.441422462463379, -2.576007843017578, -1.4361627101898193
94, 5.2494120597839355, -2.576007843017578, -1.5962626934051514
95, 5.057401657104492, -2.576007843017578, -1.7563626766204834
96, 4.865391254425049, -2.576007843017578, -1.9164626598358154
97, 4.865391254425049, -2.576007843017578, -1.9164626598358154
98, 4.865391254425049, -2.576007843017578, -1.9164626598358154
99, 4.630735397338867, -2.576007843017578, -1.8302268981933594
100, 4.3960795402526855, -2.576007843017578, -1.7439911365509033
101, 4.3960795402526855, -2.576007843017578, -1.7439911365509033
102, 4.149743556976318, -2.576007843017578, -1.7866365909576416
103, 3.903407573699951, -2.576007843017578, -1.8292820453643799
104, 3.657071590423584, -2.576007843017578, -1.8719274997711182
105, 3.410735607147217, -2.576007843017578, -1.9145729541778564
106, 3.1643996238708496, -2.561227798461914, -1.9572184085845947
107, 2.9180636405944824, -2.5222127437591553, -1.999863862991333
108, 2.9180636405944824, -2.5222127437591553, -1.999863862991333
109, 2.683407783508301, -2.514897108078003, -1.913628101348877
110, 2.683407783508301, -2.514897108078003, -1.913628101348877
111, 2.5233078002929688, -2.562964677810669, -1.7216176986694336
112, 2.5233078002929688, -2.562964677810669, -1.7216176986694336
113, 2.4806623458862305, -2.576007843017578, -1.475281834602356
114, 2.438016891479492, -2.576007843017578, -1.2289459705352783
115, 2.395371437072754, -2.576007843017578, -0.9826101064682007
116, 2.3527259826660156, -2.576007843017578, -0.736274242401123
117, 2.3527259826660156, -2.576007843017578, -0.736274242401123
118, 2.4389617443084717, -2.576007843017578, -0.5016183257102966
119, 2.4389617443084717, -2.576007843017578, -0.5016183257102966
120, 2.3963162899017334, -2.576007843017578, -0.255282461643219
121, 2.353670835494995, -2.576007843017578, -0.008946597576141357
122, 2.311025381088257, -2.576007843017578, 0.23738926649093628
123, 2.2683799266815186, -2.576007843017578, 0.4837251305580139
124, 2.2683799266815186, -2.576007843017578, 0.4837251305580139
125, 2.1082799434661865, -2.576007843017578, 0.6757354736328125
126, 1.948179841041565, -2.576007843017578, 0.8677458167076111
127, 1.7880797386169434, -2.576007843017578, 1.0597561597824097
128, 1.6279796361923218, -2.576007843017578, 1.2517664432525635
129, 1.6279796361923218, -2.576007843017578, 1.2517664432525635
130, 1.585334062576294, -2.576007843017578, 1.4981023073196411
131, 1.5426884889602661, -2.576007843017578, 1.7444381713867188
132, 5.549406051635742, 2.8239920139312744, 0.33209049701690674
