1, -4.428807258605957, 0.01920294761657715, 1.8877630233764648
2, -4.428807258605957, 0.01920294761657715, 1.8877630233764648
3, -4.428807258605957, 0.01920294761657715, 1.8877630233764648
4, -4.428807258605957, 0.01920294761657715, 1.8877630233764648
5, -4.428807258605957, 0.01920294761657715, 1.8877630233764648
6, -4.428807258605957, 0.01920294761657715, 1.8877630233764648
7, -4.428807258605957, 0.01920294761657715, 1.8877630233764648
8, -4.428807258605957, 0.01920294761657715, 1.8877630233764648
9, -4.428807258605957, 0.01920294761657715, 1.8877630233764648
10, -4.428807258605957, 0.01920294761657715, 1.8877630233764648
11, -4.428807258605957, 0.01920294761657715, 1.8877630233764648
12, -4.428807258605957, 0.01920294761657715, 1.8877630233764648
13, -4.180845737457275, 0.01920294761657715, 1.8559032678604126
14, -3.9328842163085938, 0.01920294761657715, 1.8240435123443604
15, -3.684922695159912, 0.01920294761657715, 1.792183756828308
16, -3.4369611740112305, 0.01920294761657715, 1.7603240013122559
17, -3.4369611740112305, 0.01920294761657715, 1.7603240013122559
18, -3.238150119781494, 0.01920294761657715, 1.6087517738342285
19, -3.039339065551758, 0.01920294761657715, 1.4571795463562012
20, -2.8405280113220215, 0.01920294761657715, 1.3056073188781738
21, -2.641716957092285, 0.01920294761657715, 1.1540350914001465
22, -2.442905902862549, 0.01920294761657715, 1.0024628639221191
23, -2.2440948486328125, 0.01920294761657715, 0.8508906364440918
24, -2.2440948486328125, 0.01920294761657715, 0.8508906364440918
25, -2.147705554962158, 0.01920294761657715, 0.6202197074890137
26, -2.051316261291504, 0.01920294761657715, 0.38954874873161316
27, -2.051316261291504, 0.01920294761657715, 0.38954874873161316
28, -2.0831761360168457, 0.01920294761657715, 0.14158715307712555
29, -2.1150360107421875, 0.01920294761657715, -0.10637444257736206
30, -2.1468958854675293, 0.01920294761657715, -0.3543360233306885
31, -2.1468958854675293, 0.01920294761657715, -0.3543360233306885
32, -2.1468958854675293, 0.01920294761657715, -0.3543360233306885
33, -2.1468958854675293, 0.01920294761657715, -0.3543360233306885
34, -2.1468958854675293, 0.01920294761657715, -0.3543360233306885
35, -2.1468958854675293, 0.01920294761657715, -0.3543360233306885
36, -2.1468958854675293, 0.01920294761657715, -0.3543360233306885
37, -2.1150360107421875, 0.01920294761657715, -0.10637438297271729
38, -2.0831761360168457, 0.01920294761657715, 0.1415872573852539
39, -2.051316261291504, 0.01920294761657715, 0.3895488977432251
40, -2.051316261291504, 0.01920294761657715, 0.3895488977432251
41, -2.147705554962158, 0.01920294761657715, 0.620219886302948
42, -2.2440948486328125, 0.01920294761657715, 0.8508908748626709
43, -2.2440948486328125, 0.01920294761657715, 0.8508908748626709
44, -2.442905902862549, 0.01920294761657715, 1.0024631023406982
45, -2.641716957092285, 0.01920294761657715, 1.1540353298187256
46, -2.8405280113220215, 0.01920294761657715, 1.305607557296753
47, -3.039339065551758, 0.01920294761657715, 1.4571797847747803
48, -3.238150119781494, 0.01920294761657715, 1.6087520122528076
49, -3.238150119781494, 0.01920294761657715, 1.6087520122528076
50, -3.238150119781494, 0.01920294761657715, 1.6087520122528076
51, -3.238150119781494, 0.01920294761657715, 1.6087520122528076
52, -3.238150119781494, 0.01920294761657715, 1.6087520122528076
53, -3.238150119781494, 0.01920294761657715, 1.6087520122528076
54, -3.238150119781494, 0.01920294761657715, 1.6087520122528076
55, -3.007479190826416, 0.01920294761657715, 1.7051414251327515
56, -3.007479190826416, 0.01920294761657715, 1.7051414251327515
57, -2.7595176696777344, 0.01920294761657715, 1.6732816696166992
58, -2.5115561485290527, 0.01920294761657715, 1.641421914100647
59, -2.263594627380371, 0.01920294761657715, 1.6095621585845947
60, -2.0156331062316895, 0.01920294761657715, 1.5777024030685425
61, -1.7676714658737183, 0.01920294761657715, 1.5458426475524902
62, -1.519709825515747, 0.01920294761657715, 1.513982892036438
63, -1.519709825515747, 0.01920294761657715, 1.513982892036438
64, -1.289038896560669, 0.01920294761657715, 1.6103723049163818
65, -1.0583679676055908, 0.01920294761657715, 1.7067617177963257
66, -1.0583679676055908, 0.01920294761657715, 1.7067617177963257
67, -1.0583679676055908, 0.01920294761657715, 1.7067617177963257
68, -1.0583679676055908, 0.01920294761657715, 1.7067617177963257
69, -1.0583679676055908, 0.01920294761657715, 1.7067617177963257
70, -1.0583679676055908, 0.01920294761657715, 1.7067617177963257
71, -1.0583679676055908, 0.01920294761657715, 1.7067617177963257
72, -1.0583679676055908, 0.01920294761657715, 1.7067617177963257
73, -1.306329607963562, 0.01920294761657715, 1.7386215925216675
74, -1.5542912483215332, 0.01920294761657715, 1.7704814672470093
75, -1.8022528886795044, 0.01920294761657715, 1.802341341972351
76, -2.0502145290374756, 0.01920294761657715, 1.8342012166976929
77, -2.2981760501861572, 0.01920294761657715, 1.8660610914230347
78, -2.546137571334839, 0.01920294761657715, 1.8979209661483765
79, -2.546137571334839, 0.01920294761657715, 1.8979209661483765
80, -2.776808500289917, 0.01920294761657715, 1.8015315532684326
81, -2.776808500289917, 0.01920294761657715, 1.8015315532684326
82, -3.0247700214385986, 0.01920294761657715, 1.8333914279937744
83, -3.2727315425872803, 0.01920294761657715, 1.8652513027191162
84, -3.520693063735962, 0.01920294761657715, 1.897111177444458
85, -3.7686545848846436, 0.01920294761657715, 1.9289710521697998
86, -4.016616344451904, 0.01920294761657715, 1.9608309268951416
87, -4.264577865600586, 0.01920294761657715, 1.9926908016204834
88, -4.512539386749268, 0.01920294761657715, 2.024550676345825
89, -4.760500907897949, 0.01920294761657715, 2.056410551071167
90, -5.008462429046631, 0.01920294761657715, 2.088270425796509
91, -5.2564239501953125, 0.01920294761657715, 2.1201303005218506
92, -5.504385471343994, 0.01920294761657715, 2.1519901752471924
93, -5.752346992492676, 0.01920294761657715, 2.183850049972534
94, -6.000308513641357, 0.01920294761657715, 2.215709924697876
95, -6.248270034790039, 0.01920294761657715, 2.2475697994232178
96, -6.248270034790039, 0.01920294761657715, 2.2475697994232178
97, -6.478940963745117, 0.01920294761657715, 2.1511805057525635
98, -6.709611892700195, 0.01920294761657715, 2.054791212081909
99, -6.940282821655273, 0.01920294761657715, 1.9584017992019653
100, -6.940282821655273, 0.01920294761657715, 1.9584017992019653
101, -7.188244342803955, 0.01920294761657715, 1.9902616739273071
102, -7.436205863952637, 0.01920294761657715, 2.0221214294433594
103, -7.684167385101318, 0.01920294761657715, 2.053981304168701
104, -7.93212890625, 0.01920294761657715, 2.085841178894043
105, -8.18009090423584, 0.01920294761657715, 2.1177010536193848
106, -8.42805290222168, 0.01920294761657715, 2.1495609283447266
107, -8.67601490020752, 0.01920294761657715, 2.1814208030700684
108, -8.67601490020752, 0.01920294761657715, 2.1814208030700684
109, -8.874826431274414, 0.01920294761657715, 2.3329930305480957
110, -8.874826431274414, 0.01920294761657715, 2.3329930305480957
111, -8.874826431274414, 0.01920294761657715, 2.3329930305480957
112, -8.874826431274414, 0.01920294761657715, 2.3329930305480957
113, -8.874826431274414, 0.01920294761657715, 2.3329930305480957
114, -8.874826431274414, 0.01920294761657715, 2.3329930305480957
115, -8.874826431274414, 0.01920294761657715, 2.3329930305480957
116, -8.874826431274414, 0.01920294761657715, 2.3329930305480957
117, -8.874826431274414, 0.01920294761657715, 2.3329930305480957
118, -8.874826431274414, 0.01920294761657715, 2.3329930305480957
119, -8.874826431274414, 0.01920294761657715, 2.3329930305480957
120, -8.874826431274414, 0.01920294761657715, 2.3329930305480957
121, -8.967480659484863, 0.01920294761657715, 2.5547239780426025
122, -8.967480659484863, 0.01920294761657715, 2.5547239780426025
123, -9.166292190551758, 0.01920294761657715, 2.70629620552063
124, -9.166292190551758, 0.01920294761657715, 2.70629620552063
125, -9.26268196105957, 0.01920294761657715, 2.936967134475708
126, -9.26268196105957, 0.01920294761657715, 2.936967134475708
127, -9.26268196105957, 0.01920294761657715, 2.936967134475708
128, -9.359071731567383, 0.01920294761657715, 3.167638063430786
129, -9.455461502075195, 0.01920294761657715, 3.3983089923858643
130, -9.455461502075195, 0.01920294761657715, 3.3983089923858643
131, -9.423602104187012, 0.01920294761657715, 3.646270751953125
132, -9.391742706298828, 0.01920294761657715, 3.8942322731018066
133, -9.359883308410645, 0.01920294761657715, 4.142193794250488
134, -9.359883308410645, 0.01920294761657715, 4.142193794250488
135, -9.208311080932617, 0.01920294761657715, 4.341004848480225
136, -9.208311080932617, 0.01920294761657715, 4.341004848480225
137, -9.208311080932617, 0.01920294761657715, 4.341004848480225
138, -9.208311080932617, 0.01920294761657715, 4.341004848480225
139, -9.009499549865723, 0.01920294761657715, 4.189432621002197
140, -9.009499549865723, 0.01920294761657715, 4.189432621002197
141, -8.761537551879883, 0.01920294761657715, 4.1575727462768555
142, -8.513575553894043, 0.01920294761657715, 4.125712871551514
143, -8.265613555908203, 0.01920294761657715, 4.093852996826172
144, -8.017651557922363, 0.01920294761657715, 4.06199312210083
145, -7.769690036773682, 0.01920294761657715, 4.030133247375488
146, -7.521728515625, 0.01920294761657715, 3.9982733726501465
147, -7.273766994476318, 0.01920294761657715, 3.9664134979248047
148, -7.273766994476318, 0.01920294761657715, 3.9664134979248047
149, -7.04309606552124, 0.01920294761657715, 4.062802791595459
150, -7.04309606552124, 0.01920294761657715, 4.062802791595459
151, -6.795134544372559, 0.01920294761657715, 4.030942916870117
152, -6.547173023223877, 0.01920294761657715, 3.9990830421447754
153, -6.299211502075195, 0.01920294761657715, 3.9672231674194336
154, -6.299211502075195, 0.01920294761657715, 3.9672231674194336
155, -6.100400447845459, 0.01920294761657715, 3.8156509399414062
156, -6.100400447845459, 0.01920294761657715, 3.8156509399414062
157, -6.004011154174805, 0.01920294761657715, 3.584980010986328
158, -6.004011154174805, 0.01920294761657715, 3.584980010986328
159, -6.0358710289001465, 0.01920294761657715, 3.3370184898376465
160, -6.067730903625488, 0.01920294761657715, 3.089056968688965
161, -6.09959077835083, 0.01920294761657715, 2.841095447540283
162, -6.09959077835083, 0.01920294761657715, 2.841095447540283
163, -6.003201484680176, 0.01920294761657715, 2.610424518585205
164, -5.9068121910095215, 0.01920294761657715, 2.379753589630127
165, -5.9068121910095215, 0.01920294761657715, 2.379753589630127
166, -5.708001136779785, 0.01920294761657715, 2.2281813621520996
167, -5.509190082550049, 0.01920294761657715, 2.0766091346740723
168, -5.509190082550049, 0.01920294761657715, 2.0766091346740723
169, -5.261228561401367, 0.01920294761657715, 2.0447492599487305
170, -5.0132670402526855, 0.01920294761657715, 2.0128893852233887
171, -4.765305519104004, 0.01920294761657715, 1.9810296297073364
172, -4.517343997955322, 0.01920294761657715, 1.9491698741912842
173, -4.269382476806641, 0.01920294761657715, 1.917310118675232
174, -4.021420955657959, 0.01920294761657715, 1.8854503631591797
175, -3.7734594345092773, 0.01920294761657715, 1.8535906076431274
176, -3.5254979133605957, 0.01920294761657715, 1.8217308521270752
177, -3.5254979133605957, 0.01920294761657715, 1.8217308521270752
178, -3.3266868591308594, 0.01920294761657715, 1.6701586246490479
179, -3.127875804901123, 0.01920294761657715, 1.5185863971710205
180, -2.9290647506713867, 0.01920294761657715, 1.3670141696929932
181, -2.7302536964416504, 0.01920294761657715, 1.2154419422149658
182, -2.531442642211914, 0.01920294761657715, 1.0638697147369385
183, -2.3326315879821777, 0.01920294761657715, 0.9122974872589111
184, -2.1338205337524414, 0.01920294761657715, 0.7607252597808838
185, -1.9350093603134155, 0.01920294761657715, 0.6091530323028564
186, -1.7361981868743896, 0.01920294761657715, 0.4575808048248291
187, -1.5373870134353638, 0.01920294761657715, 0.30600857734680176
188, -1.338575839996338, 0.01920294761657715, 0.1544363647699356
189, -1.338575839996338, 0.01920294761657715, 0.1544363647699356
190, -1.338575839996338, 0.01920294761657715, 0.1544363647699356
191, -1.139764666557312, 0.01920294761657715, 0.002864137291908264
192, -1.139764666557312, 0.01920294761657715, 0.002864137291908264
193, -1.0433752536773682, 0.01920294761657715, -0.22780682146549225
194, -0.9469859004020691, 0.01920294761657715, -0.45847779512405396
195, -0.85059654712677, 0.01920294761657715, -0.6891487836837769
196, -0.754207193851471, 0.01920294761657715, -0.919819712638855
197, -0.754207193851471, 0.01920294761657715, -0.919819712638855
198, -0.7860670685768127, 0.01920294761657715, -1.1677813529968262
199, -0.7860670685768127, 0.01920294761657715, -1.1677813529968262
200, -0.6896777153015137, 0.01920294761657715, -1.3984522819519043
201, -0.6896777153015137, 0.01920294761657715, -1.3984522819519043
202, -0.49086660146713257, 0.01920294761657715, -1.5500245094299316
203, -0.49086660146713257, 0.01920294761657715, -1.5500245094299316
204, -0.49086660146713257, 0.01920294761657715, -1.5500245094299316
205, -0.49086660146713257, 0.01920294761657715, -1.5500245094299316
206, -0.49086660146713257, 0.01920294761657715, -1.5500245094299316
207, -0.49086660146713257, 0.01920294761657715, -1.5500245094299316
208, -0.5460626482963562, 0.01920294761657715, -1.4179339408874512
209, -0.5460626482963562, 0.01920294761657715, -1.4179339408874512
210, -0.5460626482963562, 0.01920294761657715, -1.4179339408874512
211, -0.7448737621307373, 0.01920294761657715, -1.2663617134094238
212, -0.7448737621307373, 0.01920294761657715, -1.2663617134094238
213, -0.8412631154060364, 0.01920294761657715, -1.0356907844543457
214, -0.9376524686813354, 0.01920294761657715, -0.8050197958946228
215, -0.9376524686813354, 0.01920294761657715, -0.8050197958946228
216, -0.9057925939559937, 0.01920294761657715, -0.5570581555366516
217, -0.9057925939559937, 0.01920294761657715, -0.5570581555366516
218, -1.0021820068359375, 0.01920294761657715, -0.3263871669769287
219, -1.0985713005065918, 0.01920294761657715, -0.09571617841720581
220, -1.194960594177246, 0.01920294761657715, 0.1349548101425171
221, -1.194960594177246, 0.01920294761657715, 0.1349548101425171
222, -1.3937716484069824, 0.01920294761657715, 0.2865270674228668
223, -1.5925827026367188, 0.01920294761657715, 0.43809932470321655
224, -1.791393756866455, 0.01920294761657715, 0.5896716117858887
225, -1.9902048110961914, 0.01920294761657715, 0.741243839263916
226, -2.1890158653259277, 0.01920294761657715, 0.8928160667419434
227, -2.387826919555664, 0.01920294761657715, 1.0443882942199707
228, -2.5866379737854004, 0.01920294761657715, 1.195960521697998
229, -2.7854490280151367, 0.01920294761657715, 1.3475327491760254
230, -2.984260082244873, 0.01920294761657715, 1.4991049766540527
231, -3.1830711364746094, 0.01920294761657715, 1.65067720413208
232, -3.3818821907043457, 0.01920294761657715, 1.8022494316101074
233, -3.580693244934082, 0.01920294761657715, 1.9538216590881348
234, -3.580693244934082, 0.01920294761657715, 1.9538216590881348
235, -3.580693244934082, 0.01920294761657715, 1.9538216590881348
236, -3.580693244934082, 0.01920294761657715, 1.9538216590881348
237, -3.580693244934082, 0.01920294761657715, 1.9538216590881348
238, -3.580693244934082, 0.01920294761657715, 1.9538216590881348
239, -3.580693244934082, 0.01920294761657715, 1.9538216590881348
240, -3.580693244934082, 0.01920294761657715, 1.9538216590881348
241, -3.580693244934082, 0.01920294761657715, 1.9538216590881348
242, -3.3818821907043457, 0.01920294761657715, 1.8022494316101074
243, -3.1830711364746094, 0.01920294761657715, 1.65067720413208
244, -2.984260082244873, 0.01920294761657715, 1.4991049766540527
245, -2.7854490280151367, 0.01920294761657715, 1.3475327491760254
246, -2.5866379737854004, 0.01920294761657715, 1.195960521697998
247, -2.387826919555664, 0.01920294761657715, 1.0443882942199707
248, -2.1890158653259277, 0.01920294761657715, 0.8928160667419434
249, -1.9902048110961914, 0.01920294761657715, 0.741243839263916
250, -1.791393756866455, 0.01920294761657715, 0.5896716117858887
251, -1.5925827026367188, 0.01920294761657715, 0.43809935450553894
252, -1.3937716484069824, 0.01920294761657715, 0.2865270972251892
253, -1.194960594177246, 0.01920294761657715, 0.13495483994483948
254, -1.194960594177246, 0.01920294761657715, 0.13495483994483948
255, -1.0985713005065918, 0.01920294761657715, -0.09571613371372223
256, -1.0021820068359375, 0.01920294761657715, -0.32638710737228394
257, -0.9057927131652832, 0.01920294761657715, -0.5570580959320068
258, -0.8094034194946289, 0.01920294761657715, -0.7877290844917297
259, -0.7130141258239746, 0.01920294761657715, -1.0184000730514526
260, -0.7130141258239746, 0.01920294761657715, -1.0184000730514526
261, -0.7448740005493164, 0.01920294761657715, -1.2663617134094238
262, -0.7448740005493164, 0.01920294761657715, -1.2663617134094238
263, -0.6484846472740173, 0.01920294761657715, -1.497032642364502
264, -0.6484846472740173, 0.01920294761657715, -1.497032642364502
265, -0.6484846472740173, 0.01920294761657715, -1.497032642364502
266, -0.4694896340370178, 0.01920294761657715, -1.520031213760376
267, -0.4694896340370178, 0.01920294761657715, -1.520031213760376
268, -0.4694896340370178, 0.01920294761657715, -1.520031213760376
269, -0.4694896340370178, 0.01920294761657715, -1.520031213760376
270, -0.4694896340370178, 0.01920294761657715, -1.520031213760376
271, -0.3731003403663635, 0.01920294761657715, -1.750702142715454
272, -0.3731003403663635, 0.01920294761657715, -1.750702142715454
273, -0.3731003403663635, 0.01920294761657715, -1.750702142715454
274, -0.3731003403663635, 0.01920294761657715, -1.750702142715454
275, -0.3147676885128021, 0.01920294761657715, -1.7263269424438477
276, -0.3147676885128021, 0.01920294761657715, -1.7263269424438477
277, -0.3147676885128021, 0.01920294761657715, -1.7263269424438477
278, -0.3147676885128021, 0.01920294761657715, -1.7263269424438477
279, -0.3147676885128021, 0.01920294761657715, -1.7263269424438477
280, -0.3147676885128021, 0.01920294761657715, -1.7263269424438477
281, -0.3147676885128021, 0.01920294761657715, -1.7263269424438477
282, -0.3147676885128021, 0.01920294761657715, -1.7263269424438477
283, -0.3147676885128021, 0.01920294761657715, -1.7263269424438477
284, -0.3147676885128021, 0.01920294761657715, -1.7263269424438477
285, -0.3147676885128021, 0.01920294761657715, -1.7263269424438477
286, -0.3147676885128021, 0.01920294761657715, -1.7263269424438477
287, -0.2785605192184448, 0.01920294761657715, -1.8129750490188599
288, -6.189059734344482, 0.01920294761657715, 2.8175413608551025
