1, -0.8748676776885986, 0.16337794065475464, -5.039795398712158
2, -0.8748676776885986, 0.16337794065475464, -5.039795398712158
3, -0.8748676776885986, 0.16337794065475464, -5.039795398712158
4, -0.8748676776885986, 0.16337794065475464, -5.039795398712158
5, -0.8748676776885986, 0.16337794065475464, -5.039795398712158
6, -0.8748676776885986, 0.16337794065475464, -5.039795398712158
7, -0.8748676776885986, 0.16337794065475464, -5.039795398712158
8, -0.8748676776885986, 0.16337794065475464, -5.039795398712158
9, -0.8748676776885986, 0.16337794065475464, -5.039795398712158
10, -0.8748676776885986, 0.16337794065475464, -5.039795398712158
11, -0.8748676776885986, 0.16337794065475464, -5.039795398712158
12, -0.8748676776885986, 0.16337794065475464, -5.039795398712158
13, -0.8748676776885986, 0.16337794065475464, -5.039795398712158
14, -0.8748676776885986, 0.16337794065475464, -5.039795398712158
15, -0.8748676776885986, 0.16337794065475464, -5.039795398712158
16, -0.8748676776885986, 0.16337794065475464, -5.039795398712158
17, -0.8748676776885986, 0.16337794065475464, -5.039795398712158
18, -0.8748676776885986, 0.16337794065475464, -5.039795398712158
19, -0.8748676776885986, 0.16337794065475464, -5.039795398712158
20, -0.6327048540115356, 0.16337794065475464, -5.101901531219482
21, -0.39054200053215027, 0.16337794065475464, -5.164007663726807
22, -0.39054200053215027, 0.16337794065475464, -5.164007663726807
23, -0.39054200053215027, 0.16337794065475464, -5.164007663726807
24, -0.1483791470527649, 0.16337794065475464, -5.226113796234131
25, -0.1483791470527649, 0.16337794065475464, -5.226113796234131
26, -0.1483791470527649, 0.16337794065475464, -5.226113796234131
27, -0.08108317852020264, 0.16337794065475464, -5.466886043548584
28, -0.01378720998764038, 0.16337794065475464, -5.707658290863037
29, -0.01378720998764038, 0.16337794065475464, -5.707658290863037
30, -0.07589331269264221, 0.16337794065475464, -5.9498209953308105
31, -0.13799941539764404, 0.16337794065475464, -6.191983699798584
32, -0.13799941539764404, 0.16337794065475464, -6.191983699798584
33, -0.13799941539764404, 0.16337794065475464, -6.191983699798584
34, -0.13799941539764404, 0.16337794065475464, -6.191983699798584
35, -0.13799941539764404, 0.16337794065475464, -6.191983699798584
36, -0.13799941539764404, 0.16337794065475464, -6.191983699798584
37, -0.13799941539764404, 0.16337794065475464, -6.191983699798584
38, -0.13799941539764404, 0.16337794065475464, -6.191983699798584
39, -0.13799941539764404, 0.16337794065475464, -6.191983699798584
40, 0.1027727872133255, 0.16337794065475464, -6.124687671661377
41, 0.34354498982429504, 0.16337794065475464, -6.05739164352417
42, 0.5843172073364258, 0.16337794065475464, -5.990095615386963
43, 0.8250893950462341, 0.16337794065475464, -5.922799587249756
44, 1.0658615827560425, 0.16337794065475464, -5.855503559112549
45, 1.3066338300704956, 0.16337794065475464, -5.788207530975342
46, 1.5474060773849487, 0.16337794065475464, -5.720911502838135
47, 1.7881783246994019, 0.16337794065475464, -5.653615474700928
48, 1.7881783246994019, 0.16337794065475464, -5.653615474700928
49, 2.030341148376465, 0.16337794065475464, -5.715721607208252
50, 2.030341148376465, 0.16337794065475464, -5.715721607208252
51, 2.030341148376465, 0.16337794065475464, -5.715721607208252
52, 2.030341148376465, 0.16337794065475464, -5.715721607208252
53, 2.271113395690918, 0.16337794065475464, -5.648425579071045
54, 2.511885643005371, 0.16337794065475464, -5.581129550933838
55, 2.752657890319824, 0.16337794065475464, -5.513833522796631
56, 2.752657890319824, 0.16337794065475464, -5.513833522796631
57, 2.752657890319824, 0.16337794065475464, -5.513833522796631
58, 2.752657890319824, 0.16337794065475464, -5.513833522796631
59, 2.752657890319824, 0.16337794065475464, -5.513833522796631
60, 2.752657890319824, 0.16337794065475464, -5.513833522796631
61, 2.752657890319824, 0.16337794065475464, -5.513833522796631
62, 2.752657890319824, 0.16337794065475464, -5.513833522796631
63, 2.5104949474334717, 0.16337794065475464, -5.451727390289307
64, 2.5104949474334717, 0.16337794065475464, -5.451727390289307
65, 2.2697227001190186, 0.16337794065475464, -5.519023418426514
66, 2.0289504528045654, 0.16337794065475464, -5.586319446563721
67, 1.7881782054901123, 0.16337794065475464, -5.653615474700928
68, 1.5474059581756592, 0.16337794065475464, -5.720911502838135
69, 1.5474059581756592, 0.16337794065475464, -5.720911502838135
70, 1.3052431344985962, 0.16337794065475464, -5.6588053703308105
71, 1.0630803108215332, 0.16337794065475464, -5.596699237823486
72, 0.8209174871444702, 0.16337794065475464, -5.534593105316162
73, 0.5787546634674072, 0.16337794065475464, -5.472486972808838
74, 0.33659183979034424, 0.16337794065475464, -5.410380840301514
75, 0.09442901611328125, 0.16337794065475464, -5.3482747077941895
76, -0.14773380756378174, 0.16337794065475464, -5.286168575286865
77, -0.14773380756378174, 0.16337794065475464, -5.286168575286865
78, -0.14773380756378174, 0.16337794065475464, -5.286168575286865
79, -0.14773380756378174, 0.16337794065475464, -5.286168575286865
80, -0.20983991026878357, 0.16337794065475464, -5.528331279754639
81, -0.2719460129737854, 0.16337794065475464, -5.770493984222412
82, -0.33405211567878723, 0.16337794065475464, -6.0126566886901855
83, -0.33405211567878723, 0.16337794065475464, -6.0126566886901855
84, -0.266756147146225, 0.16337794065475464, -6.253428936004639
85, -0.19946017861366272, 0.16337794065475464, -6.494201183319092
86, -0.19946017861366272, 0.16337794065475464, -6.494201183319092
87, -0.26156628131866455, 0.16337794065475464, -6.736363887786865
88, -0.3236723840236664, 0.16337794065475464, -6.978526592254639
89, -0.3236723840236664, 0.16337794065475464, -6.978526592254639
90, -0.4985392689704895, 0.16337794065475464, -7.157192707061768
91, -0.4985392689704895, 0.16337794065475464, -7.157192707061768
92, -0.4985392689704895, 0.16337794065475464, -7.157192707061768
93, -0.7407021522521973, 0.16337794065475464, -7.095086574554443
94, -0.9828649759292603, 0.16337794065475464, -7.032980442047119
95, -0.9828649759292603, 0.16337794065475464, -7.032980442047119
96, -1.2236372232437134, 0.16337794065475464, -7.100276470184326
97, -1.2236372232437134, 0.16337794065475464, -7.100276470184326
98, -1.4658000469207764, 0.16337794065475464, -7.038170337677002
99, -1.7079628705978394, 0.16337794065475464, -6.976064205169678
100, -1.7079628705978394, 0.16337794065475464, -6.976064205169678
101, -1.9487351179122925, 0.16337794065475464, -7.043360233306885
102, 16.156692504882812, 0.09943583607673645, 0.4676716923713684
