1, -0.3233599364757538, 2.5949201583862305, -13.869614601135254
2, -0.3233599364757538, 2.5949201583862305, -13.869614601135254
3, -0.3233599364757538, 2.5949201583862305, -13.869614601135254
4, -0.3233599364757538, 2.5949201583862305, -13.869614601135254
5, -0.3233599364757538, 2.5949201583862305, -13.869614601135254
6, -0.3233599364757538, 2.5949201583862305, -13.869614601135254
7, -0.3233599364757538, 2.5949201583862305, -13.869614601135254
8, -0.3233599364757538, 2.5949201583862305, -13.869614601135254
9, -0.3233599364757538, 2.5949201583862305, -13.869614601135254
10, -0.3233599364757538, 2.5949201583862305, -13.869614601135254
11, -0.3233599364757538, 2.5949201583862305, -13.869614601135254
12, -0.3233599364757538, 2.5949201583862305, -13.869614601135254
13, -0.3233599364757538, 2.5949201583862305, -13.869614601135254
14, -0.1971857249736786, 2.5949201583862305, -14.08543872833252
15, -0.0710115134716034, 2.5949201583862305, -14.301262855529785
16, -0.0710115134716034, 2.5949201583862305, -14.301262855529785
17, -0.06965354830026627, 2.5949201583862305, -14.55125904083252
18, -0.06829558312892914, 2.5949201583862305, -14.801255226135254
19, -0.06693761795759201, 2.5949201583862305, -15.051251411437988
20, -0.06557965278625488, 2.5949201583862305, -15.301247596740723
21, -0.06422168761491776, 2.5949201583862305, -15.551243782043457
22, -0.06286372244358063, 2.5949201583862305, -15.801239967346191
23, -0.0615057535469532, 2.5949201583862305, -16.051237106323242
24, -0.060147784650325775, 2.5949201583862305, -16.301233291625977
25, -0.05878981575369835, 2.5949201583862305, -16.55122947692871
26, -0.05743184685707092, 2.5949201583862305, -16.801225662231445
27, -0.0560738779604435, 2.5949201583862305, -17.05122184753418
28, 0.7561542987823486, 2.794919967651367, -8.828007698059082
