1, -1.8932299613952637, 0.021223172545433044, 2.503998279571533
2, -1.8932299613952637, 0.021223172545433044, 2.503998279571533
3, -1.8932299613952637, 0.021223172545433044, 2.503998279571533
4, -1.8932299613952637, 0.021223172545433044, 2.503998279571533
5, -1.8932299613952637, 0.021223172545433044, 2.503998279571533
6, -1.8932299613952637, 0.021223172545433044, 2.503998279571533
7, -1.8932299613952637, 0.021223172545433044, 2.503998279571533
8, -1.8932299613952637, 0.021223172545433044, 2.503998279571533
9, -1.8932299613952637, 0.021223172545433044, 2.503998279571533
10, -1.8932299613952637, 0.021223172545433044, 2.503998279571533
11, -1.8932299613952637, 0.021223172545433044, 2.503998279571533
12, -1.8932299613952637, 0.021223172545433044, 2.503998279571533
13, -1.8932299613952637, 0.021223172545433044, 2.503998279571533
14, -1.8932299613952637, 0.021223172545433044, 2.503998279571533
15, -1.8932299613952637, 0.021223172545433044, 2.503998279571533
16, -1.8932299613952637, 0.021223172545433044, 2.503998279571533
17, -1.6492600440979004, 0.021223172545433044, 2.449420928955078
18, -1.6492600440979004, 0.021223172545433044, 2.449420928955078
19, -1.4106872081756592, 0.021223172545433044, 2.5241403579711914
20, -1.172114372253418, 0.021223172545433044, 2.5988597869873047
21, -0.9335415363311768, 0.021223172545433044, 2.673579216003418
22, -0.6949687004089355, 0.021223172545433044, 2.7482986450195312
23, -0.4563958942890167, 0.021223172545433044, 2.8230180740356445
24, -0.2178230881690979, 0.021223172545433044, 2.897737503051758
25, 0.020749717950820923, 0.021223172545433044, 2.972456932067871
26, 0.25932252407073975, 0.021223172545433044, 3.0471763610839844
27, 0.25932252407073975, 0.021223172545433044, 3.0471763610839844
28, 0.5032923817634583, 0.021223172545433044, 2.9925990104675293
29, 0.7472622394561768, 0.021223172545433044, 2.938021659851074
30, 0.9912320971488953, 0.021223172545433044, 2.883444309234619
31, 0.9912320971488953, 0.021223172545433044, 2.883444309234619
32, 1.2298049926757812, 0.021223172545433044, 2.9581639766693115
33, 1.4683778285980225, 0.021223172545433044, 3.032883644104004
34, 1.7069506645202637, 0.021223172545433044, 3.1076033115386963
35, 1.9455235004425049, 0.021223172545433044, 3.1823229789733887
36, 2.184096336364746, 0.021223172545433044, 3.257042646408081
37, 2.4226691722869873, 0.021223172545433044, 3.3317623138427734
38, 2.4226691722869873, 0.021223172545433044, 3.3317623138427734
39, 2.6666390895843506, 0.021223172545433044, 3.2771849632263184
40, 2.6666390895843506, 0.021223172545433044, 3.2771849632263184
41, 2.6666390895843506, 0.021223172545433044, 3.2771849632263184
42, 2.6666390895843506, 0.021223172545433044, 3.2771849632263184
43, 2.6120617389678955, 0.021223172545433044, 3.033215045928955
44, 2.6120617389678955, 0.021223172545433044, 3.033215045928955
45, 2.4428114891052246, 0.021223172545433044, 2.849219560623169
46, 2.4428114891052246, 0.021223172545433044, 2.849219560623169
47, 2.2042386531829834, 0.021223172545433044, 2.7744998931884766
48, 2.2042386531829834, 0.021223172545433044, 2.7744998931884766
49, 1.9602687358856201, 0.021223172545433044, 2.8290772438049316
50, 1.9602687358856201, 0.021223172545433044, 2.8290772438049316
51, 1.776273250579834, 0.021223172545433044, 2.9983277320861816
52, 1.5922777652740479, 0.021223172545433044, 3.1675782203674316
53, 1.4082822799682617, 0.021223172545433044, 3.3368287086486816
54, 1.2242867946624756, 0.021223172545433044, 3.5060791969299316
55, 1.0402913093566895, 0.021223172545433044, 3.6753296852111816
56, 1.0402913093566895, 0.021223172545433044, 3.6753296852111816
57, 0.7963213920593262, 0.021223172545433044, 3.7299070358276367
58, 0.7963213920593262, 0.021223172545433044, 3.7299070358276367
59, 0.61232590675354, 0.021223172545433044, 3.8991575241088867
60, 0.4283304512500763, 0.021223172545433044, 4.068408012390137
61, 0.24433499574661255, 0.021223172545433044, 4.237658500671387
62, 0.24433499574661255, 0.021223172545433044, 4.237658500671387
63, 0.16961543262004852, 0.021223172545433044, 4.476231575012207
64, 0.0948958694934845, 0.021223172545433044, 4.714804649353027
65, 0.02017630636692047, 0.021223172545433044, 4.953377723693848
66, 0.02017630636692047, 0.021223172545433044, 4.953377723693848
67, 0.07475368678569794, 0.021223172545433044, 5.197347640991211
68, 0.1293310672044754, 0.021223172545433044, 5.441317558288574
69, 0.18390844762325287, 0.021223172545433044, 5.6852874755859375
70, 0.23848582804203033, 0.021223172545433044, 5.929257392883301
71, 0.2930631935596466, 0.021223172545433044, 6.173227310180664
72, 0.3476405739784241, 0.021223172545433044, 6.417197227478027
73, 0.40221795439720154, 0.021223172545433044, 6.661167144775391
74, 0.456795334815979, 0.021223172545433044, 6.905137062072754
75, 0.5113726854324341, 0.021223172545433044, 7.149106979370117
76, 0.5659500360488892, 0.021223172545433044, 7.3930768966674805
77, 0.5659500360488892, 0.021223172545433044, 7.3930768966674805
78, 0.7352004051208496, 0.021223172545433044, 7.5770721435546875
79, 0.9044507741928101, 0.021223172545433044, 7.7610673904418945
80, 1.0737011432647705, 0.021223172545433044, 7.945062637329102
81, 1.242951512336731, 0.021223172545433044, 8.129057884216309
82, 1.242951512336731, 0.021223172545433044, 8.129057884216309
83, 1.242951512336731, 0.021223172545433044, 8.129057884216309
84, 1.242951512336731, 0.021223172545433044, 8.129057884216309
85, 1.242951512336731, 0.021223172545433044, 8.129057884216309
86, 1.242951512336731, 0.021223172545433044, 8.129057884216309
87, 1.242951512336731, 0.021223172545433044, 8.129057884216309
88, 1.0737011432647705, 0.021223172545433044, 7.945062637329102
89, 0.9044507741928101, 0.021223172545433044, 7.7610673904418945
90, 0.7352004051208496, 0.021223172545433044, 7.5770721435546875
91, 0.5659500360488892, 0.021223172545433044, 7.3930768966674805
92, 0.5659500360488892, 0.021223172545433044, 7.3930768966674805
93, 0.5113726258277893, 0.021223172545433044, 7.149106979370117
94, 0.45679524540901184, 0.021223172545433044, 6.905137062072754
95, 0.4022178649902344, 0.021223172545433044, 6.661167144775391
96, 0.3476404845714569, 0.021223172545433044, 6.417197227478027
97, 0.29306310415267944, 0.021223172545433044, 6.173227310180664
98, 0.23848572373390198, 0.021223172545433044, 5.929257392883301
99, 0.1839083433151245, 0.021223172545433044, 5.6852874755859375
100, 0.12933096289634705, 0.021223172545433044, 5.441317558288574
101, 0.07475358247756958, 0.021223172545433044, 5.197347640991211
102, 0.020176198333501816, 0.021223172545433044, 4.953377723693848
103, 0.020176198333501816, 0.021223172545433044, 4.953377723693848
104, 0.09489575028419495, 0.021223172545433044, 4.7148051261901855
105, 0.16961529850959778, 0.021223172545433044, 4.476232528686523
106, 0.16961529850959778, 0.021223172545433044, 4.476232528686523
107, 0.31691932678222656, 0.021223172545433044, 4.340733051300049
108, 0.31691932678222656, 0.021223172545433044, 4.340733051300049
109, 0.31691932678222656, 0.021223172545433044, 4.340733051300049
110, 0.31691932678222656, 0.021223172545433044, 4.340733051300049
111, 0.31691932678222656, 0.021223172545433044, 4.340733051300049
112, 0.2623419463634491, 0.021223172545433044, 4.0967631340026855
113, 0.2623419463634491, 0.021223172545433044, 4.0967631340026855
114, 0.2623419463634491, 0.021223172545433044, 4.0967631340026855
115, 0.44633740186691284, 0.021223172545433044, 3.9275128841400146
116, 0.6303328275680542, 0.021223172545433044, 3.7582626342773438
117, 0.8143283128738403, 0.021223172545433044, 3.589012384414673
118, 0.9983237981796265, 0.021223172545433044, 3.419762134552002
119, 0.9983237981796265, 0.021223172545433044, 3.419762134552002
120, 1.2422937154769897, 0.021223172545433044, 3.365184783935547
121, 1.486263632774353, 0.021223172545433044, 3.310607433319092
122, 1.7302335500717163, 0.021223172545433044, 3.2560300827026367
123, 1.9742034673690796, 0.021223172545433044, 3.2014527320861816
124, 2.2181735038757324, 0.021223172545433044, 3.1468753814697266
125, 2.2181735038757324, 0.021223172545433044, 3.1468753814697266
126, 2.4567463397979736, 0.021223172545433044, 3.22159481048584
127, 2.4567463397979736, 0.021223172545433044, 3.22159481048584
128, 2.4567463397979736, 0.021223172545433044, 3.22159481048584
129, 2.695319175720215, 0.021223172545433044, 3.2963144779205322
130, 2.933892011642456, 0.021223172545433044, 3.3710341453552246
131, 2.933892011642456, 0.021223172545433044, 3.3710341453552246
132, 2.933892011642456, 0.021223172545433044, 3.3710341453552246
133, 2.988469362258911, 0.021223172545433044, 3.615004062652588
134, 3.0169191360473633, 0.021223172545433044, 3.7421793937683105
135, 3.0169191360473633, 0.021223172545433044, 3.7421793937683105
136, 3.0169191360473633, 0.021223172545433044, 3.7421793937683105
137, 2.94219970703125, 0.021223172545433044, 3.9807522296905518
138, 2.94219970703125, 0.021223172545433044, 3.9807522296905518
139, 2.996777057647705, 0.021223172545433044, 4.224721908569336
140, 3.05135440826416, 0.021223172545433044, 4.468691825866699
141, 3.1059317588806152, 0.021223172545433044, 4.7126617431640625
142, 3.1605091094970703, 0.021223172545433044, 4.956631660461426
143, 3.2150864601135254, 0.021223172545433044, 5.200601577758789
144, 3.2696638107299805, 0.021223172545433044, 5.444571495056152
145, 3.2696638107299805, 0.021223172545433044, 5.444571495056152
146, 3.4389142990112305, 0.021223172545433044, 5.628566741943359
147, 3.6081647872924805, 0.021223172545433044, 5.812561988830566
148, 3.6081647872924805, 0.021223172545433044, 5.812561988830566
149, 3.8467376232147217, 0.021223172545433044, 5.88728141784668
150, 4.085310459136963, 0.021223172545433044, 5.962000846862793
151, 4.323883533477783, 0.021223172545433044, 6.036720275878906
152, 4.5624566078186035, 0.021223172545433044, 6.1114397048950195
153, 4.801029682159424, 0.021223172545433044, 6.186159133911133
154, 4.801029682159424, 0.021223172545433044, 6.186159133911133
155, 5.044999599456787, 0.021223172545433044, 6.131581783294678
156, 5.28896951675415, 0.021223172545433044, 6.077004432678223
157, 5.530993461608887, 0.021223172545433044, 6.022862434387207
158, 5.530993461608887, 0.021223172545433044, 6.022862434387207
159, 5.530993461608887, 0.021223172545433044, 6.022862434387207
160, 5.769566535949707, 0.021223172545433044, 6.09758186340332
161, 5.769566535949707, 0.021223172545433044, 6.09758186340332
162, 5.769566535949707, 0.021223172545433044, 6.09758186340332
163, 5.769566535949707, 0.021223172545433044, 6.09758186340332
164, 5.769566535949707, 0.021223172545433044, 6.09758186340332
165, 5.953561782836914, 0.021223172545433044, 5.92833137512207
166, 5.953561782836914, 0.021223172545433044, 5.92833137512207
167, 5.953561782836914, 0.021223172545433044, 5.92833137512207
168, 5.953561782836914, 0.021223172545433044, 5.92833137512207
169, 5.9911723136901855, 0.021223172545433044, 5.808243274688721
170, 5.9911723136901855, 0.021223172545433044, 5.808243274688721
171, 5.991172790527344, 0.021223172545433044, 5.808243274688721
172, 5.991172790527344, 0.021223172545433044, 5.808243274688721
173, 6.235142707824707, 0.021223172545433044, 5.753665924072266
174, 6.235142707824707, 0.021223172545433044, 5.753665924072266
175, 6.235142707824707, 0.021223172545433044, 5.753665924072266
176, 6.30986213684082, 0.021223172545433044, 5.5150933265686035
177, 6.30986213684082, 0.021223172545433044, 5.5150933265686035
178, 6.255284786224365, 0.021223172545433044, 5.27112340927124
179, 6.20070743560791, 0.021223172545433044, 5.027153491973877
180, 6.146130084991455, 0.021223172545433044, 4.783183574676514
181, 6.091552734375, 0.021223172545433044, 4.53921365737915
182, 6.036975383758545, 0.021223172545433044, 4.295243740081787
183, 6.036975383758545, 0.021223172545433044, 4.295243740081787
184, 5.867724895477295, 0.021223172545433044, 4.11124849319458
185, 5.698474407196045, 0.021223172545433044, 3.927253007888794
186, 5.529223918914795, 0.021223172545433044, 3.743257522583008
187, 5.359973430633545, 0.021223172545433044, 3.5592620372772217
188, 5.190722942352295, 0.021223172545433044, 3.3752665519714355
189, 5.021472454071045, 0.021223172545433044, 3.1912710666656494
190, 4.852221965789795, 0.021223172545433044, 3.0072755813598633
191, 4.682971477508545, 0.021223172545433044, 2.823280096054077
192, 4.682971477508545, 0.021223172545433044, 2.823280096054077
193, 4.444398880004883, 0.021223172545433044, 2.7485604286193848
194, 4.205826282501221, 0.021223172545433044, 2.6738409996032715
195, 3.9672534465789795, 0.021223172545433044, 2.599121570587158
196, 3.7286806106567383, 0.021223172545433044, 2.524402141571045
197, 3.490107774734497, 0.021223172545433044, 2.4496827125549316
198, 3.490107774734497, 0.021223172545433044, 2.4496827125549316
199, 3.320857524871826, 0.021223172545433044, 2.2656872272491455
200, 3.1516072750091553, 0.021223172545433044, 2.0816917419433594
201, 3.1516072750091553, 0.021223172545433044, 2.0816917419433594
202, 3.0970299243927, 0.021223172545433044, 1.837721824645996
203, 3.042452573776245, 0.021223172545433044, 1.5937519073486328
204, 2.98787522315979, 0.021223172545433044, 1.3497819900512695
205, 2.98787522315979, 0.021223172545433044, 1.3497819900512695
206, 3.0625948905944824, 0.021223172545433044, 1.1112091541290283
207, 3.137314558029175, 0.021223172545433044, 0.8726363182067871
208, 3.137314558029175, 0.021223172545433044, 0.8726363182067871
209, 3.321310043334961, 0.021223172545433044, 0.7033859491348267
210, 3.321310043334961, 0.021223172545433044, 0.7033859491348267
211, 3.565279960632324, 0.021223172545433044, 0.6488085985183716
212, 3.565279960632324, 0.021223172545433044, 0.6488085985183716
213, 3.7492754459381104, 0.021223172545433044, 0.4795582592487335
214, 3.9332709312438965, 0.021223172545433044, 0.31030791997909546
215, 4.1172661781311035, 0.021223172545433044, 0.1410575807094574
216, 4.1172661781311035, 0.021223172545433044, 0.1410575807094574
217, 4.361236095428467, 0.021223172545433044, 0.08648021519184113
218, 4.60520601272583, 0.021223172545433044, 0.031902849674224854
219, 4.849175930023193, 0.021223172545433044, -0.02267451584339142
220, 5.093145847320557, 0.021223172545433044, -0.07725188136100769
221, 5.093145847320557, 0.021223172545433044, -0.07725188136100769
222, 5.093145847320557, 0.021223172545433044, -0.07725188136100769
223, 5.093145847320557, 0.021223172545433044, -0.07725188136100769
224, 5.093145847320557, 0.021223172545433044, -0.07725188136100769
225, 5.093145847320557, 0.021223172545433044, -0.07725188136100769
226, 5.093145847320557, 0.021223172545433044, -0.07725188136100769
227, 5.093145847320557, 0.021223172545433044, -0.07725188136100769
228, 4.90915060043335, 0.021223172545433044, 0.09199848771095276
229, 4.725155353546143, 0.021223172545433044, 0.2612488567829132
230, 4.725155353546143, 0.021223172545433044, 0.2612488567829132
231, 4.481185436248779, 0.021223172545433044, 0.31582632660865784
232, 4.237215518951416, 0.021223172545433044, 0.37040379643440247
233, 3.9932456016540527, 0.021223172545433044, 0.4249812662601471
234, 3.7492756843566895, 0.021223172545433044, 0.4795587360858917
235, 3.505305767059326, 0.021223172545433044, 0.534136176109314
236, 3.505305767059326, 0.021223172545433044, 0.534136176109314
237, 3.32131028175354, 0.021223172545433044, 0.7033866047859192
238, 3.137314796447754, 0.021223172545433044, 0.8726370334625244
239, 3.137314796447754, 0.021223172545433044, 0.8726370334625244
240, 3.0625953674316406, 0.021223172545433044, 1.1112098693847656
241, 2.9878759384155273, 0.021223172545433044, 1.3497827053070068
242, 2.913156509399414, 0.021223172545433044, 1.588355541229248
243, 2.838437080383301, 0.021223172545433044, 1.8269283771514893
244, 2.7637176513671875, 0.021223172545433044, 2.0655012130737305
245, 2.688998222351074, 0.021223172545433044, 2.3040740489959717
246, 2.688998222351074, 0.021223172545433044, 2.3040740489959717
247, 2.505002737045288, 0.021223172545433044, 2.4733245372772217
248, 2.505002737045288, 0.021223172545433044, 2.4733245372772217
249, 2.261032819747925, 0.021223172545433044, 2.527902126312256
250, 2.0170629024505615, 0.021223172545433044, 2.582479476928711
251, 1.7730929851531982, 0.021223172545433044, 2.637056827545166
252, 1.529123067855835, 0.021223172545433044, 2.691634178161621
253, 1.2851531505584717, 0.021223172545433044, 2.746211528778076
254, 1.0411832332611084, 0.021223172545433044, 2.8007888793945312
255, 0.7972133159637451, 0.021223172545433044, 2.8553662300109863
256, 0.5532433986663818, 0.021223172545433044, 2.9099435806274414
257, 0.30927348136901855, 0.021223172545433044, 2.9645209312438965
258, 0.06530356407165527, 0.021223172545433044, 3.0190982818603516
259, 0.06530356407165527, 0.021223172545433044, 3.0190982818603516
260, -0.17326925694942474, 0.021223172545433044, 2.9443788528442383
261, -0.41184207797050476, 0.021223172545433044, 2.869659423828125
262, -0.6504148840904236, 0.021223172545433044, 2.7949399948120117
263, -0.8889877200126648, 0.021223172545433044, 2.7202205657958984
264, -1.1275604963302612, 0.021223172545433044, 2.645501136779785
265, -1.3661333322525024, 0.021223172545433044, 2.570781707763672
266, -1.6047061681747437, 0.021223172545433044, 2.4960622787475586
267, -1.6047061681747437, 0.021223172545433044, 2.4960622787475586
268, -1.848676085472107, 0.021223172545433044, 2.5506396293640137
269, -2.0926461219787598, 0.021223172545433044, 2.6052169799804688
270, -2.336616039276123, 0.021223172545433044, 2.659794330596924
271, -2.5805859565734863, 0.021223172545433044, 2.714371681213379
272, -2.8245558738708496, 0.021223172545433044, 2.768949031829834
273, -3.068525791168213, 0.021223172545433044, 2.823526382446289
274, -3.312495708465576, 0.021223172545433044, 2.878103733062744
275, -3.312495708465576, 0.021223172545433044, 2.878103733062744
276, -3.5510685443878174, 0.021223172545433044, 2.803384304046631
277, -3.7896413803100586, 0.021223172545433044, 2.7286648750305176
278, -3.7896413803100586, 0.021223172545433044, 2.7286648750305176
279, -4.033611297607422, 0.021223172545433044, 2.7832422256469727
280, -4.033611297607422, 0.021223172545433044, 2.7832422256469727
281, -4.217606544494629, 0.021223172545433044, 2.9524927139282227
282, -4.217606544494629, 0.021223172545433044, 2.9524927139282227
283, -4.22758674621582, 0.021223172545433044, 2.984358072280884
284, -4.22758674621582, 0.021223172545433044, 2.984358549118042
285, -4.22758674621582, 0.021223172545433044, 2.984358549118042
286, -4.22758674621582, 0.021223172545433044, 2.984358549118042
287, -4.411581993103027, 0.021223172545433044, 3.153609037399292
288, -4.411581993103027, 0.021223172545433044, 3.153609037399292
289, -4.411581993103027, 0.021223172545433044, 3.153609037399292
290, -4.357004642486572, 0.021223172545433044, 3.3975789546966553
291, -4.302427291870117, 0.021223172545433044, 3.6415488719940186
292, -4.247849941253662, 0.021223172545433044, 3.885518789291382
293, -4.193272590637207, 0.021223172545433044, 4.129488945007324
294, -4.138695240020752, 0.021223172545433044, 4.3734588623046875
295, -4.084117889404297, 0.021223172545433044, 4.617428779602051
296, -4.029540538787842, 0.021223172545433044, 4.861398696899414
297, -4.029540538787842, 0.021223172545433044, 4.861398696899414
298, -4.104259967803955, 0.021223172545433044, 5.099971771240234
299, -4.178979396820068, 0.021223172545433044, 5.338544845581055
300, -4.253698825836182, 0.021223172545433044, 5.577117919921875
301, -4.2830810546875, 0.021223172545433044, 5.670932769775391
302, -4.2830810546875, 0.021223172545433044, 5.670932769775391
303, -4.2830810546875, 0.021223172545433044, 5.670932769775391
304, -4.2830810546875, 0.021223172545433044, 5.670932769775391
305, -4.228503704071045, 0.021223172545433044, 5.914902687072754
306, -4.228503704071045, 0.021223172545433044, 5.914902687072754
307, -4.228503704071045, 0.021223172545433044, 5.914902687072754
308, -4.412498950958252, 0.021223172545433044, 6.084153175354004
309, -4.596494197845459, 0.021223172545433044, 6.253403663635254
310, -4.596494197845459, 0.021223172545433044, 6.253403663635254
311, -4.596494197845459, 0.021223172545433044, 6.253403663635254
312, -4.596494197845459, 0.021223172545433044, 6.253403663635254
313, -4.596494197845459, 0.021223172545433044, 6.253403663635254
314, -4.780489444732666, 0.021223172545433044, 6.422654151916504
315, -4.780489444732666, 0.021223172545433044, 6.422654151916504
316, -4.780489444732666, 0.021223172545433044, 6.422654151916504
317, -4.780489444732666, 0.021223172545433044, 6.422654151916504
318, -4.611238956451416, 0.021223172545433044, 6.606649398803711
319, -4.441988468170166, 0.021223172545433044, 6.790644645690918
320, -4.441988468170166, 0.021223172545433044, 6.790644645690918
321, -4.441988468170166, 0.021223172545433044, 6.790644645690918
322, -4.441988468170166, 0.021223172545433044, 6.790644645690918
323, -4.441988468170166, 0.021223172545433044, 6.790644645690918
324, -4.441988468170166, 0.021223172545433044, 6.790644645690918
325, -4.496565818786621, 0.021223172545433044, 6.546674728393555
326, -4.496565818786621, 0.021223172545433044, 6.546674728393555
327, -4.665816307067871, 0.021223172545433044, 6.362679481506348
328, -4.665816307067871, 0.021223172545433044, 6.362679481506348
329, -4.904388904571533, 0.021223172545433044, 6.287960052490234
330, -4.904388904571533, 0.021223172545433044, 6.287960052490234
331, -5.1483588218688965, 0.021223172545433044, 6.3425374031066895
332, -5.1483588218688965, 0.021223172545433044, 6.3425374031066895
333, -5.1483588218688965, 0.021223172545433044, 6.3425374031066895
334, -5.1483588218688965, 0.021223172545433044, 6.3425374031066895
335, -5.1483588218688965, 0.021223172545433044, 6.3425374031066895
336, -5.1483588218688965, 0.021223172545433044, 6.3425374031066895
337, -5.1483588218688965, 0.021223172545433044, 6.3425374031066895
338, -4.904388904571533, 0.021223172545433044, 6.287960052490234
339, -4.66041898727417, 0.021223172545433044, 6.233382701873779
340, -4.66041898727417, 0.021223172545433044, 6.233382701873779
341, -4.476423740386963, 0.021223172545433044, 6.064132213592529
342, -4.292428493499756, 0.021223172545433044, 5.894881725311279
343, -4.292428493499756, 0.021223172545433044, 5.894881725311279
344, -4.217709064483643, 0.021223172545433044, 5.656309127807617
345, -4.142989635467529, 0.021223172545433044, 5.417736053466797
346, -4.068270206451416, 0.021223172545433044, 5.179162979125977
347, -4.068270206451416, 0.021223172545433044, 5.179162979125977
348, -4.122847557067871, 0.021223172545433044, 4.935193061828613
349, -4.122847557067871, 0.021223172545433044, 4.935193061828613
350, -4.048128128051758, 0.021223172545433044, 4.696620464324951
351, -4.048128128051758, 0.021223172545433044, 4.696620464324951
352, -4.102705478668213, 0.021223172545433044, 4.452650547027588
353, -4.157282829284668, 0.021223172545433044, 4.208680629730225
354, -4.211860179901123, 0.021223172545433044, 3.9647107124328613
355, -4.266437530517578, 0.021223172545433044, 3.720740795135498
356, -4.321014881134033, 0.021223172545433044, 3.4767708778381348
357, -4.375592231750488, 0.021223172545433044, 3.2328009605407715
358, -4.430169582366943, 0.021223172545433044, 2.988831043243408
359, -4.484746932983398, 0.021223172545433044, 2.744861125946045
360, -4.5393242835998535, 0.021223172545433044, 2.5008912086486816
361, -4.593901634216309, 0.021223172545433044, 2.2569212913513184
362, -4.648478984832764, 0.021223172545433044, 2.012951374053955
363, -4.648478984832764, 0.021223172545433044, 2.012951374053955
364, -4.648478984832764, 0.021223172545433044, 2.012951374053955
365, -4.648478984832764, 0.021223172545433044, 2.012951374053955
366, -4.57375955581665, 0.021223172545433044, 1.7743785381317139
367, -4.499040126800537, 0.021223172545433044, 1.5358057022094727
368, -4.499040126800537, 0.021223172545433044, 1.5358057022094727
369, -4.499040126800537, 0.021223172545433044, 1.5358057022094727
370, -4.255070209503174, 0.021223172545433044, 1.4812283515930176
371, -4.0111002922058105, 0.021223172545433044, 1.4266510009765625
372, -4.0111002922058105, 0.021223172545433044, 1.4266510009765625
373, -3.8271048069000244, 0.021223172545433044, 1.257400631904602
374, -3.6431093215942383, 0.021223172545433044, 1.0881502628326416
375, -3.6431093215942383, 0.021223172545433044, 1.0881502628326416
376, -3.6431093215942383, 0.021223172545433044, 1.0881502628326416
377, -3.6431093215942383, 0.021223172545433044, 1.0881502628326416
378, -3.6431093215942383, 0.021223172545433044, 1.0881502628326416
379, -3.6431093215942383, 0.021223172545433044, 1.0881502628326416
380, -3.6431093215942383, 0.021223172545433044, 1.0881502628326416
381, -3.8271048069000244, 0.021223172545433044, 1.2574007511138916
382, -3.8271048069000244, 0.021223172545433044, 1.2574007511138916
383, -4.071074485778809, 0.021223172545433044, 1.3119782209396362
384, -4.071074485778809, 0.021223172545433044, 1.3119782209396362
385, -4.255069732666016, 0.021223172545433044, 1.4812285900115967
386, -4.439064979553223, 0.021223172545433044, 1.6504790782928467
387, -4.62306022644043, 0.021223172545433044, 1.8197295665740967
388, -4.62306022644043, 0.021223172545433044, 1.8197295665740967
389, -4.697779655456543, 0.021223172545433044, 2.058302402496338
390, -4.697779655456543, 0.021223172545433044, 2.058302402496338
391, -4.643202304840088, 0.021223172545433044, 2.302272319793701
392, -4.588624954223633, 0.021223172545433044, 2.5462422370910645
393, -4.534047603607178, 0.021223172545433044, 2.7902121543884277
394, -4.479470252990723, 0.021223172545433044, 3.034182071685791
395, -4.424892902374268, 0.021223172545433044, 3.2781519889831543
396, -4.3703155517578125, 0.021223172545433044, 3.5221219062805176
397, -4.3703155517578125, 0.021223172545433044, 3.5221219062805176
398, -4.2010650634765625, 0.021223172545433044, 3.7061173915863037
399, -4.2010650634765625, 0.021223172545433044, 3.7061173915863037
400, -4.146487712860107, 0.021223172545433044, 3.950087308883667
401, -4.091910362243652, 0.021223172545433044, 4.194057464599609
402, -4.037333011627197, 0.021223172545433044, 4.438027381896973
403, -3.982755661010742, 0.021223172545433044, 4.681997299194336
404, -3.982755661010742, 0.021223172545433044, 4.681997299194336
405, -4.0574750900268555, 0.021223172545433044, 4.920570373535156
406, -4.132194519042969, 0.021223172545433044, 5.159143447875977
407, -4.206913948059082, 0.021223172545433044, 5.397716522216797
408, -4.281633377075195, 0.021223172545433044, 5.636289596557617
409, -4.2830810546875, 0.021223172545433044, 5.640912055969238
410, -4.2830810546875, 0.021223172545433044, 5.640912055969238
411, -4.228503704071045, 0.021223172545433044, 5.884881973266602
412, -4.228503704071045, 0.021223172545433044, 5.884881973266602
413, -4.228503704071045, 0.021223172545433044, 5.884881973266602
414, -4.412498950958252, 0.021223172545433044, 6.054132461547852
415, -4.596494197845459, 0.021223172545433044, 6.223382949829102
416, -4.596494197845459, 0.021223172545433044, 6.223382949829102
417, -4.840464115142822, 0.021223172545433044, 6.277960300445557
418, -5.0844340324401855, 0.021223172545433044, 6.332537651062012
419, -5.328403949737549, 0.021223172545433044, 6.387115001678467
420, -5.328403949737549, 0.021223172545433044, 6.387115001678467
421, -5.328403949737549, 0.021223172545433044, 6.387115001678467
422, -5.328403949737549, 0.021223172545433044, 6.387115001678467
423, -5.566977024078369, 0.021223172545433044, 6.3123955726623535
424, -5.566977024078369, 0.021223172545433044, 6.3123955726623535
425, -5.566977024078369, 0.021223172545433044, 6.3123955726623535
426, -5.8055500984191895, 0.021223172545433044, 6.23767614364624
427, -5.8055500984191895, 0.021223172545433044, 6.23767614364624
428, -5.9748005867004395, 0.021223172545433044, 6.053680896759033
429, -6.1440510749816895, 0.021223172545433044, 5.869685649871826
430, -6.1440510749816895, 0.021223172545433044, 5.869685649871826
431, -6.1986284255981445, 0.021223172545433044, 5.625715732574463
432, -6.2532057762146, 0.021223172545433044, 5.3817458152771
433, -6.2532057762146, 0.021223172545433044, 5.3817458152771
434, -6.178486347198486, 0.021223172545433044, 5.1431732177734375
435, -6.103766918182373, 0.021223172545433044, 4.904600143432617
436, -6.103766918182373, 0.021223172545433044, 4.904600143432617
437, -6.158344268798828, 0.021223172545433044, 4.660630226135254
438, -6.158344268798828, 0.021223172545433044, 4.660630226135254
439, -6.083624839782715, 0.021223172545433044, 4.422057151794434
440, -6.083624839782715, 0.021223172545433044, 4.422057151794434
441, -6.083624839782715, 0.021223172545433044, 4.422057151794434
442, -6.083624839782715, 0.021223172545433044, 4.422057151794434
443, -6.083624839782715, 0.021223172545433044, 4.422057151794434
444, -6.083624839782715, 0.021223172545433044, 4.422057151794434
445, -6.083624839782715, 0.021223172545433044, 4.422057151794434
446, -6.083624839782715, 0.021223172545433044, 4.422057151794434
447, -6.083624839782715, 0.021223172545433044, 4.422057151794434
448, -6.083624839782715, 0.021223172545433044, 4.422057151794434
449, -6.02904748916626, 0.021223172545433044, 4.666027069091797
450, -6.02904748916626, 0.021223172545433044, 4.666027069091797
451, -6.103766918182373, 0.021223172545433044, 4.904600143432617
452, -6.178486347198486, 0.021223172545433044, 5.1431732177734375
453, -6.178486347198486, 0.021223172545433044, 5.1431732177734375
454, -6.123908996582031, 0.021223172545433044, 5.387143135070801
455, -6.069331645965576, 0.021223172545433044, 5.631113052368164
456, -6.014754295349121, 0.021223172545433044, 5.875082969665527
457, -6.014754295349121, 0.021223172545433044, 5.875082969665527
458, -5.845503807067871, 0.021223172545433044, 6.059078216552734
459, -5.676253318786621, 0.021223172545433044, 6.243073463439941
460, -5.676253318786621, 0.021223172545433044, 6.243073463439941
461, -5.437680244445801, 0.021223172545433044, 6.317792892456055
462, -5.1991071701049805, 0.021223172545433044, 6.392512321472168
463, -5.1991071701049805, 0.021223172545433044, 6.392512321472168
464, -4.955137252807617, 0.021223172545433044, 6.337934970855713
465, -4.711167335510254, 0.021223172545433044, 6.283357620239258
466, -4.711167335510254, 0.021223172545433044, 6.283357620239258
467, -4.527172088623047, 0.021223172545433044, 6.114107131958008
468, -4.34317684173584, 0.021223172545433044, 5.944856643676758
469, -4.34317684173584, 0.021223172545433044, 5.944856643676758
470, -4.268457412719727, 0.021223172545433044, 5.7062835693359375
471, -4.193737983703613, 0.021223172545433044, 5.467710494995117
472, -4.1190185546875, 0.021223172545433044, 5.229137420654297
473, -4.044299125671387, 0.021223172545433044, 4.990564346313477
474, -4.044299125671387, 0.021223172545433044, 4.990564346313477
475, -4.098876476287842, 0.021223172545433044, 4.746594429016113
476, -4.153453826904297, 0.021223172545433044, 4.50262451171875
477, -4.208031177520752, 0.021223172545433044, 4.258654594421387
478, -4.262608528137207, 0.021223172545433044, 4.014684677124023
479, -4.317185878753662, 0.021223172545433044, 3.77071475982666
480, -4.371763229370117, 0.021223172545433044, 3.526744842529297
481, -4.426340579986572, 0.021223172545433044, 3.2827749252319336
482, -4.480917930603027, 0.021223172545433044, 3.0388050079345703
483, -4.535495281219482, 0.021223172545433044, 2.794835090637207
484, -4.5900726318359375, 0.021223172545433044, 2.5508651733398438
485, -4.644649982452393, 0.021223172545433044, 2.3068952560424805
486, -4.699227333068848, 0.021223172545433044, 2.062925338745117
487, -4.753804683685303, 0.021223172545433044, 1.818955421447754
488, -4.808382034301758, 0.021223172545433044, 1.5749855041503906
489, -4.862959384918213, 0.021223172545433044, 1.3310155868530273
490, -4.917536735534668, 0.021223172545433044, 1.087045669555664
491, -4.917536735534668, 0.021223172545433044, 1.087045669555664
492, -4.842817306518555, 0.021223172545433044, 0.8484728336334229
493, -4.768097877502441, 0.021223172545433044, 0.6098999977111816
494, -4.768097877502441, 0.021223172545433044, 0.6098999977111816
495, -4.8226752281188965, 0.021223172545433044, 0.36593011021614075
496, -4.877252578735352, 0.021223172545433044, 0.12196022272109985
497, -4.931829929351807, 0.021223172545433044, -0.12200966477394104
498, -4.986407279968262, 0.021223172545433044, -0.36597955226898193
499, -4.986407279968262, 0.021223172545433044, -0.36597955226898193
