1, 6.4675140380859375, -0.5355252027511597, 2.7227230072021484
2, 6.4675140380859375, -0.5355252027511597, 2.7227230072021484
3, 6.4675140380859375, -0.5355252027511597, 2.7227230072021484
4, 6.4675140380859375, -0.5355252027511597, 2.7227230072021484
5, 6.4675140380859375, -0.5355252027511597, 2.7227230072021484
6, 6.4675140380859375, -0.5355252027511597, 2.7227230072021484
7, 6.4675140380859375, -0.5355252027511597, 2.7227230072021484
8, 6.4675140380859375, -0.5355252027511597, 2.7227230072021484
9, 6.4675140380859375, -0.5355252027511597, 2.7227230072021484
10, 6.4675140380859375, -0.5355252027511597, 2.7227230072021484
11, 6.4675140380859375, -0.5355252027511597, 2.7227230072021484
12, 6.4675140380859375, -0.5355252027511597, 2.7227230072021484
13, 6.4675140380859375, -0.5355252027511597, 2.7227230072021484
14, 6.4675140380859375, -0.5355252027511597, 2.7227230072021484
15, 6.6112060546875, -0.5355252027511597, 2.518143892288208
16, 6.7548980712890625, -0.5355252027511597, 2.3135647773742676
17, 6.898590087890625, -0.5355252027511597, 2.108985662460327
18, 6.898590087890625, -0.5355252027511597, 2.108985662460327
19, 7.1253204345703125, -0.5355252027511597, 2.0036609172821045
20, 7.35205078125, -0.5355252027511597, 1.8983361721038818
21, 7.5787811279296875, -0.5355252027511597, 1.7930114269256592
22, 2.8718061447143555, -0.5355252027511597, 0.3990318775177002
