1, 16.156692504882812, 0.09943583607673645, 0.40923452377319336
2, 16.156692504882812, 0.09943583607673645, 0.40923452377319336
3, 16.156692504882812, 0.09943583607673645, 0.40923452377319336
4, 16.156692504882812, 0.09943583607673645, 0.40923452377319336
5, 16.156692504882812, 0.09943583607673645, 0.40923452377319336
6, 16.156692504882812, 0.09943583607673645, 0.40923452377319336
7, 16.156692504882812, 0.09943583607673645, 0.40923452377319336
8, 16.156692504882812, 0.09943583607673645, 0.40923452377319336
9, 16.156692504882812, 0.09943583607673645, 0.40923452377319336
10, 16.156692504882812, 0.09943583607673645, 0.40923452377319336
11, 16.156692504882812, 0.09943583607673645, 0.40923452377319336
12, 16.156692504882812, 0.09943583607673645, 0.40923452377319336
13, 16.156692504882812, 0.09943583607673645, 0.40923452377319336
14, 16.156692504882812, 0.09943583607673645, 0.40923452377319336
15, 16.156692504882812, 0.09943583607673645, 0.40923452377319336
16, 16.156692504882812, 0.09943583607673645, 0.40923452377319336
17, 16.156692504882812, 0.09943583607673645, 0.40923452377319336
18, 16.156692504882812, 0.09943583607673645, 0.40923452377319336
19, 16.371347427368164, 0.09943583607673645, 0.28108057379722595
20, 16.586002349853516, 0.09943583607673645, 0.15292662382125854
21, 16.800657272338867, 0.09943583607673645, 0.024772673845291138
22, 17.01531219482422, 0.09943583607673645, -0.10338127613067627
23, 17.22996711730957, 0.09943583607673645, -0.23153522610664368
24, 17.24542808532715, 0.09943583607673645, -0.24076557159423828
25, 17.24542808532715, 0.09943583607673645, -0.24076557159423828
26, 17.24542808532715, 0.09943583607673645, -0.24076557159423828
27, 17.24542808532715, 0.09943583607673645, -0.24076557159423828
28, 17.24542808532715, 0.09943583607673645, -0.24076557159423828
29, 17.24542808532715, 0.09943583607673645, -0.24076557159423828
30, 17.24542808532715, 0.09943583607673645, -0.24076557159423828
31, 17.24542808532715, 0.09943583607673645, -0.24076557159423828
32, 17.4637393951416, 0.09943583607673645, -0.11894628405570984
33, 17.4637393951416, 0.09943583607673645, -0.11894628405570984
34, 17.4637393951416, 0.09943583607673645, -0.11894628405570984
35, 17.678394317626953, 0.09943583607673645, -0.24710023403167725
36, 17.893049240112305, 0.09943583607673645, -0.37525418400764465
37, 17.893049240112305, 0.09943583607673645, -0.37525418400764465
38, 18.143022537231445, 0.09943583607673645, -0.37891149520874023
39, 18.392995834350586, 0.09943583607673645, -0.3825688064098358
40, 18.642969131469727, 0.09943583607673645, -0.3862261176109314
41, 18.892942428588867, 0.09943583607673645, -0.389883428812027
42, 19.142915725708008, 0.09943583607673645, -0.39354074001312256
43, 19.39288902282715, 0.09943583607673645, -0.39719805121421814
44, 19.64286231994629, 0.09943583607673645, -0.4008553624153137
45, 19.89283561706543, 0.09943583607673645, -0.4045126736164093
46, 20.14280891418457, 0.09943583607673645, -0.4081699848175049
47, 20.39278221130371, 0.09943583607673645, -0.41182729601860046
48, 20.64275550842285, 0.09943583607673645, -0.41548460721969604
49, 20.892728805541992, 0.09943583607673645, -0.4191419184207916
50, 20.892728805541992, 0.09943583607673645, -0.4191419184207916
51, 21.111040115356445, 0.09943583607673645, -0.2973226308822632
52, 21.3293514251709, 0.09943583607673645, -0.17550334334373474
53, 21.3293514251709, 0.09943583607673645, -0.17550334334373474
54, 21.394807815551758, 0.09943583607673645, -0.17646099627017975
55, 21.394807815551758, 0.09943583607673645, -0.17646099627017975
56, 21.394807815551758, 0.09943583607673645, -0.17646099627017975
57, 21.394807815551758, 0.09943583607673645, -0.17646099627017975
58, 21.61311912536621, 0.09943583607673645, -0.054641708731651306
59, 21.61311912536621, 0.09943583607673645, -0.054641708731651306
60, 21.79214096069336, 0.09943583607673645, -0.05726093053817749
61, 21.79214096069336, 0.09943583607673645, -0.05726093053817749
62, 21.79214096069336, 0.09943583607673645, -0.05726093053817749
63, 21.79214096069336, 0.09943583607673645, -0.05726093053817749
64, 21.79214096069336, 0.09943583607673645, -0.05726093053817749
65, 21.79214096069336, 0.09943583607673645, -0.05726093053817749
66, 21.79214096069336, 0.09943583607673645, -0.05726093053817749
67, 21.79214096069336, 0.09943583607673645, -0.05726093053817749
68, 21.79214096069336, 0.09943583607673645, -0.05726093053817749
69, 21.79214096069336, 0.09943583607673645, -0.05726093053817749
70, 21.911306381225586, 0.09943583607673645, 0.009234428405761719
71, 21.911306381225586, 0.09943583607673645, 0.009234428405761719
72, 21.911306381225586, 0.09943583607673645, 0.009234428405761719
73, 22.125961303710938, 0.09943583607673645, -0.11891952157020569
74, 22.34061622619629, 0.09943583607673645, -0.2470734715461731
75, 22.55527114868164, 0.09943583607673645, -0.3752274215221405
76, 22.55527114868164, 0.09943583607673645, -0.3752274215221405
77, 22.67708969116211, 0.09943583607673645, -0.5935392379760742
78, 22.67708969116211, 0.09943583607673645, -0.5935392379760742
79, 22.89174461364746, 0.09943583607673645, -0.721693217754364
80, 23.106399536132812, 0.09943583607673645, -0.8498471975326538
81, 23.321054458618164, 0.09943583607673645, -0.9780011773109436
82, 23.535709381103516, 0.09943583607673645, -1.1061551570892334
83, 23.535709381103516, 0.09943583607673645, -1.1061551570892334
84, 23.785682678222656, 0.09943583607673645, -1.1098124980926514
85, 23.785682678222656, 0.09943583607673645, -1.1098124980926514
86, 23.785682678222656, 0.09943583607673645, -1.1098124980926514
87, 24.035655975341797, 0.09943583607673645, -1.1134698390960693
88, 24.285629272460938, 0.09943583607673645, -1.1171271800994873
89, 24.285629272460938, 0.09943583607673645, -1.1171271800994873
90, 24.285629272460938, 0.09943583607673645, -1.1171271800994873
91, 24.285629272460938, 0.09943583607673645, -1.1171271800994873
92, 24.285629272460938, 0.09943583607673645, -1.1171271800994873
93, 24.285629272460938, 0.09943583607673645, -1.1171271800994873
94, 24.285629272460938, 0.09943583607673645, -1.1171271800994873
95, 24.285629272460938, 0.09943583607673645, -1.1171271800994873
96, 24.285629272460938, 0.09943583607673645, -1.1171271800994873
97, 24.035655975341797, 0.09943583607673645, -1.1134698390960693
98, 23.785682678222656, 0.09943583607673645, -1.1098124980926514
99, 23.535709381103516, 0.09943583607673645, -1.1061551570892334
100, 23.535709381103516, 0.09943583607673645, -1.1061551570892334
101, 23.535709381103516, 0.09943583607673645, -1.1061551570892334
102, 23.535709381103516, 0.09943583607673645, -1.1061551570892334
103, 23.535709381103516, 0.09943583607673645, -1.1061551570892334
104, 23.535709381103516, 0.09943583607673645, -1.1061551570892334
105, 23.535709381103516, 0.09943583607673645, -1.1061551570892334
106, 23.785682678222656, 0.09943583607673645, -1.1098124980926514
107, 24.035655975341797, 0.09943583607673645, -1.1134698390960693
108, 24.035655975341797, 0.09943583607673645, -1.1134698390960693
109, 24.035655975341797, 0.09943583607673645, -1.1134698390960693
110, 24.035655975341797, 0.09943583607673645, -1.1134698390960693
111, 24.035655975341797, 0.09943583607673645, -1.1134698390960693
112, 24.035655975341797, 0.09943583607673645, -1.1134698390960693
113, 24.035655975341797, 0.09943583607673645, -1.1134698390960693
114, 23.785682678222656, 0.09943583607673645, -1.1098124980926514
115, 23.535709381103516, 0.09943583607673645, -1.1061551570892334
116, 23.535709381103516, 0.09943583607673645, -1.1061551570892334
117, 23.535709381103516, 0.09943583607673645, -1.1061551570892334
118, 23.535709381103516, 0.09943583607673645, -1.1061551570892334
119, 23.535709381103516, 0.09943583607673645, -1.1061551570892334
120, 23.535709381103516, 0.09943583607673645, -1.1061551570892334
121, 23.535709381103516, 0.09943583607673645, -1.1061551570892334
122, 23.285736083984375, 0.09943583607673645, -1.1024978160858154
123, 23.285736083984375, 0.09943583607673645, -1.1024978160858154
124, 23.071081161499023, 0.09943583607673645, -0.9743438959121704
125, 23.071081161499023, 0.09943583607673645, -0.9743438959121704
126, 23.071081161499023, 0.09943583607673645, -0.9743438959121704
127, 23.071081161499023, 0.09943583607673645, -0.9743438959121704
128, 23.071081161499023, 0.09943583607673645, -0.9743438959121704
129, 23.071081161499023, 0.09943583607673645, -0.9743438959121704
130, 23.321054458618164, 0.09943583607673645, -0.9780012369155884
131, 23.321054458618164, 0.09943583607673645, -0.9780012369155884
132, 23.535709381103516, 0.09943583607673645, -1.1061551570892334
133, 23.535709381103516, 0.09943583607673645, -1.1061551570892334
134, 23.785682678222656, 0.09943583607673645, -1.1098124980926514
135, 24.035655975341797, 0.09943583607673645, -1.1134698390960693
136, 24.035655975341797, 0.09943583607673645, -1.1134698390960693
137, 24.25396728515625, 0.09943583607673645, -0.9916505813598633
138, 24.25396728515625, 0.09943583607673645, -0.9916505813598633
139, 24.25396728515625, 0.09943583607673645, -0.9916505813598633
140, 24.25396728515625, 0.09943583607673645, -0.9916505813598633
141, 24.25396728515625, 0.09943583607673645, -0.9916505813598633
142, 24.25396728515625, 0.09943583607673645, -0.9916505813598633
143, 24.00399398803711, 0.09943583607673645, -0.9879932403564453
144, 23.75402069091797, 0.09943583607673645, -0.9843358993530273
145, 23.504047393798828, 0.09943583607673645, -0.9806785583496094
146, 23.254074096679688, 0.09943583607673645, -0.9770212173461914
147, 23.254074096679688, 0.09943583607673645, -0.9770212173461914
148, 23.254074096679688, 0.09943583607673645, -0.9770212173461914
149, 23.254074096679688, 0.09943583607673645, -0.9770212173461914
150, 23.035762786865234, 0.09943583607673645, -1.0988404750823975
151, 23.035762786865234, 0.09943583607673645, -1.0988404750823975
152, 23.035762786865234, 0.09943583607673645, -1.0988404750823975
153, 23.035762786865234, 0.09943583607673645, -1.0988404750823975
154, 23.035762786865234, 0.09943583607673645, -1.0988404750823975
155, 23.035762786865234, 0.09943583607673645, -1.0988404750823975
156, 23.035762786865234, 0.09943583607673645, -1.0988404750823975
157, 23.035762786865234, 0.09943583607673645, -1.0988404750823975
158, 23.035762786865234, 0.09943583607673645, -1.0988404750823975
159, 23.035762786865234, 0.09943583607673645, -1.0988404750823975
160, 23.285736083984375, 0.09943583607673645, -1.1024978160858154
161, 23.535709381103516, 0.09943583607673645, -1.1061551570892334
162, 23.785682678222656, 0.09943583607673645, -1.1098124980926514
163, 24.035655975341797, 0.09943583607673645, -1.1134698390960693
164, 24.285629272460938, 0.09943583607673645, -1.1171271800994873
165, 24.285629272460938, 0.09943583607673645, -1.1171271800994873
166, 24.285629272460938, 0.09943583607673645, -1.1171271800994873
167, 24.285629272460938, 0.09943583607673645, -1.1171271800994873
168, 24.285629272460938, 0.09943583607673645, -1.1171271800994873
169, 24.285629272460938, 0.09943583607673645, -1.1171271800994873
170, 24.285629272460938, 0.09943583607673645, -1.1171271800994873
171, 24.035655975341797, 0.09943583607673645, -1.1134698390960693
172, 23.785682678222656, 0.09943583607673645, -1.1098124980926514
173, 23.535709381103516, 0.09943583607673645, -1.1061551570892334
174, 23.535709381103516, 0.09943583607673645, -1.1061551570892334
175, 23.321054458618164, 0.09943583607673645, -0.9780012369155884
176, 23.106399536132812, 0.09943583607673645, -0.8498473167419434
177, 23.106399536132812, 0.09943583607673645, -0.8498473167419434
178, 23.106399536132812, 0.09943583607673645, -0.8498473167419434
179, 23.106399536132812, 0.09943583607673645, -0.8498473167419434
180, 23.106399536132812, 0.09943583607673645, -0.8498473167419434
181, 23.106399536132812, 0.09943583607673645, -0.8498473167419434
182, 23.106399536132812, 0.09943583607673645, -0.8498473167419434
183, 23.321054458618164, 0.09943583607673645, -0.9780012369155884
184, 23.535709381103516, 0.09943583607673645, -1.1061551570892334
185, 23.535709381103516, 0.09943583607673645, -1.1061551570892334
186, 23.785682678222656, 0.09943583607673645, -1.1098124980926514
187, 24.035655975341797, 0.09943583607673645, -1.1134698390960693
188, 24.285629272460938, 0.09943583607673645, -1.1171271800994873
189, 24.285629272460938, 0.09943583607673645, -1.1171271800994873
190, 24.285629272460938, 0.09943583607673645, -1.1171271800994873
191, 24.285629272460938, 0.09943583607673645, -1.1171271800994873
192, 24.285629272460938, 0.09943583607673645, -1.1171271800994873
193, 24.285629272460938, 0.09943583607673645, -1.1171271800994873
194, 24.285629272460938, 0.09943583607673645, -1.1171271800994873
195, 24.035655975341797, 0.09943583607673645, -1.1134698390960693
196, 23.785682678222656, 0.09943583607673645, -1.1098124980926514
197, 23.535709381103516, 0.09943583607673645, -1.1061551570892334
198, 23.535709381103516, 0.09943583607673645, -1.1061551570892334
199, 23.321054458618164, 0.09943583607673645, -0.9780012369155884
200, 23.106399536132812, 0.09943583607673645, -0.8498473167419434
201, 23.106399536132812, 0.09943583607673645, -0.8498473167419434
202, 23.106399536132812, 0.09943583607673645, -0.8498473167419434
203, 23.106399536132812, 0.09943583607673645, -0.8498473167419434
204, 23.106399536132812, 0.09943583607673645, -0.8498473167419434
205, 23.106399536132812, 0.09943583607673645, -0.8498473167419434
206, 23.106399536132812, 0.09943583607673645, -0.8498473167419434
207, 23.321054458618164, 0.09943583607673645, -0.9780012369155884
208, 23.535709381103516, 0.09943583607673645, -1.1061551570892334
209, 23.535709381103516, 0.09943583607673645, -1.1061551570892334
210, 23.785682678222656, 0.09943583607673645, -1.1098124980926514
211, 24.035655975341797, 0.09943583607673645, -1.1134698390960693
212, 24.035655975341797, 0.09943583607673645, -1.1134698390960693
213, 24.25396728515625, 0.09943583607673645, -0.9916505813598633
214, 24.25396728515625, 0.09943583607673645, -0.9916505813598633
215, 24.25396728515625, 0.09943583607673645, -0.9916505813598633
216, 24.25396728515625, 0.09943583607673645, -0.9916505813598633
217, 24.25396728515625, 0.09943583607673645, -0.9916505813598633
218, 24.25396728515625, 0.09943583607673645, -0.9916505813598633
219, 24.00399398803711, 0.09943583607673645, -0.9879932403564453
220, 23.75402069091797, 0.09943583607673645, -0.9843358993530273
221, 23.504047393798828, 0.09943583607673645, -0.9806785583496094
222, 23.254074096679688, 0.09943583607673645, -0.9770212173461914
223, 23.254074096679688, 0.09943583607673645, -0.9770212173461914
224, 23.254074096679688, 0.09943583607673645, -0.9770212173461914
225, 23.004100799560547, 0.09943583607673645, -0.9733638763427734
226, 23.004100799560547, 0.09943583607673645, -0.9733638763427734
227, 23.004100799560547, 0.09943583607673645, -0.9733638763427734
228, 23.004100799560547, 0.09943583607673645, -0.9733638763427734
229, 23.004100799560547, 0.09943583607673645, -0.9733638763427734
230, 23.004100799560547, 0.09943583607673645, -0.9733638763427734
231, 23.004100799560547, 0.09943583607673645, -0.9733638763427734
232, 22.754127502441406, 0.09943583607673645, -0.9697065353393555
233, 22.754127502441406, 0.09943583607673645, -0.9697065353393555
234, 22.539472579956055, 0.09943583607673645, -0.8415526151657104
235, 22.539472579956055, 0.09943583607673645, -0.8415526151657104
236, 22.539472579956055, 0.09943583607673645, -0.8415526151657104
237, 22.539472579956055, 0.09943583607673645, -0.8415526151657104
238, 22.539472579956055, 0.09943583607673645, -0.8415526151657104
239, 22.539472579956055, 0.09943583607673645, -0.8415526151657104
240, 22.789445877075195, 0.09943583607673645, -0.8452099561691284
241, 22.789445877075195, 0.09943583607673645, -0.8452099561691284
242, 23.004100799560547, 0.09943583607673645, -0.9733638763427734
243, 23.2187557220459, 0.09943583607673645, -1.1015177965164185
244, 23.2187557220459, 0.09943583607673645, -1.1015177965164185
245, 23.46872901916504, 0.09943583607673645, -1.1051751375198364
246, 23.71870231628418, 0.09943583607673645, -1.1088324785232544
247, 23.96867561340332, 0.09943583607673645, -1.1124898195266724
248, 24.21864891052246, 0.09943583607673645, -1.1161471605300903
249, 24.21864891052246, 0.09943583607673645, -1.1161471605300903
250, 24.21864891052246, 0.09943583607673645, -1.1161471605300903
251, 24.346803665161133, 0.09943583607673645, -0.9014925956726074
252, 24.346803665161133, 0.09943583607673645, -0.9014925956726074
253, 24.346803665161133, 0.09943583607673645, -0.9014925956726074
254, 24.346803665161133, 0.09943583607673645, -0.9014925956726074
255, 24.346803665161133, 0.09943583607673645, -0.9014925956726074
256, 24.346803665161133, 0.09943583607673645, -0.9014925956726074
257, 24.12849235534668, 0.09943583607673645, -1.0233118534088135
258, 23.910181045532227, 0.09943583607673645, -1.1451311111450195
259, 23.910181045532227, 0.09943583607673645, -1.1451311111450195
260, 23.660207748413086, 0.09943583607673645, -1.1414737701416016
261, 23.660207748413086, 0.09943583607673645, -1.1414737701416016
262, 23.445552825927734, 0.09943583607673645, -1.0133198499679565
263, 23.445552825927734, 0.09943583607673645, -1.0133198499679565
264, 23.195579528808594, 0.09943583607673645, -1.0096625089645386
265, 23.195579528808594, 0.09943583607673645, -1.0096625089645386
266, 23.195579528808594, 0.09943583607673645, -1.0096625089645386
267, 23.195579528808594, 0.09943583607673645, -1.0096625089645386
268, 23.195579528808594, 0.09943583607673645, -1.0096625089645386
269, 23.195579528808594, 0.09943583607673645, -1.0096625089645386
270, 23.195579528808594, 0.09943583607673645, -1.0096625089645386
271, 22.945606231689453, 0.09943583607673645, -1.0060051679611206
272, 22.945606231689453, 0.09943583607673645, -1.0060051679611206
273, 22.945606231689453, 0.09943583607673645, -1.0060051679611206
274, 22.945606231689453, 0.09943583607673645, -1.0060051679611206
275, 22.945606231689453, 0.09943583607673645, -1.0060051679611206
276, 22.945606231689453, 0.09943583607673645, -1.0060051679611206
277, 22.945606231689453, 0.09943583607673645, -1.0060051679611206
278, 23.195579528808594, 0.09943583607673645, -1.0096625089645386
279, 23.445552825927734, 0.09943583607673645, -1.0133198499679565
280, 23.695526123046875, 0.09943583607673645, -1.0169771909713745
281, 23.945499420166016, 0.09943583607673645, -1.0206345319747925
282, 24.195472717285156, 0.09943583607673645, -1.0242918729782104
283, 24.195472717285156, 0.09943583607673645, -1.0242918729782104
284, 24.195472717285156, 0.09943583607673645, -1.0242918729782104
285, 24.195472717285156, 0.09943583607673645, -1.0242918729782104
286, 24.195472717285156, 0.09943583607673645, -1.0242918729782104
287, 24.195472717285156, 0.09943583607673645, -1.0242918729782104
288, 24.195472717285156, 0.09943583607673645, -1.0242918729782104
289, 23.945499420166016, 0.09943583607673645, -1.0206345319747925
290, 23.695526123046875, 0.09943583607673645, -1.0169771909713745
291, 23.445552825927734, 0.09943583607673645, -1.0133198499679565
292, 23.445552825927734, 0.09943583607673645, -1.0133198499679565
293, 23.230897903442383, 0.09943583607673645, -0.8851659297943115
294, 23.01624298095703, 0.09943583607673645, -0.7570120096206665
295, 23.01624298095703, 0.09943583607673645, -0.7570120096206665
296, 23.01624298095703, 0.09943583607673645, -0.7570120096206665
297, 23.01624298095703, 0.09943583607673645, -0.7570120096206665
298, 23.01624298095703, 0.09943583607673645, -0.7570120096206665
299, 23.01624298095703, 0.09943583607673645, -0.7570120096206665
300, 23.01624298095703, 0.09943583607673645, -0.7570120096206665
301, 23.230897903442383, 0.09943583607673645, -0.8851659297943115
302, 23.445552825927734, 0.09943583607673645, -1.0133198499679565
303, 23.445552825927734, 0.09943583607673645, -1.0133198499679565
304, 23.695526123046875, 0.09943583607673645, -1.0169771909713745
305, 23.945499420166016, 0.09943583607673645, -1.0206345319747925
306, 24.195472717285156, 0.09943583607673645, -1.0242918729782104
307, 24.195472717285156, 0.09943583607673645, -1.0242918729782104
308, 24.195472717285156, 0.09943583607673645, -1.0242918729782104
309, 24.195472717285156, 0.09943583607673645, -1.0242918729782104
310, 24.195472717285156, 0.09943583607673645, -1.0242918729782104
311, 24.195472717285156, 0.09943583607673645, -1.0242918729782104
312, 24.195472717285156, 0.09943583607673645, -1.0242918729782104
313, 23.945499420166016, 0.09943583607673645, -1.0206345319747925
314, 23.695526123046875, 0.09943583607673645, -1.0169771909713745
315, 23.445552825927734, 0.09943583607673645, -1.0133198499679565
316, 23.445552825927734, 0.09943583607673645, -1.0133198499679565
317, 23.230897903442383, 0.09943583607673645, -0.8851659297943115
318, 23.01624298095703, 0.09943583607673645, -0.7570120096206665
319, 23.01624298095703, 0.09943583607673645, -0.7570120096206665
320, 23.01624298095703, 0.09943583607673645, -0.7570120096206665
321, 23.01624298095703, 0.09943583607673645, -0.7570120096206665
322, 23.01624298095703, 0.09943583607673645, -0.7570120096206665
323, 23.01624298095703, 0.09943583607673645, -0.7570120096206665
324, 23.01624298095703, 0.09943583607673645, -0.7570120096206665
325, 23.230897903442383, 0.09943583607673645, -0.8851659297943115
326, 23.445552825927734, 0.09943583607673645, -1.0133198499679565
327, 23.445552825927734, 0.09943583607673645, -1.0133198499679565
328, 23.695526123046875, 0.09943583607673645, -1.0169771909713745
329, 23.945499420166016, 0.09943583607673645, -1.0206345319747925
330, 24.195472717285156, 0.09943583607673645, -1.0242918729782104
331, 24.195472717285156, 0.09943583607673645, -1.0242918729782104
332, 24.195472717285156, 0.09943583607673645, -1.0242918729782104
333, 24.195472717285156, 0.09943583607673645, -1.0242918729782104
334, 24.195472717285156, 0.09943583607673645, -1.0242918729782104
335, 24.195472717285156, 0.09943583607673645, -1.0242918729782104
336, 24.195472717285156, 0.09943583607673645, -1.0242918729782104
337, 23.945499420166016, 0.09943583607673645, -1.0206345319747925
338, 23.695526123046875, 0.09943583607673645, -1.0169771909713745
339, 23.445552825927734, 0.09943583607673645, -1.0133198499679565
340, 23.445552825927734, 0.09943583607673645, -1.0133198499679565
341, 23.230897903442383, 0.09943583607673645, -0.8851659297943115
342, 23.01624298095703, 0.09943583607673645, -0.7570120096206665
343, 23.01624298095703, 0.09943583607673645, -0.7570120096206665
344, 23.01624298095703, 0.09943583607673645, -0.7570120096206665
345, 23.01624298095703, 0.09943583607673645, -0.7570120096206665
346, 23.01624298095703, 0.09943583607673645, -0.7570120096206665
347, 23.01624298095703, 0.09943583607673645, -0.7570120096206665
348, 23.01624298095703, 0.09943583607673645, -0.7570120096206665
349, 23.230897903442383, 0.09943583607673645, -0.8851659297943115
350, 23.445552825927734, 0.09943583607673645, -1.0133198499679565
351, 23.445552825927734, 0.09943583607673645, -1.0133198499679565
352, 23.695526123046875, 0.09943583607673645, -1.0169771909713745
353, 23.945499420166016, 0.09943583607673645, -1.0206345319747925
354, 24.195472717285156, 0.09943583607673645, -1.0242918729782104
355, 24.195472717285156, 0.09943583607673645, -1.0242918729782104
356, 24.195472717285156, 0.09943583607673645, -1.0242918729782104
357, 24.195472717285156, 0.09943583607673645, -1.0242918729782104
358, 24.195472717285156, 0.09943583607673645, -1.0242918729782104
359, 24.195472717285156, 0.09943583607673645, -1.0242918729782104
360, 24.195472717285156, 0.09943583607673645, -1.0242918729782104
361, 23.945499420166016, 0.09943583607673645, -1.0206345319747925
362, 23.695526123046875, 0.09943583607673645, -1.0169771909713745
363, 23.445552825927734, 0.09943583607673645, -1.0133198499679565
364, 23.445552825927734, 0.09943583607673645, -1.0133198499679565
365, 23.230897903442383, 0.09943583607673645, -0.8851659297943115
366, 23.01624298095703, 0.09943583607673645, -0.7570120096206665
367, 23.01624298095703, 0.09943583607673645, -0.7570120096206665
368, 23.01624298095703, 0.09943583607673645, -0.7570120096206665
369, 23.01624298095703, 0.09943583607673645, -0.7570120096206665
370, 23.01624298095703, 0.09943583607673645, -0.7570120096206665
371, 23.01624298095703, 0.09943583607673645, -0.7570120096206665
372, 23.01624298095703, 0.09943583607673645, -0.7570120096206665
373, 23.230897903442383, 0.09943583607673645, -0.8851659297943115
374, 23.445552825927734, 0.09943583607673645, -1.0133198499679565
375, 23.445552825927734, 0.09943583607673645, -1.0133198499679565
376, 23.695526123046875, 0.09943583607673645, -1.0169771909713745
377, 23.945499420166016, 0.09943583607673645, -1.0206345319747925
378, 24.195472717285156, 0.09943583607673645, -1.0242918729782104
379, 24.195472717285156, 0.09943583607673645, -1.0242918729782104
380, 24.195472717285156, 0.09943583607673645, -1.0242918729782104
381, 24.195472717285156, 0.09943583607673645, -1.0242918729782104
382, 24.195472717285156, 0.09943583607673645, -1.0242918729782104
383, 24.195472717285156, 0.09943583607673645, -1.0242918729782104
384, 24.195472717285156, 0.09943583607673645, -1.0242918729782104
385, 23.945499420166016, 0.09943583607673645, -1.0206345319747925
386, 23.695526123046875, 0.09943583607673645, -1.0169771909713745
387, 23.445552825927734, 0.09943583607673645, -1.0133198499679565
388, 23.445552825927734, 0.09943583607673645, -1.0133198499679565
389, 23.230897903442383, 0.09943583607673645, -0.8851659297943115
390, 23.01624298095703, 0.09943583607673645, -0.7570120096206665
391, 23.01624298095703, 0.09943583607673645, -0.7570120096206665
392, 23.01624298095703, 0.09943583607673645, -0.7570120096206665
393, 23.01624298095703, 0.09943583607673645, -0.7570120096206665
394, 23.01624298095703, 0.09943583607673645, -0.7570120096206665
395, 23.01624298095703, 0.09943583607673645, -0.7570120096206665
396, 23.01624298095703, 0.09943583607673645, -0.7570120096206665
397, 23.230897903442383, 0.09943583607673645, -0.8851659297943115
398, 23.445552825927734, 0.09943583607673645, -1.0133198499679565
399, 23.445552825927734, 0.09943583607673645, -1.0133198499679565
400, 23.695526123046875, 0.09943583607673645, -1.0169771909713745
401, 23.945499420166016, 0.09943583607673645, -1.0206345319747925
402, 24.195472717285156, 0.09943583607673645, -1.0242918729782104
403, 24.195472717285156, 0.09943583607673645, -1.0242918729782104
404, 24.195472717285156, 0.09943583607673645, -1.0242918729782104
405, 24.195472717285156, 0.09943583607673645, -1.0242918729782104
406, 24.195472717285156, 0.09943583607673645, -1.0242918729782104
407, 24.195472717285156, 0.09943583607673645, -1.0242918729782104
408, 24.195472717285156, 0.09943583607673645, -1.0242918729782104
409, 23.945499420166016, 0.09943583607673645, -1.0206345319747925
410, 23.695526123046875, 0.09943583607673645, -1.0169771909713745
411, 23.445552825927734, 0.09943583607673645, -1.0133198499679565
412, 23.445552825927734, 0.09943583607673645, -1.0133198499679565
413, 23.230897903442383, 0.09943583607673645, -0.8851659297943115
414, 23.01624298095703, 0.09943583607673645, -0.7570120096206665
415, 23.01624298095703, 0.09943583607673645, -0.7570120096206665
416, 23.01624298095703, 0.09943583607673645, -0.7570120096206665
417, 23.01624298095703, 0.09943583607673645, -0.7570120096206665
418, 23.01624298095703, 0.09943583607673645, -0.7570120096206665
419, 23.01624298095703, 0.09943583607673645, -0.7570120096206665
420, 23.01624298095703, 0.09943583607673645, -0.7570120096206665
421, 23.01624298095703, 0.09943583607673645, -0.7570120096206665
422, 23.01624298095703, 0.09943583607673645, -0.7570120096206665
423, 23.01624298095703, 0.09943583607673645, -0.7570120096206665
424, 23.01624298095703, 0.09943583607673645, -0.7570120096206665
425, 23.01624298095703, 0.09943583607673645, -0.7570120096206665
426, 23.01624298095703, 0.09943583607673645, -0.7570120096206665
427, 23.230897903442383, 0.09943583607673645, -0.8851659297943115
428, 23.445552825927734, 0.09943583607673645, -1.0133198499679565
429, 23.445552825927734, 0.09943583607673645, -1.0133198499679565
430, 23.445552825927734, 0.09943583607673645, -1.0133198499679565
431, 23.660207748413086, 0.09943583607673645, -1.1414737701416016
432, 23.660207748413086, 0.09943583607673645, -1.1414737701416016
433, 23.910181045532227, 0.09943583607673645, -1.1451311111450195
434, 24.160154342651367, 0.09943583607673645, -1.1487884521484375
435, 24.160154342651367, 0.09943583607673645, -1.1487884521484375
436, 24.160154342651367, 0.09943583607673645, -1.1487884521484375
437, 24.160154342651367, 0.09943583607673645, -1.1487884521484375
438, 24.160154342651367, 0.09943583607673645, -1.1487884521484375
439, 24.160154342651367, 0.09943583607673645, -1.1487884521484375
440, 24.160154342651367, 0.09943583607673645, -1.1487884521484375
441, 23.910181045532227, 0.09943583607673645, -1.1451311111450195
442, 23.660207748413086, 0.09943583607673645, -1.1414737701416016
443, 23.660207748413086, 0.09943583607673645, -1.1414737701416016
444, 23.445552825927734, 0.09943583607673645, -1.0133198499679565
445, 23.230897903442383, 0.09943583607673645, -0.8851659297943115
446, 23.230897903442383, 0.09943583607673645, -0.8851659297943115
447, 23.230897903442383, 0.09943583607673645, -0.8851659297943115
448, 23.230897903442383, 0.09943583607673645, -0.8851659297943115
449, 23.230897903442383, 0.09943583607673645, -0.8851659297943115
450, 23.230897903442383, 0.09943583607673645, -0.8851659297943115
451, 23.230897903442383, 0.09943583607673645, -0.8851659297943115
452, 23.230897903442383, 0.09943583607673645, -0.8851659297943115
453, 23.230897903442383, 0.09943583607673645, -0.8851659297943115
454, 23.445552825927734, 0.09943583607673645, -1.0133198499679565
455, 23.660207748413086, 0.09943583607673645, -1.1414737701416016
456, 23.660207748413086, 0.09943583607673645, -1.1414737701416016
457, 23.910181045532227, 0.09943583607673645, -1.1451311111450195
458, 24.160154342651367, 0.09943583607673645, -1.1487884521484375
459, 24.160154342651367, 0.09943583607673645, -1.1487884521484375
460, 24.37846565246582, 0.09943583607673645, -1.0269691944122314
461, 24.37846565246582, 0.09943583607673645, -1.0269691944122314
462, 24.37846565246582, 0.09943583607673645, -1.0269691944122314
463, 24.37846565246582, 0.09943583607673645, -1.0269691944122314
464, 24.37846565246582, 0.09943583607673645, -1.0269691944122314
465, 24.37846565246582, 0.09943583607673645, -1.0269691944122314
466, 24.12849235534668, 0.09943583607673645, -1.0233118534088135
467, 23.87851905822754, 0.09943583607673645, -1.0196545124053955
468, 23.6285457611084, 0.09943583607673645, -1.0159971714019775
469, 23.378572463989258, 0.09943583607673645, -1.0123398303985596
470, 23.378572463989258, 0.09943583607673645, -1.0123398303985596
471, 23.378572463989258, 0.09943583607673645, -1.0123398303985596
472, 23.128599166870117, 0.09943583607673645, -1.0086824893951416
473, 23.128599166870117, 0.09943583607673645, -1.0086824893951416
474, 23.128599166870117, 0.09943583607673645, -1.0086824893951416
475, 23.128599166870117, 0.09943583607673645, -1.0086824893951416
476, 23.128599166870117, 0.09943583607673645, -1.0086824893951416
477, 22.878625869750977, 0.09943583607673645, -1.0050251483917236
478, 22.878625869750977, 0.09943583607673645, -1.0050251483917236
479, 22.663970947265625, 0.09943583607673645, -0.8768712282180786
480, 22.663970947265625, 0.09943583607673645, -0.8768712282180786
481, 22.663970947265625, 0.09943583607673645, -0.8768712282180786
482, 22.663970947265625, 0.09943583607673645, -0.8768712282180786
483, 22.663970947265625, 0.09943583607673645, -0.8768712282180786
484, 22.663970947265625, 0.09943583607673645, -0.8768712282180786
485, 22.913944244384766, 0.09943583607673645, -0.8805285692214966
486, 23.163917541503906, 0.09943583607673645, -0.8841859102249146
487, 23.163917541503906, 0.09943583607673645, -0.8841859102249146
488, 23.378572463989258, 0.09943583607673645, -1.0123398303985596
489, 23.59322738647461, 0.09943583607673645, -1.1404937505722046
490, 23.59322738647461, 0.09943583607673645, -1.1404937505722046
491, 23.84320068359375, 0.09943583607673645, -1.1441510915756226
492, 24.09317398071289, 0.09943583607673645, -1.1478084325790405
493, 24.09317398071289, 0.09943583607673645, -1.1478084325790405
494, 24.311485290527344, 0.09943583607673645, -1.0259891748428345
495, 24.311485290527344, 0.09943583607673645, -1.0259891748428345
496, 24.311485290527344, 0.09943583607673645, -1.0259891748428345
497, 24.311485290527344, 0.09943583607673645, -1.0259891748428345
498, 24.311485290527344, 0.09943583607673645, -1.0259891748428345
499, 24.311485290527344, 0.09943583607673645, -1.0259891748428345
