1, 6.799537181854248, 2.880223035812378, 2.9310379028320312
2, 6.799537181854248, 2.880223035812378, 2.9310379028320312
3, 6.799537181854248, 2.880223035812378, 2.9310379028320312
4, 6.799537181854248, 2.880223035812378, 2.9310379028320312
5, 6.799537181854248, 2.880223035812378, 2.9310379028320312
6, 6.799537181854248, 2.880223035812378, 2.9310379028320312
7, 6.799537181854248, 2.880223035812378, 2.9310379028320312
8, 6.799537181854248, 2.880223035812378, 2.9310379028320312
9, 6.799537181854248, 2.880223035812378, 2.9310379028320312
10, 6.799537181854248, 2.880223035812378, 2.9310379028320312
11, 6.799537181854248, 2.880223035812378, 2.9310379028320312
12, 6.799537181854248, 2.880223035812378, 2.9310379028320312
13, 6.799537181854248, 2.880223035812378, 2.9310379028320312
14, 6.799537181854248, 2.880223035812378, 2.9310379028320312
15, 6.799537181854248, 2.880223035812378, 2.9310379028320312
16, 6.799537181854248, 2.880223035812378, 2.9310379028320312
17, 6.799537181854248, 2.880223035812378, 2.9310379028320312
18, 6.799537181854248, 2.880223035812378, 2.9310379028320312
19, 6.799537181854248, 2.880223035812378, 2.9310379028320312
20, 6.665061950683594, 2.880223035812378, 2.7202858924865723
21, 6.665061950683594, 2.880223035812378, 2.7202858924865723
22, 6.6539788246154785, 2.880223035812378, 2.470531702041626
23, 6.642895698547363, 2.880223035812378, 2.2207775115966797
24, 6.642895698547363, 2.880223035812378, 2.2207775115966797
25, 6.508420467376709, 2.880223035812378, 2.0100255012512207
26, 6.373945236206055, 2.880223035812378, 1.7992736101150513
27, 6.373945236206055, 2.880223035812378, 1.7992736101150513
28, 6.1521100997924805, 2.880223035812378, 1.6839947700500488
29, 6.1521100997924805, 2.880223035812378, 1.6839947700500488
30, 6.1521100997924805, 2.880223035812378, 1.6839947700500488
31, 6.1521100997924805, 2.880223035812378, 1.6839947700500488
32, 6.1521100997924805, 2.880223035812378, 1.6839947700500488
33, 6.1521100997924805, 2.880223035812378, 1.6839947700500488
34, 6.286585330963135, 2.880223035812378, 1.8947466611862183
35, 6.421060562133789, 2.880223035812378, 2.1054985523223877
36, 6.421060562133789, 2.880223035812378, 2.1054985523223877
37, 6.432143688201904, 2.880223035812378, 2.355252742767334
38, 2.0479650497436523, -2.5197770595550537, 1.655942678451538
