1, 3.844099760055542, -2.576007843017578, -1.6931655406951904
2, 3.844099760055542, -2.576007843017578, -1.6931655406951904
3, 3.844099760055542, -2.576007843017578, -1.6931655406951904
4, 3.844099760055542, -2.576007843017578, -1.6931655406951904
5, 3.844099760055542, -2.576007843017578, -1.6931655406951904
6, 3.844099760055542, -2.576007843017578, -1.6931655406951904
7, 3.844099760055542, -2.576007843017578, -1.6931655406951904
8, 3.844099760055542, -2.576007843017578, -1.6931655406951904
9, 3.844099760055542, -2.576007843017578, -1.6931655406951904
10, 3.844099760055542, -2.576007843017578, -1.6931655406951904
11, 3.844099760055542, -2.576007843017578, -1.6931655406951904
12, 3.844099760055542, -2.576007843017578, -1.6931655406951904
13, 3.844099760055542, -2.576007843017578, -1.6931655406951904
14, 3.844099760055542, -2.576007843017578, -1.6931655406951904
15, 3.844099760055542, -2.576007843017578, -1.6931655406951904
16, 3.844099760055542, -2.576007843017578, -1.6931655406951904
17, 3.6080849170684814, -2.576007843017578, -1.7756097316741943
18, 3.372070074081421, -2.576007843017578, -1.8580539226531982
19, 3.1360552310943604, -2.5618274211883545, -1.9404981136322021
20, 3.1360552310943604, -2.5618274211883545, -1.9404981136322021
21, 2.8904383182525635, -2.543897867202759, -1.8938894271850586
22, 2.8904383182525635, -2.543897867202759, -1.8938894271850586
23, 2.8904383182525635, -2.543897867202759, -1.8938894271850586
24, 2.8904383182525635, -2.543897867202759, -1.8938894271850586
25, 2.7010321617126465, -2.5600085258483887, -1.7307168245315552
26, 2.5116260051727295, -2.576007843017578, -1.5675442218780518
27, 2.5116260051727295, -2.576007843017578, -1.5675442218780518
28, 2.4291818141937256, -2.576007843017578, -1.3315294981002808
29, 2.3467376232147217, -2.576007843017578, -1.0955147743225098
30, 2.3467376232147217, -2.576007843017578, -1.0955147743225098
31, 2.3933463096618652, -2.576007843017578, -0.8498979210853577
32, 2.439954996109009, -2.576007843017578, -0.6042810678482056
33, 2.439954996109009, -2.576007843017578, -0.6042810678482056
34, 2.439954996109009, -2.576007843017578, -0.6042810678482056
35, 2.439954996109009, -2.576007843017578, -0.6042810678482056
36, 2.439954996109009, -2.576007843017578, -0.6042810678482056
37, 2.439954996109009, -2.576007843017578, -0.6042810678482056
38, 2.439954996109009, -2.576007843017578, -0.6042810678482056
39, 2.439954996109009, -2.576007843017578, -0.6042810678482056
40, 2.439954996109009, -2.576007843017578, -0.6042810678482056
41, 2.3933463096618652, -2.576007843017578, -0.8498979210853577
42, 2.3467376232147217, -2.576007843017578, -1.0955147743225098
43, 2.3467376232147217, -2.576007843017578, -1.0955147743225098
44, 2.4291818141937256, -2.576007843017578, -1.3315294981002808
45, 2.5116260051727295, -2.576007843017578, -1.5675442218780518
46, 2.5116260051727295, -2.576007843017578, -1.5675442218780518
47, 2.7010321617126465, -2.5600085258483887, -1.7307169437408447
48, 2.7010321617126465, -2.5600085258483887, -1.7307169437408447
49, 2.7010321617126465, -2.5600085258483887, -1.7307169437408447
50, 2.7010321617126465, -2.5600085258483887, -1.7307169437408447
51, 2.9466490745544434, -2.576007843017578, -1.7773255109786987
52, 3.1922659873962402, -2.576007843017578, -1.8239340782165527
53, 3.437882900238037, -2.576007843017578, -1.8705426454544067
54, 3.683499813079834, -2.576007843017578, -1.9171512126922607
55, 3.929116725921631, -2.576007843017578, -1.9637597799301147
56, 4.174733638763428, -2.576007843017578, -2.0103683471679688
57, 4.420350551605225, -2.576007843017578, -2.056976795196533
58, 4.420350551605225, -2.576007843017578, -2.056976795196533
59, 4.656365394592285, -2.576007843017578, -1.9745324850082397
60, 4.892380237579346, -2.576007843017578, -1.8920881748199463
61, 4.892380237579346, -2.576007843017578, -1.8920881748199463
62, 5.055552959442139, -2.576007843017578, -1.7026820182800293
63, 5.218725681304932, -2.576007843017578, -1.5132758617401123
64, 5.218725681304932, -2.576007843017578, -1.5132758617401123
65, 5.218725681304932, -2.576007843017578, -1.5132758617401123
66, 5.218725681304932, -2.576007843017578, -1.5132758617401123
67, 5.218725681304932, -2.576007843017578, -1.5132758617401123
68, 5.218725681304932, -2.576007843017578, -1.5132758617401123
69, 5.218725681304932, -2.576007843017578, -1.5132758617401123
70, 5.218725681304932, -2.576007843017578, -1.5132758617401123
71, 5.172117233276367, -2.576007843017578, -1.7588927745819092
72, 5.172117233276367, -2.576007843017578, -1.7588927745819092
73, 5.172117233276367, -2.576007843017578, -1.7588927745819092
74, 4.936102390289307, -2.576007843017578, -1.841336965560913
75, 4.700087547302246, -2.576007843017578, -1.923781156539917
76, 4.4640727043151855, -2.576007843017578, -2.006225347518921
77, 4.228057861328125, -2.576007843017578, -2.088669538497925
78, 4.228057861328125, -2.576007843017578, -2.088669538497925
79, 3.982440948486328, -2.576007843017578, -2.0420610904693604
80, 3.7368240356445312, -2.576007843017578, -1.9954525232315063
81, 3.4912071228027344, -2.576007843017578, -1.9488439559936523
82, 3.2455902099609375, -2.576007843017578, -1.9022353887557983
83, 2.9999732971191406, -2.5657873153686523, -1.8556268215179443
84, 2.7543563842773438, -2.5478579998016357, -1.8090182542800903
85, 2.7543563842773438, -2.5478579998016357, -1.8090182542800903
86, 2.5649502277374268, -2.576007843017578, -1.645845651626587
87, 2.5649502277374268, -2.576007843017578, -1.645845651626587
88, 2.482506036758423, -2.576007843017578, -1.409830927848816
89, 2.400061845779419, -2.576007843017578, -1.173816204071045
90, 2.317617654800415, -2.576007843017578, -0.9378014802932739
91, 2.317617654800415, -2.576007843017578, -0.9378014802932739
92, 2.3642261028289795, -2.576007843017578, -0.692184567451477
93, 2.410834550857544, -2.576007843017578, -0.4465676546096802
94, 2.410834550857544, -2.576007843017578, -0.4465676546096802
95, 2.32839035987854, -2.576007843017578, -0.21055293083190918
96, 2.245946168899536, -2.576007843017578, 0.025461792945861816
97, 2.1635019779205322, -2.576007843017578, 0.2614765167236328
98, 2.0810577869415283, -2.576007843017578, 0.4974912405014038
99, 1.9986135959625244, -2.576007843017578, 0.7335059642791748
100, 1.9161694049835205, -2.576007843017578, 0.9695206880569458
101, 1.9161694049835205, -2.576007843017578, 0.9695206880569458
102, 1.7267632484436035, -2.576007843017578, 1.1326932907104492
103, 1.7267632484436035, -2.576007843017578, 1.1326932907104492
104, 1.6443190574645996, -2.576007843017578, 1.3687080144882202
105, 1.5618748664855957, -2.576007843017578, 1.6047227382659912
106, 1.8034017086029053, 2.5578017234802246, -0.7503232359886169
