1, -7.612929821014404, 0.01920294761657715, 2.002997636795044
2, -7.612929821014404, 0.01920294761657715, 2.002997636795044
3, -7.612929821014404, 0.01920294761657715, 2.002997636795044
4, -7.612929821014404, 0.01920294761657715, 2.002997636795044
5, -7.612929821014404, 0.01920294761657715, 2.002997636795044
6, -7.612929821014404, 0.01920294761657715, 2.002997636795044
7, -7.612929821014404, 0.01920294761657715, 2.002997636795044
8, -7.612929821014404, 0.01920294761657715, 2.002997636795044
9, -7.612929821014404, 0.01920294761657715, 2.002997636795044
10, -7.612929821014404, 0.01920294761657715, 2.002997636795044
11, -7.612929821014404, 0.01920294761657715, 2.002997636795044
12, -7.612929821014404, 0.01920294761657715, 2.002997636795044
13, -7.612929821014404, 0.01920294761657715, 2.002997636795044
14, -7.612929821014404, 0.01920294761657715, 2.002997636795044
15, -7.612929821014404, 0.01920294761657715, 2.002997636795044
16, -7.612929821014404, 0.01920294761657715, 2.002997636795044
17, -7.612929821014404, 0.01920294761657715, 2.002997636795044
18, -7.362971305847168, 0.01920294761657715, 1.9984359741210938
19, -7.113012790679932, 0.01920294761657715, 1.9938743114471436
20, -6.863054275512695, 0.01920294761657715, 1.9893126487731934
21, -6.863054275512695, 0.01920294761657715, 1.9893126487731934
22, -6.644303321838379, 0.01920294761657715, 2.1103413105010986
23, -6.4255523681640625, 0.01920294761657715, 2.231369972229004
24, -6.206801414489746, 0.01920294761657715, 2.352398633956909
25, -6.206801414489746, 0.01920294761657715, 2.352398633956909
26, -6.206801414489746, 0.01920294761657715, 2.352398633956909
27, -6.202239513397217, 0.01920294761657715, 2.6023569107055664
28, -6.1976776123046875, 0.01920294761657715, 2.8523154258728027
29, -6.193115711212158, 0.01920294761657715, 3.102273941040039
30, -6.188553810119629, 0.01920294761657715, 3.3522324562072754
31, -6.1839919090271, 0.01920294761657715, 3.6021909713745117
32, -6.1839919090271, 0.01920294761657715, 3.6021909713745117
33, -6.249781608581543, 0.01920294761657715, 3.721101760864258
34, -6.249781608581543, 0.01920294761657715, 3.721101760864258
35, -6.249781608581543, 0.01920294761657715, 3.721101760864258
36, -6.249781608581543, 0.01920294761657715, 3.721101760864258
37, -6.249781608581543, 0.01920294761657715, 3.721101760864258
38, -6.249781608581543, 0.01920294761657715, 3.721101760864258
39, -6.245219707489014, 0.01920294761657715, 3.971060276031494
40, -6.245219707489014, 0.01920294761657715, 3.971060276031494
41, -6.245219707489014, 0.01920294761657715, 3.971060276031494
42, -6.245219707489014, 0.01920294761657715, 3.971060276031494
43, -6.245219707489014, 0.01920294761657715, 3.971060276031494
44, -6.245219707489014, 0.01920294761657715, 3.971060276031494
45, -6.116290092468262, 0.01920294761657715, 4.1852498054504395
46, -6.116290092468262, 0.01920294761657715, 4.1852498054504395
47, -6.116290092468262, 0.01920294761657715, 4.1852498054504395
48, -6.116290092468262, 0.01920294761657715, 4.1852498054504395
49, -6.116290092468262, 0.01920294761657715, 4.1852498054504395
50, -5.9952616691589355, 0.01920294761657715, 3.966498613357544
51, -5.9952616691589355, 0.01920294761657715, 3.966498613357544
52, -5.999823570251465, 0.01920294761657715, 3.7165403366088867
53, -6.004385471343994, 0.01920294761657715, 3.4665820598602295
54, -6.008947372436523, 0.01920294761657715, 3.2166237831115723
55, -6.013509273529053, 0.01920294761657715, 2.966665506362915
56, -6.018071174621582, 0.01920294761657715, 2.716707229614258
57, -6.018071174621582, 0.01920294761657715, 2.716707229614258
58, -5.897042751312256, 0.01920294761657715, 2.4979560375213623
59, -5.77601432800293, 0.01920294761657715, 2.279204845428467
60, -5.77601432800293, 0.01920294761657715, 2.279204845428467
61, -5.561824798583984, 0.01920294761657715, 2.1502749919891357
62, -5.561824798583984, 0.01920294761657715, 2.1502749919891357
63, -5.311866283416748, 0.01920294761657715, 2.1457133293151855
64, -5.061907768249512, 0.01920294761657715, 2.1411516666412354
65, -4.811949253082275, 0.01920294761657715, 2.136590003967285
66, -4.561990737915039, 0.01920294761657715, 2.132028341293335
67, -4.312032222747803, 0.01920294761657715, 2.1274666786193848
68, -4.312032222747803, 0.01920294761657715, 2.1274666786193848
69, -4.093280792236328, 0.01920294761657715, 2.24849534034729
70, -4.093280792236328, 0.01920294761657715, 2.24849534034729
71, -4.093280792236328, 0.01920294761657715, 2.24849534034729
72, -3.879091262817383, 0.01920294761657715, 2.119565486907959
73, -3.6649017333984375, 0.01920294761657715, 1.9906357526779175
74, -3.450712203979492, 0.01920294761657715, 1.861706018447876
75, -3.450712203979492, 0.01920294761657715, 1.861706018447876
76, -3.450712203979492, 0.01920294761657715, 1.861706018447876
77, -3.450712203979492, 0.01920294761657715, 1.861706018447876
78, -3.5796420574188232, 0.01920294761657715, 1.6475166082382202
79, -3.5796420574188232, 0.01920294761657715, 1.6475166082382202
80, -3.7983932495117188, 0.01920294761657715, 1.5264880657196045
81, -3.7983932495117188, 0.01920294761657715, 1.5264880657196045
82, -3.7983932495117188, 0.01920294761657715, 1.5264880657196045
83, -4.017144203186035, 0.01920294761657715, 1.4054594039916992
84, -4.017144203186035, 0.01920294761657715, 1.4054594039916992
85, -4.146073818206787, 0.01920294761657715, 1.1912699937820435
86, -4.146073818206787, 0.01920294761657715, 1.1912699937820435
87, -4.146073818206787, 0.01920294761657715, 1.1912699937820435
88, -4.275003433227539, 0.01920294761657715, 0.9770805835723877
89, -4.275003433227539, 0.01920294761657715, 0.9770805835723877
90, -4.275003433227539, 0.01920294761657715, 0.9770805835723877
91, -4.403933048248291, 0.01920294761657715, 0.7628911733627319
92, -4.403933048248291, 0.01920294761657715, 0.7628911733627319
93, -4.40849494934082, 0.01920294761657715, 0.5129327774047852
94, -4.41305685043335, 0.01920294761657715, 0.2629743814468384
95, -4.417618751525879, 0.01920294761657715, 0.013016000390052795
96, -4.422180652618408, 0.01920294761657715, -0.2369423806667328
97, -4.4267425537109375, 0.01920294761657715, -0.4869007468223572
98, -4.4267425537109375, 0.01920294761657715, -0.4869007468223572
99, -4.4267425537109375, 0.01920294761657715, -0.4869007468223572
100, -4.4267425537109375, 0.01920294761657715, -0.4869007468223572
101, -4.4267425537109375, 0.01920294761657715, -0.4869007468223572
102, -4.4267425537109375, 0.01920294761657715, -0.4869007468223572
103, -4.4267425537109375, 0.01920294761657715, -0.4869007468223572
104, -4.422180652618408, 0.01920294761657715, -0.2369423508644104
105, -4.422180652618408, 0.01920294761657715, -0.2369423508644104
106, -4.543209075927734, 0.01920294761657715, -0.018191158771514893
107, -4.543209075927734, 0.01920294761657715, -0.018191158771514893
108, -4.538647174835205, 0.01920294761657715, 0.23176723718643188
109, -4.534085273742676, 0.01920294761657715, 0.48172563314437866
110, -4.5295233726501465, 0.01920294761657715, 0.7316840291023254
111, -4.5295233726501465, 0.01920294761657715, 0.7316840291023254
112, -4.4005937576293945, 0.01920294761657715, 0.945873498916626
113, -4.4005937576293945, 0.01920294761657715, 0.945873498916626
114, -4.181842803955078, 0.01920294761657715, 1.0669021606445312
115, -3.9630916118621826, 0.01920294761657715, 1.1879308223724365
116, -3.744340419769287, 0.01920294761657715, 1.3089594841003418
117, -3.5255892276763916, 0.01920294761657715, 1.429988145828247
118, -3.5255892276763916, 0.01920294761657715, 1.429988145828247
119, -3.2756309509277344, 0.01920294761657715, 1.4254264831542969
120, -3.025672435760498, 0.01920294761657715, 1.4208648204803467
121, -3.025672435760498, 0.01920294761657715, 1.4208648204803467
122, -2.8114829063415527, 0.01920294761657715, 1.2919350862503052
123, -2.5972933769226074, 0.01920294761657715, 1.1630053520202637
124, -2.383103847503662, 0.01920294761657715, 1.0340756177902222
125, -2.168914318084717, 0.01920294761657715, 0.9051458835601807
126, -1.954724907875061, 0.01920294761657715, 0.7762161493301392
127, -1.7405354976654053, 0.01920294761657715, 0.6472864151000977
128, -1.5263460874557495, 0.01920294761657715, 0.5183566808700562
129, -1.3121566772460938, 0.01920294761657715, 0.38942691683769226
130, -1.3121566772460938, 0.01920294761657715, 0.38942691683769226
131, -1.3121566772460938, 0.01920294761657715, 0.38942691683769226
132, -1.3121566772460938, 0.01920294761657715, 0.38942691683769226
133, -1.3121566772460938, 0.01920294761657715, 0.38942691683769226
134, -1.0934054851531982, 0.01920294761657715, 0.5104554891586304
135, -1.0934054851531982, 0.01920294761657715, 0.5104554891586304
136, -1.0934054851531982, 0.01920294761657715, 0.5104554891586304
137, -1.0888437032699585, 0.01920294761657715, 0.7604138851165771
138, -1.0888437032699585, 0.01920294761657715, 0.7604138851165771
139, -1.0888437032699585, 0.01920294761657715, 0.7604138851165771
140, -1.3030331134796143, 0.01920294761657715, 0.8893436193466187
141, -1.51722252368927, 0.01920294761657715, 1.0182733535766602
142, -1.7314119338989258, 0.01920294761657715, 1.1472030878067017
143, -1.9456013441085815, 0.01920294761657715, 1.2761328220367432
144, -2.1597907543182373, 0.01920294761657715, 1.4050625562667847
145, -2.3739802837371826, 0.01920294761657715, 1.5339922904968262
146, -2.588169813156128, 0.01920294761657715, 1.6629220247268677
147, -2.8023593425750732, 0.01920294761657715, 1.7918517589569092
148, -2.8023593425750732, 0.01920294761657715, 1.7918517589569092
149, -3.0523176193237305, 0.01920294761657715, 1.7964134216308594
150, -3.3022758960723877, 0.01920294761657715, 1.8009750843048096
151, -3.3022758960723877, 0.01920294761657715, 1.8009750843048096
152, -3.3022758960723877, 0.01920294761657715, 1.8009750843048096
153, -3.3022758960723877, 0.01920294761657715, 1.8009750843048096
154, -3.3022758960723877, 0.01920294761657715, 1.8009750843048096
155, -3.3022758960723877, 0.01920294761657715, 1.8009750843048096
156, -3.3022758960723877, 0.01920294761657715, 1.8009750843048096
157, -3.3022758960723877, 0.01920294761657715, 1.8009750843048096
158, -3.516465425491333, 0.01920294761657715, 1.929904818534851
159, -3.7306549549102783, 0.01920294761657715, 2.0588345527648926
160, -3.7306549549102783, 0.01920294761657715, 2.0588345527648926
161, -3.7306549549102783, 0.01920294761657715, 2.0588345527648926
162, -3.7306549549102783, 0.01920294761657715, 2.0588345527648926
163, -3.7306549549102783, 0.01920294761657715, 2.0588345527648926
164, -3.7306549549102783, 0.01920294761657715, 2.0588345527648926
165, -3.7306549549102783, 0.01920294761657715, 2.0588345527648926
166, -3.7306549549102783, 0.01920294761657715, 2.0588345527648926
167, -3.7306549549102783, 0.01920294761657715, 2.0588345527648926
168, -3.516465425491333, 0.01920294761657715, 1.929904818534851
169, -3.3022758960723877, 0.01920294761657715, 1.8009750843048096
170, -3.0880863666534424, 0.01920294761657715, 1.672045350074768
171, -2.873896837234497, 0.01920294761657715, 1.5431156158447266
172, -2.6597073078155518, 0.01920294761657715, 1.414185881614685
173, -2.4455177783966064, 0.01920294761657715, 1.2852561473846436
174, -2.231328248977661, 0.01920294761657715, 1.156326413154602
175, -2.017138719558716, 0.01920294761657715, 1.0273966789245605
176, -1.80294930934906, 0.01920294761657715, 0.898466944694519
177, -1.5887598991394043, 0.01920294761657715, 0.7695372104644775
178, -1.5887598991394043, 0.01920294761657715, 0.7695372104644775
179, -1.467731237411499, 0.01920294761657715, 0.550786018371582
180, -1.3467025756835938, 0.01920294761657715, 0.3320348560810089
181, -1.2256739139556885, 0.01920294761657715, 0.11328369379043579
182, -1.1046452522277832, 0.01920294761657715, -0.10546746850013733
183, -0.9836165904998779, 0.01920294761657715, -0.32421863079071045
184, -0.8625879287719727, 0.01920294761657715, -0.542969822883606
185, -0.7415592670440674, 0.01920294761657715, -0.7617210149765015
186, -0.6205306053161621, 0.01920294761657715, -0.980472207069397
187, -0.6205306053161621, 0.01920294761657715, -0.980472207069397
188, -0.6250923275947571, 0.01920294761657715, -1.2304306030273438
189, -0.629654049873352, 0.01920294761657715, -1.4803889989852905
190, -0.629654049873352, 0.01920294761657715, -1.4803889989852905
191, -0.629654049873352, 0.01920294761657715, -1.4803889989852905
192, -0.629654049873352, 0.01920294761657715, -1.4803889989852905
193, -0.4974112808704376, 0.01920294761657715, -1.482802391052246
194, -0.4974112808704376, 0.01920294761657715, -1.482802391052246
195, -0.4974112808704376, 0.01920294761657715, -1.482802391052246
196, -0.4974112808704376, 0.01920294761657715, -1.482802391052246
197, -0.37638261914253235, 0.01920294761657715, -1.7015535831451416
198, -0.37638261914253235, 0.01920294761657715, -1.7015535831451416
199, -0.37638261914253235, 0.01920294761657715, -1.7015535831451416
200, -0.37638261914253235, 0.01920294761657715, -1.7015535831451416
201, -0.3459683060646057, 0.01920294761657715, -1.6847262382507324
202, -0.3459683060646057, 0.01920294761657715, -1.6847262382507324
203, -0.3459683060646057, 0.01920294761657715, -1.6847262382507324
204, -0.3459683060646057, 0.01920294761657715, -1.6847262382507324
205, -0.3459682762622833, 0.01920294761657715, -1.6847262382507324
206, -0.3459682762622833, 0.01920294761657715, -1.6847262382507324
207, -0.3459682762622833, 0.01920294761657715, -1.6847262382507324
208, -0.3459682762622833, 0.01920294761657715, -1.6847262382507324
209, -0.3459682762622833, 0.01920294761657715, -1.6847262382507324
210, -0.3459682762622833, 0.01920294761657715, -1.6847262382507324
211, -0.3459682762622833, 0.01920294761657715, -1.6847262382507324
212, -0.3459682762622833, 0.01920294761657715, -1.6847262382507324
213, -8.6357421875, 0.01920294761657715, 3.9878551959991455
