1, -1.672433853149414, 0.16337794065475464, -5.270501613616943
2, -1.672433853149414, 0.16337794065475464, -5.270501613616943
3, -1.672433853149414, 0.16337794065475464, -5.270501613616943
4, -1.672433853149414, 0.16337794065475464, -5.270501613616943
5, -1.672433853149414, 0.16337794065475464, -5.270501613616943
6, -1.672433853149414, 0.16337794065475464, -5.270501613616943
7, -1.672433853149414, 0.16337794065475464, -5.270501613616943
8, -1.672433853149414, 0.16337794065475464, -5.270501613616943
9, -1.672433853149414, 0.16337794065475464, -5.270501613616943
10, -1.672433853149414, 0.16337794065475464, -5.270501613616943
11, -1.672433853149414, 0.16337794065475464, -5.270501613616943
12, -1.672433853149414, 0.16337794065475464, -5.270501613616943
13, -1.672433853149414, 0.16337794065475464, -5.270501613616943
14, -1.672433853149414, 0.16337794065475464, -5.270501613616943
15, -1.672433853149414, 0.16337794065475464, -5.270501613616943
16, -1.672433853149414, 0.16337794065475464, -5.270501613616943
17, -1.672433853149414, 0.16337794065475464, -5.270501613616943
18, -1.4232165813446045, 0.16337794065475464, -5.250733852386475
19, -1.173999309539795, 0.16337794065475464, -5.230966091156006
20, -1.173999309539795, 0.16337794065475464, -5.230966091156006
21, -1.173999309539795, 0.16337794065475464, -5.230966091156006
22, -0.9247820377349854, 0.16337794065475464, -5.211198329925537
23, -0.9247820377349854, 0.16337794065475464, -5.211198329925537
24, -0.6990697383880615, 0.16337794065475464, -5.318687438964844
25, -0.4733574390411377, 0.16337794065475464, -5.42617654800415
26, -0.24764512479305267, 0.16337794065475464, -5.533665657043457
27, -0.02193281054496765, 0.16337794065475464, -5.641154766082764
28, 0.20377950370311737, 0.16337794065475464, -5.74864387512207
29, 0.20377950370311737, 0.16337794065475464, -5.74864387512207
30, 0.45299673080444336, 0.16337794065475464, -5.728876113891602
31, 0.7022140026092529, 0.16337794065475464, -5.709108352661133
32, 0.9514312744140625, 0.16337794065475464, -5.689340591430664
33, 1.200648546218872, 0.16337794065475464, -5.669572830200195
34, 1.4498658180236816, 0.16337794065475464, -5.649805068969727
35, 1.6990830898284912, 0.16337794065475464, -5.630037307739258
36, 1.9483003616333008, 0.16337794065475464, -5.610269546508789
37, 1.9483003616333008, 0.16337794065475464, -5.610269546508789
38, 1.9483003616333008, 0.16337794065475464, -5.610269546508789
39, 1.9483003616333008, 0.16337794065475464, -5.610269546508789
40, 1.9483003616333008, 0.16337794065475464, -5.610269546508789
41, 1.9483003616333008, 0.16337794065475464, -5.610269546508789
42, 1.9483003616333008, 0.16337794065475464, -5.610269546508789
43, 1.9483003616333008, 0.16337794065475464, -5.610269546508789
44, 1.9483003616333008, 0.16337794065475464, -5.610269546508789
45, 1.9483003616333008, 0.16337794065475464, -5.610269546508789
46, 1.9483003616333008, 0.16337794065475464, -5.610269546508789
47, 1.9483003616333008, 0.16337794065475464, -5.610269546508789
48, 2.1740126609802246, 0.16337794065475464, -5.717759132385254
49, 2.1740126609802246, 0.16337794065475464, -5.717759132385254
50, 2.1740126609802246, 0.16337794065475464, -5.717759132385254
51, 2.1740126609802246, 0.16337794065475464, -5.717759132385254
52, 2.1740126609802246, 0.16337794065475464, -5.717759132385254
53, 2.1740126609802246, 0.16337794065475464, -5.717759132385254
54, 2.1740126609802246, 0.16337794065475464, -5.717759132385254
55, 2.1740126609802246, 0.16337794065475464, -5.717759132385254
56, 2.423229932785034, 0.16337794065475464, -5.697991371154785
57, 2.423229932785034, 0.16337794065475464, -5.697991371154785
58, 2.423229932785034, 0.16337794065475464, -5.697991371154785
59, 2.423229932785034, 0.16337794065475464, -5.697991371154785
60, 2.423229932785034, 0.16337794065475464, -5.697991371154785
61, 2.423229932785034, 0.16337794065475464, -5.697991371154785
62, 2.1975176334381104, 0.16337794065475464, -5.59050178527832
63, 2.1975176334381104, 0.16337794065475464, -5.59050178527832
64, 1.9483003616333008, 0.16337794065475464, -5.610269546508789
65, 1.6990830898284912, 0.16337794065475464, -5.630037307739258
66, 1.4498658180236816, 0.16337794065475464, -5.649805068969727
67, 1.200648546218872, 0.16337794065475464, -5.669572830200195
68, 0.9514312744140625, 0.16337794065475464, -5.689340591430664
69, 0.9514312744140625, 0.16337794065475464, -5.689340591430664
70, 0.7454865574836731, 0.16337794065475464, -5.831068515777588
71, 0.5395418405532837, 0.16337794065475464, -5.972796440124512
72, 0.5395418405532837, 0.16337794065475464, -5.972796440124512
73, 0.4320524334907532, 0.16337794065475464, -6.1985087394714355
74, 0.32456302642822266, 0.16337794065475464, -6.424221038818359
75, 0.21707361936569214, 0.16337794065475464, -6.649933338165283
76, 0.21707361936569214, 0.16337794065475464, -6.649933338165283
77, 0.011128932237625122, 0.16337794065475464, -6.791661262512207
78, -0.1948157548904419, 0.16337794065475464, -6.933389186859131
79, -0.4007604420185089, 0.16337794065475464, -7.075117111206055
80, -0.4007604420185089, 0.16337794065475464, -7.075117111206055
81, -0.6499776840209961, 0.16337794065475464, -7.094884872436523
82, -0.8991949558258057, 0.16337794065475464, -7.114652633666992
83, -1.1484122276306152, 0.16337794065475464, -7.134420394897461
84, -1.3976294994354248, 0.16337794065475464, -7.15418815612793
85, -1.3976294994354248, 0.16337794065475464, -7.15418815612793
86, -1.3976294994354248, 0.16337794065475464, -7.15418815612793
87, -1.3976294994354248, 0.16337794065475464, -7.15418815612793
88, -1.3976294994354248, 0.16337794065475464, -7.15418815612793
89, -1.3976294994354248, 0.16337794065475464, -7.15418815612793
90, -1.3976294994354248, 0.16337794065475464, -7.15418815612793
91, -1.1484122276306152, 0.16337794065475464, -7.134420394897461
92, -0.8991949558258057, 0.16337794065475464, -7.114652633666992
93, -0.6499776840209961, 0.16337794065475464, -7.094884872436523
94, -0.4007604122161865, 0.16337794065475464, -7.075117111206055
95, -0.4007604122161865, 0.16337794065475464, -7.075117111206055
96, -0.1948157101869583, 0.16337794065475464, -6.933389186859131
97, -0.1948157101869583, 0.16337794065475464, -6.933389186859131
98, -0.0873263031244278, 0.16337794065475464, -6.707676887512207
99, -0.0873263031244278, 0.16337794065475464, -6.707676887512207
100, -0.10709389299154282, 0.16337794065475464, -6.458459854125977
101, -0.12686148285865784, 0.16337794065475464, -6.209242820739746
102, -0.14662906527519226, 0.16337794065475464, -5.960025787353516
103, -0.16639664769172668, 0.16337794065475464, -5.710808753967285
104, -0.16639664769172668, 0.16337794065475464, -5.710808753967285
105, -0.30812451243400574, 0.16337794065475464, -5.50486421585083
106, -0.30812451243400574, 0.16337794065475464, -5.50486421585083
107, -0.5338367819786072, 0.16337794065475464, -5.397374629974365
108, -0.7595490217208862, 0.16337794065475464, -5.2898850440979
109, -0.9852612614631653, 0.16337794065475464, -5.1823954582214355
110, -1.2109735012054443, 0.16337794065475464, -5.074905872344971
111, -1.4366858005523682, 0.16337794065475464, -4.967416286468506
112, -1.4366858005523682, 0.16337794065475464, -4.967416286468506
113, -1.4366858005523682, 0.16337794065475464, -4.967416286468506
114, -1.4564533233642578, 0.16337794065475464, -4.718198776245117
115, -1.4762208461761475, 0.16337794065475464, -4.468981742858887
116, -1.495988368988037, 0.16337794065475464, -4.219764709472656
117, -1.5157558917999268, 0.16337794065475464, -3.9705474376678467
118, -1.5355234146118164, 0.16337794065475464, -3.721330165863037
119, -1.555290937423706, 0.16337794065475464, -3.4721128940582275
120, -1.555290937423706, 0.16337794065475464, -3.4721128940582275
121, -1.6970188617706299, 0.16337794065475464, -3.2661681175231934
122, -1.8387467861175537, 0.16337794065475464, -3.060223340988159
123, -1.8387467861175537, 0.16337794065475464, -3.060223340988159
124, -1.8585143089294434, 0.16337794065475464, -2.8110060691833496
125, -1.8585143089294434, 0.16337794065475464, -2.8110060691833496
126, -1.751024842262268, 0.16337794065475464, -2.585293769836426
127, -1.6435353755950928, 0.16337794065475464, -2.359581470489502
128, -1.6435353755950928, 0.16337794065475464, -2.359581470489502
129, -1.6633028984069824, 0.16337794065475464, -2.1103641986846924
130, -1.6633028984069824, 0.16337794065475464, -2.1103641986846924
131, -1.5558134317398071, 0.16337794065475464, -1.8846518993377686
132, -1.4483239650726318, 0.16337794065475464, -1.6589395999908447
133, -1.4483239650726318, 0.16337794065475464, -1.6589395999908447
134, -1.4483239650726318, 0.16337794065475464, -1.6589395999908447
135, -1.4483239650726318, 0.16337794065475464, -1.6589395999908447
136, -1.4483239650726318, 0.16337794065475464, -1.6589395999908447
137, -1.4483239650726318, 0.16337794065475464, -1.6589395999908447
138, -1.4285564422607422, 0.16337794065475464, -1.9081568717956543
139, -1.4087889194488525, 0.16337794065475464, -2.157374143600464
140, -1.389021396636963, 0.16337794065475464, -2.4065914154052734
141, -1.389021396636963, 0.16337794065475464, -2.4065914154052734
142, -1.389021396636963, 0.16337794065475464, -2.4065914154052734
143, -1.389021396636963, 0.16337794065475464, -2.4065914154052734
144, -1.4965108633041382, 0.16337794065475464, -2.6323037147521973
145, -1.6040003299713135, 0.16337794065475464, -2.858016014099121
146, -1.6040003299713135, 0.16337794065475464, -2.858016014099121
147, -1.8099451065063477, 0.16337794065475464, -2.999743938446045
148, -1.8099451065063477, 0.16337794065475464, -2.999743938446045
149, -2.0591623783111572, 0.16337794065475464, -3.0195114612579346
150, -2.308379650115967, 0.16337794065475464, -3.039278984069824
151, -2.5575969219207764, 0.16337794065475464, -3.059046506881714
152, -2.806814193725586, 0.16337794065475464, -3.0788140296936035
153, -2.806814193725586, 0.16337794065475464, -3.0788140296936035
154, -3.0325264930725098, 0.16337794065475464, -2.9713246822357178
155, -3.2582387924194336, 0.16337794065475464, -2.863835334777832
156, -3.4839510917663574, 0.16337794065475464, -2.7563459873199463
157, -3.4839510917663574, 0.16337794065475464, -2.7563459873199463
158, -3.6256790161132812, 0.16337794065475464, -2.550401210784912
159, -3.767406940460205, 0.16337794065475464, -2.344456434249878
160, -3.767406940460205, 0.16337794065475464, -2.344456434249878
161, -3.767406940460205, 0.16337794065475464, -2.344456434249878
162, -3.909134864807129, 0.16337794065475464, -2.1385116577148438
163, -4.050862789154053, 0.16337794065475464, -1.9325668811798096
164, -4.050862789154053, 0.16337794065475464, -1.9325668811798096
165, -4.0706305503845215, 0.16337794065475464, -1.683349609375
166, -4.09039831161499, 0.16337794065475464, -1.4341323375701904
167, -4.110166072845459, 0.16337794065475464, -1.1849150657653809
168, -4.129933834075928, 0.16337794065475464, -0.9356977343559265
169, -4.129933834075928, 0.16337794065475464, -0.9356977343559265
170, -4.1970014572143555, 0.16337794065475464, -0.8382418155670166
171, -4.1970014572143555, 0.16337794065475464, -0.8382418155670166
172, -4.1970014572143555, 0.16337794065475464, -0.8382418155670166
173, -4.1970014572143555, 0.16337794065475464, -0.8382418155670166
174, -4.1970014572143555, 0.16337794065475464, -0.8382418155670166
175, -4.089511871337891, 0.16337794065475464, -0.6125295162200928
176, -4.089511871337891, 0.16337794065475464, -0.6125295162200928
177, -4.089511871337891, 0.16337794065475464, -0.6125295162200928
178, -4.089511871337891, 0.16337794065475464, -0.6125295162200928
179, -4.3152241706848145, 0.16337794065475464, -0.5050400495529175
180, -4.540936470031738, 0.16337794065475464, -0.3975506126880646
181, -4.540936470031738, 0.16337794065475464, -0.3975506126880646
182, -4.790153503417969, 0.16337794065475464, -0.41731810569763184
183, -5.039370536804199, 0.16337794065475464, -0.4370856285095215
184, -5.28858757019043, 0.16337794065475464, -0.45685315132141113
185, -5.53780460357666, 0.16337794065475464, -0.4766206741333008
186, -5.787021636962891, 0.16337794065475464, -0.49638819694519043
187, -6.036238670349121, 0.16337794065475464, -0.5161557197570801
188, -6.036238670349121, 0.16337794065475464, -0.5161557197570801
189, -6.242183208465576, 0.16337794065475464, -0.6578835248947144
190, -6.242183208465576, 0.16337794065475464, -0.6578835248947144
191, -6.349672794342041, 0.16337794065475464, -0.8835957646369934
192, -6.349672794342041, 0.16337794065475464, -0.8835957646369934
193, -6.349672794342041, 0.16337794065475464, -0.8835957646369934
194, -6.59889030456543, 0.16337794065475464, -0.9033632874488831
195, -6.848107814788818, 0.16337794065475464, -0.9231308102607727
196, -7.097325325012207, 0.16337794065475464, -0.9428983330726624
197, -7.346542835235596, 0.16337794065475464, -0.962665855884552
198, -7.595760345458984, 0.16337794065475464, -0.9824333786964417
199, -7.595760345458984, 0.16337794065475464, -0.9824333786964417
200, -7.595760345458984, 0.16337794065475464, -0.9824333786964417
201, -7.595760345458984, 0.16337794065475464, -0.9824333786964417
202, -7.595760345458984, 0.16337794065475464, -0.9824333786964417
203, -7.844977378845215, 0.16337794065475464, -1.0022008419036865
204, -8.094194412231445, 0.16337794065475464, -1.0219683647155762
205, -8.343411445617676, 0.16337794065475464, -1.0417358875274658
206, -8.592628479003906, 0.16337794065475464, -1.0615034103393555
207, -8.841845512390137, 0.16337794065475464, -1.0812709331512451
208, -9.091062545776367, 0.16337794065475464, -1.1010384559631348
209, -9.091062545776367, 0.16337794065475464, -1.1010384559631348
210, -9.29700756072998, 0.16337794065475464, -1.242766261100769
211, -9.502952575683594, 0.16337794065475464, -1.3844940662384033
212, -9.708897590637207, 0.16337794065475464, -1.5262218713760376
213, -9.91484260559082, 0.16337794065475464, -1.6679496765136719
214, -10.120787620544434, 0.16337794065475464, -1.8096774816513062
215, -10.326732635498047, 0.16337794065475464, -1.9514052867889404
216, -10.53267765045166, 0.16337794065475464, -2.093132972717285
217, -10.738622665405273, 0.16337794065475464, -2.23486065864563
218, -10.738622665405273, 0.16337794065475464, -2.23486065864563
219, -10.738622665405273, 0.16337794065475464, -2.23486065864563
220, -10.738622665405273, 0.16337794065475464, -2.23486065864563
221, -10.987839698791504, 0.16337794065475464, -2.2546281814575195
222, -11.237056732177734, 0.16337794065475464, -2.274395704269409
223, -11.237056732177734, 0.16337794065475464, -2.274395704269409
224, -11.237056732177734, 0.16337794065475464, -2.274395704269409
225, -11.237056732177734, 0.16337794065475464, -2.274395704269409
226, -11.237056732177734, 0.16337794065475464, -2.274395704269409
227, -11.237056732177734, 0.16337794065475464, -2.274395704269409
228, -11.237056732177734, 0.16337794065475464, -2.274395704269409
229, -10.987839698791504, 0.16337794065475464, -2.2546281814575195
230, -10.738622665405273, 0.16337794065475464, -2.23486065864563
231, -10.489405632019043, 0.16337794065475464, -2.2150931358337402
232, -10.240188598632812, 0.16337794065475464, -2.1953256130218506
233, -9.990971565246582, 0.16337794065475464, -2.175558090209961
234, -9.741754531860352, 0.16337794065475464, -2.1557905673980713
235, -9.492537498474121, 0.16337794065475464, -2.1360230445861816
236, -9.24332046508789, 0.16337794065475464, -2.116255521774292
237, -8.99410343170166, 0.16337794065475464, -2.0964879989624023
238, -8.74488639831543, 0.16337794065475464, -2.0767204761505127
239, -8.4956693649292, 0.16337794065475464, -2.056952953338623
240, -8.246452331542969, 0.16337794065475464, -2.0371854305267334
241, -7.997235298156738, 0.16337794065475464, -2.0174179077148438
242, -7.748018264770508, 0.16337794065475464, -1.997650384902954
243, -7.498801231384277, 0.16337794065475464, -1.9778828620910645
244, -7.498801231384277, 0.16337794065475464, -1.9778828620910645
245, -7.2730889320373535, 0.16337794065475464, -2.08537220954895
246, -7.04737663269043, 0.16337794065475464, -2.192861557006836
247, -6.821664333343506, 0.16337794065475464, -2.3003509044647217
248, -6.595952033996582, 0.16337794065475464, -2.4078402519226074
249, -6.370239734649658, 0.16337794065475464, -2.515329599380493
250, -6.144527435302734, 0.16337794065475464, -2.622818946838379
251, -5.9188151359558105, 0.16337794065475464, -2.7303082942962646
252, -5.693102836608887, 0.16337794065475464, -2.8377976417541504
253, -5.467390537261963, 0.16337794065475464, -2.945286989212036
254, -5.241678237915039, 0.16337794065475464, -3.052776336669922
255, -5.015965938568115, 0.16337794065475464, -3.1602656841278076
256, -5.015965938568115, 0.16337794065475464, -3.1602656841278076
257, -4.766748905181885, 0.16337794065475464, -3.140498161315918
258, -4.517531871795654, 0.16337794065475464, -3.1207306385040283
259, -4.517531871795654, 0.16337794065475464, -3.1207306385040283
260, -4.2918195724487305, 0.16337794065475464, -3.228219985961914
261, -4.198039531707764, 0.16337794065475464, -3.2728800773620605
262, -4.198039531707764, 0.16337794065475464, -3.2728800773620605
263, -3.948822259902954, 0.16337794065475464, -3.253112554550171
264, -3.948822259902954, 0.16337794065475464, -3.253112554550171
265, -3.948822259902954, 0.16337794065475464, -3.253112554550171
266, -3.948822259902954, 0.16337794065475464, -3.253112554550171
267, -3.9290547370910645, 0.16337794065475464, -3.5023298263549805
268, -3.909287214279175, 0.16337794065475464, -3.75154709815979
269, -3.909287214279175, 0.16337794065475464, -3.75154709815979
270, -3.909287214279175, 0.16337794065475464, -3.75154709815979
271, -3.909287214279175, 0.16337794065475464, -3.75154709815979
272, -3.909287214279175, 0.16337794065475464, -3.75154709815979
273, -3.909287214279175, 0.16337794065475464, -3.75154709815979
274, -3.909287214279175, 0.16337794065475464, -3.75154709815979
275, -3.909287214279175, 0.16337794065475464, -3.75154709815979
276, -3.909287214279175, 0.16337794065475464, -3.75154709815979
277, -3.909287214279175, 0.16337794065475464, -3.75154709815979
278, -3.909287214279175, 0.16337794065475464, -3.75154709815979
279, -3.9290547370910645, 0.16337794065475464, -3.5023298263549805
280, -3.948822259902954, 0.16337794065475464, -3.253112554550171
281, -3.948822259902954, 0.16337794065475464, -3.253112554550171
282, -4.090549945831299, 0.16337794065475464, -3.0471677780151367
283, -4.090549945831299, 0.16337794065475464, -3.0471677780151367
284, -4.316262245178223, 0.16337794065475464, -2.939678430557251
285, -4.5419745445251465, 0.16337794065475464, -2.8321890830993652
286, -4.5419745445251465, 0.16337794065475464, -2.8321890830993652
287, -4.5419745445251465, 0.16337794065475464, -2.8321890830993652
288, -4.5419745445251465, 0.16337794065475464, -2.8321890830993652
289, -4.5419745445251465, 0.16337794065475464, -2.8321890830993652
290, -4.5419745445251465, 0.16337794065475464, -2.8321890830993652
291, -4.5419745445251465, 0.16337794065475464, -2.8321890830993652
292, -4.316262245178223, 0.16337794065475464, -2.939678430557251
293, -4.316262245178223, 0.16337794065475464, -2.939678430557251
294, -4.067045211791992, 0.16337794065475464, -2.9199109077453613
295, -3.8178279399871826, 0.16337794065475464, -2.9001433849334717
296, -3.568610668182373, 0.16337794065475464, -2.880375862121582
297, -3.3193933963775635, 0.16337794065475464, -2.8606083393096924
298, -3.070176124572754, 0.16337794065475464, -2.8408408164978027
299, -2.8209588527679443, 0.16337794065475464, -2.821073293685913
300, -2.5717415809631348, 0.16337794065475464, -2.8013057708740234
301, -2.5717415809631348, 0.16337794065475464, -2.8013057708740234
302, -2.346029281616211, 0.16337794065475464, -2.908795118331909
303, -2.120316982269287, 0.16337794065475464, -3.016284465789795
304, -1.8946046829223633, 0.16337794065475464, -3.1237738132476807
305, -1.8946046829223633, 0.16337794065475464, -3.1237738132476807
306, -1.752876877784729, 0.16337794065475464, -3.329718589782715
307, -1.752876877784729, 0.16337794065475464, -3.329718589782715
308, -1.7331093549728394, 0.16337794065475464, -3.5789358615875244
309, -1.7133418321609497, 0.16337794065475464, -3.828153133392334
310, -1.69357430934906, 0.16337794065475464, -4.077370643615723
311, -1.6738067865371704, 0.16337794065475464, -4.326587677001953
312, -1.6540392637252808, 0.16337794065475464, -4.575804710388184
313, -1.6540392637252808, 0.16337794065475464, -4.575804710388184
314, -1.5123114585876465, 0.16337794065475464, -4.781749248504639
315, -1.3705836534500122, 0.16337794065475464, -4.987693786621094
316, -1.3705836534500122, 0.16337794065475464, -4.987693786621094
317, -1.1448713541030884, 0.16337794065475464, -5.095183372497559
318, -0.9191590547561646, 0.16337794065475464, -5.202672958374023
319, -0.6934467554092407, 0.16337794065475464, -5.310162544250488
320, -0.4677344858646393, 0.16337794065475464, -5.417652130126953
321, -0.4677344858646393, 0.16337794065475464, -5.417652130126953
322, -0.326006680727005, 0.16337794065475464, -5.623596668243408
323, -0.326006680727005, 0.16337794065475464, -5.623596668243408
324, -0.30623915791511536, 0.16337794065475464, -5.872814178466797
325, -0.2864716351032257, 0.16337794065475464, -6.122031211853027
326, -0.26670411229133606, 0.16337794065475464, -6.371248245239258
327, -0.2469365894794464, 0.16337794065475464, -6.620465278625488
328, -0.2469365894794464, 0.16337794065475464, -6.620465278625488
329, -0.3544260561466217, 0.16337794065475464, -6.846177577972412
330, -0.461915522813797, 0.16337794065475464, -7.071889877319336
331, -0.461915522813797, 0.16337794065475464, -7.071889877319336
332, -0.461915522813797, 0.16337794065475464, -7.071889877319336
333, -0.7111327648162842, 0.16337794065475464, -7.0916571617126465
334, -0.9603500366210938, 0.16337794065475464, -7.111424446105957
335, -1.2095673084259033, 0.16337794065475464, -7.131191730499268
336, -1.458784580230713, 0.16337794065475464, -7.150959014892578
337, -1.7080018520355225, 0.16337794065475464, -7.170726299285889
338, -1.7080018520355225, 0.16337794065475464, -7.170726299285889
339, -1.7080018520355225, 0.16337794065475464, -7.170726299285889
340, -1.8121027946472168, 0.16337794065475464, -7.3893232345581055
341, -1.8121027946472168, 0.16337794065475464, -7.3893232345581055
342, -1.8121027946472168, 0.16337794065475464, -7.3893232345581055
343, -1.8121027946472168, 0.16337794065475464, -7.3893232345581055
344, -2.0378150939941406, 0.16337794065475464, -7.281833648681641
345, -2.2635273933410645, 0.16337794065475464, -7.174344062805176
346, -2.2635273933410645, 0.16337794065475464, -7.174344062805176
347, -2.512744665145874, 0.16337794065475464, -7.194111347198486
348, -2.7619619369506836, 0.16337794065475464, -7.213878631591797
349, -3.011179208755493, 0.16337794065475464, -7.233645915985107
350, -3.2603964805603027, 0.16337794065475464, -7.253413200378418
351, -3.5096137523651123, 0.16337794065475464, -7.2731804847717285
352, -3.758831024169922, 0.16337794065475464, -7.292947769165039
353, -4.0080485343933105, 0.16337794065475464, -7.31271505355835
354, -4.257266044616699, 0.16337794065475464, -7.33248233795166
355, -4.506483554840088, 0.16337794065475464, -7.352249622344971
356, -4.506483554840088, 0.16337794065475464, -7.352249622344971
357, -4.732195854187012, 0.16337794065475464, -7.244760036468506
358, -4.778140068054199, 0.16337794065475464, -7.2228803634643555
359, -4.778140068054199, 0.16337794065475464, -7.2228803634643555
360, -4.778140068054199, 0.16337794065475464, -7.2228803634643555
361, -4.778140068054199, 0.16337794065475464, -7.2228803634643555
362, -4.778140068054199, 0.16337794065475464, -7.2228803634643555
363, -4.778140068054199, 0.16337794065475464, -7.2228803634643555
364, -4.778140068054199, 0.16337794065475464, -7.2228803634643555
365, -4.778140068054199, 0.16337794065475464, -7.2228803634643555
366, -4.778140068054199, 0.16337794065475464, -7.2228803634643555
367, -4.778140068054199, 0.16337794065475464, -7.2228803634643555
368, -4.778140068054199, 0.16337794065475464, -7.2228803634643555
369, -5.02735710144043, 0.16337794065475464, -7.242647647857666
370, -5.02735710144043, 0.16337794065475464, -7.242647647857666
371, -5.02735710144043, 0.16337794065475464, -7.242647647857666
372, -5.02735710144043, 0.16337794065475464, -7.242647647857666
373, -5.040290355682373, 0.16337794065475464, -7.079591274261475
374, -5.040290355682373, 0.16337794065475464, -7.079591274261475
375, -5.040290355682373, 0.16337794065475464, -7.079591274261475
376, -5.040290355682373, 0.16337794065475464, -7.079591274261475
377, -5.040290355682373, 0.16337794065475464, -7.079591274261475
378, -5.040290355682373, 0.16337794065475464, -7.079591274261475
379, -5.040290355682373, 0.16337794065475464, -7.079591274261475
380, -5.040290355682373, 0.16337794065475464, -7.079591274261475
381, -5.040290355682373, 0.16337794065475464, -7.079591274261475
382, -5.040290355682373, 0.16337794065475464, -7.079591274261475
383, -5.040290355682373, 0.16337794065475464, -7.079591274261475
384, -5.040290355682373, 0.16337794065475464, -7.079591274261475
385, -5.040290355682373, 0.16337794065475464, -7.079591274261475
386, -5.040290355682373, 0.16337794065475464, -7.079591274261475
387, -5.209297180175781, 0.16337794065475464, -6.999106407165527
388, -5.209297180175781, 0.16337794065475464, -6.999106407165527
389, -5.209297180175781, 0.16337794065475464, -6.999106407165527
390, -5.209297180175781, 0.16337794065475464, -6.999106407165527
391, -5.227994441986084, 0.16337794065475464, -6.7633771896362305
392, -5.227994441986084, 0.16337794065475464, -6.7633771896362305
393, -5.227994441986084, 0.16337794065475464, -6.7633771896362305
394, -5.227994441986084, 0.16337794065475464, -6.7633771896362305
395, -5.227994441986084, 0.16337794065475464, -6.7633771896362305
396, -5.227993965148926, 0.16337794065475464, -6.7633771896362305
397, -5.227993965148926, 0.16337794065475464, -6.7633771896362305
398, -5.227993965148926, 0.16337794065475464, -6.7633771896362305
399, -5.227993965148926, 0.16337794065475464, -6.7633771896362305
400, -5.227993965148926, 0.16337794065475464, -6.7633771896362305
401, -5.227993965148926, 0.16337794065475464, -6.7633771896362305
402, -5.227994441986084, 0.16337794065475464, -6.7633771896362305
403, -5.227994441986084, 0.16337794065475464, -6.7633771896362305
404, -5.227994441986084, 0.16337794065475464, -6.7633771896362305
405, -2.0026257038116455, 0.16337794065475464, -2.78383731842041
