1, -1.3229758739471436, -0.005079984664916992, -9.497986793518066
2, -1.3229758739471436, -0.005079984664916992, -9.497986793518066
3, -1.3229758739471436, -0.005079984664916992, -9.497986793518066
4, -1.3229758739471436, -0.005079984664916992, -9.497986793518066
5, -1.3229758739471436, -0.005079984664916992, -9.497986793518066
6, -1.3229758739471436, -0.005079984664916992, -9.497986793518066
7, -1.3229758739471436, -0.005079984664916992, -9.497986793518066
8, -1.3229758739471436, -0.005079984664916992, -9.497986793518066
9, -1.3229758739471436, -0.005079984664916992, -9.497986793518066
10, -1.3229758739471436, -0.005079984664916992, -9.497986793518066
11, -1.3229758739471436, -0.005079984664916992, -9.497986793518066
12, -1.3229758739471436, -0.005079984664916992, -9.497986793518066
13, -1.3229758739471436, -0.005079984664916992, -9.497986793518066
14, -1.3229758739471436, -0.005079984664916992, -9.497986793518066
15, -1.3229758739471436, -0.005079984664916992, -9.497986793518066
16, -1.3229758739471436, -0.005079984664916992, -9.497986793518066
17, -1.3229758739471436, -0.005079984664916992, -9.497986793518066
18, -1.1038259267807007, -0.005079984664916992, -9.618291854858398
19, -1.1038259267807007, -0.005079984664916992, -9.618291854858398
20, -0.974189043045044, 0.004752069711685181, -9.832054138183594
21, -0.8445521593093872, -0.005079984664916992, -10.045816421508789
22, -0.8445521593093872, -0.005079984664916992, -10.045816421508789
23, -0.6254022121429443, -0.005079984664916992, -10.166121482849121
24, -0.40625226497650146, -0.005079984664916992, -10.286426544189453
25, -0.1871023029088974, -0.005079984664916992, -10.406731605529785
26, 0.032047659158706665, -0.005079984664916992, -10.527036666870117
27, 0.032047659158706665, -0.005079984664916992, -10.527036666870117
28, 0.032047659158706665, -0.005079984664916992, -10.527036666870117
29, 0.032047659158706665, -0.005079984664916992, -10.527036666870117
30, 0.2819896340370178, 0.053608488291502, -10.521649360656738
31, 0.5319315791130066, 0.1564958542585373, -10.51626205444336
32, 0.7818735241889954, 0.19491982460021973, -10.51087474822998
33, 0.7818735241889954, 0.19491982460021973, -10.51087474822998
34, 0.9956357479095459, 0.19491982460021973, -10.381237983703613
35, 1.2093980312347412, 0.19491982460021973, -10.251601219177246
36, 1.4231603145599365, 0.19491982460021973, -10.121964454650879
37, 1.4231603145599365, 0.19491982460021973, -10.121964454650879
38, 1.5434653759002686, 0.19491982460021973, -9.902814865112305
39, 1.6637704372406006, 0.19491982460021973, -9.68366527557373
40, 1.7840754985809326, 0.19491982460021973, -9.464515686035156
41, -1.7821301221847534, 0.19491982460021973, 0.3653046786785126
