1, -3.9311671257019043, 0.021223172545433044, 1.5003687143325806
2, -3.9311671257019043, 0.021223172545433044, 1.5003687143325806
3, -3.9311671257019043, 0.021223172545433044, 1.5003687143325806
4, -3.9311671257019043, 0.021223172545433044, 1.5003687143325806
5, -3.9311671257019043, 0.021223172545433044, 1.5003687143325806
6, -3.9311671257019043, 0.021223172545433044, 1.5003687143325806
7, -3.9311671257019043, 0.021223172545433044, 1.5003687143325806
8, -3.9311671257019043, 0.021223172545433044, 1.5003687143325806
9, -3.9311671257019043, 0.021223172545433044, 1.5003687143325806
10, -3.9311671257019043, 0.021223172545433044, 1.5003687143325806
11, -3.9311671257019043, 0.021223172545433044, 1.5003687143325806
12, -3.9311671257019043, 0.021223172545433044, 1.5003687143325806
13, -3.9311671257019043, 0.021223172545433044, 1.5003687143325806
14, -3.9311671257019043, 0.021223172545433044, 1.5003687143325806
15, -3.9311671257019043, 0.021223172545433044, 1.5003687143325806
16, -3.9311671257019043, 0.021223172545433044, 1.5003687143325806
17, -4.180737495422363, 0.021223172545433044, 1.4857217073440552
18, -4.180737495422363, 0.021223172545433044, 1.4857217073440552
19, -4.389548301696777, 0.021223172545433044, 1.3482517004013062
20, -4.598359107971191, 0.021223172545433044, 1.2107816934585571
21, -4.598359107971191, 0.021223172545433044, 1.2107816934585571
22, -4.7104597091674805, 0.021223172545433044, 0.9873237609863281
23, -4.8225603103637695, 0.021223172545433044, 0.7638658285140991
24, -4.933080673217773, 0.021223172545433044, 0.54355788230896
25, -4.933080673217773, 0.021223172545433044, 0.54355788230896
26, -4.918433666229248, 0.021223172545433044, 0.29398733377456665
27, -4.903786659240723, 0.021223172545433044, 0.044416770339012146
28, -4.889139652252197, 0.021223172545433044, -0.20515379309654236
29, -4.889139652252197, 0.021223172545433044, -0.20515379309654236
30, -5.001240253448486, 0.021223172545433044, -0.42861175537109375
31, -5.001240253448486, 0.021223172545433044, -0.42861175537109375
32, -5.001240253448486, 0.021223172545433044, -0.42861175537109375
33, -5.001240253448486, 0.021223172545433044, -0.42861175537109375
34, -5.001240253448486, 0.021223172545433044, -0.42861175537109375
35, -5.001240253448486, 0.021223172545433044, -0.42861175537109375
36, -5.001240253448486, 0.021223172545433044, -0.42861175537109375
37, -5.001240253448486, 0.021223172545433044, -0.42861175537109375
38, -5.001240253448486, 0.021223172545433044, -0.42861175537109375
39, -5.001240253448486, 0.021223172545433044, -0.42861175537109375
40, -5.001240253448486, 0.021223172545433044, -0.42861175537109375
41, -4.889139652252197, 0.021223172545433044, -0.20515382289886475
42, -4.777039051055908, 0.021223172545433044, 0.018304109573364258
43, -4.777039051055908, 0.021223172545433044, 0.018304109573364258
44, -4.791686058044434, 0.021223172545433044, 0.26787468791007996
45, -4.806333065032959, 0.021223172545433044, 0.5174452662467957
46, -4.820980072021484, 0.021223172545433044, 0.767015814781189
47, -4.820980072021484, 0.021223172545433044, 0.767015814781189
48, -4.708879470825195, 0.021223172545433044, 0.9904738068580627
49, -4.596778869628906, 0.021223172545433044, 1.2139317989349365
50, -4.596778869628906, 0.021223172545433044, 1.2139317989349365
51, -4.387968063354492, 0.021223172545433044, 1.3514018058776855
52, -4.387968063354492, 0.021223172545433044, 1.3514018058776855
53, -4.387968063354492, 0.021223172545433044, 1.3514018058776855
54, -4.387968063354492, 0.021223172545433044, 1.3514018058776855
55, -4.138397216796875, 0.021223172545433044, 1.366048812866211
56, -4.138397216796875, 0.021223172545433044, 1.366048812866211
57, -3.9149391651153564, 0.021223172545433044, 1.2539482116699219
58, -3.9149391651153564, 0.021223172545433044, 1.2539482116699219
59, -3.9149391651153564, 0.021223172545433044, 1.2539482116699219
60, -3.9149391651153564, 0.021223172545433044, 1.2539482116699219
61, -3.9149391651153564, 0.021223172545433044, 1.2539482116699219
62, -3.9149391651153564, 0.021223172545433044, 1.2539482116699219
63, -3.9149391651153564, 0.021223172545433044, 1.2539482116699219
64, -4.138397216796875, 0.021223172545433044, 1.366048812866211
65, -4.3618550300598145, 0.021223172545433044, 1.4781494140625
66, -4.3618550300598145, 0.021223172545433044, 1.4781494140625
67, -4.499324798583984, 0.021223172545433044, 1.6869604587554932
68, -4.499324798583984, 0.021223172545433044, 1.6869604587554932
69, -4.504401683807373, 0.021223172545433044, 1.7734642028808594
70, -4.504401683807373, 0.021223172545433044, 1.7734642028808594
71, -4.504401683807373, 0.021223172545433044, 1.7734642028808594
72, -4.504401683807373, 0.021223172545433044, 1.7734642028808594
73, -4.504401683807373, 0.021223172545433044, 1.7734642028808594
74, -4.7278594970703125, 0.021223172545433044, 1.8855648040771484
75, -4.7278594970703125, 0.021223172545433044, 1.8855648040771484
76, -4.7278594970703125, 0.021223172545433044, 1.8855648040771484
77, -4.742506504058838, 0.021223172545433044, 2.1351354122161865
78, -4.757153511047363, 0.021223172545433044, 2.3847060203552246
79, -4.771800518035889, 0.021223172545433044, 2.6342766284942627
80, -4.771800518035889, 0.021223172545433044, 2.6342766284942627
81, -4.6596999168396, 0.021223172545433044, 2.8577346801757812
82, -4.5475993156433105, 0.021223172545433044, 3.0811924934387207
83, -4.4354987144470215, 0.021223172545433044, 3.30465030670166
84, -4.323398113250732, 0.021223172545433044, 3.5281081199645996
85, -4.323398113250732, 0.021223172545433044, 3.5281081199645996
86, -4.338045120239258, 0.021223172545433044, 3.7776787281036377
87, -4.338045120239258, 0.021223172545433044, 3.7776787281036377
88, -4.225944519042969, 0.021223172545433044, 4.001136779785156
89, -4.11384391784668, 0.021223172545433044, 4.224594593048096
90, -4.11384391784668, 0.021223172545433044, 4.224594593048096
91, -4.128490924835205, 0.021223172545433044, 4.474164962768555
92, -4.1431379318237305, 0.021223172545433044, 4.723735332489014
93, -4.157784938812256, 0.021223172545433044, 4.973305702209473
94, -4.172431945800781, 0.021223172545433044, 5.222876071929932
95, -4.187078952789307, 0.021223172545433044, 5.472446441650391
96, -4.201725959777832, 0.021223172545433044, 5.72201681137085
97, -4.201725959777832, 0.021223172545433044, 5.72201681137085
98, -4.339195728302002, 0.021223172545433044, 5.930828094482422
99, -4.476665496826172, 0.021223172545433044, 6.139638900756836
100, -4.476665496826172, 0.021223172545433044, 6.139638900756836
101, -4.491312503814697, 0.021223172545433044, 6.389209270477295
102, -4.491312503814697, 0.021223172545433044, 6.389209270477295
103, -4.491312503814697, 0.021223172545433044, 6.389209270477295
104, -4.491312503814697, 0.021223172545433044, 6.389209270477295
105, -4.491312503814697, 0.021223172545433044, 6.389209270477295
106, -4.491312503814697, 0.021223172545433044, 6.389209270477295
107, -4.353842735290527, 0.021223172545433044, 6.180398464202881
108, -4.216372966766357, 0.021223172545433044, 5.971587657928467
109, -4.216372966766357, 0.021223172545433044, 5.971587657928467
110, -4.201725959777832, 0.021223172545433044, 5.722017288208008
111, -4.187078952789307, 0.021223172545433044, 5.472446918487549
112, -4.172431945800781, 0.021223172545433044, 5.22287654876709
113, -4.157784938812256, 0.021223172545433044, 4.973306179046631
114, -4.157784938812256, 0.021223172545433044, 4.973306179046631
115, -4.157784938812256, 0.021223172545433044, 4.973306179046631
116, -4.1431379318237305, 0.021223172545433044, 4.723735809326172
117, -4.128490924835205, 0.021223172545433044, 4.474165439605713
118, -4.11384391784668, 0.021223172545433044, 4.224595069885254
119, -4.099196910858154, 0.021223172545433044, 3.975024461746216
120, -4.099196910858154, 0.021223172545433044, 3.975024461746216
121, -4.211297512054443, 0.021223172545433044, 3.7515666484832764
122, -4.323398113250732, 0.021223172545433044, 3.528108835220337
123, -4.4354987144470215, 0.021223172545433044, 3.3046510219573975
124, -4.5475993156433105, 0.021223172545433044, 3.081193208694458
125, -4.6596999168396, 0.021223172545433044, 2.8577353954315186
126, -4.771800518035889, 0.021223172545433044, 2.634277582168579
127, -4.883901119232178, 0.021223172545433044, 2.4108197689056396
128, -4.996001720428467, 0.021223172545433044, 2.1873619556427
129, -4.996001720428467, 0.021223172545433044, 2.1873619556427
130, -5.204812526702881, 0.021223172545433044, 2.049891948699951
131, -5.204812526702881, 0.021223172545433044, 2.049891948699951
132, -5.204812526702881, 0.021223172545433044, 2.049891948699951
133, -5.204812526702881, 0.021223172545433044, 2.049891948699951
134, -5.204812526702881, 0.021223172545433044, 2.049891948699951
135, -5.204812526702881, 0.021223172545433044, 2.049891948699951
136, -5.204812526702881, 0.021223172545433044, 2.049891948699951
137, -4.996001720428467, 0.021223172545433044, 2.1873619556427
138, -4.996001720428467, 0.021223172545433044, 2.1873619556427
139, -4.883901119232178, 0.021223172545433044, 2.4108200073242188
140, -4.771800518035889, 0.021223172545433044, 2.634277820587158
141, -4.6596999168396, 0.021223172545433044, 2.8577356338500977
142, -4.5475993156433105, 0.021223172545433044, 3.081193447113037
143, -4.4354987144470215, 0.021223172545433044, 3.3046512603759766
144, -4.323398113250732, 0.021223172545433044, 3.528109073638916
145, -4.211297512054443, 0.021223172545433044, 3.7515668869018555
146, -4.099196910858154, 0.021223172545433044, 3.975024700164795
147, -4.099196910858154, 0.021223172545433044, 3.975024700164795
148, -4.11384391784668, 0.021223172545433044, 4.224595069885254
149, -4.128490924835205, 0.021223172545433044, 4.474165439605713
150, -4.1431379318237305, 0.021223172545433044, 4.723735809326172
151, -4.157784938812256, 0.021223172545433044, 4.973306179046631
152, -4.172431945800781, 0.021223172545433044, 5.22287654876709
153, -4.187078952789307, 0.021223172545433044, 5.472446918487549
154, -4.201725959777832, 0.021223172545433044, 5.722017288208008
155, -4.201725959777832, 0.021223172545433044, 5.722017288208008
156, -4.339195728302002, 0.021223172545433044, 5.930828094482422
157, -4.339195728302002, 0.021223172545433044, 5.930828094482422
158, -4.562653541564941, 0.021223172545433044, 6.042928695678711
159, -4.562653541564941, 0.021223172545433044, 6.042928695678711
160, -4.562653541564941, 0.021223172545433044, 6.042928695678711
161, -4.562653541564941, 0.021223172545433044, 6.042928695678711
162, -4.562653541564941, 0.021223172545433044, 6.042928695678711
163, -4.562653541564941, 0.021223172545433044, 6.042928695678711
164, -4.562653541564941, 0.021223172545433044, 6.042928695678711
165, -4.339195728302002, 0.021223172545433044, 5.930828094482422
166, -4.339195728302002, 0.021223172545433044, 5.930828094482422
167, -4.201725959777832, 0.021223172545433044, 5.722017288208008
168, -4.201725959777832, 0.021223172545433044, 5.722017288208008
169, -4.187078952789307, 0.021223172545433044, 5.472446918487549
170, -4.172431945800781, 0.021223172545433044, 5.22287654876709
171, -4.157784938812256, 0.021223172545433044, 4.973306179046631
172, -4.1431379318237305, 0.021223172545433044, 4.723735809326172
173, -4.128490924835205, 0.021223172545433044, 4.474165439605713
174, -4.11384391784668, 0.021223172545433044, 4.224595069885254
175, -4.099196910858154, 0.021223172545433044, 3.975024461746216
176, -4.099196910858154, 0.021223172545433044, 3.975024461746216
177, -4.211297512054443, 0.021223172545433044, 3.7515666484832764
178, -4.323398113250732, 0.021223172545433044, 3.528108835220337
179, -4.4354987144470215, 0.021223172545433044, 3.3046510219573975
180, -4.4354987144470215, 0.021223172545433044, 3.3046510219573975
181, -4.420851707458496, 0.021223172545433044, 3.0550804138183594
182, -4.420851707458496, 0.021223172545433044, 3.0550804138183594
183, -4.420851707458496, 0.021223172545433044, 3.0550804138183594
184, -4.420851707458496, 0.021223172545433044, 3.0550804138183594
185, -4.420851707458496, 0.021223172545433044, 3.0550804138183594
186, -4.406204700469971, 0.021223172545433044, 2.8055098056793213
187, -4.406204700469971, 0.021223172545433044, 2.8055098056793213
188, -4.51830530166626, 0.021223172545433044, 2.582051992416382
189, -4.630405902862549, 0.021223172545433044, 2.3585941791534424
190, -4.630405902862549, 0.021223172545433044, 2.3585941791534424
191, -4.615758895874023, 0.021223172545433044, 2.1090235710144043
192, -4.601111888885498, 0.021223172545433044, 1.8594529628753662
193, -4.601111888885498, 0.021223172545433044, 1.8594529628753662
194, -4.463642120361328, 0.021223172545433044, 1.650641918182373
195, -4.326172351837158, 0.021223172545433044, 1.4418308734893799
196, -4.326172351837158, 0.021223172545433044, 1.4418308734893799
197, -4.102714538574219, 0.021223172545433044, 1.3297302722930908
198, -3.8792567253112793, 0.021223172545433044, 1.2176296710968018
199, -3.65579891204834, 0.021223172545433044, 1.1055290699005127
200, -3.65579891204834, 0.021223172545433044, 1.1055290699005127
201, -3.65579891204834, 0.021223172545433044, 1.1055290699005127
202, -3.65579891204834, 0.021223172545433044, 1.1055290699005127
203, -3.65579891204834, 0.021223172545433044, 1.1055290699005127
204, -3.65579891204834, 0.021223172545433044, 1.1055290699005127
205, -3.793268918991089, 0.021223172545433044, 1.3143401145935059
206, -3.793268918991089, 0.021223172545433044, 1.3143401145935059
207, -4.016726970672607, 0.021223172545433044, 1.426440715789795
208, -4.240184783935547, 0.021223172545433044, 1.538541316986084
209, -4.463642597198486, 0.021223172545433044, 1.650641918182373
210, -4.687100410461426, 0.021223172545433044, 1.762742519378662
211, -4.687100410461426, 0.021223172545433044, 1.762742519378662
212, -4.687100410461426, 0.021223172545433044, 1.762742519378662
213, -4.701747417449951, 0.021223172545433044, 2.0123131275177
214, -4.701747417449951, 0.021223172545433044, 2.0123131275177
215, -4.589646816253662, 0.021223172545433044, 2.2357711791992188
216, -4.477546215057373, 0.021223172545433044, 2.459228992462158
217, -4.477546215057373, 0.021223172545433044, 2.459228992462158
218, -4.268735408782959, 0.021223172545433044, 2.5966989994049072
219, -4.268735408782959, 0.021223172545433044, 2.5966989994049072
220, -4.0191650390625, 0.021223172545433044, 2.6113460063934326
221, -4.0191650390625, 0.021223172545433044, 2.6113460063934326
222, -4.0191650390625, 0.021223172545433044, 2.6113460063934326
223, -4.0191650390625, 0.021223172545433044, 2.6113460063934326
224, -4.0191650390625, 0.021223172545433044, 2.6113460063934326
225, -4.0191650390625, 0.021223172545433044, 2.6113460063934326
226, -4.2426228523254395, 0.021223172545433044, 2.7234466075897217
227, -4.2426228523254395, 0.021223172545433044, 2.7234466075897217
228, -4.380092620849609, 0.021223172545433044, 2.932257652282715
229, -4.517562389373779, 0.021223172545433044, 3.141068696975708
230, -4.517562389373779, 0.021223172545433044, 3.141068696975708
231, -4.532209396362305, 0.021223172545433044, 3.390639305114746
232, -4.532209396362305, 0.021223172545433044, 3.390639305114746
233, -4.420108795166016, 0.021223172545433044, 3.6140971183776855
234, -4.308008193969727, 0.021223172545433044, 3.837554931640625
235, -4.1959075927734375, 0.021223172545433044, 4.0610127449035645
236, -4.083806991577148, 0.021223172545433044, 4.284470558166504
237, -4.083806991577148, 0.021223172545433044, 4.284470558166504
238, -4.098453998565674, 0.021223172545433044, 4.534040927886963
239, -4.113101005554199, 0.021223172545433044, 4.783611297607422
240, -4.127748012542725, 0.021223172545433044, 5.033181667327881
241, -4.14239501953125, 0.021223172545433044, 5.28275203704834
242, -4.157042026519775, 0.021223172545433044, 5.532322406768799
243, -4.171689033508301, 0.021223172545433044, 5.781892776489258
244, -4.171689033508301, 0.021223172545433044, 5.781892776489258
245, -4.309158802032471, 0.021223172545433044, 5.990703582763672
246, -4.309158802032471, 0.021223172545433044, 5.990703582763672
247, -4.53261661529541, 0.021223172545433044, 6.102804183959961
248, -4.75607442855835, 0.021223172545433044, 6.21490478515625
249, -4.979532241821289, 0.021223172545433044, 6.327005386352539
250, -4.979532241821289, 0.021223172545433044, 6.327005386352539
251, -5.229102611541748, 0.021223172545433044, 6.312358379364014
252, -5.478672981262207, 0.021223172545433044, 6.297711372375488
253, -5.478672981262207, 0.021223172545433044, 6.297711372375488
254, -5.478672981262207, 0.021223172545433044, 6.297711372375488
255, -5.478672981262207, 0.021223172545433044, 6.297711372375488
256, -5.478672981262207, 0.021223172545433044, 6.297711372375488
257, -5.478672981262207, 0.021223172545433044, 6.297711372375488
258, -5.478672981262207, 0.021223172545433044, 6.297711372375488
259, -5.229102611541748, 0.021223172545433044, 6.312358379364014
260, -5.229102611541748, 0.021223172545433044, 6.312358379364014
261, -5.1836090087890625, 0.021223172545433044, 6.289535999298096
262, -5.1836090087890625, 0.021223172545433044, 6.289535999298096
263, -5.1836090087890625, 0.021223172545433044, 6.289535999298096
264, -4.974798202514648, 0.021223172545433044, 6.427005767822266
265, -4.974798202514648, 0.021223172545433044, 6.427005767822266
266, -4.7252278327941895, 0.021223172545433044, 6.441652774810791
267, -4.7252278327941895, 0.021223172545433044, 6.441652774810791
268, -4.7252278327941895, 0.021223172545433044, 6.441652774810791
269, -4.5877580642700195, 0.021223172545433044, 6.232841968536377
270, -4.45028829574585, 0.021223172545433044, 6.024031162261963
271, -4.31281852722168, 0.021223172545433044, 5.815220355987549
272, -4.31281852722168, 0.021223172545433044, 5.815220355987549
273, -4.31281852722168, 0.021223172545433044, 5.815220355987549
274, -4.17534875869751, 0.021223172545433044, 5.606409549713135
275, -4.17534875869751, 0.021223172545433044, 5.606409549713135
276, -4.160701751708984, 0.021223172545433044, 5.356839179992676
277, -4.146054744720459, 0.021223172545433044, 5.107268810272217
278, -4.131407737731934, 0.021223172545433044, 4.857698440551758
279, -4.116760730743408, 0.021223172545433044, 4.608128070831299
280, -4.102113723754883, 0.021223172545433044, 4.35855770111084
281, -4.087466716766357, 0.021223172545433044, 4.108987331390381
282, -4.087466716766357, 0.021223172545433044, 4.108987331390381
283, -4.1995673179626465, 0.021223172545433044, 3.8855295181274414
284, -4.3116679191589355, 0.021223172545433044, 3.662071704864502
285, -4.423768520355225, 0.021223172545433044, 3.4386138916015625
286, -4.535869121551514, 0.021223172545433044, 3.215156078338623
287, -4.647969722747803, 0.021223172545433044, 2.9916982650756836
288, -4.647969722747803, 0.021223172545433044, 2.9916982650756836
289, -4.633322715759277, 0.021223172545433044, 2.7421276569366455
290, -4.633322715759277, 0.021223172545433044, 2.7421276569366455
291, -4.633322715759277, 0.021223172545433044, 2.7421276569366455
292, -4.633322715759277, 0.021223172545433044, 2.7421276569366455
293, -4.633322715759277, 0.021223172545433044, 2.7421276569366455
294, -4.618675708770752, 0.021223172545433044, 2.4925570487976074
295, -4.604028701782227, 0.021223172545433044, 2.2429864406585693
296, -4.589381694793701, 0.021223172545433044, 1.9934158325195312
297, -4.574734687805176, 0.021223172545433044, 1.7438452243804932
298, -4.574734687805176, 0.021223172545433044, 1.7438452243804932
299, -4.437264919281006, 0.021223172545433044, 1.5350341796875
300, -4.437264919281006, 0.021223172545433044, 1.5350341796875
301, -4.213807106018066, 0.021223172545433044, 1.422933578491211
302, -3.990349292755127, 0.021223172545433044, 1.3108329772949219
303, -3.7668914794921875, 0.021223172545433044, 1.1987323760986328
304, -3.7668914794921875, 0.021223172545433044, 1.1987323760986328
305, -3.7668914794921875, 0.021223172545433044, 1.1987323760986328
306, -3.7668914794921875, 0.021223172545433044, 1.1987323760986328
307, -3.7668914794921875, 0.021223172545433044, 1.1987323760986328
308, -3.7668914794921875, 0.021223172545433044, 1.1987323760986328
309, -3.7668914794921875, 0.021223172545433044, 1.1987323760986328
310, -3.990349292755127, 0.021223172545433044, 1.3108330965042114
311, -4.213807106018066, 0.021223172545433044, 1.42293381690979
312, -4.437264919281006, 0.021223172545433044, 1.5350345373153687
313, -4.660722732543945, 0.021223172545433044, 1.6471352577209473
314, -4.884180545806885, 0.021223172545433044, 1.7592359781265259
315, -4.884180545806885, 0.021223172545433044, 1.7592359781265259
316, -5.021650314331055, 0.021223172545433044, 1.968047022819519
317, -5.021650314331055, 0.021223172545433044, 1.968047022819519
318, -5.021650314331055, 0.021223172545433044, 1.968047022819519
319, -5.021650314331055, 0.021223172545433044, 1.968047022819519
320, -5.03629732131958, 0.021223172545433044, 2.2176175117492676
321, -5.03629732131958, 0.021223172545433044, 2.2176175117492676
322, -4.924196720123291, 0.021223172545433044, 2.441075325012207
323, -4.812096118927002, 0.021223172545433044, 2.6645331382751465
324, -4.699995517730713, 0.021223172545433044, 2.887990951538086
325, -4.587894916534424, 0.021223172545433044, 3.1114487648010254
326, -4.475794315338135, 0.021223172545433044, 3.334906578063965
327, -4.363693714141846, 0.021223172545433044, 3.5583643913269043
328, -4.363693714141846, 0.021223172545433044, 3.5583643913269043
329, -4.154882907867432, 0.021223172545433044, 3.6958343982696533
330, -3.9460718631744385, 0.021223172545433044, 3.8333044052124023
331, -3.9460718631744385, 0.021223172545433044, 3.8333044052124023
332, -3.9460718631744385, 0.021223172545433044, 3.8333044052124023
333, -3.9460718631744385, 0.021223172545433044, 3.8333044052124023
334, -3.9460718631744385, 0.021223172545433044, 3.8333044052124023
335, -3.9460718631744385, 0.021223172545433044, 3.8333044052124023
336, -3.9460718631744385, 0.021223172545433044, 3.8333044052124023
337, -4.154882907867432, 0.021223172545433044, 3.6958346366882324
338, -4.363693714141846, 0.021223172545433044, 3.5583648681640625
339, -4.363693714141846, 0.021223172545433044, 3.5583648681640625
340, -4.475794315338135, 0.021223172545433044, 3.334907054901123
341, -4.587894916534424, 0.021223172545433044, 3.1114492416381836
342, -4.699995517730713, 0.021223172545433044, 2.887991428375244
343, -4.699995517730713, 0.021223172545433044, 2.887991428375244
344, -4.6853485107421875, 0.021223172545433044, 2.638420820236206
345, -4.670701503753662, 0.021223172545433044, 2.388850212097168
346, -4.656054496765137, 0.021223172545433044, 2.13927960395813
347, -4.641407489776611, 0.021223172545433044, 1.8897089958190918
348, -4.641407489776611, 0.021223172545433044, 1.8897089958190918
349, -4.503937721252441, 0.021223172545433044, 1.6808979511260986
350, -4.3664679527282715, 0.021223172545433044, 1.4720869064331055
351, -4.3664679527282715, 0.021223172545433044, 1.4720869064331055
352, -4.143010139465332, 0.021223172545433044, 1.3599863052368164
353, -3.9195523262023926, 0.021223172545433044, 1.2478857040405273
354, -3.696094512939453, 0.021223172545433044, 1.1357851028442383
355, -3.4726366996765137, 0.021223172545433044, 1.0236845016479492
356, -3.249178886413574, 0.021223172545433044, 0.9115838408470154
357, -3.249178886413574, 0.021223172545433044, 0.9115838408470154
358, -3.249178886413574, 0.021223172545433044, 0.9115838408470154
359, -3.249178886413574, 0.021223172545433044, 0.9115838408470154
360, -3.249178886413574, 0.021223172545433044, 0.9115838408470154
361, -3.249178886413574, 0.021223172545433044, 0.9115838408470154
362, -3.249178886413574, 0.021223172545433044, 0.9115838408470154
363, -3.4726366996765137, 0.021223172545433044, 1.0236845016479492
364, -3.696094512939453, 0.021223172545433044, 1.1357851028442383
365, -3.9195523262023926, 0.021223172545433044, 1.2478857040405273
366, -4.143010139465332, 0.021223172545433044, 1.3599863052368164
367, -4.3664679527282715, 0.021223172545433044, 1.4720869064331055
368, -4.3664679527282715, 0.021223172545433044, 1.4720869064331055
369, -4.503937721252441, 0.021223172545433044, 1.6808979511260986
370, -4.641407489776611, 0.021223172545433044, 1.8897089958190918
371, -4.641407489776611, 0.021223172545433044, 1.8897089958190918
372, -4.656054496765137, 0.021223172545433044, 2.13927960395813
373, -4.656054496765137, 0.021223172545433044, 2.13927960395813
374, -4.543953895568848, 0.021223172545433044, 2.3627376556396484
375, -4.543953895568848, 0.021223172545433044, 2.3627376556396484
376, -4.335143089294434, 0.021223172545433044, 2.5002076625823975
377, -4.1263322830200195, 0.021223172545433044, 2.6376776695251465
378, -4.1263322830200195, 0.021223172545433044, 2.6376776695251465
379, -3.8767616748809814, 0.021223172545433044, 2.652324676513672
380, -3.6271910667419434, 0.021223172545433044, 2.6669716835021973
381, -3.3776204586029053, 0.021223172545433044, 2.6816186904907227
382, -3.128049850463867, 0.021223172545433044, 2.696265697479248
383, -2.878479242324829, 0.021223172545433044, 2.7109127044677734
384, -2.628908634185791, 0.021223172545433044, 2.725559711456299
385, -2.379338026046753, 0.021223172545433044, 2.740206718444824
386, -2.129767417907715, 0.021223172545433044, 2.7548537254333496
387, -1.8801968097686768, 0.021223172545433044, 2.769500732421875
388, -1.6306262016296387, 0.021223172545433044, 2.7841477394104004
389, -1.3810555934906006, 0.021223172545433044, 2.798794746398926
390, -1.1314849853515625, 0.021223172545433044, 2.813441753387451
391, -0.8819143772125244, 0.021223172545433044, 2.8280887603759766
392, -0.8819143772125244, 0.021223172545433044, 2.8280887603759766
393, -0.8819143772125244, 0.021223172545433044, 2.8280887603759766
394, -0.8819143772125244, 0.021223172545433044, 2.8280887603759766
395, -0.8965612649917603, 0.021223172545433044, 3.0776593685150146
396, -0.8965612649917603, 0.021223172545433044, 3.0776593685150146
397, -1.0330810546875, 0.11037764698266983, 3.285027265548706
398, -1.0330810546875, 0.11037764698266983, 3.285027265548706
399, -1.0330810546875, 0.11037764698266983, 3.285027265548706
400, -1.0330810546875, 0.11037764698266983, 3.285027265548706
401, -0.9537451267242432, 0.10387953370809555, 3.4431729316711426
402, -0.9537451267242432, 0.10387953370809555, 3.4431729316711426
403, -0.9537451267242432, 0.10387959331274033, 3.4431731700897217
404, -0.9537451267242432, 0.10387959331274033, 3.4431731700897217
405, -1.0330810546875, 0.211706280708313, 3.563681125640869
406, -1.0330810546875, 0.211706280708313, 3.563681125640869
407, -1.0330810546875, 0.211706280708313, 3.563681125640869
408, -0.9647371172904968, 0.22122317552566528, 3.699915647506714
409, -0.9647371172904968, 0.22122317552566528, 3.699915647506714
410, -0.9647371172904968, 0.22122317552566528, 3.699915647506714
411, -0.9647371172904968, 0.22122317552566528, 3.699915647506714
412, -0.9647371172904968, 0.22122317552566528, 3.699915647506714
413, -0.9647371172904968, 0.22122317552566528, 3.699915647506714
414, -0.9647371172904968, 0.22122317552566528, 3.699915647506714
415, -0.9647371172904968, 0.22122317552566528, 3.699915647506714
416, -0.9647371172904968, 0.22122317552566528, 3.699915647506714
417, -0.9647371172904968, 0.22122317552566528, 3.699915647506714
418, -0.9647371172904968, 0.22122317552566528, 3.699915647506714
419, -0.9647371172904968, 0.22122317552566528, 3.699915647506714
420, -0.9647371172904968, 0.22122317552566528, 3.699915647506714
421, -0.9647371172904968, 0.22122317552566528, 3.699915647506714
422, -0.9647371172904968, 0.22122317552566528, 3.699915647506714
423, -0.9647371172904968, 0.22122317552566528, 3.699915647506714
424, -0.9647371172904968, 0.22122317552566528, 3.699915647506714
425, -0.9647371172904968, 0.22122317552566528, 3.699915647506714
426, -0.9647371172904968, 0.22122317552566528, 3.699915647506714
427, -0.9647371172904968, 0.22122317552566528, 3.699915647506714
428, -1.0330810546875, 0.211706280708313, 3.563681125640869
429, -1.0330810546875, 0.211706280708313, 3.563681125640869
430, -1.0184341669082642, 0.10497491806745529, 3.314110517501831
431, -1.0037872791290283, 0.021223172545433044, 3.064539909362793
432, -1.0037872791290283, 0.021223172545433044, 3.064539909362793
433, -1.115887999534607, 0.021223172545433044, 2.8410820960998535
434, -1.115887999534607, 0.021223172545433044, 2.8410820960998535
435, -1.3246990442276, 0.021223172545433044, 2.7036123275756836
436, -1.3246990442276, 0.021223172545433044, 2.7036123275756836
437, -1.5742696523666382, 0.021223172545433044, 2.688965320587158
438, -1.8238402605056763, 0.021223172545433044, 2.674318313598633
439, -2.073410749435425, 0.021223172545433044, 2.6596713066101074
440, -2.322981357574463, 0.021223172545433044, 2.645024299621582
441, -2.572551965713501, 0.021223172545433044, 2.6303772926330566
442, -2.822122573852539, 0.021223172545433044, 2.6157302856445312
443, -3.071693181991577, 0.021223172545433044, 2.601083278656006
444, -3.3212637901306152, 0.021223172545433044, 2.5864362716674805
445, -3.5708343982696533, 0.021223172545433044, 2.571789264678955
446, -3.8204050064086914, 0.021223172545433044, 2.5571422576904297
447, -4.06997537612915, 0.021223172545433044, 2.5424952507019043
448, -4.319545745849609, 0.021223172545433044, 2.527848243713379
449, -4.319545745849609, 0.021223172545433044, 2.527848243713379
450, -4.528356552124023, 0.021223172545433044, 2.390378475189209
451, -4.7371673583984375, 0.021223172545433044, 2.252908706665039
452, -4.945978164672852, 0.021223172545433044, 2.115438938140869
453, -4.945978164672852, 0.021223172545433044, 2.115438938140869
454, -5.1955485343933105, 0.021223172545433044, 2.1007919311523438
455, -5.4451189041137695, 0.021223172545433044, 2.0861449241638184
456, -5.6946892738342285, 0.021223172545433044, 2.071497917175293
457, -5.6946892738342285, 0.021223172545433044, 2.071497917175293
458, -5.6946892738342285, 0.021223172545433044, 2.071497917175293
459, -5.6946892738342285, 0.021223172545433044, 2.071497917175293
460, -5.6946892738342285, 0.021223172545433044, 2.071497917175293
461, -5.6946892738342285, 0.021223172545433044, 2.071497917175293
462, -5.6946892738342285, 0.021223172545433044, 2.071497917175293
463, -5.4451189041137695, 0.021223172545433044, 2.0861449241638184
464, -5.1955485343933105, 0.021223172545433044, 2.1007919311523438
465, -5.1955485343933105, 0.021223172545433044, 2.1007919311523438
466, -4.9867377281188965, 0.021223172545433044, 2.2382616996765137
467, -4.9867377281188965, 0.021223172545433044, 2.2382616996765137
468, -4.874637126922607, 0.021223172545433044, 2.461719512939453
469, -4.762536525726318, 0.021223172545433044, 2.6851773262023926
470, -4.650435924530029, 0.021223172545433044, 2.908635139465332
471, -4.53833532333374, 0.021223172545433044, 3.1320929527282715
472, -4.426234722137451, 0.021223172545433044, 3.355550765991211
473, -4.426234722137451, 0.021223172545433044, 3.355550765991211
474, -4.426234722137451, 0.021223172545433044, 3.355550765991211
475, -4.426234722137451, 0.021223172545433044, 3.355550765991211
476, -4.426234722137451, 0.021223172545433044, 3.355550765991211
477, -4.314134120941162, 0.021223172545433044, 3.5790085792541504
478, -4.202033519744873, 0.021223172545433044, 3.80246639251709
479, -4.089932918548584, 0.021223172545433044, 4.025924205780029
480, -4.089932918548584, 0.021223172545433044, 4.025924205780029
481, -4.104579925537109, 0.021223172545433044, 4.275494575500488
482, -4.119226932525635, 0.021223172545433044, 4.525064945220947
483, -4.13387393951416, 0.021223172545433044, 4.774635314941406
484, -4.1485209465026855, 0.021223172545433044, 5.024205684661865
485, -4.163167953491211, 0.021223172545433044, 5.273776054382324
486, -4.177814960479736, 0.021223172545433044, 5.523346424102783
487, -4.192461967468262, 0.021223172545433044, 5.772916793823242
488, -4.192461967468262, 0.021223172545433044, 5.772916793823242
489, -4.329931735992432, 0.021223172545433044, 5.981727600097656
490, -4.467401504516602, 0.021223172545433044, 6.19053840637207
491, -4.467401504516602, 0.021223172545433044, 6.19053840637207
492, -4.690859317779541, 0.021223172545433044, 6.302639007568359
493, -4.9143171310424805, 0.021223172545433044, 6.414739608764648
494, -4.9143171310424805, 0.021223172545433044, 6.414739608764648
495, -5.1638875007629395, 0.021223172545433044, 6.400092601776123
496, -5.175854682922363, 0.021223172545433044, 6.39939022064209
497, -5.175854682922363, 0.021223172545433044, 6.39939022064209
498, -5.384665489196777, 0.021223172545433044, 6.26192045211792
499, -5.384665489196777, 0.021223172545433044, 6.26192045211792
