1, 8.278277397155762, -0.5355252027511597, 3.6178739070892334
2, 8.278277397155762, -0.5355252027511597, 3.6178739070892334
3, 8.278277397155762, -0.5355252027511597, 3.6178739070892334
4, 8.278277397155762, -0.5355252027511597, 3.6178739070892334
5, 8.278277397155762, -0.5355252027511597, 3.6178739070892334
6, 8.278277397155762, -0.5355252027511597, 3.6178739070892334
7, 8.278277397155762, -0.5355252027511597, 3.6178739070892334
8, 8.278277397155762, -0.5355252027511597, 3.6178739070892334
9, 8.278277397155762, -0.5355252027511597, 3.6178739070892334
10, 8.278277397155762, -0.5355252027511597, 3.6178739070892334
11, 8.278277397155762, -0.5355252027511597, 3.6178739070892334
12, 8.278277397155762, -0.5355252027511597, 3.6178739070892334
13, 8.278277397155762, -0.5355252027511597, 3.6178739070892334
14, 8.278277397155762, -0.5355252027511597, 3.6178739070892334
15, 8.278277397155762, -0.5355252027511597, 3.6178739070892334
16, 8.073616027832031, -0.5355252027511597, 3.474299669265747
17, 8.073616027832031, -0.5355252027511597, 3.474299669265747
18, 7.824586391448975, -0.5355252027511597, 3.45229172706604
19, 7.575556755065918, -0.5355252027511597, 3.430283784866333
20, 7.326527118682861, -0.5355252027511597, 3.408275842666626
21, 7.077497482299805, -0.5355252027511597, 3.386267900466919
22, 6.828467845916748, -0.5355252027511597, 3.364259958267212
23, 6.828467845916748, -0.5355252027511597, 3.364259958267212
24, 6.828467845916748, -0.5355252027511597, 3.364259958267212
25, 6.828467845916748, -0.5355252027511597, 3.364259958267212
26, 6.601798057556152, -0.5355252027511597, 3.469715118408203
27, 6.601798057556152, -0.5355252027511597, 3.469715118408203
28, 6.458223819732666, -0.5355252027511597, 3.674376964569092
29, 6.458223819732666, -0.5355252027511597, 3.674376964569092
30, 6.455938816070557, -0.5355252027511597, 3.700234889984131
31, 6.455938816070557, -0.5355252027511597, 3.700234889984131
32, 6.455938816070557, -0.5355252027511597, 3.700234889984131
33, 6.455938816070557, -0.5355252027511597, 3.700234889984131
34, 6.455938816070557, -0.5355252027511597, 3.700234889984131
35, 6.229269027709961, -0.5355252027511597, 3.805690050125122
36, 6.229269027709961, -0.5355252027511597, 3.805690050125122
37, 6.229269027709961, -0.5355252027511597, 3.805690050125122
38, 6.207261085510254, -0.5355252027511597, 4.0547194480896
39, 6.185253143310547, -0.5355252027511597, 4.303749084472656
40, 6.185253143310547, -0.5355252027511597, 4.303749084472656
41, 6.290708541870117, -0.5355252027511597, 4.530418872833252
42, 6.290708541870117, -0.5355252027511597, 4.530418872833252
43, 6.26870059967041, -0.5355252027511597, 4.779448509216309
44, 6.26870059967041, -0.5355252027511597, 4.779448509216309
45, 6.1457719802856445, -0.5355252027511597, 4.954680919647217
46, 6.145771503448486, -0.5355252027511597, 4.954681396484375
47, 6.145771503448486, -0.5355252027511597, 4.954681396484375
48, 6.145771503448486, -0.5355252027511597, 4.954681396484375
49, 6.145771503448486, -0.5355252027511597, 4.954681396484375
50, 6.145771503448486, -0.5355252027511597, 4.954681396484375
51, 6.145771503448486, -0.5355252027511597, 4.954681396484375
52, 6.145771503448486, -0.5355252027511597, 4.954681396484375
53, 6.289345741271973, -0.5355252027511597, 4.750019550323486
54, 6.289345741271973, -0.5355252027511597, 4.750019550323486
55, 6.31135368347168, -0.5355252027511597, 4.50098991394043
56, 6.333361625671387, -0.5355252027511597, 4.251960277557373
57, 6.333361625671387, -0.5355252027511597, 4.251960277557373
58, 6.227906227111816, -0.5355252027511597, 4.025290489196777
59, 6.122450828552246, -0.5355252027511597, 3.7986207008361816
60, 6.016995429992676, -0.5355252027511597, 3.571950912475586
61, 6.016995429992676, -0.5355252027511597, 3.571950912475586
62, 5.812333583831787, -0.5355252027511597, 3.4283766746520996
63, 5.812333583831787, -0.5355252027511597, 3.4283766746520996
64, 5.5633039474487305, -0.5355252027511597, 3.4063687324523926
65, 5.314274311065674, -0.5355252027511597, 3.3843607902526855
66, 5.065244674682617, -0.5355252027511597, 3.3623528480529785
67, 4.8162150382995605, -0.5355252027511597, 3.3403449058532715
68, 4.567185401916504, -0.5355252027511597, 3.3183369636535645
69, 4.318155765533447, -0.5355252027511597, 3.2963290214538574
70, 4.069126129150391, -0.5355252027511597, 3.2743210792541504
71, 4.069126129150391, -0.5355252027511597, 3.2743210792541504
72, 3.842456340789795, -0.5355252027511597, 3.3797762393951416
73, 3.842456340789795, -0.5355252027511597, 3.3797762393951416
74, 3.6988821029663086, -0.5355252027511597, 3.5844380855560303
75, 3.6988821029663086, -0.5355252027511597, 3.5844380855560303
76, 3.691819667816162, -0.5355252027511597, 3.664353847503662
77, 3.691819667816162, -0.5355252027511597, 3.664353847503662
78, 3.691819667816162, -0.5355252027511597, 3.664353847503662
79, 3.691819667816162, -0.5355252027511597, 3.664353847503662
80, 3.691819667816162, -0.5355252027511597, 3.664353847503662
81, 3.691819667816162, -0.5355252027511597, 3.664353847503662
82, 3.4651498794555664, -0.5355252027511597, 3.7698090076446533
83, 3.4651498794555664, -0.5355252027511597, 3.7698090076446533
84, 3.4651498794555664, -0.5355252027511597, 3.7698090076446533
85, 3.4431419372558594, -0.5355252027511597, 4.018838405609131
86, 3.4211339950561523, -0.5355252027511597, 4.2678680419921875
87, 3.4211339950561523, -0.5355252027511597, 4.2678680419921875
88, 3.5265891551971436, -0.5355252027511597, 4.494537830352783
89, 3.5265891551971436, -0.5355252027511597, 4.494537830352783
90, 3.5045812129974365, -0.5355252027511597, 4.74356746673584
91, 3.5045812129974365, -0.5355252027511597, 4.74356746673584
92, 3.4005064964294434, -0.5355252027511597, 4.891923427581787
93, 3.4005064964294434, -0.5355252027511597, 4.891923427581787
94, 3.4005064964294434, -0.5355252027511597, 4.891923427581787
95, 3.4005064964294434, -0.5355252027511597, 4.891923427581787
96, 3.4005064964294434, -0.5355252027511597, 4.891923427581787
97, 3.4005064964294434, -0.5355252027511597, 4.891923427581787
98, 3.4005064964294434, -0.5355252027511597, 4.891923427581787
99, 3.4005064964294434, -0.5355252027511597, 4.891923427581787
100, 3.4005064964294434, -0.5355252027511597, 4.891923427581787
101, 3.4225144386291504, -0.5355252027511597, 4.6428937911987305
102, 3.4445223808288574, -0.5355252027511597, 4.393864154815674
103, 3.4665303230285645, -0.5355252027511597, 4.144834518432617
104, 3.4885382652282715, -0.5355252027511597, 3.8958051204681396
105, 3.4885382652282715, -0.5355252027511597, 3.8958051204681396
106, 3.4885382652282715, -0.5355252027511597, 3.8958051204681396
107, 3.4885382652282715, -0.5355252027511597, 3.8958051204681396
108, 3.3830831050872803, -0.5355252027511597, 3.669135332107544
109, 3.277627944946289, -0.5355252027511597, 3.4424655437469482
110, 3.277627944946289, -0.5355252027511597, 3.4424655437469482
111, 3.0729660987854004, -0.5355252027511597, 3.298891305923462
112, 3.0729660987854004, -0.5355252027511597, 3.298891305923462
113, 2.823936700820923, -0.5355252027511597, 3.276883363723755
114, 2.823936700820923, -0.5355252027511597, 3.276883363723755
115, 2.597266912460327, -0.5355252027511597, 3.382338523864746
116, 2.597266912460327, -0.5355252027511597, 3.382338523864746
117, 2.597266912460327, -0.5355252027511597, 3.382338523864746
118, 2.3705971240997314, -0.5355252027511597, 3.4877936840057373
119, 2.3705971240997314, -0.5355252027511597, 3.4877936840057373
120, 2.3705971240997314, -0.5355252027511597, 3.4877936840057373
121, 2.1439273357391357, -0.5355252027511597, 3.5932488441467285
122, 1.91725754737854, -0.5355252027511597, 3.6987040042877197
123, 1.91725754737854, -0.5355252027511597, 3.6987040042877197
124, 1.91725754737854, -0.5355252027511597, 3.6987040042877197
125, 1.91725754737854, -0.5355252027511597, 3.6987040042877197
126, 1.91725754737854, -0.5355252027511597, 3.6987040042877197
127, 1.91725754737854, -0.5355252027511597, 3.6987040042877197
128, 1.91725754737854, -0.5355252027511597, 3.6987040042877197
129, 1.7125957012176514, -0.5355252027511597, 3.5551297664642334
130, 1.5079338550567627, -0.5355252027511597, 3.411555528640747
131, 1.5079338550567627, -0.5355252027511597, 3.411555528640747
132, 1.5079338550567627, -0.5355252027511597, 3.411555528640747
133, 1.5299419164657593, -0.5355252027511597, 3.1625261306762695
134, 1.5299419164657593, -0.5355252027511597, 3.1625261306762695
135, 1.5299419164657593, -0.5355252027511597, 3.1625261306762695
136, 1.5519499778747559, -0.5355252027511597, 2.913496732711792
137, 1.5739580392837524, -0.5355252027511597, 2.6644673347473145
138, 1.595966100692749, -0.5355252027511597, 2.415437936782837
139, 1.6179741621017456, -0.5355252027511597, 2.1664085388183594
140, 1.6179741621017456, -0.5355252027511597, 2.1664085388183594
141, 1.761548399925232, -0.5355252027511597, 1.9617468118667603
142, 1.9051226377487183, -0.5355252027511597, 1.7570850849151611
143, 2.048696994781494, -0.5355252027511597, 1.552423357963562
144, 2.1922712326049805, -0.5355252027511597, 1.347761631011963
145, 2.335845470428467, -0.5355252027511597, 1.1430999040603638
146, 2.479419708251953, -0.5355252027511597, 0.9384381175041199
147, 2.479419708251953, -0.5355252027511597, 0.9384381175041199
148, 2.479419708251953, -0.5355252027511597, 0.9384381175041199
149, 2.479419708251953, -0.5355252027511597, 0.9384381175041199
150, 2.479419708251953, -0.5355252027511597, 0.9384381175041199
151, 2.479419708251953, -0.5355252027511597, 0.9384381175041199
152, 2.479419708251953, -0.5355252027511597, 0.9384381175041199
153, 2.479419708251953, -0.5355252027511597, 0.9384381175041199
154, 2.457411766052246, -0.5355252027511597, 1.1874675750732422
155, 2.435403823852539, -0.5355252027511597, 1.4364969730377197
156, 2.413395881652832, -0.5355252027511597, 1.6855263710021973
157, 2.391387939453125, -0.5355252027511597, 1.9345557689666748
158, 2.369379997253418, -0.5355252027511597, 2.1835851669311523
159, 2.347372055053711, -0.5355252027511597, 2.43261456489563
160, 2.325364112854004, -0.5355252027511597, 2.6816439628601074
161, 2.325364112854004, -0.5355252027511597, 2.6816439628601074
162, 2.430819272994995, -0.5355252027511597, 2.908313751220703
163, 2.5362744331359863, -0.5355252027511597, 3.134983539581299
164, 2.5362744331359863, -0.5355252027511597, 3.134983539581299
165, 2.740936279296875, -0.5355252027511597, 3.278557777404785
166, 2.740936279296875, -0.5355252027511597, 3.278557777404785
167, 2.9899656772613525, -0.5355252027511597, 3.300565719604492
168, 3.23899507522583, -0.5355252027511597, 3.322573661804199
169, 3.4880244731903076, -0.5355252027511597, 3.3445816040039062
170, 3.737053871154785, -0.5355252027511597, 3.3665895462036133
171, 3.9860832691192627, -0.5355252027511597, 3.3885974884033203
172, 4.23511266708374, -0.5355252027511597, 3.4106054306030273
173, 4.484142303466797, -0.5355252027511597, 3.4326133728027344
174, 4.7331719398498535, -0.5355252027511597, 3.4546213150024414
175, 4.98220157623291, -0.5355252027511597, 3.4766292572021484
176, 5.231231212615967, -0.5355252027511597, 3.4986371994018555
177, 5.480260848999023, -0.5355252027511597, 3.5206451416015625
178, 5.480260848999023, -0.5355252027511597, 3.5206451416015625
179, 5.706930637359619, -0.5355252027511597, 3.4151899814605713
180, 5.933600425720215, -0.5355252027511597, 3.30973482131958
181, 6.1602702140808105, -0.5355252027511597, 3.204279661178589
182, 6.386940002441406, -0.5355252027511597, 3.0988245010375977
183, 6.386940002441406, -0.5355252027511597, 3.0988245010375977
184, 6.530514240264893, -0.5355252027511597, 2.894162654876709
185, 6.674088478088379, -0.5355252027511597, 2.6895008087158203
186, 6.817662715911865, -0.5355252027511597, 2.4848389625549316
187, 6.961236953735352, -0.5355252027511597, 2.280177116394043
188, 6.961236953735352, -0.5355252027511597, 2.280177116394043
189, 7.187906742095947, -0.5355252027511597, 2.1747219562530518
190, 7.414576530456543, -0.5355252027511597, 2.0692667961120605
191, 9.110172271728516, -0.5355252027511597, 2.2922849655151367
