1, 6.537037372589111, 2.880223035812378, 1.7661793231964111
2, 6.537037372589111, 2.880223035812378, 1.7661793231964111
3, 6.537037372589111, 2.880223035812378, 1.7661793231964111
4, 6.537037372589111, 2.880223035812378, 1.7661793231964111
5, 6.537037372589111, 2.880223035812378, 1.7661793231964111
6, 6.537037372589111, 2.880223035812378, 1.7661793231964111
7, 6.537037372589111, 2.880223035812378, 1.7661793231964111
8, 6.537037372589111, 2.880223035812378, 1.7661793231964111
9, 6.537037372589111, 2.880223035812378, 1.7661793231964111
10, 6.537037372589111, 2.880223035812378, 1.7661793231964111
11, 6.537037372589111, 2.880223035812378, 1.7661793231964111
12, 6.537037372589111, 2.880223035812378, 1.7661793231964111
13, 6.5942559242248535, 2.880223035812378, 2.0095434188842773
14, 6.651474475860596, 2.880223035812378, 2.2529075145721436
15, 4.656405925750732, -2.5197770595550537, 1.5563197135925293
