1, 5.1040215492248535, -2.576007843017578, -1.5400452613830566
2, 5.1040215492248535, -2.576007843017578, -1.5400452613830566
3, 5.1040215492248535, -2.576007843017578, -1.5400452613830566
4, 5.1040215492248535, -2.576007843017578, -1.5400452613830566
5, 5.1040215492248535, -2.576007843017578, -1.5400452613830566
6, 5.1040215492248535, -2.576007843017578, -1.5400452613830566
7, 5.1040215492248535, -2.576007843017578, -1.5400452613830566
8, 5.1040215492248535, -2.576007843017578, -1.5400452613830566
9, 5.1040215492248535, -2.576007843017578, -1.5400452613830566
10, 5.1040215492248535, -2.576007843017578, -1.5400452613830566
11, 5.1040215492248535, -2.576007843017578, -1.5400452613830566
12, 5.1040215492248535, -2.576007843017578, -1.5400452613830566
13, 5.1040215492248535, -2.576007843017578, -1.5400452613830566
14, 5.1040215492248535, -2.576007843017578, -1.5400452613830566
15, 5.1040215492248535, -2.576007843017578, -1.5400452613830566
16, 5.1040215492248535, -2.576007843017578, -1.5400452613830566
17, 5.1040215492248535, -2.576007843017578, -1.5400452613830566
18, 5.1040215492248535, -2.576007843017578, -1.5400452613830566
19, 5.242403507232666, -2.576007843017578, -1.33183753490448
20, 5.3807854652404785, -2.576007843017578, -1.1236298084259033
21, 5.519167423248291, -2.576007843017578, -0.9154220819473267
22, 5.519167423248291, -2.576007843017578, -0.9154220819473267
23, 5.534905910491943, -2.576007843017578, -0.6659179329872131
24, 5.534905910491943, -2.576007843017578, -0.6659179329872131
25, 5.673287868499756, -2.576007843017578, -0.4577101469039917
26, 5.811669826507568, -2.576007843017578, -0.24950236082077026
27, 5.950051784515381, -2.576007843017578, -0.04129457473754883
28, 6.088433742523193, -2.576007843017578, 0.1669132113456726
29, 6.088433742523193, -2.576007843017578, 0.1669132113456726
30, 6.312379837036133, -2.576007843017578, 0.2780355215072632
31, 6.536325931549072, -2.576007843017578, 0.38915783166885376
32, 6.536325931549072, -2.576007843017578, 0.38915783166885376
33, 6.536325931549072, -2.576007843017578, 0.38915783166885376
34, 6.536325931549072, -2.576007843017578, 0.38915783166885376
35, 6.536325931549072, -2.576007843017578, 0.38915783166885376
36, 6.536325931549072, -2.576007843017578, 0.38915783166885376
37, 6.536325931549072, -2.576007843017578, 0.38915783166885376
38, 6.312379837036133, -2.576007843017578, 0.27803558111190796
39, 6.312379837036133, -2.576007843017578, 0.27803558111190796
40, 6.062875747680664, -2.576007843017578, 0.29377394914627075
41, 6.062875747680664, -2.576007843017578, 0.29377394914627075
42, 5.838929653167725, -2.576007843017578, 0.18265174329280853
43, 5.838929653167725, -2.576007843017578, 0.18265174329280853
44, 5.700547695159912, -2.576007843017578, -0.025555983185768127
45, 5.5621657371521, -2.576007843017578, -0.2337637096643448
46, 5.423783779144287, -2.576007843017578, -0.44197142124176025
47, 5.423783779144287, -2.576007843017578, -0.44197142124176025
48, 5.408045291900635, -2.576007843017578, -0.691475510597229
49, 5.392306804656982, -2.576007843017578, -0.9409795999526978
50, 5.37656831741333, -2.576007843017578, -1.1904836893081665
51, 5.37656831741333, -2.576007843017578, -1.1904836893081665
52, 5.238186359405518, -2.576007843017578, -1.3986914157867432
53, 5.099804401397705, -2.576007843017578, -1.6068991422653198
54, 4.961422443389893, -2.576007843017578, -1.8151068687438965
55, 4.961422443389893, -2.576007843017578, -1.8151068687438965
56, 4.961422443389893, -2.576007843017578, -1.8151068687438965
57, 4.711918354034424, -2.576007843017578, -1.7993685007095337
58, 4.462414264678955, -2.576007843017578, -1.783630132675171
59, 4.462414264678955, -2.576007843017578, -1.783630132675171
60, 4.254206657409668, -2.576007843017578, -1.6452481746673584
61, 4.254206657409668, -2.576007843017578, -1.6452481746673584
62, 4.143084526062012, -2.576007843017578, -1.421302080154419
63, 4.0319623947143555, -2.576007843017578, -1.1973559856414795
64, 4.0319623947143555, -2.576007843017578, -1.1973559856414795
65, 4.047700881958008, -2.576007843017578, -0.947851836681366
66, 4.06343936920166, -2.576007843017578, -0.6983476877212524
67, 4.0791778564453125, -2.576007843017578, -0.4488435387611389
68, 4.094916343688965, -2.576007843017578, -0.1993393898010254
69, 4.110654830932617, -2.576007843017578, 0.050164759159088135
70, 4.1263933181762695, -2.576007843017578, 0.29966890811920166
71, 4.142131805419922, -2.576007843017578, 0.5491730570793152
72, 4.142131805419922, -2.576007843017578, 0.5491730570793152
73, 4.031009674072266, -2.576007843017578, 0.7731192111968994
74, 4.031009674072266, -2.576007843017578, 0.7731192111968994
75, 4.031009674072266, -2.576007843017578, 0.7731192111968994
76, 4.031009674072266, -2.576007843017578, 0.7731192111968994
77, 4.046748161315918, -2.576007843017578, 1.0226233005523682
78, 4.046748161315918, -2.576007843017578, 1.0226233005523682
79, 4.046748161315918, -2.576007843017578, 1.0226233005523682
80, 4.046748161315918, -2.576007843017578, 1.0226233005523682
81, 4.1851301193237305, -2.576007843017578, 1.2308310270309448
82, 4.323512077331543, -2.576007843017578, 1.4390387535095215
83, 4.402398109436035, -2.576007843017578, 1.5577294826507568
84, 4.402398109436035, -2.576007843017578, 1.5577294826507568
85, 4.402398109436035, -2.576007843017578, 1.5577294826507568
86, 4.402398109436035, -2.576007843017578, 1.5577294826507568
87, 4.402398109436035, -2.576007843017578, 1.5577294826507568
88, 4.402398109436035, -2.576007843017578, 1.5577294826507568
89, 4.402398109436035, -2.576007843017578, 1.5577294826507568
90, 4.402398109436035, -2.576007843017578, 1.5577294826507568
91, 4.402398109436035, -2.576007843017578, 1.5577294826507568
92, 4.402398109436035, -2.576007843017578, 1.5577294826507568
93, 4.264016151428223, -2.576007843017578, 1.3495217561721802
94, 4.12563419342041, -2.576007843017578, 1.1413140296936035
95, 4.12563419342041, -2.576007843017578, 1.1413140296936035
96, 4.109895706176758, -2.576007843017578, 0.8918099403381348
97, 4.0941572189331055, -2.576007843017578, 0.642305850982666
98, 4.078418731689453, -2.576007843017578, 0.3928017318248749
99, 4.062680244445801, -2.576007843017578, 0.14329761266708374
100, 4.046941757202148, -2.576007843017578, -0.1062065064907074
101, 4.031203269958496, -2.576007843017578, -0.35571062564849854
102, 4.015464782714844, -2.576007843017578, -0.6052147150039673
103, 3.9997262954711914, -2.576007843017578, -0.854718804359436
104, 3.9997262954711914, -2.576007843017578, -0.854718804359436
105, 4.110848426818848, -2.576007843017578, -1.0786648988723755
106, 4.110848426818848, -2.576007843017578, -1.0786648988723755
107, 4.095109939575195, -2.576007843017578, -1.3281689882278442
108, 4.079371452331543, -2.576007843017578, -1.577673077583313
109, 4.079371452331543, -2.576007843017578, -1.577673077583313
110, 3.9409894943237305, -2.576007843017578, -1.7858808040618896
111, 3.9409894943237305, -2.576007843017578, -1.7858808040618896
112, 3.717043399810791, -2.576007843017578, -1.8970030546188354
113, 3.717043399810791, -2.576007843017578, -1.8970030546188354
114, 3.4675393104553223, -2.576007843017578, -1.8812646865844727
115, 3.2180352210998535, -2.576007843017578, -1.8655263185501099
116, 2.9685311317443848, -2.563462257385254, -1.849787950515747
117, 2.9685311317443848, -2.563462257385254, -1.849787950515747
118, 2.7603235244750977, -2.5715277194976807, -1.7114059925079346
119, 2.7603235244750977, -2.5715277194976807, -1.7114059925079346
120, 2.7416629791259766, -2.576007843017578, -1.6737992763519287
121, 2.7416629791259766, -2.576007843017578, -1.6737992763519287
122, 2.5334553718566895, -2.576007843017578, -1.5354173183441162
123, 2.5334553718566895, -2.576007843017578, -1.5354173183441162
124, 2.422333240509033, -2.576007843017578, -1.3114712238311768
125, 2.311211109161377, -2.576007843017578, -1.0875251293182373
126, 2.311211109161377, -2.576007843017578, -1.0875251293182373
127, 2.3269495964050293, -2.576007843017578, -0.8380209803581238
128, 2.3426880836486816, -2.576007843017578, -0.5885168313980103
129, 2.358426570892334, -2.576007843017578, -0.33901268243789673
130, 2.3741650581359863, -2.576007843017578, -0.0895085334777832
131, 2.3741650581359863, -2.576007843017578, -0.0895085334777832
132, 2.26304292678833, -2.576007843017578, 0.13443759083747864
133, 2.151920795440674, -2.576007843017578, 0.3583837151527405
134, 2.0407986640930176, -2.576007843017578, 0.5823298692703247
135, 1.9296764135360718, -2.576007843017578, 0.8062759637832642
136, 1.818554162979126, -2.576007843017578, 1.0302220582962036
137, 1.7074319124221802, -2.576007843017578, 1.254168152809143
138, 1.5963096618652344, -2.576007843017578, 1.4781142473220825
139, 1.4851874113082886, -2.576007843017578, 1.702060341835022
140, 1.8545578718185425, 2.8239920139312744, 1.1628236770629883
