1, -6.097689151763916, 0.01920294761657715, 1.397275686264038
2, -6.097689151763916, 0.01920294761657715, 1.397275686264038
3, -6.097689151763916, 0.01920294761657715, 1.397275686264038
4, -6.097689151763916, 0.01920294761657715, 1.397275686264038
5, -6.097689151763916, 0.01920294761657715, 1.397275686264038
6, -6.097689151763916, 0.01920294761657715, 1.397275686264038
7, -6.097689151763916, 0.01920294761657715, 1.397275686264038
8, -6.097689151763916, 0.01920294761657715, 1.397275686264038
9, -6.097689151763916, 0.01920294761657715, 1.397275686264038
10, -6.097689151763916, 0.01920294761657715, 1.397275686264038
11, -6.097689151763916, 0.01920294761657715, 1.397275686264038
12, -6.097689151763916, 0.01920294761657715, 1.397275686264038
13, -6.097689151763916, 0.01920294761657715, 1.397275686264038
14, -6.097689151763916, 0.01920294761657715, 1.397275686264038
15, -6.097689151763916, 0.01920294761657715, 1.397275686264038
16, -6.097689151763916, 0.01920294761657715, 1.397275686264038
17, -6.097689151763916, 0.01920294761657715, 1.397275686264038
18, -6.198189735412598, 0.01920294761657715, 1.6261852979660034
19, -6.198189735412598, 0.01920294761657715, 1.6261852979660034
20, -6.17077112197876, 0.01920294761657715, 1.8746771812438965
21, -6.143352508544922, 0.01920294761657715, 2.123169183731079
22, -6.115933895111084, 0.01920294761657715, 2.3716611862182617
23, -6.088515281677246, 0.01920294761657715, 2.6201531887054443
24, -6.061096668243408, 0.01920294761657715, 2.868645191192627
25, -6.03367805480957, 0.01920294761657715, 3.1171371936798096
26, -6.006259441375732, 0.01920294761657715, 3.365629196166992
27, -6.006259441375732, 0.01920294761657715, 3.365629196166992
28, -6.106760025024414, 0.01920294761657715, 3.594538688659668
29, -6.106760025024414, 0.01920294761657715, 3.594538688659668
30, -6.249781608581543, 0.01920294761657715, 3.699585199356079
31, -6.249781608581543, 0.01920294761657715, 3.699585199356079
32, -6.249781608581543, 0.01920294761657715, 3.699585199356079
33, -6.249781608581543, 0.01920294761657715, 3.699585199356079
34, -6.249781608581543, 0.01920294761657715, 3.699585199356079
35, -6.222362995147705, 0.01920294761657715, 3.9480772018432617
36, -6.222362995147705, 0.01920294761657715, 3.9480772018432617
37, -6.222362995147705, 0.01920294761657715, 3.9480772018432617
38, -6.222362995147705, 0.01920294761657715, 3.9480772018432617
39, -6.222362995147705, 0.01920294761657715, 3.9480772018432617
40, -6.222362995147705, 0.01920294761657715, 3.9480772018432617
41, -6.222362995147705, 0.01920294761657715, 3.9480772018432617
42, -6.249781608581543, 0.01920294761657715, 3.699585199356079
43, -6.249781608581543, 0.01920294761657715, 3.699585199356079
44, -6.149281024932861, 0.01920294761657715, 3.4706757068634033
45, -6.04878044128418, 0.01920294761657715, 3.2417662143707275
46, -6.04878044128418, 0.01920294761657715, 3.2417662143707275
47, -6.076199054718018, 0.01920294761657715, 2.993274211883545
48, -6.076199054718018, 0.01920294761657715, 2.993274211883545
49, -5.975698471069336, 0.01920294761657715, 2.764364719390869
50, -5.875197887420654, 0.01920294761657715, 2.5354552268981934
51, -5.774697303771973, 0.01920294761657715, 2.3065457344055176
52, -5.774697303771973, 0.01920294761657715, 2.3065457344055176
53, -5.573206424713135, 0.01920294761657715, 2.1585545539855957
54, -5.573206424713135, 0.01920294761657715, 2.1585545539855957
55, -5.324714660644531, 0.01920294761657715, 2.131135940551758
56, -5.076222896575928, 0.01920294761657715, 2.10371732711792
57, -5.076222896575928, 0.01920294761657715, 2.10371732711792
58, -4.87473201751709, 0.01920294761657715, 1.955726146697998
59, -4.673241138458252, 0.01920294761657715, 1.8077349662780762
60, -4.673241138458252, 0.01920294761657715, 1.8077349662780762
61, -4.5971269607543945, 0.01920294761657715, 1.6343700885772705
62, -4.5971269607543945, 0.01920294761657715, 1.6343700885772705
63, -4.5971269607543945, 0.01920294761657715, 1.6343700885772705
64, -4.5971269607543945, 0.01920294761657715, 1.6343700885772705
65, -4.368217468261719, 0.01920294761657715, 1.7348709106445312
66, -4.139307975769043, 0.01920294761657715, 1.835371732711792
67, -4.139307975769043, 0.01920294761657715, 1.835371732711792
68, -3.991316795349121, 0.01920294761657715, 2.036862850189209
69, -3.991316795349121, 0.01920294761657715, 2.036862850189209
70, -3.991316795349121, 0.01920294761657715, 2.036862850189209
71, -3.991316795349121, 0.01920294761657715, 2.036862850189209
72, -3.991316795349121, 0.01920294761657715, 2.036862850189209
73, -4.239808559417725, 0.01920294761657715, 2.064281463623047
74, -4.488300323486328, 0.01920294761657715, 2.0917000770568848
75, -4.736792087554932, 0.01920294761657715, 2.1191186904907227
76, -4.985283851623535, 0.01920294761657715, 2.1465373039245605
77, -4.985283851623535, 0.01920294761657715, 2.1465373039245605
78, -5.214193344116211, 0.01920294761657715, 2.0460364818573
79, -5.443102836608887, 0.01920294761657715, 1.945535659790039
80, -5.6720123291015625, 0.01920294761657715, 1.8450348377227783
81, -5.6720123291015625, 0.01920294761657715, 1.8450348377227783
82, -5.820003509521484, 0.01920294761657715, 1.6435438394546509
83, -5.820003509521484, 0.01920294761657715, 1.6435438394546509
84, -5.820003509521484, 0.01920294761657715, 1.6435438394546509
85, -5.820003509521484, 0.01920294761657715, 1.6435438394546509
86, -5.820003509521484, 0.01920294761657715, 1.6435438394546509
87, -5.820003509521484, 0.01920294761657715, 1.6435438394546509
88, -5.683200836181641, 0.01920294761657715, 1.7036057710647583
89, -5.683200836181641, 0.01920294761657715, 1.7036058902740479
90, -5.683200836181641, 0.01920294761657715, 1.7036058902740479
91, -5.683200836181641, 0.01920294761657715, 1.7036058902740479
92, -5.535209655761719, 0.01920294761657715, 1.9050968885421753
93, -5.535209655761719, 0.01920294761657715, 1.9050968885421753
94, -5.535209655761719, 0.01920294761657715, 1.9050968885421753
95, -5.286717891693115, 0.01920294761657715, 1.8776782751083374
96, -5.038226127624512, 0.01920294761657715, 1.8502596616744995
97, -4.789734363555908, 0.01920294761657715, 1.8228410482406616
98, -4.541242599487305, 0.01920294761657715, 1.7954224348068237
99, -4.541242599487305, 0.01920294761657715, 1.7954224348068237
100, -4.541242599487305, 0.01920294761657715, 1.7954224348068237
101, -4.440742015838623, 0.01920294761657715, 1.5665128231048584
102, -4.340241432189941, 0.01920294761657715, 1.337603211402893
103, -4.340241432189941, 0.01920294761657715, 1.337603211402893
104, -4.367660045623779, 0.01920294761657715, 1.089111328125
105, -4.395078659057617, 0.01920294761657715, 0.8406194448471069
106, -4.422497272491455, 0.01920294761657715, 0.5921275615692139
107, -4.449915885925293, 0.01920294761657715, 0.3436356782913208
108, -4.477334499359131, 0.01920294761657715, 0.09514378011226654
109, -4.504753112792969, 0.01920294761657715, -0.15334811806678772
110, -4.532171726226807, 0.01920294761657715, -0.4018400311470032
111, -4.532171726226807, 0.01920294761657715, -0.4018400311470032
112, -4.431671142578125, 0.01920294761657715, -0.6307495832443237
113, -4.431671142578125, 0.01920294761657715, -0.6307495832443237
114, -4.431671142578125, 0.01920294761657715, -0.6307495832443237
115, -4.3537187576293945, 0.01920294761657715, -0.6393508911132812
116, -4.3537187576293945, 0.01920294761657715, -0.6393508911132812
117, -4.3537187576293945, 0.01920294761657715, -0.6393508911132812
118, -4.3537187576293945, 0.01920294761657715, -0.6393508911132812
119, -4.3537187576293945, 0.01920294761657715, -0.6393508911132812
120, -4.3537187576293945, 0.01920294761657715, -0.6393508911132812
121, -4.3728766441345215, 0.01920294761657715, -0.8129750490188599
122, -4.3728766441345215, 0.01920294761657715, -0.8129750490188599
123, -4.3728766441345215, 0.01920294761657715, -0.8129750490188599
124, -4.3728766441345215, 0.01920294761657715, -0.8129750490188599
125, -4.3728766441345215, 0.01920294761657715, -0.8129750490188599
126, -4.3728766441345215, 0.01920294761657715, -0.8129750490188599
127, -4.3728766441345215, 0.01920294761657715, -0.8129750490188599
128, -4.3728766441345215, 0.01920294761657715, -0.8129750490188599
129, -4.473377227783203, 0.01920294761657715, -0.5840654373168945
130, -4.573877811431885, 0.01920294761657715, -0.3551558256149292
131, -4.573877811431885, 0.01920294761657715, -0.3551558256149292
132, -4.546459197998047, 0.01920294761657715, -0.10666388273239136
133, -4.519040584564209, 0.01920294761657715, 0.14182806015014648
134, -4.491621971130371, 0.01920294761657715, 0.3903200030326843
135, -4.464203357696533, 0.01920294761657715, 0.6388119459152222
136, -4.436784744262695, 0.01920294761657715, 0.88730388879776
137, -4.436784744262695, 0.01920294761657715, 0.88730388879776
138, -4.288793563842773, 0.01920294761657715, 1.0887949466705322
139, -4.288793563842773, 0.01920294761657715, 1.0887949466705322
140, -4.059884071350098, 0.01920294761657715, 1.189295768737793
141, -3.830974578857422, 0.01920294761657715, 1.2897965908050537
142, -3.602065086364746, 0.01920294761657715, 1.3902974128723145
143, -3.3731555938720703, 0.01920294761657715, 1.4907982349395752
144, -3.1442461013793945, 0.01920294761657715, 1.591299057006836
145, -3.1442461013793945, 0.01920294761657715, 1.591299057006836
146, -3.1442461013793945, 0.01920294761657715, 1.591299057006836
147, -2.9153366088867188, 0.01920294761657715, 1.6917998790740967
148, -2.9153366088867188, 0.01920294761657715, 1.6917998790740967
149, -2.9153366088867188, 0.01920294761657715, 1.6917998790740967
150, -2.9153366088867188, 0.01920294761657715, 1.6917998790740967
151, -2.9153366088867188, 0.01920294761657715, 1.6917998790740967
152, -2.9153366088867188, 0.01920294761657715, 1.6917998790740967
153, -3.1638283729553223, 0.01920294761657715, 1.7192184925079346
154, -3.1638283729553223, 0.01920294761657715, 1.7192184925079346
155, -3.36531925201416, 0.01920294761657715, 1.8672096729278564
156, -3.566810131072998, 0.01920294761657715, 2.0152008533477783
157, -3.566810131072998, 0.01920294761657715, 2.0152008533477783
158, -3.566810131072998, 0.01920294761657715, 2.0152008533477783
159, -3.566810131072998, 0.01920294761657715, 2.0152008533477783
160, -3.566810131072998, 0.01920294761657715, 2.0152008533477783
161, -3.566810131072998, 0.01920294761657715, 2.0152008533477783
162, -3.566810131072998, 0.01920294761657715, 2.0152008533477783
163, -3.36531925201416, 0.01920294761657715, 1.8672096729278564
164, -3.36531925201416, 0.01920294761657715, 1.8672096729278564
165, -3.1168274879455566, 0.01920294761657715, 1.8397910594940186
166, -3.1168274879455566, 0.01920294761657715, 1.8397910594940186
167, -3.1168274879455566, 0.01920294761657715, 1.8397910594940186
168, -3.1168274879455566, 0.01920294761657715, 1.8397910594940186
169, -3.1168274879455566, 0.01920294761657715, 1.8397910594940186
170, -2.868335723876953, 0.01920294761657715, 1.8123724460601807
171, -2.868335723876953, 0.01920294761657715, 1.8123724460601807
172, -2.868335723876953, 0.01920294761657715, 1.8123724460601807
173, -2.868335723876953, 0.01920294761657715, 1.8123724460601807
174, -2.868335723876953, 0.01920294761657715, 1.8123724460601807
175, -2.868335723876953, 0.01920294761657715, 1.8123724460601807
176, -2.868335723876953, 0.01920294761657715, 1.8123724460601807
177, -2.6198439598083496, 0.01920294761657715, 1.7849538326263428
178, -2.6198439598083496, 0.01920294761657715, 1.7849538326263428
179, -2.6198439598083496, 0.01920294761657715, 1.7849538326263428
180, -2.6198439598083496, 0.01920294761657715, 1.7849538326263428
181, -2.6198439598083496, 0.01920294761657715, 1.7849538326263428
182, -2.6198439598083496, 0.01920294761657715, 1.7849538326263428
183, -2.6198439598083496, 0.01920294761657715, 1.7849538326263428
184, -2.8683359622955322, 0.01920294761657715, 1.8123724460601807
185, -3.116827964782715, 0.01920294761657715, 1.8397910594940186
186, -3.3653199672698975, 0.01920294761657715, 1.8672096729278564
187, -3.3653199672698975, 0.01920294761657715, 1.8672096729278564
188, -3.5668110847473145, 0.01920294761657715, 2.0152008533477783
189, -3.7683022022247314, 0.01920294761657715, 2.1631920337677
190, -3.7683022022247314, 0.01920294761657715, 2.1631920337677
191, -3.7683022022247314, 0.01920294761657715, 2.1631920337677
192, -3.7408835887908936, 0.017487049102783203, 2.411684036254883
193, -3.7134649753570557, -0.053234368562698364, 2.6601760387420654
194, -3.6860463619232178, -0.12395580112934113, 2.908668041229248
195, -3.6860463619232178, -0.12395580112934113, 2.908668041229248
196, -3.7424004077911377, -0.18079686164855957, 3.037024974822998
197, -3.7424004077911377, -0.18079686164855957, 3.037024974822998
198, -3.7424004077911377, -0.18079686164855957, 3.037024974822998
199, -3.7424004077911377, -0.18079686164855957, 3.037024974822998
200, -3.7424004077911377, -0.18079686164855957, 3.037024974822998
201, -3.7424004077911377, -0.18079686164855957, 3.037024974822998
202, -3.949781894683838, -0.17092058062553406, 2.9459757804870605
203, -3.949781894683838, -0.17092058062553406, 2.9459757804870605
204, -3.949781894683838, -0.17092058062553406, 2.9459757804870605
205, -3.949781894683838, -0.17092058062553406, 2.9459757804870605
206, -3.949781894683838, -0.17092058062553406, 2.9459757804870605
207, -3.92236328125, -0.31751126050949097, 3.194467782974243
208, -3.9167118072509766, -0.3477267622947693, 3.245687246322632
209, -3.9167118072509766, -0.3477267622947693, 3.245687246322632
210, -3.9167120456695557, -0.3477270305156708, 3.24568772315979
211, -3.9167120456695557, -0.3477270305156708, 3.24568772315979
212, -3.949781894683838, -0.37030577659606934, 3.269976854324341
213, -3.949781894683838, -0.37030577659606934, 3.269976854324341
214, -3.949781894683838, -0.37030577659606934, 3.269976854324341
215, -3.949781894683838, -0.37030577659606934, 3.269976854324341
216, -3.949781894683838, -0.37030577659606934, 3.269976854324341
217, -3.949781894683838, -0.37030577659606934, 3.269976854324341
218, -3.949781894683838, -0.37030577659606934, 3.269976854324341
219, -3.949781894683838, -0.37030577659606934, 3.269976854324341
220, -3.943253755569458, -0.3742688298225403, 3.278864860534668
221, -3.943253755569458, -0.3742688298225403, 3.278864860534668
222, -3.943253755569458, -0.3742688298225403, 3.278864860534668
223, -3.943253755569458, -0.3742688298225403, 3.278864860534668
224, -3.943253755569458, -0.3742688298225403, 3.278864860534668
225, -3.943253755569458, -0.3742688298225403, 3.278864860534668
226, -3.943253755569458, -0.3742688298225403, 3.278864860534668
227, -3.943253755569458, -0.3742688298225403, 3.278864860534668
228, -3.943253755569458, -0.3742688298225403, 3.278864860534668
229, -3.943253755569458, -0.3742688298225403, 3.278864860534668
230, -3.943253755569458, -0.3742688298225403, 3.278864860534668
231, -3.949781894683838, -0.37872594594955444, 3.2836596965789795
232, -3.949781894683838, -0.37872594594955444, 3.2836596965789795
233, -3.949781894683838, -0.37872594594955444, 3.2836596965789795
234, -3.949781894683838, -0.37872594594955444, 3.2836596965789795
235, -3.949781894683838, -0.37872594594955444, 3.2836596965789795
236, -3.949781894683838, -0.37872594594955444, 3.2836596965789795
237, -3.949781894683838, -0.37872594594955444, 3.2836596965789795
238, -3.949781894683838, -0.37872594594955444, 3.2836596965789795
239, -3.849281072616577, -0.21466612815856934, 3.0547502040863037
240, -3.7487802505493164, -0.08528587222099304, 2.825840711593628
241, -3.7487802505493164, -0.08528587222099304, 2.825840711593628
242, -3.7761988639831543, -0.01456443965435028, 2.5773487091064453
243, -3.7761988639831543, -0.01456443965435028, 2.5773487091064453
244, -3.924190044403076, 0.01920294761657715, 2.3758578300476074
245, -3.924190044403076, 0.01920294761657715, 2.3758578300476074
246, -4.153099536895752, 0.01920294761657715, 2.2753570079803467
247, -4.382009029388428, 0.01920294761657715, 2.174856185913086
248, -4.6109185218811035, 0.01920294761657715, 2.074355363845825
249, -4.6109185218811035, 0.01920294761657715, 2.074355363845825
250, -4.859410285949707, 0.01920294761657715, 2.101773977279663
251, -5.1079020500183105, 0.01920294761657715, 2.129192590713501
252, -5.356393814086914, 0.01920294761657715, 2.156611204147339
253, -5.604885578155518, 0.01920294761657715, 2.1840298175811768
254, -5.604885578155518, 0.01920294761657715, 2.1840298175811768
255, -5.8063764572143555, 0.01920294761657715, 2.3320209980010986
256, -5.8063764572143555, 0.01920294761657715, 2.3320209980010986
257, -5.906877040863037, 0.01920294761657715, 2.5609307289123535
258, -6.007377624511719, 0.01920294761657715, 2.7898402214050293
259, -6.007377624511719, 0.01920294761657715, 2.7898402214050293
260, -5.979959011077881, 0.01920294761657715, 3.038332223892212
261, -5.979959011077881, 0.01920294761657715, 3.038332223892212
262, -5.979959011077881, 0.01920294761657715, 3.038332223892212
263, -5.979959011077881, 0.01920294761657715, 3.038332223892212
264, -5.979959011077881, 0.01920294761657715, 3.038332223892212
265, -5.979959011077881, 0.01920294761657715, 3.038332223892212
266, -5.979959011077881, 0.01920294761657715, 3.038332223892212
267, -6.007377624511719, 0.01920294761657715, 2.7898402214050293
268, -6.007377624511719, 0.01920294761657715, 2.7898402214050293
269, -5.906877040863037, 0.01920294761657715, 2.5609307289123535
270, -5.8063764572143555, 0.01920294761657715, 2.3320212364196777
271, -5.8063764572143555, 0.01920294761657715, 2.3320212364196777
272, -5.604885578155518, 0.01920294761657715, 2.184030055999756
273, -5.604885578155518, 0.01920294761657715, 2.184030055999756
274, -5.356393814086914, 0.01920294761657715, 2.156611442565918
275, -5.1079020500183105, 0.01920294761657715, 2.12919282913208
276, -4.859410285949707, 0.01920294761657715, 2.101774215698242
277, -4.6109185218811035, 0.01920294761657715, 2.0743556022644043
278, -4.6109185218811035, 0.01920294761657715, 2.0743556022644043
279, -4.6109185218811035, 0.01920294761657715, 2.0743556022644043
280, -4.3624267578125, 0.01920294761657715, 2.0469369888305664
281, -4.3624267578125, 0.01920294761657715, 2.0469369888305664
282, -4.3624267578125, 0.01920294761657715, 2.0469369888305664
283, -4.3624267578125, 0.01920294761657715, 2.0469369888305664
284, -4.3624267578125, 0.01920294761657715, 2.0469369888305664
285, -4.1139349937438965, 0.01920294761657715, 2.0195183753967285
286, -4.1139349937438965, 0.01920294761657715, 2.0195183753967285
287, -3.9124441146850586, 0.01920294761657715, 1.8715271949768066
288, -3.9124441146850586, 0.01920294761657715, 1.8715271949768066
289, -3.663952350616455, 0.01920294761657715, 1.8441085815429688
290, -3.663952350616455, 0.01920294761657715, 1.8441085815429688
291, -3.663952350616455, 0.01920294761657715, 1.8441085815429688
292, -3.4154603481292725, 0.01920294761657715, 1.8166899681091309
293, -3.16696834564209, 0.01920294761657715, 1.789271354675293
294, -2.9184763431549072, 0.01920294761657715, 1.761852741241455
295, -2.9184763431549072, 0.01920294761657715, 1.761852741241455
296, -2.9184763431549072, 0.01920294761657715, 1.761852741241455
297, -2.6699843406677246, 0.01920294761657715, 1.7344341278076172
298, -2.421492338180542, 0.01920294761657715, 1.7070155143737793
299, -2.1730003356933594, 0.01920294761657715, 1.6795969009399414
300, -1.9245084524154663, 0.01920294761657715, 1.6521782875061035
301, -1.6760165691375732, 0.01920294761657715, 1.6247596740722656
302, -1.4275246858596802, 0.01920294761657715, 1.5973410606384277
303, -1.4275246858596802, 0.01920294761657715, 1.5973410606384277
304, -1.1986150741577148, 0.01920294761657715, 1.6978418827056885
305, -0.9697054624557495, 0.01920294761657715, 1.7983427047729492
306, -0.9697054624557495, 0.01920294761657715, 1.7983427047729492
307, -0.9697054624557495, 0.01920294761657715, 1.7983427047729492
308, -0.9697054624557495, 0.01920294761657715, 1.7983427047729492
309, -0.8217143416404724, 0.01920294761657715, 1.9998337030410767
310, -0.6737232208251953, 0.01920294761657715, 2.201324701309204
311, -0.5257321000099182, 0.01920294761657715, 2.402815818786621
312, -0.5257321000099182, 0.01920294761657715, 2.402815818786621
313, -0.4983135163784027, 0.01920294761657715, 2.6513075828552246
314, -0.4708949327468872, 0.01920294761657715, 2.899799346923828
315, -0.4434763491153717, 0.01920294761657715, 3.1482911109924316
316, -0.4160577654838562, 0.01920294761657715, 3.396782875061035
317, -0.4160577654838562, 0.01920294761657715, 3.396782875061035
318, -0.4160577654838562, 0.01920294761657715, 3.396782875061035
319, -0.4160577654838562, 0.01920294761657715, 3.396782875061035
320, -0.4160577654838562, 0.01920294761657715, 3.396782875061035
321, -0.4160577654838562, 0.01920294761657715, 3.396782875061035
322, -0.4160577654838562, 0.01920294761657715, 3.396782875061035
323, -0.4434763491153717, 0.01920294761657715, 3.1482908725738525
324, -0.4708949327468872, 0.01920294761657715, 2.89979887008667
325, -0.4983135163784027, 0.01920294761657715, 2.6513068675994873
326, -0.5257321000099182, 0.01920294761657715, 2.4028148651123047
327, -0.5257321000099182, 0.01920294761657715, 2.4028148651123047
328, -0.6737232208251953, 0.01920294761657715, 2.201323986053467
329, -0.8217143416404724, 0.01920294761657715, 1.9998329877853394
330, -0.8217143416404724, 0.01920294761657715, 1.9998329877853394
331, -1.050623893737793, 0.01920294761657715, 1.8993322849273682
332, -1.2795335054397583, 0.01920294761657715, 1.798831582069397
333, -1.5084431171417236, 0.01920294761657715, 1.6983308792114258
334, -1.5084431171417236, 0.01920294761657715, 1.6983308792114258
335, -1.7569350004196167, 0.01920294761657715, 1.7257494926452637
336, -2.0054268836975098, 0.01920294761657715, 1.7531681060791016
337, -2.2539186477661133, 0.01920294761657715, 1.7805867195129395
338, -2.502410411834717, 0.01920294761657715, 1.8080053329467773
339, -2.7509021759033203, 0.01920294761657715, 1.8354239463806152
340, -2.999393939971924, 0.01920294761657715, 1.8628425598144531
341, -3.2478857040405273, 0.01920294761657715, 1.890261173248291
342, -3.496377468109131, 0.01920294761657715, 1.917679786682129
343, -3.496377468109131, 0.01920294761657715, 1.917679786682129
344, -3.496377468109131, 0.01920294761657715, 1.917679786682129
345, -3.496377468109131, 0.01920294761657715, 1.917679786682129
346, -3.496377468109131, 0.01920294761657715, 1.917679786682129
347, -3.496377468109131, 0.01920294761657715, 1.917679786682129
348, -3.496377468109131, 0.01920294761657715, 1.917679786682129
349, -3.7448694705963135, 0.01920294761657715, 1.9450984001159668
350, -3.993361473083496, 0.01920294761657715, 1.9725170135498047
351, -4.2418532371521, 0.01920294761657715, 1.9999356269836426
352, -4.490345001220703, 0.01920294761657715, 2.0273542404174805
353, -4.738836765289307, 0.01920294761657715, 2.0547728538513184
354, -4.98732852935791, 0.01920294761657715, 2.0821914672851562
355, -5.235820293426514, 0.01920294761657715, 2.109610080718994
356, -5.484312057495117, 0.01920294761657715, 2.137028694152832
357, -5.484312057495117, 0.01920294761657715, 2.137028694152832
358, -5.685802936553955, 0.01920294761657715, 2.285019874572754
359, -5.887293815612793, 0.01920294761657715, 2.433011054992676
360, -5.887293815612793, 0.01920294761657715, 2.433011054992676
361, -5.987794399261475, 0.01920294761657715, 2.6619205474853516
362, -6.088294982910156, 0.01920294761657715, 2.8908300399780273
363, -6.088294982910156, 0.01920294761657715, 2.8908300399780273
364, -6.088294982910156, 0.01920294761657715, 2.8908300399780273
365, -6.088294982910156, 0.01920294761657715, 2.8908300399780273
366, -6.060876369476318, 0.01920294761657715, 3.13932204246521
367, -6.0334577560424805, 0.01920294761657715, 3.3878140449523926
368, -6.0334577560424805, 0.01920294761657715, 3.3878140449523926
369, -6.0334577560424805, 0.01920294761657715, 3.3878140449523926
370, -6.0334577560424805, 0.01920294761657715, 3.3878140449523926
371, -6.0334577560424805, 0.01920294761657715, 3.3878140449523926
372, -6.0334577560424805, 0.01920294761657715, 3.3878140449523926
373, -6.0334577560424805, 0.01920294761657715, 3.3878140449523926
374, -6.060876369476318, 0.01920294761657715, 3.13932204246521
375, -6.088294982910156, 0.01920294761657715, 2.8908300399780273
376, -6.088294982910156, 0.01920294761657715, 2.8908300399780273
377, -5.987794399261475, 0.01920294761657715, 2.6619205474853516
378, -5.887293815612793, 0.01920294761657715, 2.433011054992676
379, -5.887293815612793, 0.01920294761657715, 2.433011054992676
380, -5.685802936553955, 0.01920294761657715, 2.285019874572754
381, -5.484312057495117, 0.01920294761657715, 2.137028694152832
382, -5.282821178436279, 0.01920294761657715, 1.9890375137329102
383, -5.282821178436279, 0.01920294761657715, 1.9890375137329102
384, -5.034329414367676, 0.01920294761657715, 1.9616189002990723
385, -4.785837650299072, 0.01920294761657715, 1.9342002868652344
386, -4.537345886230469, 0.01920294761657715, 1.9067816734313965
387, -4.288854122161865, 0.01920294761657715, 1.8793630599975586
388, -4.040362358093262, 0.01920294761657715, 1.8519444465637207
389, -3.791870355606079, 0.01920294761657715, 1.8245258331298828
390, -3.5433783531188965, 0.01920294761657715, 1.797107219696045
391, -3.294886350631714, 0.01920294761657715, 1.769688606262207
392, -3.0463943481445312, 0.01920294761657715, 1.7422699928283691
393, -2.7979023456573486, 0.01920294761657715, 1.7148513793945312
394, -2.549410343170166, 0.01920294761657715, 1.6874327659606934
395, -2.3009183406829834, 0.01920294761657715, 1.6600141525268555
396, -2.052426338195801, 0.01920294761657715, 1.6325955390930176
397, -1.8039344549179077, 0.01920294761657715, 1.6051769256591797
398, -1.8039344549179077, 0.01920294761657715, 1.6051769256591797
399, -1.5750248432159424, 0.01920294761657715, 1.7056777477264404
400, -1.346115231513977, 0.01920294761657715, 1.8061785697937012
401, -1.1172056198120117, 0.01920294761657715, 1.906679391860962
402, -0.8882960081100464, 0.01920294761657715, 2.0071802139282227
403, -0.8882960081100464, 0.01920294761657715, 2.0071802139282227
404, -0.7403048872947693, 0.01920294761657715, 2.2086713314056396
405, -0.5923137664794922, 0.01920294761657715, 2.4101624488830566
406, -0.4443226456642151, 0.01920294761657715, 2.6116535663604736
407, -0.4443226456642151, 0.01920294761657715, 2.6116535663604736
408, -0.4169040620326996, 0.01920294761657715, 2.8601455688476562
409, -0.3894854784011841, 0.01920294761657715, 3.1086373329162598
410, -0.3620668947696686, 0.01920294761657715, 3.3571290969848633
411, -0.3620668947696686, 0.01920294761657715, 3.3571290969848633
412, -0.3620668947696686, 0.01920294761657715, 3.3571290969848633
413, -0.3620668947696686, 0.01920294761657715, 3.3571290969848633
414, -0.3620668947696686, 0.01920294761657715, 3.3571290969848633
415, -0.3620668947696686, 0.01920294761657715, 3.3571290969848633
416, -0.3620668947696686, 0.01920294761657715, 3.3571290969848633
417, -0.3894854784011841, 0.01920294761657715, 3.1086370944976807
418, -0.4169040620326996, 0.01920294761657715, 2.860145092010498
419, -0.4443226456642151, 0.01920294761657715, 2.6116530895233154
420, -0.4443226456642151, 0.01920294761657715, 2.6116530895233154
421, -0.3438218832015991, 0.01920294761657715, 2.3827435970306396
422, -0.3438218832015991, 0.01920294761657715, 2.3827435970306396
423, -0.3438218832015991, 0.01920294761657715, 2.3827435970306396
424, -0.4918130338191986, 0.01920294761657715, 2.1812524795532227
425, -0.6398041844367981, 0.01920294761657715, 1.9797614812850952
426, -0.6398041844367981, 0.01920294761657715, 1.9797614812850952
427, -0.8687137365341187, 0.01920294761657715, 1.879260778427124
428, -1.097623348236084, 0.01920294761657715, 1.7787599563598633
429, -1.097623348236084, 0.01920294761657715, 1.7787599563598633
430, -1.2456145286560059, 0.01920294761657715, 1.5772689580917358
431, -1.2456145286560059, 0.01920294761657715, 1.5772689580917358
432, -1.2456145286560059, 0.01920294761657715, 1.5772689580917358
433, -1.494106411933899, 0.01920294761657715, 1.6046875715255737
434, -1.742598295211792, 0.01920294761657715, 1.6321061849594116
435, -1.991090178489685, 0.01920294761657715, 1.6595247983932495
436, -2.239582061767578, 0.01920294761657715, 1.6869434118270874
437, -2.4880738258361816, 0.01920294761657715, 1.7143620252609253
438, -2.736565589904785, 0.01920294761657715, 1.7417806386947632
439, -2.9850573539733887, 0.01920294761657715, 1.769199252128601
440, -3.233549118041992, 0.01920294761657715, 1.796617865562439
441, -3.233549118041992, 0.01920294761657715, 1.796617865562439
442, -3.43503999710083, 0.01920294761657715, 1.9446090459823608
443, -3.636530876159668, 0.01920294761657715, 2.092600107192993
444, -3.636530876159668, 0.01920294761657715, 2.092600107192993
445, -3.636530876159668, 0.01920294761657715, 2.092600107192993
446, -3.60911226272583, -0.0017350316047668457, 2.341092109680176
447, -3.581693649291992, -0.07245645672082901, 2.5895841121673584
448, -3.565934896469116, -0.11310350894927979, 2.7324044704437256
449, -3.565934896469116, -0.11310350894927979, 2.7324044704437256
450, -3.666435718536377, -0.14294151961803436, 2.9613142013549805
451, -3.666435718536377, -0.14294151961803436, 2.9613142013549805
452, -3.867926836013794, -0.2525414228439331, 3.1093053817749023
453, -3.867926836013794, -0.2525414228439331, 3.1093053817749023
454, -3.941296100616455, -0.37231120467185974, 3.2764179706573486
455, -3.941296100616455, -0.37231120467185974, 3.2764179706573486
456, -3.941296100616455, -0.37231120467185974, 3.2764179706573486
457, -3.941296100616455, -0.37231120467185974, 3.2764179706573486
458, -3.941296100616455, -0.37231120467185974, 3.2764179706573486
459, -3.941296100616455, -0.37231120467185974, 3.2764179706573486
460, -3.941296100616455, -0.37231120467185974, 3.2764179706573486
461, -3.941296100616455, -0.37231120467185974, 3.2764179706573486
462, -3.941296100616455, -0.37231120467185974, 3.2764179706573486
463, -3.941296100616455, -0.37231120467185974, 3.2764179706573486
464, -3.941296100616455, -0.37231120467185974, 3.2764179706573486
465, -3.941296100616455, -0.37231120467185974, 3.2764179706573486
466, -3.941296100616455, -0.37231120467185974, 3.2764179706573486
467, -3.941296100616455, -0.37231120467185974, 3.2764179706573486
468, -3.941296100616455, -0.37231120467185974, 3.2764179706573486
469, -3.949781894683838, -0.3781050443649292, 3.2826507091522217
470, -3.949781894683838, -0.3781050443649292, 3.2826507091522217
471, -3.949781894683838, -0.3781050443649292, 3.2826507091522217
472, -3.949781894683838, -0.3781050443649292, 3.2826507091522217
473, -3.949781894683838, -0.3781050443649292, 3.2826507091522217
474, -3.949781894683838, -0.3781050443649292, 3.2826507091522217
475, -3.949781894683838, -0.3781050443649292, 3.2826507091522217
476, -3.949781894683838, -0.3781050443649292, 3.2826507091522217
477, -3.9481070041656494, -0.37912192940711975, 3.284931182861328
478, -3.9481070041656494, -0.37912192940711975, 3.284931182861328
479, -3.9481070041656494, -0.37912192940711975, 3.284931182861328
480, -3.9481070041656494, -0.37912192940711975, 3.284931182861328
481, -3.9481067657470703, -0.379121869802475, 3.284931182861328
482, -3.9481067657470703, -0.379121869802475, 3.284931182861328
483, -3.9481067657470703, -0.379121869802475, 3.284931182861328
484, -3.9481067657470703, -0.379121869802475, 3.284931182861328
485, -3.9481067657470703, -0.379121869802475, 3.284931182861328
486, -3.9481067657470703, -0.379121869802475, 3.284931182861328
487, -3.9481067657470703, -0.379121869802475, 3.284931182861328
488, -3.9481067657470703, -0.379121869802475, 3.284931182861328
489, -3.9481067657470703, -0.379121869802475, 3.284931182861328
490, -3.9481067657470703, -0.379121869802475, 3.284931182861328
491, -3.9481067657470703, -0.379121869802475, 3.284931182861328
492, -3.9481067657470703, -0.379121869802475, 3.284931182861328
493, -3.949781894683838, -0.3802655041217804, 3.286161422729492
494, -3.949781894683838, -0.3802655041217804, 3.286161422729492
495, -3.949781894683838, -0.3802655041217804, 3.286161422729492
496, -3.949781894683838, -0.3802655041217804, 3.286161422729492
497, -3.949781894683838, -0.3802655041217804, 3.286161422729492
498, -3.949781894683838, -0.3802655041217804, 3.286161422729492
499, -3.949781894683838, -0.3802655041217804, 3.286161422729492
