1, -3.9533214569091797, 3.1633780002593994, -6.7209038734436035
2, -3.9533214569091797, 3.1633780002593994, -6.7209038734436035
3, -3.9533214569091797, 3.1633780002593994, -6.7209038734436035
4, -3.9533214569091797, 3.1633780002593994, -6.7209038734436035
5, -3.9533214569091797, 3.1633780002593994, -6.7209038734436035
6, -3.9533214569091797, 3.1633780002593994, -6.7209038734436035
7, -3.9533214569091797, 3.1633780002593994, -6.7209038734436035
8, -3.9533214569091797, 3.1633780002593994, -6.7209038734436035
9, -3.9533214569091797, 3.1633780002593994, -6.7209038734436035
10, -3.9533214569091797, 3.1633780002593994, -6.7209038734436035
11, -3.9533214569091797, 3.1633780002593994, -6.7209038734436035
12, -3.9533214569091797, 3.1633780002593994, -6.7209038734436035
13, -3.9533214569091797, 3.1633780002593994, -6.7209038734436035
14, -3.9533214569091797, 3.1633780002593994, -6.7209038734436035
15, -3.8494553565979004, 3.1633780002593994, -6.493501663208008
16, -3.8494553565979004, 3.1633780002593994, -6.493501663208008
17, -3.8732059001922607, 3.1633780002593994, -6.244632244110107
18, -3.896956443786621, 3.1633780002593994, -5.995762825012207
19, -3.896956443786621, 3.1633780002593994, -5.995762825012207
20, -4.041959762573242, 3.1633780002593994, -5.792110919952393
21, -4.041959762573242, 3.1633780002593994, -5.792110919952393
22, -4.269361972808838, 3.1633780002593994, -5.688244819641113
23, -4.496764183044434, 3.1633780002593994, -5.584378719329834
24, -4.724166393280029, 3.1633780002593994, -5.480512619018555
25, -4.951568603515625, 3.1633780002593994, -5.376646518707275
26, -5.178970813751221, 3.1633780002593994, -5.272780418395996
27, -5.406373023986816, 3.1633780002593994, -5.168914318084717
28, -5.633775234222412, 3.1633780002593994, -5.0650482177734375
29, -5.861177444458008, 3.1633780002593994, -4.961182117462158
30, -5.861177444458008, 3.1633780002593994, -4.961182117462158
31, -5.861177444458008, 3.1633780002593994, -4.961182117462158
32, -5.877771377563477, 3.1633780002593994, -4.787302494049072
33, -5.877771377563477, 3.1633780002593994, -4.787302494049072
34, -5.877771377563477, 3.1633780002593994, -4.787302494049072
35, -5.877771377563477, 3.1633780002593994, -4.787302494049072
36, -5.877771377563477, 3.1633780002593994, -4.787302494049072
37, -5.877771377563477, 3.1633780002593994, -4.787302494049072
38, -6.105173587799072, 3.1633780002593994, -4.683436393737793
39, -6.105173587799072, 3.1633780002593994, -4.683436393737793
40, -6.105173587799072, 3.1633780002593994, -4.683436393737793
41, -6.1289238929748535, 3.1633780002593994, -4.434566974639893
42, -6.152674198150635, 3.1633780002593994, -4.185697555541992
43, -6.176424503326416, 3.1633780002593994, -3.936828374862671
44, -6.176424503326416, 3.1633780002593994, -3.936828374862671
45, -6.176424503326416, 3.1633780002593994, -3.936828374862671
46, -6.176424503326416, 3.1633780002593994, -3.936828374862671
47, -6.425293922424316, 3.1633780002593994, -3.9605789184570312
48, -6.425293922424316, 3.1633780002593994, -3.9605789184570312
49, -6.628945827484131, 3.1633780002593994, -4.105582237243652
50, -6.628945827484131, 3.1633780002593994, -4.105582237243652
51, -6.628945827484131, 3.1633780002593994, -4.105582237243652
52, -6.628945827484131, 3.1633780002593994, -4.105582237243652
53, -6.628945827484131, 3.1633780002593994, -4.105582237243652
54, -6.628945827484131, 3.1633780002593994, -4.105582237243652
55, -6.525079727172852, 3.1633780002593994, -3.8781797885894775
56, -6.525079727172852, 3.1633780002593994, -3.8781797885894775
57, -6.525079727172852, 3.1633780002593994, -3.8781797885894775
58, -6.525079727172852, 3.1633780002593994, -3.8781797885894775
59, -6.525079727172852, 3.1633780002593994, -3.8781797885894775
60, -6.525079727172852, 3.1633780002593994, -3.8781797885894775
61, -6.525079727172852, 3.1633780002593994, -3.8781797885894775
62, -6.525079727172852, 3.1633780002593994, -3.8781797885894775
63, -6.525079727172852, 3.1633780002593994, -3.8781797885894775
64, -6.628945827484131, 3.1633780002593994, -4.105582237243652
65, -6.628945827484131, 3.1633780002593994, -4.105582237243652
66, -6.628945827484131, 3.1633780002593994, -4.105582237243652
67, -6.628945827484131, 3.1633780002593994, -4.105582237243652
68, -6.628945827484131, 3.1633780002593994, -4.105582237243652
69, -6.628945827484131, 3.1633780002593994, -4.105582237243652
70, -6.628945827484131, 3.1633780002593994, -4.105582237243652
71, -6.525079727172852, 3.1633780002593994, -3.8781797885894775
72, -6.525079727172852, 3.1633780002593994, -3.8781797885894775
73, -6.321427822113037, 3.1633780002593994, -3.7331767082214355
74, -6.117775917053223, 3.1633780002593994, -3.5881733894348145
75, -6.117775917053223, 3.1633780002593994, -3.5881733894348145
76, -6.013909816741943, 3.1633780002593994, -3.3607709407806396
77, -6.013909816741943, 3.1633780002593994, -3.3607709407806396
78, -6.037660121917725, 3.1633780002593994, -3.1119015216827393
79, -6.037660121917725, 3.1633780002593994, -3.1119015216827393
80, -5.933794021606445, 3.1633780002593994, -2.8844990730285645
81, -5.933794021606445, 3.1633780002593994, -2.8844990730285645
82, -5.730142116546631, 3.1633780002593994, -2.7394957542419434
83, -5.526490211486816, 3.1633780002593994, -2.5944924354553223
84, -5.526490211486816, 3.1633780002593994, -2.5944924354553223
85, -5.422624111175537, 3.1633780002593994, -2.3670899868011475
86, -5.318758010864258, 3.1633780002593994, -2.1396875381469727
87, -5.318758010864258, 3.1633780002593994, -2.1396875381469727
88, -5.318758010864258, 3.1633780002593994, -2.1396875381469727
89, -5.318758010864258, 3.1633780002593994, -2.1396875381469727
90, -5.318758010864258, 3.1633780002593994, -2.1396875381469727
91, -5.318758010864258, 3.1633780002593994, -2.1396875381469727
92, -5.522409915924072, 3.1633780002593994, -2.2846906185150146
93, -5.726061820983887, 3.1633780002593994, -2.4296936988830566
94, -5.726061820983887, 3.1633780002593994, -2.4296936988830566
95, -5.829927921295166, 3.1633780002593994, -2.6570961475372314
96, -5.933794021606445, 3.1633780002593994, -2.8844985961914062
97, -6.037660121917725, 3.1633780002593994, -3.111901044845581
98, -6.141526222229004, 3.1633780002593994, -3.339303493499756
99, -6.245392322540283, 3.1633780002593994, -3.5667059421539307
100, -6.3492584228515625, 3.1633780002593994, -3.7941083908081055
101, -6.3492584228515625, 3.1633780002593994, -3.7941083908081055
102, -6.552910327911377, 3.1633780002593994, -3.9391114711761475
103, -6.756562232971191, 3.1633780002593994, -4.0841145515441895
104, -6.960214138031006, 3.1633780002593994, -4.2291178703308105
105, -6.960214138031006, 3.1633780002593994, -4.2291178703308105
106, -7.209083557128906, 3.187730312347412, -4.252868175506592
107, -7.457952976226807, 3.2186596393585205, -4.276618480682373
108, -7.706822395324707, 3.205739736557007, -4.300368785858154
109, -7.955691814422607, 3.1749136447906494, -4.3241190910339355
110, -8.204561233520508, 3.144087791442871, -4.347869396209717
111, -8.204561233520508, 3.144087791442871, -4.347869396209717
112, -8.204561233520508, 3.144087791442871, -4.347869396209717
113, -8.204561233520508, 3.144087791442871, -4.347869396209717
114, -8.204561233520508, 3.144087791442871, -4.347869396209717
115, -8.204561233520508, 3.144087791442871, -4.347869396209717
116, -8.204561233520508, 3.144087791442871, -4.347869396209717
117, -7.955691814422607, 3.1749136447906494, -4.3241190910339355
118, -7.955691814422607, 3.1749136447906494, -4.3241190910339355
119, -7.955691814422607, 3.1749136447906494, -4.3241190910339355
120, -7.706822395324707, 3.205739736557007, -4.300368785858154
121, -7.706822395324707, 3.205739736557007, -4.300368785858154
122, -7.479420185089111, 3.2577240467071533, -4.404234886169434
123, -7.479420185089111, 3.2577240467071533, -4.404234886169434
124, -7.230550765991211, 3.205573320388794, -4.380484580993652
125, -6.9816813468933105, 3.1633780002593994, -4.356734275817871
126, -6.9816813468933105, 3.1633780002593994, -4.356734275817871
127, -6.9816813468933105, 3.1633780002593994, -4.356734275817871
128, -6.9816813468933105, 3.1633780002593994, -4.356734275817871
129, -6.778029441833496, 3.1633780002593994, -4.21173095703125
130, -6.574377536773682, 3.1633780002593994, -4.066727638244629
131, -6.370725631713867, 3.1633780002593994, -3.921724557876587
132, -6.370725631713867, 3.1633780002593994, -3.921724557876587
133, -6.095629692077637, 3.1633780002593994, -4.292728424072266
