1, -1.4120224714279175, 0.046486690640449524, -10.623589515686035
2, -1.4120224714279175, 0.046486690640449524, -10.623589515686035
3, -1.4120224714279175, 0.046486690640449524, -10.623589515686035
4, -1.4120224714279175, 0.046486690640449524, -10.623589515686035
5, -1.4120224714279175, 0.046486690640449524, -10.623589515686035
6, -1.4120224714279175, 0.046486690640449524, -10.623589515686035
7, -1.4120224714279175, 0.046486690640449524, -10.623589515686035
8, -1.4120224714279175, 0.046486690640449524, -10.623589515686035
9, -1.4120224714279175, 0.046486690640449524, -10.623589515686035
10, -1.4120224714279175, 0.046486690640449524, -10.623589515686035
11, -1.4120224714279175, 0.046486690640449524, -10.623589515686035
12, -1.4120224714279175, 0.046486690640449524, -10.623589515686035
13, -1.4120224714279175, 0.046486690640449524, -10.623589515686035
14, -1.4120224714279175, 0.046486690640449524, -10.623589515686035
15, -1.4120224714279175, 0.046486690640449524, -10.623589515686035
16, -1.4120224714279175, 0.046486690640449524, -10.623589515686035
17, -1.4120224714279175, 0.046486690640449524, -10.623589515686035
18, -1.1777607202529907, 0.011418715119361877, -10.536288261413574
19, -0.9434989094734192, -0.005079984664916992, -10.448987007141113
20, -0.9434989094734192, -0.005079984664916992, -10.448987007141113
21, -0.6969718933105469, -0.005079984664916992, -10.49051284790039
22, -0.4504448473453522, -0.005079984664916992, -10.532038688659668
23, -0.20391780138015747, -0.005079984664916992, -10.573564529418945
24, 0.04260924458503723, -0.005079984664916992, -10.615090370178223
25, 0.28913629055023193, 0.044170718640089035, -10.6566162109375
26, 0.535663366317749, 0.19491982460021973, -10.698142051696777
27, 0.535663366317749, 0.19491982460021973, -10.698142051696777
28, 0.7699251174926758, 0.19491982460021973, -10.610840797424316
29, 1.0041868686676025, 0.19491982460021973, -10.523539543151855
30, 1.0041868686676025, 0.19491982460021973, -10.523539543151855
31, 1.1634130477905273, 0.19491982460021973, -10.330803871154785
32, 1.3226392269134521, 0.19491982460021973, -10.138068199157715
33, 1.481865406036377, 0.19491982460021973, -9.945332527160645
34, 1.6410915851593018, 0.19491982460021973, -9.752596855163574
35, 1.8003177642822266, 0.19491982460021973, -9.559861183166504
36, 1.9595439434051514, 0.19491982460021973, -9.367125511169434
37, -0.6972442865371704, -0.005079984664916992, -8.382993698120117
