1, -3.668605327606201, 0.021223172545433044, 7.907840251922607
2, -3.668605327606201, 0.021223172545433044, 7.907840251922607
3, -3.668605327606201, 0.021223172545433044, 7.907840251922607
4, -3.668605327606201, 0.021223172545433044, 7.907840251922607
5, -3.668605327606201, 0.021223172545433044, 7.907840251922607
6, -3.668605327606201, 0.021223172545433044, 7.907840251922607
7, -3.668605327606201, 0.021223172545433044, 7.907840251922607
8, -3.668605327606201, 0.021223172545433044, 7.907840251922607
9, -3.668605327606201, 0.021223172545433044, 7.907840251922607
10, -3.668605327606201, 0.021223172545433044, 7.907840251922607
11, -3.668605327606201, 0.021223172545433044, 7.907840251922607
12, -3.668605327606201, 0.021223172545433044, 7.907840251922607
13, -3.668605327606201, 0.021223172545433044, 7.907840251922607
14, -3.668605327606201, 0.021223172545433044, 7.907840251922607
15, -3.668605327606201, 0.021223172545433044, 7.907840251922607
16, -3.668605327606201, 0.021223172545433044, 7.907840251922607
17, -3.6830811500549316, 0.021223172545433044, 7.864172458648682
18, -3.6830811500549316, 0.021223172545433044, 7.864172458648682
19, -3.6830811500549316, 0.021223172545433044, 7.864172458648682
20, -3.6830811500549316, 0.021223172545433044, 7.864172458648682
21, -3.6830811500549316, 0.021223172545433044, 7.864172458648682
22, -3.6830811500549316, 0.021223172545433044, 7.864172458648682
23, -3.6830811500549316, 0.021223172545433044, 7.864172458648682
24, -3.6830811500549316, 0.021223172545433044, 7.864172458648682
25, -3.6830811500549316, 0.021223172545433044, 7.864172458648682
26, -3.6830811500549316, 0.021223172545433044, 7.864172458648682
27, -3.6830811500549316, 0.021223172545433044, 7.864172458648682
28, -3.6830811500549316, 0.021223172545433044, 7.864172458648682
29, -3.6830811500549316, 0.021223172545433044, 7.864172458648682
30, -3.6830811500549316, 0.021223172545433044, 7.864172458648682
31, -3.6830811500549316, 0.021223172545433044, 7.864172458648682
32, -3.6830811500549316, 0.021223172545433044, 7.864172458648682
33, -3.6830811500549316, 0.021223172545433044, 7.864172458648682
34, -3.6830811500549316, 0.021223172545433044, 7.864172458648682
35, -3.6830811500549316, 0.021223172545433044, 7.864172458648682
36, -3.6830811500549316, 0.021223172545433044, 7.864172458648682
37, -3.6830811500549316, 0.021223172545433044, 7.864172458648682
38, -3.6830811500549316, 0.021223172545433044, 7.864172458648682
39, -3.6830811500549316, 0.021223172545433044, 7.864172458648682
40, -3.6830811500549316, 0.021223172545433044, 7.864172458648682
41, -3.6830811500549316, 0.021223172545433044, 7.864172458648682
42, -3.6830811500549316, 0.021223172545433044, 7.864172458648682
43, -3.6830811500549316, 0.021223172545433044, 7.864172458648682
44, -3.6830811500549316, 0.021223172545433044, 7.864172458648682
45, -3.6830811500549316, 0.021223172545433044, 7.864172458648682
46, -3.6830811500549316, 0.021223172545433044, 7.864172458648682
47, -3.6830811500549316, 0.021223172545433044, 7.864172458648682
48, -3.6830811500549316, 0.021223172545433044, 7.864172458648682
49, -3.6830811500549316, 0.021223172545433044, 7.864172458648682
50, -3.6830811500549316, 0.021223172545433044, 7.864172458648682
51, -3.6830811500549316, 0.021223172545433044, 7.864172458648682
52, -3.6830811500549316, 0.021223172545433044, 7.864172458648682
53, -3.6830811500549316, 0.021223172545433044, 7.864172458648682
54, -3.6830811500549316, 0.021223172545433044, 7.864172458648682
55, -3.6830811500549316, 0.021223172545433044, 7.864172458648682
56, -3.6830811500549316, 0.021223172545433044, 7.864172458648682
57, -3.6830811500549316, 0.021223172545433044, 7.864172458648682
58, -3.6830811500549316, 0.021223172545433044, 7.864172458648682
59, -3.6830811500549316, 0.021223172545433044, 7.864172458648682
60, -3.6830811500549316, 0.021223172545433044, 7.864172458648682
61, -3.6830811500549316, 0.021223172545433044, 7.864172458648682
62, -3.6830811500549316, 0.021223172545433044, 7.864172458648682
63, -3.6830811500549316, 0.021223172545433044, 7.864172458648682
64, -3.6830811500549316, 0.021223172545433044, 7.864172458648682
65, -3.6830811500549316, 0.021223172545433044, 7.864172458648682
66, -3.6830811500549316, 0.021223172545433044, 7.864172458648682
67, -3.6830811500549316, 0.021223172545433044, 7.864172458648682
68, -3.6830811500549316, 0.021223172545433044, 7.864172458648682
69, -3.6830811500549316, 0.021223172545433044, 7.864172458648682
70, -3.6830811500549316, 0.021223172545433044, 7.864172458648682
71, -3.6830811500549316, 0.021223172545433044, 7.864172458648682
72, -3.6830811500549316, 0.021223172545433044, 7.864172458648682
73, -3.6830811500549316, 0.021223172545433044, 7.864172458648682
74, -3.6830811500549316, 0.021223172545433044, 7.864172458648682
75, -3.6830811500549316, 0.021223172545433044, 7.864172458648682
76, -3.6830811500549316, 0.021223172545433044, 7.864172458648682
77, -3.6830811500549316, 0.021223172545433044, 7.864172458648682
78, -3.6830811500549316, 0.021223172545433044, 7.864172458648682
79, -3.6830811500549316, 0.021223172545433044, 7.864172458648682
80, -3.6830811500549316, 0.021223172545433044, 7.864172458648682
81, -3.6830811500549316, 0.021223172545433044, 7.864172458648682
82, -3.6830811500549316, 0.021223172545433044, 7.864172458648682
83, -3.6830811500549316, 0.021223172545433044, 7.864172458648682
84, -3.6830811500549316, 0.021223172545433044, 7.864172458648682
85, -3.6830811500549316, 0.021223172545433044, 7.864172458648682
86, -3.6830811500549316, 0.021223172545433044, 7.864172458648682
87, -3.6830811500549316, 0.021223172545433044, 7.864172458648682
88, -3.6830811500549316, 0.021223172545433044, 7.864172458648682
89, -3.6830811500549316, 0.021223172545433044, 7.864172458648682
90, -3.6830811500549316, 0.021223172545433044, 7.864172458648682
91, -3.6830811500549316, 0.021223172545433044, 7.864172458648682
92, -3.6830811500549316, 0.021223172545433044, 7.864172458648682
93, -3.6830811500549316, 0.021223172545433044, 7.864172458648682
94, -3.6830811500549316, 0.021223172545433044, 7.864172458648682
95, -3.6830811500549316, 0.021223172545433044, 7.864172458648682
96, -3.6830811500549316, 0.021223172545433044, 7.864172458648682
97, -3.6830811500549316, 0.021223172545433044, 7.864172458648682
98, -3.6830811500549316, 0.021223172545433044, 7.864172458648682
99, -3.6830811500549316, 0.021223172545433044, 7.864172458648682
100, -3.6830811500549316, 0.021223172545433044, 7.864172458648682
101, -3.6830811500549316, 0.021223172545433044, 7.864172458648682
102, -3.6830811500549316, 0.021223172545433044, 7.864172458648682
103, -3.6830811500549316, 0.021223172545433044, 7.864172458648682
104, -3.6830811500549316, 0.021223172545433044, 7.864172458648682
105, -3.6830811500549316, 0.021223172545433044, 7.864172458648682
106, -3.6830811500549316, 0.021223172545433044, 7.864172458648682
107, -3.6830811500549316, 0.021223172545433044, 7.864172458648682
108, -3.6830811500549316, 0.021223172545433044, 7.864172458648682
109, -3.6830811500549316, 0.021223172545433044, 7.864172458648682
110, -3.6830811500549316, 0.021223172545433044, 7.864172458648682
111, -3.6830811500549316, 0.021223172545433044, 7.864172458648682
112, -3.6830811500549316, 0.021223172545433044, 7.864172458648682
113, -3.6830811500549316, 0.021223172545433044, 7.864172458648682
114, -3.6830811500549316, 0.021223172545433044, 7.864172458648682
115, -3.6830811500549316, 0.021223172545433044, 7.864172458648682
116, -3.6830811500549316, 0.021223172545433044, 7.864172458648682
117, -3.6830811500549316, 0.021223172545433044, 7.864172458648682
118, -3.6830811500549316, 0.021223172545433044, 7.864172458648682
119, -3.6830811500549316, 0.021223172545433044, 7.864172458648682
120, -3.6830811500549316, 0.021223172545433044, 7.864172458648682
121, -3.6830811500549316, 0.021223172545433044, 7.864172458648682
122, -3.6830811500549316, 0.021223172545433044, 7.864172458648682
123, -3.6830811500549316, 0.021223172545433044, 7.864172458648682
124, -3.6830811500549316, 0.021223172545433044, 7.864172458648682
125, -3.6830811500549316, 0.021223172545433044, 7.864172458648682
126, -3.6830811500549316, 0.021223172545433044, 7.864172458648682
127, -3.6830811500549316, 0.021223172545433044, 7.864172458648682
128, -3.6830811500549316, 0.021223172545433044, 7.864172458648682
129, -3.6830811500549316, 0.021223172545433044, 7.864172458648682
130, -3.6830811500549316, 0.021223172545433044, 7.864172458648682
131, -3.6830811500549316, 0.021223172545433044, 7.864172458648682
132, -3.6830811500549316, 0.021223172545433044, 7.864172458648682
133, -3.6830811500549316, 0.021223172545433044, 7.864172458648682
134, -3.6830811500549316, 0.021223172545433044, 7.864172458648682
135, -3.6830811500549316, 0.021223172545433044, 7.864172458648682
136, -3.6830811500549316, 0.021223172545433044, 7.864172458648682
137, -3.6830811500549316, 0.021223172545433044, 7.864172458648682
138, -3.6830811500549316, 0.021223172545433044, 7.864172458648682
139, -3.6830811500549316, 0.021223172545433044, 7.864172458648682
140, -3.6830811500549316, 0.021223172545433044, 7.864172458648682
141, -3.6830811500549316, 0.021223172545433044, 7.864172458648682
142, -3.6830811500549316, 0.021223172545433044, 7.864172458648682
143, -3.6830811500549316, 0.021223172545433044, 7.864172458648682
144, -3.6830811500549316, 0.021223172545433044, 7.864172458648682
145, -3.6830811500549316, 0.021223172545433044, 7.864172458648682
146, -3.6830811500549316, 0.021223172545433044, 7.864172458648682
147, -3.6830811500549316, 0.021223172545433044, 7.864172458648682
148, -3.6830811500549316, 0.021223172545433044, 7.864172458648682
149, -3.6830811500549316, 0.021223172545433044, 7.864172458648682
150, -3.6830811500549316, 0.021223172545433044, 7.864172458648682
151, -3.6830811500549316, 0.021223172545433044, 7.864172458648682
152, -3.6830811500549316, 0.021223172545433044, 7.864172458648682
153, -3.6830811500549316, 0.021223172545433044, 7.864172458648682
154, -3.6830811500549316, 0.021223172545433044, 7.864172458648682
155, -3.6830811500549316, 0.021223172545433044, 7.864172458648682
156, -3.6830811500549316, 0.021223172545433044, 7.864172458648682
157, -3.6830811500549316, 0.021223172545433044, 7.864172458648682
158, -3.6830811500549316, 0.021223172545433044, 7.864172458648682
159, -3.6830811500549316, 0.021223172545433044, 7.864172458648682
160, -3.6830811500549316, 0.021223172545433044, 7.864172458648682
161, -3.6830811500549316, 0.021223172545433044, 7.864172458648682
162, -3.6830811500549316, 0.021223172545433044, 7.864172458648682
163, -3.6830811500549316, 0.021223172545433044, 7.864172458648682
164, -3.6830811500549316, 0.021223172545433044, 7.864172458648682
165, -3.6830811500549316, 0.021223172545433044, 7.864172458648682
166, -3.6830811500549316, 0.021223172545433044, 7.864172458648682
167, -3.6830811500549316, 0.021223172545433044, 7.864172458648682
168, -3.6830811500549316, 0.021223172545433044, 7.864172458648682
169, -3.6830811500549316, 0.021223172545433044, 7.864172458648682
170, -3.6830811500549316, 0.021223172545433044, 7.864172458648682
171, -3.6830811500549316, 0.021223172545433044, 7.864172458648682
172, -3.6830811500549316, 0.021223172545433044, 7.864172458648682
173, -3.6830811500549316, 0.021223172545433044, 7.864172458648682
174, -3.6830811500549316, 0.021223172545433044, 7.864172458648682
175, -3.6830811500549316, 0.021223172545433044, 7.864172458648682
176, -3.6830811500549316, 0.021223172545433044, 7.864172458648682
177, -3.6830811500549316, 0.021223172545433044, 7.864172458648682
178, -3.6830811500549316, 0.021223172545433044, 7.864172458648682
179, -3.6830811500549316, 0.021223172545433044, 7.864172458648682
180, -3.6830811500549316, 0.021223172545433044, 7.864172458648682
181, -3.6830811500549316, 0.021223172545433044, 7.864172458648682
182, -3.6830811500549316, 0.021223172545433044, 7.864172458648682
183, -3.6830811500549316, 0.021223172545433044, 7.864172458648682
184, -3.6830811500549316, 0.021223172545433044, 7.864172458648682
185, -3.6830811500549316, 0.021223172545433044, 7.864172458648682
186, -3.6830811500549316, 0.021223172545433044, 7.864172458648682
187, -3.6830811500549316, 0.021223172545433044, 7.864172458648682
188, -3.6830811500549316, 0.021223172545433044, 7.864172458648682
189, -3.6830811500549316, 0.021223172545433044, 7.864172458648682
190, -3.6830811500549316, 0.021223172545433044, 7.864172458648682
191, -3.6830811500549316, 0.021223172545433044, 7.864172458648682
192, -3.6830811500549316, 0.021223172545433044, 7.864172458648682
193, -3.6830811500549316, 0.021223172545433044, 7.864172458648682
194, -3.6830811500549316, 0.021223172545433044, 7.864172458648682
195, -3.6830811500549316, 0.021223172545433044, 7.864172458648682
196, -3.6830811500549316, 0.021223172545433044, 7.864172458648682
197, -3.6830811500549316, 0.021223172545433044, 7.864172458648682
198, -3.6830811500549316, 0.021223172545433044, 7.864172458648682
199, -3.6830811500549316, 0.021223172545433044, 7.864172458648682
200, -3.6830811500549316, 0.021223172545433044, 7.864172458648682
201, -3.6830811500549316, 0.021223172545433044, 7.864172458648682
202, -3.6830811500549316, 0.021223172545433044, 7.864172458648682
203, -3.6830811500549316, 0.021223172545433044, 7.864172458648682
204, -3.6830811500549316, 0.021223172545433044, 7.864172458648682
205, -3.6830811500549316, 0.021223172545433044, 7.864172458648682
206, -3.6830811500549316, 0.021223172545433044, 7.864172458648682
207, -3.6830811500549316, 0.021223172545433044, 7.864172458648682
208, -3.6830811500549316, 0.021223172545433044, 7.864172458648682
209, -3.6830811500549316, 0.021223172545433044, 7.864172458648682
210, -3.6830811500549316, 0.021223172545433044, 7.864172458648682
211, -3.6830811500549316, 0.021223172545433044, 7.864172458648682
212, -3.6830811500549316, 0.021223172545433044, 7.864172458648682
213, -3.6830811500549316, 0.021223172545433044, 7.864172458648682
214, -3.6830811500549316, 0.021223172545433044, 7.864172458648682
215, -3.6830811500549316, 0.021223172545433044, 7.864172458648682
216, -3.6830811500549316, 0.021223172545433044, 7.864172458648682
217, -3.6830811500549316, 0.021223172545433044, 7.864172458648682
218, -3.6830811500549316, 0.021223172545433044, 7.864172458648682
219, -3.6830811500549316, 0.021223172545433044, 7.864172458648682
220, -3.6830811500549316, 0.021223172545433044, 7.864172458648682
221, -3.6830811500549316, 0.021223172545433044, 7.864172458648682
222, -3.6830811500549316, 0.021223172545433044, 7.864172458648682
223, -3.6830811500549316, 0.021223172545433044, 7.864172458648682
224, -3.6830811500549316, 0.021223172545433044, 7.864172458648682
225, -3.6830811500549316, 0.021223172545433044, 7.864172458648682
226, -3.6830811500549316, 0.021223172545433044, 7.864172458648682
227, -3.6830811500549316, 0.021223172545433044, 7.864172458648682
228, -3.6830811500549316, 0.021223172545433044, 7.864172458648682
229, -3.6830811500549316, 0.021223172545433044, 7.864172458648682
230, -3.6830811500549316, 0.021223172545433044, 7.864172458648682
231, -3.6830811500549316, 0.021223172545433044, 7.864172458648682
232, -3.6830811500549316, 0.021223172545433044, 7.864172458648682
233, -3.6830811500549316, 0.021223172545433044, 7.864172458648682
234, -3.6830811500549316, 0.021223172545433044, 7.864172458648682
235, -3.6830811500549316, 0.021223172545433044, 7.864172458648682
236, -3.6830811500549316, 0.021223172545433044, 7.864172458648682
237, -3.6830811500549316, 0.021223172545433044, 7.864172458648682
238, -3.6830811500549316, 0.021223172545433044, 7.864172458648682
239, -3.6830811500549316, 0.021223172545433044, 7.864172458648682
240, -3.6830811500549316, 0.021223172545433044, 7.864172458648682
241, -3.6830811500549316, 0.021223172545433044, 7.864172458648682
242, -3.6830811500549316, 0.021223172545433044, 7.864172458648682
243, -3.6830811500549316, 0.021223172545433044, 7.864172458648682
244, -3.6830811500549316, 0.021223172545433044, 7.864172458648682
245, -3.6830811500549316, 0.021223172545433044, 7.864172458648682
246, -3.6830811500549316, 0.021223172545433044, 7.864172458648682
247, -3.6830811500549316, 0.021223172545433044, 7.864172458648682
248, -3.6830811500549316, 0.021223172545433044, 7.864172458648682
249, -3.6830811500549316, 0.021223172545433044, 7.864172458648682
250, -3.6830811500549316, 0.021223172545433044, 7.864172458648682
251, -3.6830811500549316, 0.021223172545433044, 7.864172458648682
252, -3.6830811500549316, 0.021223172545433044, 7.864172458648682
253, -3.6830811500549316, 0.021223172545433044, 7.864172458648682
254, -3.6830811500549316, 0.021223172545433044, 7.864172458648682
255, -3.6830811500549316, 0.021223172545433044, 7.864172458648682
256, -3.6830811500549316, 0.021223172545433044, 7.864172458648682
257, -3.6830811500549316, 0.021223172545433044, 7.864172458648682
258, -3.6830811500549316, 0.021223172545433044, 7.864172458648682
259, -3.6830811500549316, 0.021223172545433044, 7.864172458648682
260, -3.6830811500549316, 0.021223172545433044, 7.864172458648682
261, -3.6830811500549316, 0.021223172545433044, 7.864172458648682
262, -3.6830811500549316, 0.021223172545433044, 7.864172458648682
263, -3.6830811500549316, 0.021223172545433044, 7.864172458648682
264, -3.6830811500549316, 0.021223172545433044, 7.864172458648682
265, -3.6830811500549316, 0.021223172545433044, 7.864172458648682
266, -3.6830811500549316, 0.021223172545433044, 7.864172458648682
267, -3.6830811500549316, 0.021223172545433044, 7.864172458648682
268, -3.6830811500549316, 0.021223172545433044, 7.864172458648682
269, -3.6830811500549316, 0.021223172545433044, 7.864172458648682
270, -3.6830811500549316, 0.021223172545433044, 7.864172458648682
271, -3.6830811500549316, 0.021223172545433044, 7.864172458648682
272, -3.6830811500549316, 0.021223172545433044, 7.864172458648682
273, -3.6830811500549316, 0.021223172545433044, 7.864172458648682
274, -3.6830811500549316, 0.021223172545433044, 7.864172458648682
275, -3.6830811500549316, 0.021223172545433044, 7.864172458648682
276, -3.6830811500549316, 0.021223172545433044, 7.864172458648682
277, -3.6830811500549316, 0.021223172545433044, 7.864172458648682
278, -3.6830811500549316, 0.021223172545433044, 7.864172458648682
279, -3.6830811500549316, 0.021223172545433044, 7.864172458648682
280, -3.6830811500549316, 0.021223172545433044, 7.864172458648682
281, -3.6830811500549316, 0.021223172545433044, 7.864172458648682
282, -3.6830811500549316, 0.021223172545433044, 7.864172458648682
283, -3.6830811500549316, 0.021223172545433044, 7.864172458648682
284, -3.6830811500549316, 0.021223172545433044, 7.864172458648682
285, -3.6830811500549316, 0.021223172545433044, 7.864172458648682
286, -3.6830811500549316, 0.021223172545433044, 7.864172458648682
287, -3.6830811500549316, 0.021223172545433044, 7.864172458648682
288, -3.6830811500549316, 0.021223172545433044, 7.864172458648682
289, -3.6830811500549316, 0.021223172545433044, 7.864172458648682
290, -3.6830811500549316, 0.021223172545433044, 7.864172458648682
291, -3.6830811500549316, 0.021223172545433044, 7.864172458648682
292, -3.6830811500549316, 0.021223172545433044, 7.864172458648682
293, -3.6830811500549316, 0.021223172545433044, 7.864172458648682
294, -3.6830811500549316, 0.021223172545433044, 7.864172458648682
295, -3.6830811500549316, 0.021223172545433044, 7.864172458648682
296, -3.6830811500549316, 0.021223172545433044, 7.864172458648682
297, -3.6830811500549316, 0.021223172545433044, 7.864172458648682
298, -3.6830811500549316, 0.021223172545433044, 7.864172458648682
299, -3.6830811500549316, 0.021223172545433044, 7.864172458648682
300, -3.6830811500549316, 0.021223172545433044, 7.864172458648682
301, -3.6830811500549316, 0.021223172545433044, 7.864172458648682
302, -3.6830811500549316, 0.021223172545433044, 7.864172458648682
303, -3.6830811500549316, 0.021223172545433044, 7.864172458648682
304, -3.6830811500549316, 0.021223172545433044, 7.864172458648682
305, -3.6830811500549316, 0.021223172545433044, 7.864172458648682
306, -3.6830811500549316, 0.021223172545433044, 7.864172458648682
307, -3.6830811500549316, 0.021223172545433044, 7.864172458648682
308, -3.6830811500549316, 0.021223172545433044, 7.864172458648682
309, -3.6830811500549316, 0.021223172545433044, 7.864172458648682
310, -3.6830811500549316, 0.021223172545433044, 7.864172458648682
311, -3.6830811500549316, 0.021223172545433044, 7.864172458648682
312, -3.6830811500549316, 0.021223172545433044, 7.864172458648682
313, -3.6830811500549316, 0.021223172545433044, 7.864172458648682
314, -3.6830811500549316, 0.021223172545433044, 7.864172458648682
315, -3.6830811500549316, 0.021223172545433044, 7.864172458648682
316, -3.6830811500549316, 0.021223172545433044, 7.864172458648682
317, -3.6830811500549316, 0.021223172545433044, 7.864172458648682
318, -3.6830811500549316, 0.021223172545433044, 7.864172458648682
319, -3.6830811500549316, 0.021223172545433044, 7.864172458648682
320, -3.6830811500549316, 0.021223172545433044, 7.864172458648682
321, -3.6830811500549316, 0.021223172545433044, 7.864172458648682
322, -3.6830811500549316, 0.021223172545433044, 7.864172458648682
323, -3.6830811500549316, 0.021223172545433044, 7.864172458648682
324, -3.6830811500549316, 0.021223172545433044, 7.864172458648682
325, -3.6830811500549316, 0.021223172545433044, 7.864172458648682
326, -3.6830811500549316, 0.021223172545433044, 7.864172458648682
327, -3.6830811500549316, 0.021223172545433044, 7.864172458648682
328, -3.6830811500549316, 0.021223172545433044, 7.864172458648682
329, -3.6830811500549316, 0.021223172545433044, 7.864172458648682
330, -3.6830811500549316, 0.021223172545433044, 7.864172458648682
331, -3.6830811500549316, 0.021223172545433044, 7.864172458648682
332, -3.6830811500549316, 0.021223172545433044, 7.864172458648682
333, -3.6830811500549316, 0.021223172545433044, 7.864172458648682
334, -3.6830811500549316, 0.021223172545433044, 7.864172458648682
335, -3.6830811500549316, 0.021223172545433044, 7.864172458648682
336, -3.6830811500549316, 0.021223172545433044, 7.864172458648682
337, -3.6830811500549316, 0.021223172545433044, 7.864172458648682
338, -3.6830811500549316, 0.021223172545433044, 7.864172458648682
339, -3.6830811500549316, 0.021223172545433044, 7.864172458648682
340, -3.6830811500549316, 0.021223172545433044, 7.864172458648682
341, -3.6830811500549316, 0.021223172545433044, 7.864172458648682
342, -3.6830811500549316, 0.021223172545433044, 7.864172458648682
343, -3.6830811500549316, 0.021223172545433044, 7.864172458648682
344, -3.6830811500549316, 0.021223172545433044, 7.864172458648682
345, -3.6830811500549316, 0.021223172545433044, 7.864172458648682
346, -3.6830811500549316, 0.021223172545433044, 7.864172458648682
347, -3.6830811500549316, 0.021223172545433044, 7.864172458648682
348, -3.6830811500549316, 0.021223172545433044, 7.864172458648682
349, -3.6830811500549316, 0.021223172545433044, 7.864172458648682
350, -3.6830811500549316, 0.021223172545433044, 7.864172458648682
351, -3.6830811500549316, 0.021223172545433044, 7.864172458648682
352, -3.6830811500549316, 0.021223172545433044, 7.864172458648682
353, -3.6830811500549316, 0.021223172545433044, 7.864172458648682
354, -3.6830811500549316, 0.021223172545433044, 7.864172458648682
355, -3.6830811500549316, 0.021223172545433044, 7.864172458648682
356, -3.6830811500549316, 0.021223172545433044, 7.864172458648682
357, -3.6830811500549316, 0.021223172545433044, 7.864172458648682
358, -3.6830811500549316, 0.021223172545433044, 7.864172458648682
359, -3.6830811500549316, 0.021223172545433044, 7.864172458648682
360, -3.6830811500549316, 0.021223172545433044, 7.864172458648682
361, -3.6830811500549316, 0.021223172545433044, 7.864172458648682
362, -3.6830811500549316, 0.021223172545433044, 7.864172458648682
363, -3.6830811500549316, 0.021223172545433044, 7.864172458648682
364, -3.6830811500549316, 0.021223172545433044, 7.864172458648682
365, -3.6830811500549316, 0.021223172545433044, 7.864172458648682
366, -3.6830811500549316, 0.021223172545433044, 7.864172458648682
367, -3.6830811500549316, 0.021223172545433044, 7.864172458648682
368, -3.6830811500549316, 0.021223172545433044, 7.864172458648682
369, -3.6830811500549316, 0.021223172545433044, 7.864172458648682
370, -3.6830811500549316, 0.021223172545433044, 7.864172458648682
371, -3.6830811500549316, 0.021223172545433044, 7.864172458648682
372, -3.6830811500549316, 0.021223172545433044, 7.864172458648682
373, -3.6830811500549316, 0.021223172545433044, 7.864172458648682
374, -3.6830811500549316, 0.021223172545433044, 7.864172458648682
375, -3.6830811500549316, 0.021223172545433044, 7.864172458648682
376, -3.6830811500549316, 0.021223172545433044, 7.864172458648682
377, -3.6830811500549316, 0.021223172545433044, 7.864172458648682
378, -3.6830811500549316, 0.021223172545433044, 7.864172458648682
379, -3.6830811500549316, 0.021223172545433044, 7.864172458648682
380, -3.6830811500549316, 0.021223172545433044, 7.864172458648682
381, -3.6830811500549316, 0.021223172545433044, 7.864172458648682
382, -3.6830811500549316, 0.021223172545433044, 7.864172458648682
383, -3.6830811500549316, 0.021223172545433044, 7.864172458648682
384, -3.6830811500549316, 0.021223172545433044, 7.864172458648682
385, -3.6830811500549316, 0.021223172545433044, 7.864172458648682
386, -3.6830811500549316, 0.021223172545433044, 7.864172458648682
387, -3.6830811500549316, 0.021223172545433044, 7.864172458648682
388, -3.6830811500549316, 0.021223172545433044, 7.864172458648682
389, -3.6830811500549316, 0.021223172545433044, 7.864172458648682
390, -3.6830811500549316, 0.021223172545433044, 7.864172458648682
391, -3.6830811500549316, 0.021223172545433044, 7.864172458648682
392, -3.6830811500549316, 0.021223172545433044, 7.864172458648682
393, -3.6830811500549316, 0.021223172545433044, 7.864172458648682
394, -3.6830811500549316, 0.021223172545433044, 7.864172458648682
395, -3.6830811500549316, 0.021223172545433044, 7.864172458648682
396, -3.6830811500549316, 0.021223172545433044, 7.864172458648682
397, -3.6830811500549316, 0.021223172545433044, 7.864172458648682
398, -3.6830811500549316, 0.021223172545433044, 7.864172458648682
399, -3.6830811500549316, 0.021223172545433044, 7.864172458648682
400, -3.6830811500549316, 0.021223172545433044, 7.864172458648682
401, -3.6830811500549316, 0.021223172545433044, 7.864172458648682
402, -3.6830811500549316, 0.021223172545433044, 7.864172458648682
403, -3.6830811500549316, 0.021223172545433044, 7.864172458648682
404, -3.6830811500549316, 0.021223172545433044, 7.864172458648682
405, -3.6830811500549316, 0.021223172545433044, 7.864172458648682
406, -3.6830811500549316, 0.021223172545433044, 7.864172458648682
407, -3.6830811500549316, 0.021223172545433044, 7.864172458648682
408, -3.6830811500549316, 0.021223172545433044, 7.864172458648682
409, -3.6830811500549316, 0.021223172545433044, 7.864172458648682
410, -3.6830811500549316, 0.021223172545433044, 7.864172458648682
411, -3.6830811500549316, 0.021223172545433044, 7.864172458648682
412, -3.6830811500549316, 0.021223172545433044, 7.864172458648682
413, -3.6830811500549316, 0.021223172545433044, 7.864172458648682
414, -3.6830811500549316, 0.021223172545433044, 7.864172458648682
415, -3.6830811500549316, 0.021223172545433044, 7.864172458648682
416, -3.6830811500549316, 0.021223172545433044, 7.864172458648682
417, -3.6830811500549316, 0.021223172545433044, 7.864172458648682
418, -3.6830811500549316, 0.021223172545433044, 7.864172458648682
419, -3.6830811500549316, 0.021223172545433044, 7.864172458648682
420, -3.6830811500549316, 0.021223172545433044, 7.864172458648682
421, -3.6830811500549316, 0.021223172545433044, 7.864172458648682
422, -3.6830811500549316, 0.021223172545433044, 7.864172458648682
423, -3.6830811500549316, 0.021223172545433044, 7.864172458648682
424, -3.6830811500549316, 0.021223172545433044, 7.864172458648682
425, -3.6830811500549316, 0.021223172545433044, 7.864172458648682
426, -3.6830811500549316, 0.021223172545433044, 7.864172458648682
427, -3.6830811500549316, 0.021223172545433044, 7.864172458648682
428, -3.6830811500549316, 0.021223172545433044, 7.864172458648682
429, -3.6830811500549316, 0.021223172545433044, 7.864172458648682
430, -3.6830811500549316, 0.021223172545433044, 7.864172458648682
431, -3.6830811500549316, 0.021223172545433044, 7.864172458648682
432, -3.6830811500549316, 0.021223172545433044, 7.864172458648682
433, -3.6830811500549316, 0.021223172545433044, 7.864172458648682
434, -3.6830811500549316, 0.021223172545433044, 7.864172458648682
435, -3.6830811500549316, 0.021223172545433044, 7.864172458648682
436, -3.6830811500549316, 0.021223172545433044, 7.864172458648682
437, -3.6830811500549316, 0.021223172545433044, 7.864172458648682
438, -3.6830811500549316, 0.021223172545433044, 7.864172458648682
439, -3.6830811500549316, 0.021223172545433044, 7.864172458648682
440, -3.6830811500549316, 0.021223172545433044, 7.864172458648682
441, -3.6830811500549316, 0.021223172545433044, 7.864172458648682
442, -3.6830811500549316, 0.021223172545433044, 7.864172458648682
443, -3.6830811500549316, 0.021223172545433044, 7.864172458648682
444, -3.6830811500549316, 0.021223172545433044, 7.864172458648682
445, -3.6830811500549316, 0.021223172545433044, 7.864172458648682
446, -3.6830811500549316, 0.021223172545433044, 7.864172458648682
447, -3.6830811500549316, 0.021223172545433044, 7.864172458648682
448, -3.6830811500549316, 0.021223172545433044, 7.864172458648682
449, -3.6830811500549316, 0.021223172545433044, 7.864172458648682
450, -3.6830811500549316, 0.021223172545433044, 7.864172458648682
451, -3.6830811500549316, 0.021223172545433044, 7.864172458648682
452, -3.6830811500549316, 0.021223172545433044, 7.864172458648682
453, -3.6830811500549316, 0.021223172545433044, 7.864172458648682
454, -3.6830811500549316, 0.021223172545433044, 7.864172458648682
455, -3.6830811500549316, 0.021223172545433044, 7.864172458648682
456, -3.6830811500549316, 0.021223172545433044, 7.864172458648682
457, -3.6830811500549316, 0.021223172545433044, 7.864172458648682
458, -3.6830811500549316, 0.021223172545433044, 7.864172458648682
459, -3.6830811500549316, 0.021223172545433044, 7.864172458648682
460, -3.6830811500549316, 0.021223172545433044, 7.864172458648682
461, -3.6830811500549316, 0.021223172545433044, 7.864172458648682
462, -3.6830811500549316, 0.021223172545433044, 7.864172458648682
463, -3.6830811500549316, 0.021223172545433044, 7.864172458648682
464, -3.6830811500549316, 0.021223172545433044, 7.864172458648682
465, -3.6830811500549316, 0.021223172545433044, 7.864172458648682
466, -3.6830811500549316, 0.021223172545433044, 7.864172458648682
467, -3.6830811500549316, 0.021223172545433044, 7.864172458648682
468, -3.6830811500549316, 0.021223172545433044, 7.864172458648682
469, -3.6830811500549316, 0.021223172545433044, 7.864172458648682
470, -3.6830811500549316, 0.021223172545433044, 7.864172458648682
471, -3.6830811500549316, 0.021223172545433044, 7.864172458648682
472, -3.6830811500549316, 0.021223172545433044, 7.864172458648682
473, -3.6830811500549316, 0.021223172545433044, 7.864172458648682
474, -3.6830811500549316, 0.021223172545433044, 7.864172458648682
475, -3.6830811500549316, 0.021223172545433044, 7.864172458648682
476, -3.6830811500549316, 0.021223172545433044, 7.864172458648682
477, -3.6830811500549316, 0.021223172545433044, 7.864172458648682
478, -3.6830811500549316, 0.021223172545433044, 7.864172458648682
479, -3.6830811500549316, 0.021223172545433044, 7.864172458648682
480, -3.6830811500549316, 0.021223172545433044, 7.864172458648682
481, -3.6830811500549316, 0.021223172545433044, 7.864172458648682
482, -3.6830811500549316, 0.021223172545433044, 7.864172458648682
483, -3.6830811500549316, 0.021223172545433044, 7.864172458648682
484, -3.6830811500549316, 0.021223172545433044, 7.864172458648682
485, -3.6830811500549316, 0.021223172545433044, 7.864172458648682
486, -3.6830811500549316, 0.021223172545433044, 7.864172458648682
487, -3.6830811500549316, 0.021223172545433044, 7.864172458648682
488, -3.6830811500549316, 0.021223172545433044, 7.864172458648682
489, -3.6830811500549316, 0.021223172545433044, 7.864172458648682
490, -3.6830811500549316, 0.021223172545433044, 7.864172458648682
491, -3.6830811500549316, 0.021223172545433044, 7.864172458648682
492, -3.6830811500549316, 0.021223172545433044, 7.864172458648682
493, -3.6830811500549316, 0.021223172545433044, 7.864172458648682
494, -3.6830811500549316, 0.021223172545433044, 7.864172458648682
495, -3.6830811500549316, 0.021223172545433044, 7.864172458648682
496, -3.6830811500549316, 0.021223172545433044, 7.864172458648682
497, -3.6830811500549316, 0.021223172545433044, 7.864172458648682
498, -3.6830811500549316, 0.021223172545433044, 7.864172458648682
499, -3.6830811500549316, 0.021223172545433044, 7.864172458648682
