1, 3.8796141147613525, 2.0644748210906982, 3.3650612831115723
2, 3.8796141147613525, 2.0644748210906982, 3.3650612831115723
3, 3.8796141147613525, 2.0644748210906982, 3.3650612831115723
4, 3.8796141147613525, 2.0644748210906982, 3.3650612831115723
5, 3.8796141147613525, 2.0644748210906982, 3.3650612831115723
6, 3.8796141147613525, 2.0644748210906982, 3.3650612831115723
7, 3.8796141147613525, 2.0644748210906982, 3.3650612831115723
8, 3.8796141147613525, 2.0644748210906982, 3.3650612831115723
9, 3.8796141147613525, 2.0644748210906982, 3.3650612831115723
10, 3.8796141147613525, 2.0644748210906982, 3.3650612831115723
11, 3.8796141147613525, 2.0644748210906982, 3.3650612831115723
12, 3.8796141147613525, 2.0644748210906982, 3.3650612831115723
13, 3.8796141147613525, 2.0644748210906982, 3.3650612831115723
14, 3.8649418354034424, 2.0644748210906982, 3.380143642425537
15, 3.8649418354034424, 2.0644748210906982, 3.380143642425537
16, 3.8649418354034424, 2.0644748210906982, 3.380143642425537
17, 3.8649418354034424, 2.0644748210906982, 3.380143642425537
18, 3.622591733932495, 2.0644748210906982, 3.318772554397583
19, 3.622591733932495, 2.0644748210906982, 3.318772554397583
20, 3.622591733932495, 2.0644748210906982, 3.318772554397583
21, 3.622591733932495, 2.0644748210906982, 3.318772554397583
22, 3.622591733932495, 2.0644748210906982, 3.318772554397583
23, 3.622591733932495, 2.0644748210906982, 3.318772554397583
24, 3.622591733932495, 2.0644748210906982, 3.318772554397583
25, 3.622591733932495, 2.0644748210906982, 3.318772554397583
26, 3.863158702850342, 2.0644748210906982, 3.250746250152588
27, 4.103725433349609, 2.0644748210906982, 3.182720184326172
28, 4.344292163848877, 2.0644748210906982, 3.114694118499756
29, 4.5848588943481445, 2.0644748210906982, 3.04666805267334
30, 4.5848588943481445, 2.0644748210906982, 3.04666805267334
31, 4.827208995819092, 2.0644748210906982, 3.108039140701294
32, 4.827208995819092, 2.0644748210906982, 3.108039140701294
33, 5.067775726318359, 2.0644748210906982, 3.040012836456299
34, 5.067775726318359, 2.0644748210906982, 3.040012836456299
35, 5.067775726318359, 2.0644748210906982, 3.040012836456299
36, 5.067775726318359, 2.0644748210906982, 3.040012836456299
37, 5.067775726318359, 2.0644748210906982, 3.040012836456299
38, 5.308342456817627, 2.0644748210906982, 2.9719865322113037
39, 5.308342456817627, 2.0644748210906982, 2.9719865322113037
40, 5.550692558288574, 2.0644748210906982, 3.033357620239258
41, 5.7930426597595215, 2.0644748210906982, 3.094728469848633
42, 6.035392761230469, 2.0644748210906982, 3.156099319458008
43, 6.035392761230469, 2.0644748210906982, 3.156099319458008
44, 6.275959491729736, 2.0644748210906982, 3.0880730152130127
45, 6.516526222229004, 2.0644748210906982, 3.0200467109680176
46, 6.7570929527282715, 2.0644748210906982, 2.9520204067230225
47, 6.7570929527282715, 2.0644748210906982, 2.9520204067230225
48, 6.931416988372803, 2.0644748210906982, 2.77282452583313
49, 7.105741024017334, 2.0644748210906982, 2.5936286449432373
50, 7.280065059661865, 2.0644748210906982, 2.4144327640533447
51, 7.4543890953063965, 2.0644748210906982, 2.235236883163452
52, 7.628713130950928, 2.0644748210906982, 2.0560410022735596
53, 7.803037166595459, 2.0644748210906982, 1.876845121383667
54, 7.803037166595459, 2.0644748210906982, 1.876845121383667
55, 7.803037166595459, 2.0644748210906982, 1.876845121383667
56, 7.97736120223999, 2.0644748210906982, 1.6976492404937744
57, 8.151684761047363, 2.0644748210906982, 1.5184533596038818
58, 8.151684761047363, 2.0644748210906982, 1.5184533596038818
59, 8.151684761047363, 2.0644748210906982, 1.5184533596038818
60, 8.151684761047363, 2.0644748210906982, 1.5184533596038818
61, 8.151684761047363, 2.0644748210906982, 1.5184533596038818
62, 8.151684761047363, 2.0644748210906982, 1.5184533596038818
63, 8.151684761047363, 2.0644748210906982, 1.5184533596038818
64, 8.151684761047363, 2.0644748210906982, 1.5184533596038818
65, 8.151684761047363, 2.0644748210906982, 1.5184533596038818
66, 7.977360725402832, 2.0644748210906982, 1.6976492404937744
67, 7.803036689758301, 2.0644748210906982, 1.876845121383667
68, 7.6287126541137695, 2.0644748210906982, 2.0560410022735596
69, 7.6287126541137695, 2.0644748210906982, 2.0560410022735596
70, 7.5673418045043945, 2.0644748210906982, 2.298391103744507
71, 7.5059709548950195, 2.0644748210906982, 2.540741205215454
72, 7.4446001052856445, 2.0644748210906982, 2.7830913066864014
73, 7.3832292556762695, 2.0644748210906982, 3.0254414081573486
74, 7.3218584060668945, 2.0644748210906982, 3.267791509628296
75, 7.2604875564575195, 2.0644748210906982, 3.510141611099243
76, 7.1991167068481445, 2.0644748210906982, 3.7524917125701904
77, 7.1377458572387695, 2.0644748210906982, 3.9948418140411377
78, 7.1377458572387695, 2.0644748210906982, 3.9948418140411377
79, 7.205772399902344, 2.0644748210906982, 4.235408782958984
80, 7.273798942565918, 2.0644748210906982, 4.475975513458252
81, 7.273798942565918, 2.0644748210906982, 4.475975513458252
82, 7.273798942565918, 2.0644748210906982, 4.475975513458252
83, 7.273798942565918, 2.0644748210906982, 4.475975513458252
84, 7.273798942565918, 2.0644748210906982, 4.475975513458252
85, 7.273798942565918, 2.0644748210906982, 4.475975513458252
86, 7.273798942565918, 2.0644748210906982, 4.475975513458252
87, 7.205772399902344, 2.0644748210906982, 4.235408782958984
88, 7.205772399902344, 2.0644748210906982, 4.235408782958984
89, 7.026576519012451, 2.0644748210906982, 4.061084747314453
90, 6.847380638122559, 2.0644748210906982, 3.886760950088501
91, 6.847380638122559, 2.0644748210906982, 3.886760950088501
92, 6.605030536651611, 2.0644748210906982, 3.825390100479126
93, 6.362680435180664, 2.0644748210906982, 3.764019250869751
94, 6.120330333709717, 2.0644748210906982, 3.702648401260376
95, 6.120330333709717, 2.0644748210906982, 3.702648401260376
96, 5.941134452819824, 2.0644748210906982, 3.528324604034424
97, 5.761938571929932, 2.0644748210906982, 3.3540008068084717
98, 5.582742691040039, 2.0644748210906982, 3.1796770095825195
99, 5.582742691040039, 2.0644748210906982, 3.1796770095825195
100, 5.582742691040039, 2.0644748210906982, 3.1796770095825195
101, 5.582742691040039, 2.0644748210906982, 3.1796770095825195
102, 5.582742691040039, 2.0644748210906982, 3.1796770095825195
103, 5.582742691040039, 2.0644748210906982, 3.1796770095825195
104, 5.582742691040039, 2.0644748210906982, 3.1796770095825195
105, 5.761938571929932, 2.0644748210906982, 3.3540008068084717
106, 5.761938571929932, 2.0644748210906982, 3.3540008068084717
107, 5.761938571929932, 2.0644748210906982, 3.3540008068084717
108, 5.761938571929932, 2.0644748210906982, 3.3540008068084717
109, 5.936262607574463, 2.0644748210906982, 3.1748046875
110, 5.936262607574463, 2.0644748210906982, 3.1748046875
111, 6.1768293380737305, 2.0644748210906982, 3.106778383255005
112, 6.1768293380737305, 2.0644748210906982, 3.106778383255005
113, 6.351153373718262, 2.0644748210906982, 2.927582263946533
114, 6.351153373718262, 2.0644748210906982, 2.927582263946533
115, 6.351153373718262, 2.0644748210906982, 2.927582263946533
116, 6.351153373718262, 2.0644748210906982, 2.927582263946533
117, 6.351153373718262, 2.0644748210906982, 2.927582263946533
118, 6.351153373718262, 2.0644748210906982, 2.927582263946533
119, 6.351153373718262, 2.0644748210906982, 2.927582263946533
120, 6.351153373718262, 2.0644748210906982, 2.927582263946533
121, 6.351153373718262, 2.0644748210906982, 2.927582263946533
122, 6.351153373718262, 2.0644748210906982, 2.927582263946533
123, 6.351153373718262, 2.0644748210906982, 2.927582263946533
124, 6.351153373718262, 2.0644748210906982, 2.927582263946533
125, 6.591720104217529, 2.0644748210906982, 2.859555959701538
126, 6.832286834716797, 2.0644748210906982, 2.791529655456543
127, 6.832286834716797, 2.0644748210906982, 2.791529655456543
128, 6.832286834716797, 2.0644748210906982, 2.791529655456543
129, 6.832286834716797, 2.0644748210906982, 2.791529655456543
130, 6.832286834716797, 2.0644748210906982, 2.791529655456543
131, 6.832286834716797, 2.0644748210906982, 2.791529655456543
132, 6.832286834716797, 2.0644748210906982, 2.791529655456543
133, 6.591720104217529, 2.0644748210906982, 2.859556198120117
134, 6.351153373718262, 2.0644748210906982, 2.9275827407836914
135, 6.110586643218994, 2.0644748210906982, 2.9956092834472656
136, 6.110586643218994, 2.0644748210906982, 2.9956092834472656
137, 5.868236541748047, 2.0644748210906982, 2.9342384338378906
138, 5.6258864402771, 2.0644748210906982, 2.8728675842285156
139, 5.6258864402771, 2.0644748210906982, 2.8728675842285156
140, 5.6258864402771, 2.0644748210906982, 2.8728675842285156
141, 5.6258864402771, 2.0644748210906982, 2.8728675842285156
142, 5.6258864402771, 2.0644748210906982, 2.8728675842285156
143, 5.6258864402771, 2.0644748210906982, 2.8728675842285156
144, 5.6258864402771, 2.0644748210906982, 2.8728675842285156
145, 5.6258864402771, 2.0644748210906982, 2.8728675842285156
146, 5.805082321166992, 2.0644748210906982, 3.0471913814544678
147, 5.805082321166992, 2.0644748210906982, 3.0471913814544678
148, 5.805082321166992, 2.0644748210906982, 3.0471913814544678
149, 5.805082321166992, 2.0644748210906982, 3.0471913814544678
150, 5.805082321166992, 2.0644748210906982, 3.0471913814544678
151, 6.04564905166626, 2.0644748210906982, 2.9791650772094727
152, 6.286215782165527, 2.0644748210906982, 2.9111387729644775
153, 6.286215782165527, 2.0644748210906982, 2.9111387729644775
154, 6.286215782165527, 2.0644748210906982, 2.9111387729644775
155, 6.286215782165527, 2.0644748210906982, 2.9111387729644775
156, 6.286215782165527, 2.0644748210906982, 2.9111387729644775
157, 6.286215782165527, 2.0644748210906982, 2.9111387729644775
158, 6.286215782165527, 2.0644748210906982, 2.9111387729644775
159, 6.04564905166626, 2.0644748210906982, 2.9791650772094727
160, 5.805082321166992, 2.0644748210906982, 3.047191619873047
161, 5.805082321166992, 2.0644748210906982, 3.047191619873047
162, 5.562732219696045, 2.0644748210906982, 2.985820770263672
163, 5.562732219696045, 2.0644748210906982, 2.985820770263672
164, 5.383536338806152, 2.0644748210906982, 2.8114969730377197
165, 5.383536338806152, 2.0644748210906982, 2.8114969730377197
166, 5.383536338806152, 2.0644748210906982, 2.8114969730377197
167, 5.383536338806152, 2.0644748210906982, 2.8114969730377197
168, 5.383536338806152, 2.0644748210906982, 2.8114969730377197
169, 5.383536338806152, 2.0644748210906982, 2.8114969730377197
170, 5.6258864402771, 2.0644748210906982, 2.8728678226470947
171, 5.6258864402771, 2.0644748210906982, 2.8728678226470947
172, 5.805082321166992, 2.0644748210906982, 3.047191619873047
173, 5.984278202056885, 2.0644748210906982, 3.221515417098999
174, 6.163474082946777, 2.0644748210906982, 3.395839214324951
175, 6.163474082946777, 2.0644748210906982, 3.395839214324951
176, 6.163474082946777, 2.0644748210906982, 3.395839214324951
177, 6.163474082946777, 2.0644748210906982, 3.395839214324951
178, 6.163474082946777, 2.0644748210906982, 3.395839214324951
179, 6.163474082946777, 2.0644748210906982, 3.395839214324951
180, 6.163474082946777, 2.0644748210906982, 3.395839214324951
181, 6.163474082946777, 2.0644748210906982, 3.395839214324951
182, 5.92112398147583, 2.0644748210906982, 3.334468364715576
183, 5.678773880004883, 2.0644748210906982, 3.273097515106201
184, 5.4364237785339355, 2.0644748210906982, 3.211726665496826
185, 5.194073677062988, 2.0644748210906982, 3.150355815887451
186, 4.951723575592041, 2.0644748210906982, 3.088984966278076
187, 4.709373474121094, 2.0644748210906982, 3.027614116668701
188, 4.709373474121094, 2.0644748210906982, 3.027614116668701
189, 4.468806743621826, 2.0644748210906982, 3.0956406593322754
190, 4.228240013122559, 2.0644748210906982, 3.1636672019958496
191, 3.987673282623291, 2.0644748210906982, 3.231693744659424
192, 3.7471065521240234, 2.0644748210906982, 3.299720287322998
193, 3.7471065521240234, 2.0644748210906982, 3.299720287322998
194, 3.504756450653076, 2.0644748210906982, 3.238349437713623
195, 3.262406349182129, 2.0644748210906982, 3.176978588104248
196, 3.0200562477111816, 2.0644748210906982, 3.115607738494873
197, 2.7777061462402344, 2.0644748210906982, 3.054236888885498
198, 2.535356044769287, 2.0644748210906982, 2.992866039276123
199, 2.535356044769287, 2.0644748210906982, 2.992866039276123
200, 2.3561599254608154, 2.0644748210906982, 2.818542242050171
201, 2.3561599254608154, 2.0644748210906982, 2.818542242050171
202, 2.288133382797241, 2.0644748210906982, 2.5779755115509033
203, 2.288133382797241, 2.0644748210906982, 2.5779755115509033
204, 2.288133382797241, 2.0644748210906982, 2.5779755115509033
205, 2.288133382797241, 2.0644748210906982, 2.5779755115509033
206, 2.288133382797241, 2.0644748210906982, 2.5779755115509033
207, 2.288133382797241, 2.0644748210906982, 2.5779755115509033
208, 2.421555280685425, 2.0644748210906982, 2.7077698707580566
209, 2.421555519104004, 2.0644748210906982, 2.7077701091766357
210, 2.421555519104004, 2.0644748210906982, 2.7077701091766357
211, 2.421555519104004, 2.0644748210906982, 2.7077701091766357
212, 2.421555519104004, 2.0644748210906982, 2.7077701091766357
213, 2.360184669494629, 2.0644748210906982, 2.950120210647583
214, 2.360184669494629, 2.0644748210906982, 2.950120210647583
215, 2.360184669494629, 2.0644748210906982, 2.950120210647583
216, 2.360184669494629, 2.0644748210906982, 2.950120210647583
217, 2.602534770965576, 2.0644748210906982, 3.011491060256958
218, 2.8448848724365234, 2.0644748210906982, 3.072861909866333
219, 3.0872349739074707, 2.0644748210906982, 3.134232759475708
220, 3.329585075378418, 2.0644748210906982, 3.195603609085083
221, 3.5719351768493652, 2.0644748210906982, 3.256974458694458
222, 3.8142852783203125, 2.0644748210906982, 3.318345308303833
223, 3.8142852783203125, 2.0644748210906982, 3.318345308303833
224, 4.05485200881958, 2.0644748210906982, 3.250318765640259
225, 4.295418739318848, 2.0644748210906982, 3.1822922229766846
226, 4.535985469818115, 2.0644748210906982, 3.1142656803131104
227, 4.776552200317383, 2.0644748210906982, 3.046239137649536
228, 5.01711893081665, 2.0644748210906982, 2.978212594985962
229, 5.01711893081665, 2.0644748210906982, 2.978212594985962
230, 5.191442489624023, 2.0644748210906982, 2.7990164756774902
231, 5.191442489624023, 2.0644748210906982, 2.7990164756774902
232, 5.191442489624023, 2.0644748210906982, 2.7990164756774902
233, 5.191442489624023, 2.0644748210906982, 2.7990164756774902
234, 5.191442489624023, 2.0644748210906982, 2.7990164756774902
235, 5.433792591094971, 2.0644748210906982, 2.8603873252868652
236, 5.433792591094971, 2.0644748210906982, 2.8603873252868652
237, 5.612988471984863, 2.0644748210906982, 3.0347111225128174
238, 5.612988471984863, 2.0644748210906982, 3.0347111225128174
239, 5.612988471984863, 2.0644748210906982, 3.0347111225128174
240, 5.612988471984863, 2.0644748210906982, 3.0347111225128174
241, 5.8553385734558105, 2.0644748210906982, 3.0960819721221924
242, 6.097688674926758, 2.0644748210906982, 3.1574528217315674
243, 6.097688674926758, 2.0644748210906982, 3.1574528217315674
244, 6.338255405426025, 2.0644748210906982, 3.0894265174865723
245, 6.578822135925293, 2.0644748210906982, 3.021400213241577
246, 6.578822135925293, 2.0644748210906982, 3.021400213241577
247, 6.578822135925293, 2.0644748210906982, 3.021400213241577
248, 6.578822135925293, 2.0644748210906982, 3.021400213241577
249, 6.578822135925293, 2.0644748210906982, 3.021400213241577
250, 6.578822135925293, 2.0644748210906982, 3.021400213241577
251, 6.578822135925293, 2.0644748210906982, 3.021400213241577
252, 6.338255405426025, 2.0644748210906982, 3.0894265174865723
253, 6.338255405426025, 2.0644748210906982, 3.0894265174865723
254, 6.095905303955078, 2.0644748210906982, 3.0280556678771973
255, 5.853555202484131, 2.0644748210906982, 2.9666848182678223
256, 5.611205101013184, 2.0644748210906982, 2.9053139686584473
257, 5.611205101013184, 2.0644748210906982, 2.9053139686584473
258, 5.611205101013184, 2.0644748210906982, 2.9053139686584473
259, 5.611205101013184, 2.0644748210906982, 2.9053139686584473
260, 5.611205101013184, 2.0644748210906982, 2.9053139686584473
261, 5.611205101013184, 2.0644748210906982, 2.9053139686584473
262, 5.611205101013184, 2.0644748210906982, 2.9053139686584473
263, 5.611205101013184, 2.0644748210906982, 2.9053139686584473
264, 5.790400981903076, 2.0644748210906982, 3.0796377658843994
265, 5.969596862792969, 2.0644748210906982, 3.2539615631103516
266, 5.969596862792969, 2.0644748210906982, 3.2539615631103516
267, 5.969596862792969, 2.0644748210906982, 3.2539615631103516
268, 5.969596862792969, 2.0644748210906982, 3.2539615631103516
269, 6.1439208984375, 2.0644748210906982, 3.07476544380188
270, 6.318244934082031, 2.0644748210906982, 2.895569324493408
271, 6.318244934082031, 2.0644748210906982, 2.895569324493408
272, 6.318244934082031, 2.0644748210906982, 2.895569324493408
273, 6.318244934082031, 2.0644748210906982, 2.895569324493408
274, 6.318244934082031, 2.0644748210906982, 2.895569324493408
275, 6.318244934082031, 2.0644748210906982, 2.895569324493408
276, 6.318244934082031, 2.0644748210906982, 2.895569324493408
277, 6.318244934082031, 2.0644748210906982, 2.895569324493408
278, 6.318244934082031, 2.0644748210906982, 2.895569324493408
279, 6.318244934082031, 2.0644748210906982, 2.895569324493408
280, 6.318244934082031, 2.0644748210906982, 2.895569324493408
281, 6.318244934082031, 2.0644748210906982, 2.895569324493408
282, 6.558811664581299, 2.0644748210906982, 2.827543020248413
283, 6.799378395080566, 2.0644748210906982, 2.759516716003418
284, 6.799378395080566, 2.0644748210906982, 2.759516716003418
285, 6.799378395080566, 2.0644748210906982, 2.759516716003418
286, 6.799378395080566, 2.0644748210906982, 2.759516716003418
287, 6.799378395080566, 2.0644748210906982, 2.759516716003418
288, 6.799378395080566, 2.0644748210906982, 2.759516716003418
289, 6.799378395080566, 2.0644748210906982, 2.759516716003418
290, 6.558811664581299, 2.0644748210906982, 2.827543258666992
291, 6.318244934082031, 2.0644748210906982, 2.8955698013305664
292, 6.077678203582764, 2.0644748210906982, 2.9635963439941406
293, 5.837111473083496, 2.0644748210906982, 3.031622886657715
294, 5.837111473083496, 2.0644748210906982, 3.031622886657715
295, 5.594761371612549, 2.0644748210906982, 2.97025203704834
296, 5.594761371612549, 2.0644748210906982, 2.97025203704834
297, 5.594761371612549, 2.0644748210906982, 2.97025203704834
298, 5.594761371612549, 2.0644748210906982, 2.97025203704834
299, 5.594761371612549, 2.0644748210906982, 2.97025203704834
300, 5.594761371612549, 2.0644748210906982, 2.97025203704834
301, 5.594761371612549, 2.0644748210906982, 2.97025203704834
302, 5.594761371612549, 2.0644748210906982, 2.97025203704834
303, 5.773957252502441, 2.0644748210906982, 3.144575834274292
304, 5.953153133392334, 2.0644748210906982, 3.318899631500244
305, 5.953153133392334, 2.0644748210906982, 3.318899631500244
306, 5.953153133392334, 2.0644748210906982, 3.318899631500244
307, 5.953153133392334, 2.0644748210906982, 3.318899631500244
308, 6.127477169036865, 2.0644748210906982, 3.1397035121917725
309, 6.3018012046813965, 2.0644748210906982, 2.960507392883301
310, 6.3018012046813965, 2.0644748210906982, 2.960507392883301
311, 6.3018012046813965, 2.0644748210906982, 2.960507392883301
312, 6.3018012046813965, 2.0644748210906982, 2.960507392883301
313, 6.3018012046813965, 2.0644748210906982, 2.960507392883301
314, 6.3018012046813965, 2.0644748210906982, 2.960507392883301
315, 6.061234474182129, 2.0644748210906982, 3.028533935546875
316, 6.061234474182129, 2.0644748210906982, 3.028533935546875
317, 5.818884372711182, 2.0644748210906982, 2.9671630859375
318, 5.576534271240234, 2.0644748210906982, 2.905792236328125
319, 5.576534271240234, 2.0644748210906982, 2.905792236328125
320, 5.576534271240234, 2.0644748210906982, 2.905792236328125
321, 5.576534271240234, 2.0644748210906982, 2.905792236328125
322, 5.576534271240234, 2.0644748210906982, 2.905792236328125
323, 5.576534271240234, 2.0644748210906982, 2.905792236328125
324, 5.576534271240234, 2.0644748210906982, 2.905792236328125
325, 5.576534271240234, 2.0644748210906982, 2.905792236328125
326, 5.755730152130127, 2.0644748210906982, 3.080116033554077
327, 5.755730152130127, 2.0644748210906982, 3.080116033554077
328, 5.755730152130127, 2.0644748210906982, 3.080116033554077
329, 5.755730152130127, 2.0644748210906982, 3.080116033554077
330, 5.755730152130127, 2.0644748210906982, 3.080116033554077
331, 5.755730152130127, 2.0644748210906982, 3.080116033554077
332, 5.755730152130127, 2.0644748210906982, 3.080116033554077
333, 5.515163421630859, 2.0644748210906982, 3.1481423377990723
334, 5.274596691131592, 2.0644748210906982, 3.2161688804626465
335, 5.034029960632324, 2.0644748210906982, 3.2841954231262207
336, 4.793463230133057, 2.0644748210906982, 3.352221965789795
337, 4.793463230133057, 2.0644748210906982, 3.352221965789795
338, 4.551113128662109, 2.0644748210906982, 3.29085111618042
339, 4.308763027191162, 2.0644748210906982, 3.229480266571045
340, 4.066412925720215, 2.0644748210906982, 3.16810941696167
341, 3.8240625858306885, 2.0644748210906982, 3.106738567352295
342, 3.581712245941162, 2.0644748210906982, 3.04536771774292
343, 3.3393619060516357, 2.0644748210906982, 2.983996868133545
344, 3.3393619060516357, 2.0644748210906982, 2.983996868133545
345, 3.098794937133789, 2.0644748210906982, 3.052023410797119
346, 2.8582279682159424, 2.0644748210906982, 3.1200499534606934
347, 2.6176609992980957, 2.0644748210906982, 3.1880764961242676
348, 2.6176609992980957, 2.0644748210906982, 3.1880764961242676
349, 2.4433372020721436, 2.0644748210906982, 3.36727237701416
350, 2.2690134048461914, 2.0644748210906982, 3.5464682579040527
351, 2.0946896076202393, 2.0644748210906982, 3.7256641387939453
352, 1.920365810394287, 2.0644748210906982, 3.904860019683838
353, 1.920365810394287, 2.0644748210906982, 3.904860019683838
354, 1.920365810394287, 2.0644748210906982, 3.904860019683838
355, 1.920365810394287, 2.0644748210906982, 3.904860019683838
356, 1.920365810394287, 2.0644748210906982, 3.904860019683838
357, 1.920365810394287, 2.0644748210906982, 3.904860019683838
358, 1.920365810394287, 2.0644748210906982, 3.904860019683838
359, 1.920365810394287, 2.0644748210906982, 3.904860019683838
360, 1.920365810394287, 2.0644748210906982, 3.904860019683838
361, 1.920365810394287, 2.0644748210906982, 3.904860019683838
362, 1.920365810394287, 2.0644748210906982, 3.904860019683838
363, 2.0946896076202393, 2.0644748210906982, 3.725663900375366
364, 2.2690134048461914, 2.0644748210906982, 3.5464677810668945
365, 2.4433372020721436, 2.0644748210906982, 3.367271661758423
366, 2.6176609992980957, 2.0644748210906982, 3.188075542449951
367, 2.6176609992980957, 2.0644748210906982, 3.188075542449951
368, 2.8582277297973633, 2.0644748210906982, 3.120048999786377
369, 3.098794460296631, 2.0644748210906982, 3.0520224571228027
370, 3.3393611907958984, 2.0644748210906982, 2.9839959144592285
371, 3.579927921295166, 2.0644748210906982, 2.9159693717956543
372, 3.579927921295166, 2.0644748210906982, 2.9159693717956543
373, 3.8222780227661133, 2.0644748210906982, 2.9773402214050293
374, 4.0646281242370605, 2.0644748210906982, 3.0387110710144043
375, 4.306978225708008, 2.0644748210906982, 3.1000819206237793
376, 4.549328327178955, 2.0644748210906982, 3.1614527702331543
377, 4.549328327178955, 2.0644748210906982, 3.1614527702331543
378, 4.549328327178955, 2.0644748210906982, 3.1614527702331543
379, 4.549328327178955, 2.0644748210906982, 3.1614527702331543
380, 4.789895057678223, 2.0644748210906982, 3.09342622756958
381, 5.03046178817749, 2.0644748210906982, 3.025399684906006
382, 5.03046178817749, 2.0644748210906982, 3.025399684906006
383, 5.03046178817749, 2.0644748210906982, 3.025399684906006
384, 5.03046178817749, 2.0644748210906982, 3.025399684906006
385, 5.03046178817749, 2.0644748210906982, 3.025399684906006
386, 5.03046178817749, 2.0644748210906982, 3.025399684906006
387, 5.03046178817749, 2.0644748210906982, 3.025399684906006
388, 5.03046178817749, 2.0644748210906982, 3.025399684906006
389, 5.2728118896484375, 2.0644748210906982, 3.086770534515381
390, 5.515161991119385, 2.0644748210906982, 3.148141384124756
391, 5.757512092590332, 2.0644748210906982, 3.209512233734131
392, 5.999862194061279, 2.0644748210906982, 3.270883083343506
393, 6.242212295532227, 2.0644748210906982, 3.332253932952881
394, 6.242212295532227, 2.0644748210906982, 3.332253932952881
395, 6.421408176422119, 2.0644748210906982, 3.506577730178833
396, 6.600604057312012, 2.0644748210906982, 3.680901527404785
397, 6.779799938201904, 2.0644748210906982, 3.8552253246307373
398, 6.958995819091797, 2.0644748210906982, 4.0295491218566895
399, 7.1381916999816895, 2.0644748210906982, 4.2038726806640625
400, 7.317387580871582, 2.0644748210906982, 4.378196716308594
401, 7.496583461761475, 2.0644748210906982, 4.552520751953125
402, 7.675779342651367, 2.0644748210906982, 4.726844787597656
403, 7.675779342651367, 2.0644748210906982, 4.726844787597656
404, 7.675779342651367, 2.0644748210906982, 4.726844787597656
405, 7.675779342651367, 2.0644748210906982, 4.726844787597656
406, 7.675779342651367, 2.0644748210906982, 4.726844787597656
407, 7.675779342651367, 2.0644748210906982, 4.726844787597656
408, 7.675779342651367, 2.0644748210906982, 4.726844787597656
409, 7.496583461761475, 2.0644748210906982, 4.552521228790283
410, 7.317387580871582, 2.0644748210906982, 4.37819766998291
411, 7.1381916999816895, 2.0644748210906982, 4.203874111175537
412, 6.958995819091797, 2.0644748210906982, 4.029550552368164
413, 6.779799938201904, 2.0644748210906982, 3.855226755142212
414, 6.779799938201904, 2.0644748210906982, 3.855226755142212
415, 6.537449836730957, 2.0644748210906982, 3.793855905532837
416, 6.29509973526001, 2.0644748210906982, 3.732485055923462
417, 6.0527496337890625, 2.0644748210906982, 3.671114206314087
418, 5.810399532318115, 2.0644748210906982, 3.609743356704712
419, 5.810399532318115, 2.0644748210906982, 3.609743356704712
420, 5.631203651428223, 2.0644748210906982, 3.4354195594787598
421, 5.631203651428223, 2.0644748210906982, 3.4354195594787598
422, 5.631203651428223, 2.0644748210906982, 3.4354195594787598
423, 5.631203651428223, 2.0644748210906982, 3.4354195594787598
424, 5.388853549957275, 2.0644748210906982, 3.3740487098693848
425, 5.146503448486328, 2.0644748210906982, 3.3126778602600098
426, 4.904153347015381, 2.0644748210906982, 3.2513070106506348
427, 4.661803245544434, 2.0644748210906982, 3.1899361610412598
428, 4.419453144073486, 2.0644748210906982, 3.1285653114318848
429, 4.177103042602539, 2.0644748210906982, 3.0671944618225098
430, 3.9347527027130127, 2.0644748210906982, 3.0058236122131348
431, 3.9347527027130127, 2.0644748210906982, 3.0058236122131348
432, 3.694185972213745, 2.0644748210906982, 3.073850154876709
433, 3.4536192417144775, 2.0644748210906982, 3.141876697540283
434, 3.4536192417144775, 2.0644748210906982, 3.141876697540283
435, 3.2112691402435303, 2.0644748210906982, 3.080505847930908
436, 2.968919038772583, 2.0644748210906982, 3.019134998321533
437, 2.7265689373016357, 2.0644748210906982, 2.957764148712158
438, 2.4842188358306885, 2.0644748210906982, 2.896393299102783
439, 2.4842188358306885, 2.0644748210906982, 2.896393299102783
440, 2.305022716522217, 2.0644748210906982, 2.722069501876831
441, 2.305022716522217, 2.0644748210906982, 2.722069501876831
442, 2.305022716522217, 2.0644748210906982, 2.722069501876831
443, 2.305022716522217, 2.0644748210906982, 2.722069501876831
444, 2.305022716522217, 2.0644748210906982, 2.722069501876831
445, 2.305022716522217, 2.0644748210906982, 2.722069501876831
446, 2.305022716522217, 2.0644748210906982, 2.722069501876831
447, 2.4842188358306885, 2.0644748210906982, 2.896393299102783
448, 2.66341495513916, 2.0644748210906982, 3.0707170963287354
449, 2.66341495513916, 2.0644748210906982, 3.0707170963287354
450, 2.9057650566101074, 2.0644748210906982, 3.1320879459381104
451, 3.1481151580810547, 2.0644748210906982, 3.1934587955474854
452, 3.390465259552002, 2.0644748210906982, 3.2548296451568604
453, 3.632815361022949, 2.0644748210906982, 3.3162004947662354
454, 3.632815361022949, 2.0644748210906982, 3.3162004947662354
455, 3.873382329940796, 2.0644748210906982, 3.2481741905212402
456, 4.113949298858643, 2.0644748210906982, 3.180147886276245
457, 4.35451602935791, 2.0644748210906982, 3.11212158203125
458, 4.595082759857178, 2.0644748210906982, 3.044095277786255
459, 4.835649490356445, 2.0644748210906982, 2.9760689735412598
460, 5.076216220855713, 2.0644748210906982, 2.9080426692962646
461, 5.076216220855713, 2.0644748210906982, 2.9080426692962646
462, 5.076216220855713, 2.0644748210906982, 2.9080426692962646
463, 5.076216220855713, 2.0644748210906982, 2.9080426692962646
464, 5.076216220855713, 2.0644748210906982, 2.9080426692962646
465, 5.076216220855713, 2.0644748210906982, 2.9080426692962646
466, 5.31856632232666, 2.0644748210906982, 2.9694135189056396
467, 5.560916423797607, 2.0644748210906982, 3.0307843685150146
468, 5.803266525268555, 2.0644748210906982, 3.0921552181243896
469, 5.803266525268555, 2.0644748210906982, 3.0921552181243896
470, 6.043833255767822, 2.0644748210906982, 3.0241289138793945
471, 6.28439998626709, 2.0644748210906982, 2.9561026096343994
472, 6.28439998626709, 2.0644748210906982, 2.9561026096343994
473, 6.458724021911621, 2.0644748210906982, 2.7769064903259277
474, 6.458724021911621, 2.0644748210906982, 2.7769064903259277
475, 6.458724021911621, 2.0644748210906982, 2.7769064903259277
476, 6.458724021911621, 2.0644748210906982, 2.7769064903259277
477, 6.458724021911621, 2.0644748210906982, 2.7769064903259277
478, 6.633048057556152, 2.0644748210906982, 2.597710609436035
479, 6.633048057556152, 2.0644748210906982, 2.597710609436035
480, 6.87361478805542, 2.0644748210906982, 2.52968430519104
481, 7.1141815185546875, 2.0644748210906982, 2.461658000946045
482, 7.1141815185546875, 2.0644748210906982, 2.461658000946045
483, 7.288505554199219, 2.0644748210906982, 2.2824621200561523
484, 7.46282958984375, 2.0644748210906982, 2.1032662391662598
485, 7.637153625488281, 2.0644748210906982, 1.9240702390670776
486, 7.637153625488281, 2.0644748210906982, 1.9240702390670776
487, 7.637153625488281, 2.0644748210906982, 1.9240702390670776
488, 7.637153625488281, 2.0644748210906982, 1.9240702390670776
489, 7.637153625488281, 2.0644748210906982, 1.9240702390670776
490, 7.637153625488281, 2.0644748210906982, 1.9240702390670776
491, 7.637153625488281, 2.0644748210906982, 1.9240702390670776
492, 7.46282958984375, 2.0644748210906982, 2.1032662391662598
493, 7.288505554199219, 2.0644748210906982, 2.2824621200561523
494, 7.1141815185546875, 2.0644748210906982, 2.461658000946045
495, 6.939857482910156, 2.0644748210906982, 2.6408538818359375
496, 6.765533447265625, 2.0644748210906982, 2.82004976272583
497, 6.765533447265625, 2.0644748210906982, 2.82004976272583
498, 6.524966716766357, 2.0644748210906982, 2.888076066970825
499, 6.28439998626709, 2.0644748210906982, 2.9561023712158203
