1, 3.398409366607666, 2.880223035812378, 1.8125213384628296
2, 3.398409366607666, 2.880223035812378, 1.8125213384628296
3, 3.398409366607666, 2.880223035812378, 1.8125213384628296
4, 3.398409366607666, 2.880223035812378, 1.8125213384628296
5, 3.398409366607666, 2.880223035812378, 1.8125213384628296
6, 3.398409366607666, 2.880223035812378, 1.8125213384628296
7, 3.398409366607666, 2.880223035812378, 1.8125213384628296
8, 3.398409366607666, 2.880223035812378, 1.8125213384628296
9, 3.398409366607666, 2.880223035812378, 1.8125213384628296
10, 3.398409366607666, 2.880223035812378, 1.8125213384628296
11, 3.398409366607666, 2.880223035812378, 1.8125213384628296
12, 3.398409366607666, 2.880223035812378, 1.8125213384628296
13, 3.398409366607666, 2.880223035812378, 1.8125213384628296
14, 3.398409366607666, 2.880223035812378, 1.8125213384628296
15, 3.398409366607666, 2.880223035812378, 1.8125213384628296
16, 3.398409366607666, 2.880223035812378, 1.8125213384628296
17, 3.3119654655456543, 2.880223035812378, 1.5779420137405396
18, 3.2255215644836426, 2.880223035812378, 1.3433626890182495
19, 3.2255215644836426, 2.880223035812378, 1.3433626890182495
20, 3.267948627471924, 2.880223035812378, 1.0969891548156738
21, 3.267948627471924, 2.880223035812378, 1.0969891548156738
22, 3.181504726409912, 2.880223035812378, 0.8624098300933838
23, 3.181504726409912, 2.880223035812378, 0.8624098300933838
24, 2.9893524646759033, 2.880223035812378, 0.7024800777435303
25, 2.9893524646759033, 2.880223035812378, 0.7024800777435303
26, 2.9029085636138916, 2.880223035812378, 0.46790072321891785
27, 2.9029085636138916, 2.880223035812378, 0.46790072321891785
28, 2.710756301879883, 2.880223035812378, 0.30797094106674194
29, 3.8796141147613525, 2.0644748210906982, 3.3650612831115723
