1, 6.141319274902344, 2.8239920139312744, 0.11606503278017044
2, 6.141319274902344, 2.8239920139312744, 0.11606503278017044
3, 6.141319274902344, 2.8239920139312744, 0.11606503278017044
4, 6.141319274902344, 2.8239920139312744, 0.11606503278017044
5, 6.141319274902344, 2.8239920139312744, 0.11606503278017044
6, 6.141319274902344, 2.8239920139312744, 0.11606503278017044
7, 6.141319274902344, 2.8239920139312744, 0.11606503278017044
8, 6.141319274902344, 2.8239920139312744, 0.11606503278017044
9, 6.141319274902344, 2.8239920139312744, 0.11606503278017044
10, 6.141319274902344, 2.8239920139312744, 0.11606503278017044
11, 6.141319274902344, 2.8239920139312744, 0.11606503278017044
12, 6.141319274902344, 2.8239920139312744, 0.11606503278017044
13, 6.141319274902344, 2.8239920139312744, 0.11606503278017044
14, 6.141319274902344, 2.8239920139312744, 0.11606503278017044
15, 6.141319274902344, 2.8239920139312744, 0.11606503278017044
16, 6.141319274902344, 2.8239920139312744, 0.11606503278017044
17, 6.141319274902344, 2.8239920139312744, 0.11606503278017044
18, 6.141319274902344, 2.8239920139312744, 0.11606503278017044
19, 5.895850658416748, 2.8239920139312744, 0.06868074089288712
20, 5.650382041931152, 2.8239920139312744, 0.02129644900560379
21, 5.650382041931152, 2.8239920139312744, 0.02129644900560379
22, 5.461492538452148, 2.8239920139312744, -0.1424737274646759
23, 5.461492538452148, 2.8239920139312744, -0.1424737274646759
24, 5.379794120788574, 2.8239920139312744, -0.37874773144721985
25, 5.298095703125, 2.8239920139312744, -0.6150217056274414
26, 5.298095703125, 2.8239920139312744, -0.6150217056274414
27, 5.109206199645996, 2.8239920139312744, -0.7787919044494629
28, 4.920316696166992, 2.8239920139312744, -0.9425621032714844
29, 4.920316696166992, 2.8239920139312744, -0.9425621032714844
30, 4.6748480796813965, 2.8239920139312744, -0.9899463653564453
31, 4.6748480796813965, 2.8239920139312744, -0.9899463653564453
32, 4.438574314117432, 2.8239920139312744, -0.9082481861114502
33, 4.438574314117432, 2.8239920139312744, -0.9082481861114502
34, 4.438574314117432, 2.8239920139312744, -0.9082481861114502
35, 4.202300548553467, 2.8239920139312744, -0.8265500068664551
36, 4.202300548553467, 2.8239920139312744, -0.8265500068664551
37, 3.95683217048645, 2.8239920139312744, -0.873934268951416
38, 3.7113637924194336, 2.8239920139312744, -0.921318531036377
39, 3.465895414352417, 2.8239920139312744, -0.9687027931213379
40, 3.465895414352417, 2.8239920139312744, -0.9687027931213379
41, 3.229621410369873, 2.8239920139312744, -0.8870044946670532
42, 2.993347406387329, 2.8239920139312744, -0.8053061962127686
43, 2.757073402404785, 2.8239920139312744, -0.7236078977584839
44, 2.757073402404785, 2.8239920139312744, -0.7236078977584839
45, 2.5933032035827637, 2.8239920139312744, -0.5347181558609009
46, 2.5933032035827637, 2.8239920139312744, -0.5347181558609009
47, 2.5459189414978027, 2.8239920139312744, -0.2892497181892395
48, 2.5459189414978027, 2.8239920139312744, -0.2892497181892395
49, 2.3821487426757812, 2.8239920139312744, -0.1003599464893341
50, 2.2183785438537598, 2.8239920139312744, 0.08852982521057129
51, 2.0546083450317383, 2.8239920139312744, 0.2774195969104767
52, 2.0546083450317383, 2.8239920139312744, 0.2774195969104767
53, 2.0546083450317383, 2.8239920139312744, 0.2774195969104767
54, 2.0546083450317383, 2.8239920139312744, 0.2774195969104767
55, 2.0546083450317383, 2.8239920139312744, 0.2774195969104767
56, 2.0546083450317383, 2.8239920139312744, 0.2774195969104767
57, 2.2908823490142822, 2.8239920139312744, 0.19572137296199799
58, 2.2908823490142822, 2.8239920139312744, 0.19572137296199799
59, 2.4546525478363037, 2.8239920139312744, 0.006831645965576172
60, 2.4546525478363037, 2.8239920139312744, 0.006831645965576172
61, 2.5020368099212646, 2.8239920139312744, -0.23863674700260162
62, 2.5494210720062256, 2.8239920139312744, -0.4841051399707794
63, 2.5494210720062256, 2.8239920139312744, -0.4841051399707794
64, 2.713191270828247, 2.8239920139312744, -0.67299485206604
65, 2.8769614696502686, 2.8239920139312744, -0.861884593963623
66, 2.8769614696502686, 2.8239920139312744, -0.861884593963623
67, 4.1768269538879395, -2.576007843017578, 0.8030505180358887
