1, -8.6357421875, 0.01920294761657715, 3.9878551959991455
2, -8.6357421875, 0.01920294761657715, 3.9878551959991455
3, -8.6357421875, 0.01920294761657715, 3.9878551959991455
4, -8.6357421875, 0.01920294761657715, 3.9878551959991455
5, -8.6357421875, 0.01920294761657715, 3.9878551959991455
6, -8.6357421875, 0.01920294761657715, 3.9878551959991455
7, -8.6357421875, 0.01920294761657715, 3.9878551959991455
8, -8.6357421875, 0.01920294761657715, 3.9878551959991455
9, -8.6357421875, 0.01920294761657715, 3.9878551959991455
10, -8.6357421875, 0.01920294761657715, 3.9878551959991455
11, -8.6357421875, 0.01920294761657715, 3.9878551959991455
12, -8.6357421875, 0.01920294761657715, 3.9878551959991455
13, -8.6357421875, 0.01920294761657715, 3.9878551959991455
14, -8.6357421875, 0.01920294761657715, 3.9878551959991455
15, -8.6357421875, 0.01920294761657715, 3.9878551959991455
16, -8.874505043029785, 0.01920294761657715, 3.9137442111968994
17, -8.874505043029785, 0.01920294761657715, 3.9137442111968994
18, -9.04422378540039, 0.01920294761657715, 3.7301809787750244
19, -9.213942527770996, 0.01920294761657715, 3.5466177463531494
20, -9.213942527770996, 0.01920294761657715, 3.5466177463531494
21, -9.234984397888184, 0.01920294761657715, 3.453672409057617
22, -9.234984397888184, 0.01920294761657715, 3.453671932220459
23, -9.234984397888184, 0.01920294761657715, 3.453671932220459
24, -9.234984397888184, 0.01920294761657715, 3.453671932220459
25, -9.404703140258789, 0.01920294761657715, 3.270108699798584
26, -9.404703140258789, 0.01920294761657715, 3.270108699798584
27, -9.4599027633667, 0.01920294761657715, 3.0262787342071533
28, -9.4599027633667, 0.01920294761657715, 3.0262787342071533
29, -9.385791778564453, 0.01920294761657715, 2.7875161170959473
30, -9.385791778564453, 0.01920294761657715, 2.7875161170959473
31, -9.202228546142578, 0.01920294761657715, 2.6177971363067627
32, -9.018665313720703, 0.01920294761657715, 2.448078155517578
33, -8.835102081298828, 0.01920294761657715, 2.2783591747283936
34, -8.651538848876953, 0.01920294761657715, 2.108640193939209
35, -8.467975616455078, 0.01920294761657715, 1.9389212131500244
36, -8.467975616455078, 0.01920294761657715, 1.9389212131500244
37, -8.393864631652832, 0.01920294761657715, 1.7001585960388184
38, -8.393864631652832, 0.01920294761657715, 1.7001585960388184
39, -8.393864631652832, 0.01920294761657715, 1.7001585960388184
40, -8.393864631652832, 0.01920294761657715, 1.7001585960388184
41, -8.393864631652832, 0.01920294761657715, 1.7001585960388184
42, -8.393864631652832, 0.01920294761657715, 1.7001585960388184
43, -8.393864631652832, 0.01920294761657715, 1.7001585960388184
44, -8.393864631652832, 0.01920294761657715, 1.7001585960388184
45, -8.393864631652832, 0.01920294761657715, 1.7001585960388184
46, -8.15003490447998, 0.01920294761657715, 1.6449592113494873
47, -7.906205177307129, 0.01920294761657715, 1.5897598266601562
48, -7.906205177307129, 0.01920294761657715, 1.5897598266601562
49, -7.906205177307129, 0.01920294761657715, 1.5897598266601562
50, -7.662375450134277, 0.01920294761657715, 1.5345604419708252
51, -7.418545722961426, 0.01920294761657715, 1.4793610572814941
52, -7.174715995788574, 0.01920294761657715, 1.424161672592163
53, -7.174715995788574, 0.01920294761657715, 1.424161672592163
54, -6.935953617095947, 0.01920294761657715, 1.4982726573944092
55, -6.69719123840332, 0.01920294761657715, 1.5723836421966553
56, -6.458428859710693, 0.01920294761657715, 1.6464946269989014
57, -6.219666481018066, 0.01920294761657715, 1.7206056118011475
58, -6.219666481018066, 0.01920294761657715, 1.7206056118011475
59, -6.219666481018066, 0.01920294761657715, 1.7206056118011475
60, -5.9809041023254395, 0.01920294761657715, 1.7947165966033936
61, -5.7421417236328125, 0.01920294761657715, 1.8688275814056396
62, -5.5033793449401855, 0.01920294761657715, 1.9429385662078857
63, -5.264616966247559, 0.01920294761657715, 2.017049551010132
64, -5.264616966247559, 0.01920294761657715, 2.017049551010132
65, -5.020787239074707, 0.01920294761657715, 1.9618501663208008
66, -4.7769575119018555, 0.01920294761657715, 1.9066507816314697
67, -4.533127784729004, 0.01920294761657715, 1.8514513969421387
68, -4.289298057556152, 0.01920294761657715, 1.7962520122528076
69, -4.045468330383301, 0.01920294761657715, 1.7410526275634766
70, -3.80163836479187, 0.01920294761657715, 1.6858532428741455
71, -3.5578083992004395, 0.01920294761657715, 1.6306538581848145
72, -3.5578083992004395, 0.01920294761657715, 1.6306538581848145
73, -3.3190457820892334, 0.01920294761657715, 1.7047648429870605
74, -3.0802831649780273, 0.01920294761657715, 1.7788758277893066
75, -2.8415205478668213, 0.01920294761657715, 1.8529868125915527
76, -2.8415205478668213, 0.01920294761657715, 1.8529868125915527
77, -2.8415205478668213, 0.01920294761657715, 1.8529868125915527
78, -2.8415205478668213, 0.01920294761657715, 1.8529868125915527
79, -2.8415205478668213, 0.01920294761657715, 1.8529868125915527
80, -2.8415205478668213, 0.01920294761657715, 1.8529868125915527
81, -3.085350513458252, 0.01920294761657715, 1.9081861972808838
82, -3.085350513458252, 0.01920294761657715, 1.9081861972808838
83, -3.324113130569458, 0.01920294761657715, 1.8340752124786377
84, -3.562875747680664, 0.01920294761657715, 1.7599642276763916
85, -3.562875747680664, 0.01920294761657715, 1.7599642276763916
86, -3.7325947284698486, 0.01920294761657715, 1.5764009952545166
87, -3.902313709259033, 0.01920294761657715, 1.3928377628326416
88, -4.072032928466797, 0.01920294761657715, 1.2092745304107666
89, -4.072032928466797, 0.01920294761657715, 1.2092745304107666
90, -4.310795307159424, 0.01920294761657715, 1.1351635456085205
91, -4.310795307159424, 0.01920294761657715, 1.1351635456085205
92, -4.310795307159424, 0.01920294761657715, 1.1351635456085205
93, -4.310795307159424, 0.01920294761657715, 1.1351635456085205
94, -4.310795307159424, 0.01920294761657715, 1.1351635456085205
95, -4.310795307159424, 0.01920294761657715, 1.1351635456085205
96, -4.310795307159424, 0.01920294761657715, 1.1351635456085205
97, -4.072032928466797, 0.01920294761657715, 1.2092745304107666
98, -3.833270311355591, 0.01920294761657715, 1.2833855152130127
99, -3.833270311355591, 0.01920294761657715, 1.2833855152130127
100, -3.833270311355591, 0.01920294761657715, 1.2833855152130127
101, -3.5945076942443848, 0.01920294761657715, 1.3574965000152588
102, -3.5945076942443848, 0.01920294761657715, 1.3574965000152588
103, -3.350677728652954, 0.01920294761657715, 1.3022971153259277
104, -3.1068477630615234, 0.01920294761657715, 1.2470977306365967
105, -2.8630177974700928, 0.01920294761657715, 1.1918983459472656
106, -2.619187831878662, 0.01920294761657715, 1.1366989612579346
107, -2.619187831878662, 0.01920294761657715, 1.1366989612579346
108, -2.435624599456787, 0.01920294761657715, 0.96697998046875
109, -2.252061367034912, 0.01920294761657715, 0.7972609996795654
110, -2.252061367034912, 0.01920294761657715, 0.7972609996795654
111, -2.177950382232666, 0.01920294761657715, 0.5584983825683594
112, -2.10383939743042, 0.01920294761657715, 0.3197357952594757
113, -2.10383939743042, 0.01920294761657715, 0.3197357952594757
114, -2.159038782119751, 0.01920294761657715, 0.07590587437152863
115, -2.159038782119751, 0.01920294761657715, 0.07590587437152863
116, -2.159038782119751, 0.01920294761657715, 0.07590587437152863
117, -2.159038782119751, 0.01920294761657715, 0.07590587437152863
118, -1.9152088165283203, 0.01920294761657715, 0.02070651948451996
119, -1.9152088165283203, 0.01920294761657715, 0.02070651948451996
120, -1.6764461994171143, 0.01920294761657715, 0.09481744468212128
121, -1.6764461994171143, 0.01920294761657715, 0.09481744468212128
122, -1.4326162338256836, 0.01920294761657715, 0.03961808979511261
123, -1.188786268234253, 0.01920294761657715, -0.015581265091896057
124, -1.188786268234253, 0.01920294761657715, -0.015581265091896057
125, -1.188786268234253, 0.01920294761657715, -0.015581265091896057
126, -1.117493987083435, 0.01920294761657715, -0.24526295065879822
127, -1.117493987083435, 0.01920294761657715, -0.24526295065879822
128, -1.117493987083435, 0.01920294761657715, -0.24526295065879822
129, -0.9339307546615601, 0.01920294761657715, -0.4149819612503052
130, -0.9339307546615601, 0.01920294761657715, -0.4149819612503052
131, -0.8598198294639587, 0.01920294761657715, -0.6537445783615112
132, -0.7857089042663574, 0.01920294761657715, -0.8925071954727173
133, -0.7115979790687561, 0.01920294761657715, -1.1312698125839233
134, -0.6374870538711548, 0.01920294761657715, -1.3700324296951294
135, -0.6374870538711548, 0.01920294761657715, -1.3700324296951294
136, -0.6374870538711548, 0.01920294761657715, -1.3700324296951294
137, -0.6374870538711548, 0.01920294761657715, -1.3700324296951294
138, -0.6374870538711548, 0.01920294761657715, -1.3700324296951294
139, -0.6374870538711548, 0.01920294761657715, -1.3700324296951294
140, -0.6374870538711548, 0.01920294761657715, -1.3700324296951294
141, -0.7115979790687561, 0.01920294761657715, -1.1312698125839233
142, -0.7857089042663574, 0.01920294761657715, -0.8925071954727173
143, -0.7857089042663574, 0.01920294761657715, -0.8925071954727173
144, -0.7857089042663574, 0.01920294761657715, -0.8925071954727173
145, -0.7857089042663574, 0.01920294761657715, -0.8925071954727173
146, -0.7857089042663574, 0.01920294761657715, -0.8925071954727173
147, -0.7857089042663574, 0.01920294761657715, -0.8925071954727173
148, -0.7857089042663574, 0.01920294761657715, -0.8925071954727173
149, -0.7115979790687561, 0.01920294761657715, -1.1312698125839233
150, -0.6374870538711548, 0.01920294761657715, -1.3700324296951294
151, -0.5633761286735535, 0.01920294761657715, -1.6087950468063354
152, -0.5633761286735535, 0.01920294761657715, -1.6087950468063354
153, -0.5633761286735535, 0.01920294761657715, -1.6087950468063354
154, -0.5633761286735535, 0.01920294761657715, -1.6087950468063354
155, -0.5633761286735535, 0.01920294761657715, -1.6087950468063354
156, -0.5633761286735535, 0.01920294761657715, -1.6087950468063354
157, -0.5633761286735535, 0.01920294761657715, -1.6087950468063354
158, -0.5633761286735535, 0.01920294761657715, -1.6087950468063354
159, -0.5633761286735535, 0.01920294761657715, -1.6087950468063354
160, -0.6374870538711548, 0.01920294761657715, -1.3700324296951294
161, -0.7115979790687561, 0.01920294761657715, -1.1312698125839233
162, -0.7857089042663574, 0.01920294761657715, -0.8925071954727173
163, -0.8598198294639587, 0.01920294761657715, -0.6537445783615112
164, -0.9339307546615601, 0.01920294761657715, -0.41498199105262756
165, -1.0080416202545166, 0.01920294761657715, -0.1762194037437439
166, -1.0080416202545166, 0.01920294761657715, -0.1762194037437439
167, -1.1916048526763916, 0.01920294761657715, -0.0065003931522369385
168, -1.3751680850982666, 0.01920294761657715, 0.16321861743927002
169, -1.5587313175201416, 0.01920294761657715, 0.332937628030777
170, -1.7422945499420166, 0.01920294761657715, 0.5026566386222839
171, -1.9258577823638916, 0.01920294761657715, 0.6723756790161133
172, -2.1094210147857666, 0.01920294761657715, 0.8420946598052979
173, -2.2929842472076416, 0.01920294761657715, 1.0118136405944824
174, -2.4765474796295166, 0.01920294761657715, 1.181532621383667
175, -2.6601107120513916, 0.01920294761657715, 1.3512516021728516
176, -2.8436739444732666, 0.01920294761657715, 1.5209705829620361
177, -3.0272371768951416, 0.01920294761657715, 1.6906895637512207
178, -3.0272371768951416, 0.01920294761657715, 1.6906895637512207
179, -3.2710671424865723, 0.01920294761657715, 1.7458889484405518
180, -3.2710671424865723, 0.01920294761657715, 1.7458889484405518
181, -3.2710671424865723, 0.01920294761657715, 1.7458889484405518
182, -3.2710671424865723, 0.01920294761657715, 1.7458889484405518
183, -3.2710671424865723, 0.01920294761657715, 1.7458889484405518
184, -3.2710671424865723, 0.01920294761657715, 1.7458889484405518
185, -3.2710671424865723, 0.01920294761657715, 1.7458889484405518
186, -3.0272371768951416, 0.01920294761657715, 1.6906895637512207
187, -2.783407211303711, 0.01920294761657715, 1.6354901790618896
188, -2.783407211303711, 0.01920294761657715, 1.6354901790618896
189, -2.599843978881836, 0.01920294761657715, 1.465771198272705
190, -2.416280746459961, 0.01920294761657715, 1.2960522174835205
191, -2.232717514038086, 0.01920294761657715, 1.126333236694336
192, -2.049154281616211, 0.01920294761657715, 0.9566142559051514
193, -1.865591049194336, 0.01920294761657715, 0.7868952751159668
194, -1.682027816772461, 0.01920294761657715, 0.6171762943267822
195, -1.498464584350586, 0.01920294761657715, 0.44745728373527527
196, -1.314901351928711, 0.01920294761657715, 0.2777382731437683
197, -1.131338119506836, 0.01920294761657715, 0.10801926255226135
198, -1.131338119506836, 0.01920294761657715, 0.10801926255226135
199, -1.0572271347045898, 0.01920294761657715, -0.13074332475662231
200, -0.9831162095069885, 0.01920294761657715, -0.369505912065506
201, -0.9090052843093872, 0.01920294761657715, -0.6082684993743896
202, -0.8348943591117859, 0.01920294761657715, -0.8470311164855957
203, -0.7607834339141846, 0.01920294761657715, -1.0857937335968018
204, -0.6866725087165833, 0.01920294761657715, -1.3245563507080078
205, -0.6125615835189819, 0.01920294761657715, -1.5633189678192139
206, -0.6125615835189819, 0.01920294761657715, -1.5633189678192139
207, -0.6125615835189819, 0.01920294761657715, -1.5633189678192139
208, -0.6125615835189819, 0.01920294761657715, -1.5633189678192139
209, -0.6125615835189819, 0.01920294761657715, -1.5633189678192139
210, -0.40112408995628357, 0.01920294761657715, -1.6111851930618286
211, -0.40112408995628357, 0.01920294761657715, -1.6111851930618286
212, -0.40112408995628357, 0.01920294761657715, -1.6111851930618286
213, -0.40112408995628357, 0.01920294761657715, -1.6111851930618286
214, -0.40112408995628357, 0.01920294761657715, -1.6111851930618286
215, -0.40112408995628357, 0.01920294761657715, -1.6111851930618286
216, -0.40112408995628357, 0.01920294761657715, -1.6111851930618286
217, -0.40112408995628357, 0.01920294761657715, -1.6111851930618286
218, -4.410593032836914, 0.01920294761657715, -0.8022886514663696
