1, -3.897001266479492, 0.16337794065475464, -4.5228800773620605
2, -3.897001266479492, 0.16337794065475464, -4.5228800773620605
3, -3.897001266479492, 0.16337794065475464, -4.5228800773620605
4, -3.897001266479492, 0.16337794065475464, -4.5228800773620605
5, -3.897001266479492, 0.16337794065475464, -4.5228800773620605
6, -3.897001266479492, 0.16337794065475464, -4.5228800773620605
7, -3.897001266479492, 0.16337794065475464, -4.5228800773620605
8, -3.897001266479492, 0.16337794065475464, -4.5228800773620605
9, -3.897001266479492, 0.16337794065475464, -4.5228800773620605
10, -3.897001266479492, 0.16337794065475464, -4.5228800773620605
11, -3.897001266479492, 0.16337794065475464, -4.5228800773620605
12, -3.897001266479492, 0.16337794065475464, -4.5228800773620605
13, -3.897001266479492, 0.16337794065475464, -4.5228800773620605
14, -3.897001266479492, 0.16337794065475464, -4.5228800773620605
15, -3.897001266479492, 0.16337794065475464, -4.5228800773620605
16, -3.897001266479492, 0.16337794065475464, -4.5228800773620605
17, -3.897001266479492, 0.16337794065475464, -4.5228800773620605
18, -3.897001266479492, 0.16337794065475464, -4.5228800773620605
19, -3.897001266479492, 0.16337794065475464, -4.5228800773620605
20, -3.897001266479492, 0.16337794065475464, -4.5228800773620605
21, -3.810774087905884, 0.16337794065475464, -4.2882208824157715
22, -3.810774087905884, 0.16337794065475464, -4.2882208824157715
23, -3.810774087905884, 0.16337794065475464, -4.2882208824157715
24, -3.810774087905884, 0.16337794065475464, -4.2882208824157715
25, -3.810774087905884, 0.16337794065475464, -4.2882208824157715
26, -3.810774087905884, 0.16337794065475464, -4.2882208824157715
27, -3.810774087905884, 0.16337794065475464, -4.2882208824157715
28, -3.810774087905884, 0.16337794065475464, -4.2882208824157715
29, -3.810774087905884, 0.16337794065475464, -4.2882208824157715
30, -3.810774087905884, 0.16337794065475464, -4.2882208824157715
31, -3.810774087905884, 0.16337794065475464, -4.2882208824157715
32, -3.810774087905884, 0.16337794065475464, -4.2882208824157715
33, -3.9857518672943115, 0.16337794065475464, -4.43412971496582
34, -3.9857518672943115, 0.16337794065475464, -4.43412971496582
35, -3.9857521057128906, 0.16337794065475464, -4.43412971496582
36, -3.9857521057128906, 0.16337794065475464, -4.43412971496582
37, -3.9857521057128906, 0.16337794065475464, -4.43412971496582
38, -3.9857521057128906, 0.16337794065475464, -4.43412971496582
39, -3.9857521057128906, 0.16337794065475464, -4.43412971496582
40, -3.8995249271392822, 0.16337794065475464, -4.199470520019531
41, -3.813297748565674, 0.16337794065475464, -3.9648115634918213
42, -3.813297748565674, 0.16337794065475464, -3.9648115634918213
43, -3.855952262878418, 0.16337794065475464, -3.718477249145508
44, -3.898606777191162, 0.16337794065475464, -3.4721429347991943
45, -3.9412612915039062, 0.16337794065475464, -3.225808620452881
46, -3.9412612915039062, 0.16337794065475464, -3.225808620452881
47, -3.855034112930298, 0.16337794065475464, -2.991149663925171
48, -3.855034112930298, 0.16337794065475464, -2.991149663925171
49, -3.855034112930298, 0.16337794065475464, -2.991149663925171
50, -4.015141010284424, 0.16337794065475464, -2.799145221710205
51, -4.015141010284424, 0.16337794065475464, -2.799145221710205
52, -4.249800205230713, 0.16337794065475464, -2.7129180431365967
53, -4.249800205230713, 0.16337794065475464, -2.7129180431365967
54, -4.4961347579956055, 0.16337794065475464, -2.755572557449341
55, -4.742469310760498, 0.16337794065475464, -2.798227071762085
56, -4.988803863525391, 0.16337794065475464, -2.840881586074829
57, -5.235138416290283, 0.16337794065475464, -2.8835361003875732
58, -5.481472969055176, 0.16337794065475464, -2.9261906147003174
59, -5.727807521820068, 0.16337794065475464, -2.9688451290130615
60, -5.974142074584961, 0.16337794065475464, -3.0114996433258057
61, -5.974142074584961, 0.16337794065475464, -3.0114996433258057
62, -6.166146755218506, 0.16337794065475464, -3.1716067790985107
63, -6.166146755218506, 0.16337794065475464, -3.1716067790985107
64, -6.166146755218506, 0.16337794065475464, -3.1716067790985107
65, -6.166146755218506, 0.16337794065475464, -3.1716067790985107
66, -6.166146755218506, 0.16337794065475464, -3.1716067790985107
67, -6.166146755218506, 0.16337794065475464, -3.1716067790985107
68, -6.166146755218506, 0.16337794065475464, -3.1716067790985107
69, -6.166146755218506, 0.16337794065475464, -3.1716067790985107
70, -5.9198126792907715, 0.16337794065475464, -3.1289522647857666
71, -5.673478603363037, 0.16337794065475464, -3.0862977504730225
72, -5.427144527435303, 0.16337794065475464, -3.0436432361602783
73, -5.180810451507568, 0.16337794065475464, -3.000988721847534
74, -4.934476375579834, 0.16337794065475464, -2.95833420753479
75, -4.6881422996521, 0.16337794065475464, -2.915679693222046
76, -4.441808223724365, 0.16337794065475464, -2.8730251789093018
77, -4.195474147796631, 0.16337794065475464, -2.8303706645965576
78, -3.9491398334503174, 0.16337794065475464, -2.7877161502838135
79, -3.702805519104004, 0.16337794065475464, -2.7450616359710693
80, -3.4564712047576904, 0.16337794065475464, -2.702407121658325
81, -3.4564712047576904, 0.16337794065475464, -2.702407121658325
82, -3.2218122482299805, 0.16337794065475464, -2.7886343002319336
83, -2.9871532917022705, 0.16337794065475464, -2.874861478805542
84, -2.7524943351745605, 0.16337794065475464, -2.9610886573791504
85, -2.7524943351745605, 0.16337794065475464, -2.9610886573791504
86, -2.506160020828247, 0.16337794065475464, -2.9184341430664062
87, -2.2598257064819336, 0.16337794065475464, -2.875779628753662
88, -2.01349139213562, 0.16337794065475464, -2.833125114440918
89, -1.7671570777893066, 0.16337794065475464, -2.790470600128174
90, -1.5208227634429932, 0.16337794065475464, -2.7478160858154297
91, 0.14692431688308716, 0.16337794065475464, -6.15545654296875
