1, 0.8559026718139648, -0.005079984664916992, -4.994657039642334
2, 0.8559026718139648, -0.005079984664916992, -4.994657039642334
3, 0.8559026718139648, -0.005079984664916992, -4.994657039642334
4, 0.8559026718139648, -0.005079984664916992, -4.994657039642334
5, 0.8559026718139648, -0.005079984664916992, -4.994657039642334
6, 0.8559026718139648, -0.005079984664916992, -4.994657039642334
7, 0.8559026718139648, -0.005079984664916992, -4.994657039642334
8, 0.8559026718139648, -0.005079984664916992, -4.994657039642334
9, 0.8559026718139648, -0.005079984664916992, -4.994657039642334
10, 0.8559026718139648, -0.005079984664916992, -4.994657039642334
11, 0.8559026718139648, -0.005079984664916992, -4.994657039642334
12, 0.8559026718139648, -0.005079984664916992, -4.994657039642334
13, 0.8559026718139648, -0.005079984664916992, -4.994657039642334
14, 0.8559026718139648, -0.005079984664916992, -4.994657039642334
15, 0.8559026718139648, -0.005079984664916992, -4.994657039642334
16, 0.8559026718139648, -0.005079984664916992, -4.994657039642334
17, 0.8559026718139648, -0.005079984664916992, -4.994657039642334
18, 0.6195284128189087, 0.02113649621605873, -5.076064586639404
19, 0.38315415382385254, -0.005079984664916992, -5.157472133636475
20, 0.1467798948287964, -0.005079984664916992, -5.238879680633545
21, -0.08959436416625977, -0.005079984664916992, -5.320287227630615
22, -0.3259686231613159, -0.005079984664916992, -5.4016947746276855
23, -0.5623428821563721, -0.005079984664916992, -5.483102321624756
24, -0.7987171411514282, -0.005079984664916992, -5.564509868621826
25, -1.0350914001464844, -0.005079984664916992, -5.6459174156188965
26, -1.2714656591415405, -0.005079984664916992, -5.727324962615967
27, -1.2714656591415405, -0.005079984664916992, -5.727324962615967
28, -1.5168756246566772, -0.005079984664916992, -5.679638862609863
29, -1.762285590171814, -0.005079984664916992, -5.631953239440918
30, -1.762285590171814, -0.005079984664916992, -5.631953239440918
31, -1.762285590171814, -0.005079984664916992, -5.631953239440918
32, -1.762285590171814, -0.005079984664916992, -5.631953239440918
33, -1.762285590171814, -0.005079984664916992, -5.631953239440918
34, -1.762285590171814, -0.005079984664916992, -5.631953239440918
35, -1.5259113311767578, -0.005079984664916992, -5.5505452156066895
36, -1.5259113311767578, -0.005079984664916992, -5.5505452156066895
37, -1.280501365661621, -0.005079984664916992, -5.598231315612793
38, -1.0350914001464844, -0.005079984664916992, -5.6459174156188965
39, -0.7896814346313477, -0.005079984664916992, -5.693603515625
40, -0.5442714691162109, -0.005079984664916992, -5.7412896156311035
41, -0.5442714691162109, -0.005079984664916992, -5.7412896156311035
42, -0.355583131313324, -0.005079984664916992, -5.905291557312012
43, -0.166894793510437, -0.005079984664916992, -6.069293975830078
44, 0.02179354429244995, -0.005079984664916992, -6.2332963943481445
45, 0.21048188209533691, -0.005079984664916992, -6.397298812866211
46, 0.3991702198982239, -0.005079984664916992, -6.561301231384277
47, 0.5878585577011108, -0.005079984664916992, -6.725303649902344
48, 0.5878585577011108, -0.005079984664916992, -6.725303649902344
49, 0.5878585577011108, -0.005079984664916992, -6.725303649902344
50, 0.7765468955039978, -0.005079984664916992, -6.88930606842041
51, 0.7765468955039978, -0.005079984664916992, -6.88930606842041
52, 1.0219569206237793, -0.005079984664916992, -6.9369916915893555
53, 1.267366886138916, -0.005079984664916992, -6.984677314758301
54, 1.3733412027359009, -0.005079984664916992, -7.0052690505981445
55, 1.3733412027359009, -0.005079984664916992, -7.0052690505981445
56, 1.3733413219451904, -0.005079984664916992, -7.0052690505981445
57, 1.3733413219451904, -0.005079984664916992, -7.0052690505981445
58, 1.3733415603637695, -0.005079984664916992, -7.0052690505981445
59, 1.3733415603637695, -0.005079984664916992, -7.0052690505981445
60, 1.6097158193588257, -0.005079984664916992, -6.923861026763916
61, 1.6097158193588257, -0.005079984664916992, -6.923861026763916
62, 1.6097158193588257, -0.005079984664916992, -6.923861026763916
63, 1.7984042167663574, -0.005079984664916992, -7.087862968444824
64, 1.7984042167663574, -0.005079984664916992, -7.087862968444824
65, 1.7984042167663574, -0.005079984664916992, -7.087862968444824
66, 1.750718355178833, -0.005079984664916992, -7.333272933959961
67, 1.7030324935913086, -0.005079984664916992, -7.578682899475098
68, 1.6553466320037842, 0.04201516509056091, -7.824092864990234
69, 1.6076607704162598, 0.0848519504070282, -8.069502830505371
70, 1.5599749088287354, 0.11532346904277802, -8.314912796020508
71, 1.512289047241211, 0.10528434067964554, -8.560322761535645
72, 1.4646031856536865, 0.07608025521039963, -8.805732727050781
73, 1.416917324066162, 0.09994341433048248, -9.051142692565918
74, 1.3692314624786377, 0.12630659341812134, -9.296552658081055
75, 1.3215456008911133, 0.1526697725057602, -9.541962623596191
76, 1.2738597393035889, 0.17903295159339905, -9.787372589111328
77, 1.2261738777160645, 0.19491982460021973, -10.032782554626465
78, 1.17848801612854, 0.19491982460021973, -10.278192520141602
79, 1.17848801612854, 0.19491982460021973, -10.278192520141602
80, 1.0144858360290527, 0.19491982460021973, -10.466880798339844
81, 1.0144858360290527, 0.19491982460021973, -10.466880798339844
82, 1.0144858360290527, 0.19491982460021973, -10.466880798339844
83, 1.0144858360290527, 0.19491982460021973, -10.466880798339844
84, 1.0144858360290527, 0.19491982460021973, -10.466880798339844
85, 1.0144858360290527, 0.19491982460021973, -10.466880798339844
86, 1.0144858360290527, 0.19491982460021973, -10.466880798339844
87, 1.0144858360290527, 0.19491982460021973, -10.466880798339844
88, 1.0144858360290527, 0.19491982460021973, -10.466880798339844
89, 1.0958936214447021, 0.19491982460021973, -10.703254699707031
90, 1.1773014068603516, 0.19491982460021973, -10.939628601074219
91, 1.1773014068603516, 0.19491982460021973, -10.939628601074219
92, 1.1773014068603516, 0.19491982460021973, -10.939628601074219
93, 1.0132992267608643, 0.19491982460021973, -11.128316879272461
94, 1.0132992267608643, 0.19491982460021973, -11.128316879272461
95, 0.9656133055686951, 0.19491982460021973, -11.373726844787598
96, 0.9656133055686951, 0.19491982460021973, -11.373726844787598
97, 0.9656133055686951, 0.19491982460021973, -11.373726844787598
98, 0.9656133055686951, 0.19491982460021973, -11.373726844787598
99, 0.9656133055686951, 0.19491982460021973, -11.373726844787598
100, 0.9656133055686951, 0.19491982460021973, -11.373726844787598
101, 0.9656133055686951, 0.19491982460021973, -11.373726844787598
102, 1.0132992267608643, 0.19491982460021973, -11.128316879272461
103, 1.0132992267608643, 0.19491982460021973, -11.128316879272461
104, 0.9318914413452148, 0.19491982460021973, -10.891942977905273
105, 0.8504836559295654, 0.19491982460021973, -10.655569076538086
106, 0.8504836559295654, 0.19491982460021973, -10.655569076538086
107, 0.8504836559295654, 0.19491982460021973, -10.655569076538086
108, 0.6050736904144287, 0.19491982460021973, -10.60788345336914
109, 0.3596636950969696, 0.10817494243383408, -10.560197830200195
110, 0.1142536997795105, -0.005079984664916992, -10.51251220703125
111, 0.1142536997795105, -0.005079984664916992, -10.51251220703125
112, -0.12212051451206207, -0.005079984664916992, -10.59391975402832
113, -0.12212051451206207, -0.005079984664916992, -10.59391975402832
114, -0.12212051451206207, -0.005079984664916992, -10.59391975402832
115, -0.12212051451206207, -0.005079984664916992, -10.59391975402832
116, -0.2861226797103882, -0.005079984664916992, -10.782608032226562
117, -0.2861226797103882, -0.005079984664916992, -10.782608032226562
118, -0.2861226797103882, -0.005079984664916992, -10.782608032226562
119, -0.2861226797103882, -0.005079984664916992, -10.782608032226562
120, -0.2861226797103882, -0.005079984664916992, -10.782608032226562
121, -0.2861226797103882, -0.005079984664916992, -10.782608032226562
122, -0.04974845051765442, -0.005079984664916992, -10.701200485229492
123, 0.18662577867507935, -0.005079984664916992, -10.619792938232422
124, 0.18662577867507935, -0.005079984664916992, -10.619792938232422
125, 0.43203574419021606, 0.1541077047586441, -10.667478561401367
126, 0.6774457097053528, 0.19491982460021973, -10.715164184570312
127, 0.6774457097053528, 0.19491982460021973, -10.715164184570312
128, 0.8661340475082397, 0.19491982460021973, -10.879166603088379
129, 0.8661340475082397, 0.19491982460021973, -10.879166603088379
130, 0.9475418329238892, 0.19491982460021973, -11.115540504455566
131, 1.0289496183395386, 0.19491982460021973, -11.351914405822754
132, 1.0289496183395386, 0.19491982460021973, -11.351914405822754
133, 0.9812636971473694, 0.19491982460021973, -11.59732437133789
134, 0.9812636971473694, 0.19491982460021973, -11.59732437133789
135, 1.0626715421676636, 0.19491982460021973, -11.833698272705078
136, 1.144079327583313, 0.19491982460021973, -12.070072174072266
137, 1.2254871129989624, 0.19491982460021973, -12.306446075439453
138, 1.2254871129989624, 0.19491982460021973, -12.306446075439453
139, 1.4141755104064941, 0.19491982460021973, -12.47044849395752
140, 1.4141755104064941, 0.19491982460021973, -12.47044849395752
141, 1.4141755104064941, 0.19491982460021973, -12.47044849395752
142, 1.4141755104064941, 0.19491982460021973, -12.47044849395752
143, 1.4141755104064941, 0.19491982460021973, -12.47044849395752
144, 1.4141755104064941, 0.19491982460021973, -12.47044849395752
145, 1.3868557214736938, 0.19491982460021973, -12.39112377166748
146, 1.3868554830551147, 0.19491982460021973, -12.391122817993164
147, 1.3868554830551147, 0.19491982460021973, -12.391122817993164
148, 1.198167085647583, 0.19491982460021973, -12.227120399475098
149, 1.198167085647583, 0.19491982460021973, -12.227120399475098
150, 1.1167593002319336, 0.19491982460021973, -11.99074649810791
151, 1.0353515148162842, 0.19491982460021973, -11.754372596740723
152, 0.95394366979599, 0.19491982460021973, -11.517998695373535
153, 0.95394366979599, 0.19491982460021973, -11.517998695373535
154, 1.0016294717788696, 0.19491982460021973, -11.272588729858398
155, 1.049315333366394, 0.19491982460021973, -11.027178764343262
156, 1.0970011949539185, 0.19491982460021973, -10.781768798828125
157, -2.9865028858184814, -0.005079984664916992, -8.324652671813965
