1, 2.845015287399292, 0.021223172545433044, 2.2699246406555176
2, 2.845015287399292, 0.021223172545433044, 2.2699246406555176
3, 2.845015287399292, 0.021223172545433044, 2.2699246406555176
4, 2.845015287399292, 0.021223172545433044, 2.2699246406555176
5, 2.845015287399292, 0.021223172545433044, 2.2699246406555176
6, 2.845015287399292, 0.021223172545433044, 2.2699246406555176
7, 2.845015287399292, 0.021223172545433044, 2.2699246406555176
8, 2.845015287399292, 0.021223172545433044, 2.2699246406555176
9, 2.845015287399292, 0.021223172545433044, 2.2699246406555176
10, 2.845015287399292, 0.021223172545433044, 2.2699246406555176
11, 2.845015287399292, 0.021223172545433044, 2.2699246406555176
12, 2.845015287399292, 0.021223172545433044, 2.2699246406555176
13, 2.845015287399292, 0.021223172545433044, 2.2699246406555176
14, 2.845015287399292, 0.021223172545433044, 2.2699246406555176
15, 2.845015287399292, 0.021223172545433044, 2.2699246406555176
16, 2.845015287399292, 0.021223172545433044, 2.2699246406555176
17, 3.0753653049468994, 0.021223172545433044, 2.3670785427093506
18, 3.305715322494507, 0.021223172545433044, 2.4642324447631836
19, 3.305715322494507, 0.021223172545433044, 2.4642324447631836
20, 3.553781270980835, 0.021223172545433044, 2.433195114135742
21, 3.801847219467163, 0.021223172545433044, 2.402157783508301
22, 3.949315309524536, 0.021223172545433044, 2.383707046508789
23, 3.949315309524536, 0.021223172545433044, 2.383707046508789
24, 4.1796650886535645, 0.021223172545433044, 2.480860948562622
25, 4.1796650886535645, 0.021223172545433044, 2.480860948562622
26, 4.1796650886535645, 0.021223172545433044, 2.480860948562622
27, 4.410015106201172, 0.021223172545433044, 2.578014850616455
28, 4.640365123748779, 0.021223172545433044, 2.675168752670288
29, 4.870715141296387, 0.021223172545433044, 2.772322654724121
30, 4.870715141296387, 0.021223172545433044, 2.772322654724121
31, 5.021627426147461, 0.021223172545433044, 2.971635341644287
32, 5.172539710998535, 0.021223172545433044, 3.170948028564453
33, 5.323451995849609, 0.021223172545433044, 3.370260715484619
34, 5.474364280700684, 0.021223172545433044, 3.569573402404785
35, 5.625276565551758, 0.021223172545433044, 3.768886089324951
36, 5.776188850402832, 0.021223172545433044, 3.968198776245117
37, 5.927101135253906, 0.021223172545433044, 4.167511463165283
38, 5.927101135253906, 0.021223172545433044, 4.167511463165283
39, 5.927101135253906, 0.021223172545433044, 4.167511463165283
40, 6.0780134201049805, 0.021223172545433044, 4.366824150085449
41, 6.0780134201049805, 0.021223172545433044, 4.366824150085449
42, 6.109050750732422, 0.021223172545433044, 4.614890098571777
43, 6.109050750732422, 0.021223172545433044, 4.614890098571777
44, 6.109050750732422, 0.021223172545433044, 4.614890098571777
45, 6.109050750732422, 0.021223172545433044, 4.614890098571777
46, 6.109050750732422, 0.021223172545433044, 4.614890098571777
47, 6.109050750732422, 0.021223172545433044, 4.614890098571777
48, 6.109050750732422, 0.021223172545433044, 4.614890098571777
49, 6.140088081359863, 0.021223172545433044, 4.8629560470581055
50, 6.171125411987305, 0.021223172545433044, 5.111021995544434
51, 6.202162742614746, 0.021223172545433044, 5.359087944030762
52, 6.2332000732421875, 0.021223172545433044, 5.60715389251709
53, 6.2332000732421875, 0.021223172545433044, 5.60715389251709
54, 6.2332000732421875, 0.021223172545433044, 5.60715389251709
55, 6.2332000732421875, 0.021223172545433044, 5.60715389251709
56, 6.2332000732421875, 0.021223172545433044, 5.60715389251709
57, 6.2332000732421875, 0.021223172545433044, 5.60715389251709
58, 6.2332000732421875, 0.021223172545433044, 5.60715389251709
59, 6.202162742614746, 0.021223172545433044, 5.359087944030762
60, 6.171125411987305, 0.021223172545433044, 5.111021995544434
61, 6.140088081359863, 0.021223172545433044, 4.8629560470581055
62, 6.109050750732422, 0.021223172545433044, 4.614890098571777
63, 6.0780134201049805, 0.021223172545433044, 4.366824150085449
64, 6.0780134201049805, 0.021223172545433044, 4.366824150085449
65, 5.927101135253906, 0.021223172545433044, 4.167511463165283
66, 5.776188850402832, 0.021223172545433044, 3.968198776245117
67, 5.625276565551758, 0.021223172545433044, 3.768886089324951
68, 5.474364280700684, 0.021223172545433044, 3.569573402404785
69, 5.323451995849609, 0.021223172545433044, 3.370260715484619
70, 5.172539710998535, 0.021223172545433044, 3.170948028564453
71, 5.021627426147461, 0.021223172545433044, 2.971635341644287
72, 5.021627426147461, 0.021223172545433044, 2.971635341644287
73, 4.7912774085998535, 0.021223172545433044, 2.874481678009033
74, 4.560927391052246, 0.021223172545433044, 2.7773280143737793
75, 4.330577373504639, 0.021223172545433044, 2.6801743507385254
76, 4.100227355957031, 0.021223172545433044, 2.5830206871032715
77, 3.869877338409424, 0.021223172545433044, 2.4858670234680176
78, 3.869877338409424, 0.021223172545433044, 2.4858670234680176
79, 3.6218113899230957, 0.021223172545433044, 2.516904354095459
80, 3.6218113899230957, 0.021223172545433044, 2.516904354095459
81, 3.3914613723754883, 0.021223172545433044, 2.419750690460205
82, 3.3914613723754883, 0.021223172545433044, 2.419750690460205
83, 3.240549325942993, 0.021223172545433044, 2.220438003540039
84, 3.089637279510498, 0.021223172545433044, 2.021125316619873
85, 3.089637279510498, 0.021223172545433044, 2.021125316619873
86, 3.0585999488830566, 0.021223172545433044, 1.7730594873428345
87, 3.0275626182556152, 0.021223172545433044, 1.524993658065796
88, 2.996525287628174, 0.021223172545433044, 1.2769278287887573
89, 2.996525287628174, 0.021223172545433044, 1.2769278287887573
90, 3.0936789512634277, 0.021223172545433044, 1.04657781124115
91, 3.1908326148986816, 0.021223172545433044, 0.8162277936935425
92, 3.1908326148986816, 0.021223172545433044, 0.8162277936935425
93, 3.3901453018188477, 0.021223172545433044, 0.6653156876564026
94, 3.3901453018188477, 0.021223172545433044, 0.6653156876564026
95, 3.638211250305176, 0.021223172545433044, 0.6342782974243164
96, 3.886277198791504, 0.021223172545433044, 0.6032409071922302
97, 4.134343147277832, 0.021223172545433044, 0.572203516960144
98, 4.134343147277832, 0.021223172545433044, 0.572203516960144
99, 4.134343147277832, 0.021223172545433044, 0.572203516960144
100, 4.134343147277832, 0.021223172545433044, 0.572203516960144
101, 4.134343147277832, 0.021223172545433044, 0.572203516960144
102, 4.134343147277832, 0.021223172545433044, 0.572203516960144
103, 4.134343147277832, 0.021223172545433044, 0.572203516960144
104, 4.134343147277832, 0.021223172545433044, 0.572203516960144
105, 3.9039931297302246, 0.021223172545433044, 0.47504979372024536
106, 3.9039931297302246, 0.021223172545433044, 0.47504979372024536
107, 3.6559271812438965, 0.021223172545433044, 0.5060873031616211
108, 3.4078612327575684, 0.021223172545433044, 0.537124752998352
109, 3.4078612327575684, 0.021223172545433044, 0.537124752998352
110, 3.2085485458374023, 0.021223172545433044, 0.6880369186401367
111, 3.2085485458374023, 0.021223172545433044, 0.6880369186401367
112, 3.1113948822021484, 0.021223172545433044, 0.9183870553970337
113, 3.0142412185668945, 0.021223172545433044, 1.1487371921539307
114, 2.9170875549316406, 0.021223172545433044, 1.3790873289108276
115, 2.8199338912963867, 0.021223172545433044, 1.6094374656677246
116, 2.8199338912963867, 0.021223172545433044, 1.6094374656677246
117, 2.850971221923828, 0.021223172545433044, 1.8575034141540527
118, 2.850971221923828, 0.021223172545433044, 1.8575034141540527
119, 2.753817558288574, 0.021223172545433044, 2.08785343170166
120, 2.6566638946533203, 0.021223172545433044, 2.3182034492492676
121, 2.6566638946533203, 0.021223172545433044, 2.3182034492492676
122, 2.4573512077331543, 0.021223172545433044, 2.469115734100342
123, 2.4573512077331543, 0.021223172545433044, 2.469115734100342
124, 2.209285259246826, 0.021223172545433044, 2.5001533031463623
125, 1.961219310760498, 0.021223172545433044, 2.531190872192383
126, 1.71315336227417, 0.021223172545433044, 2.5622284412384033
127, 1.4650874137878418, 0.021223172545433044, 2.593266010284424
128, 1.2170214653015137, 0.021223172545433044, 2.6243035793304443
129, 1.2170214653015137, 0.021223172545433044, 2.6243035793304443
130, 0.9866713881492615, 0.021223172545433044, 2.5271499156951904
131, 0.7563213109970093, 0.021223172545433044, 2.4299962520599365
132, 0.7563213109970093, 0.021223172545433044, 2.4299962520599365
133, 0.7563213109970093, 0.021223172545433044, 2.4299962520599365
134, 0.7563213109970093, 0.021223172545433044, 2.4299962520599365
135, 0.7563213109970093, 0.021223172545433044, 2.4299962520599365
136, 0.5259712338447571, 0.021223172545433044, 2.3328425884246826
137, 0.5259712338447571, 0.021223172545433044, 2.3328425884246826
138, 0.27790534496307373, 0.021223172545433044, 2.363880157470703
139, 0.029839441180229187, 0.021223172545433044, 2.3949177265167236
140, -0.21822646260261536, 0.021223172545433044, 2.425955295562744
141, -0.4662923812866211, 0.021223172545433044, 2.4569928646087646
142, -0.7143582701683044, 0.021223172545433044, 2.488030433654785
143, -0.9624241590499878, 0.021223172545433044, 2.5190680027008057
144, -1.210490107536316, 0.021223172545433044, 2.550105571746826
145, -1.458556056022644, 0.021223172545433044, 2.5811431407928467
146, -1.7066220045089722, 0.021223172545433044, 2.612180709838867
147, -1.9546879529953003, 0.021223172545433044, 2.6432182788848877
148, -2.202753782272339, 0.021223172545433044, 2.674255847930908
149, -2.450819730758667, 0.021223172545433044, 2.7052934169769287
150, -2.698885679244995, 0.021223172545433044, 2.736330986022949
151, -2.9469516277313232, 0.021223172545433044, 2.7673685550689697
152, -3.1950175762176514, 0.021223172545433044, 2.7984061241149902
153, -3.4430835247039795, 0.021223172545433044, 2.8294436931610107
154, -3.6911494731903076, 0.021223172545433044, 2.8604812622070312
155, -3.6911494731903076, 0.021223172545433044, 2.8604812622070312
156, -3.921499490737915, 0.021223172545433044, 2.7633275985717773
157, -3.921499490737915, 0.021223172545433044, 2.7633275985717773
158, -4.169565200805664, 0.021223172545433044, 2.794365167617798
159, -4.169565200805664, 0.021223172545433044, 2.794365167617798
160, -4.169565200805664, 0.021223172545433044, 2.794365167617798
161, -4.265825271606445, 0.021223172545433044, 3.022597074508667
162, -4.265825271606445, 0.021223172545433044, 3.022597074508667
163, -4.265825271606445, 0.021223172545433044, 3.022597074508667
164, -4.465137958526611, 0.021223172545433044, 3.173509359359741
165, -4.465137958526611, 0.021223172545433044, 3.173509359359741
166, -4.465137958526611, 0.021223172545433044, 3.173509359359741
167, -4.465137958526611, 0.021223172545433044, 3.173509359359741
168, -4.465137958526611, 0.021223172545433044, 3.173509359359741
169, -4.465137958526611, 0.021223172545433044, 3.173509359359741
170, -4.465137958526611, 0.021223172545433044, 3.173509359359741
171, -4.465137958526611, 0.021223172545433044, 3.173509359359741
172, -4.6160502433776855, 0.021223172545433044, 2.9741969108581543
173, -4.6160502433776855, 0.021223172545433044, 2.9741969108581543
174, -4.647087574005127, 0.021223172545433044, 2.726130962371826
175, -4.678124904632568, 0.021223172545433044, 2.478065013885498
176, -4.678124904632568, 0.021223172545433044, 2.478065013885498
177, -4.678124904632568, 0.021223172545433044, 2.478065013885498
178, -4.678124904632568, 0.021223172545433044, 2.478065013885498
179, -4.678124904632568, 0.021223172545433044, 2.478065013885498
180, -4.678124904632568, 0.021223172545433044, 2.478065013885498
181, -4.678124904632568, 0.021223172545433044, 2.478065013885498
182, -4.678124904632568, 0.021223172545433044, 2.478065013885498
183, -4.678124904632568, 0.021223172545433044, 2.478065013885498
184, -4.678124904632568, 0.021223172545433044, 2.478065013885498
185, -4.678124904632568, 0.021223172545433044, 2.478065013885498
186, -4.908474922180176, 0.021223172545433044, 2.380911350250244
187, -4.908474922180176, 0.021223172545433044, 2.380911350250244
188, -5.05938720703125, 0.021223172545433044, 2.181598663330078
189, -5.05938720703125, 0.021223172545433044, 2.181598663330078
190, -5.289737224578857, 0.021223172545433044, 2.084444999694824
191, -5.289737224578857, 0.021223172545433044, 2.084444999694824
192, -5.5378031730651855, 0.021223172545433044, 2.1154825687408447
193, -5.785869121551514, 0.021223172545433044, 2.1465201377868652
194, -5.785869121551514, 0.021223172545433044, 2.1465201377868652
195, -5.785869121551514, 0.021223172545433044, 2.1465201377868652
196, -5.785869121551514, 0.021223172545433044, 2.1465201377868652
197, -5.785869121551514, 0.021223172545433044, 2.1465201377868652
198, -5.785869121551514, 0.021223172545433044, 2.1465201377868652
199, -5.785869121551514, 0.021223172545433044, 2.1465201377868652
200, -5.5378031730651855, 0.021223172545433044, 2.1154825687408447
201, -5.289737224578857, 0.021223172545433044, 2.084444999694824
202, -5.289737224578857, 0.021223172545433044, 2.084444999694824
203, -5.090424537658691, 0.021223172545433044, 1.9335328340530396
204, -4.891111850738525, 0.021223172545433044, 1.7826206684112549
205, -4.891111850738525, 0.021223172545433044, 1.7826206684112549
206, -4.7939581871032715, 0.021223172545433044, 1.552270531654358
207, -4.696804523468018, 0.021223172545433044, 1.321920394897461
208, -4.696804523468018, 0.021223172545433044, 1.321920394897461
209, -4.727841854095459, 0.021223172545433044, 1.0738545656204224
210, -4.7588791847229, 0.021223172545433044, 0.8257887363433838
211, -4.789916515350342, 0.021223172545433044, 0.5777229070663452
212, -4.789916515350342, 0.021223172545433044, 0.5777229070663452
213, -4.789916515350342, 0.021223172545433044, 0.5777229070663452
214, -4.789916515350342, 0.021223172545433044, 0.5777229070663452
215, -4.789916515350342, 0.021223172545433044, 0.5777229070663452
216, -4.789916515350342, 0.021223172545433044, 0.5777229070663452
217, -4.887070178985596, 0.021223172545433044, 0.8080730438232422
218, -4.887070178985596, 0.021223172545433044, 0.8080730438232422
219, -4.856032848358154, 0.021223172545433044, 1.0561388731002808
220, -4.824995517730713, 0.021223172545433044, 1.3042047023773193
221, -4.7939581871032715, 0.021223172545433044, 1.552270531654358
222, -4.76292085647583, 0.021223172545433044, 1.8003363609313965
223, -4.731883525848389, 0.021223172545433044, 2.0484023094177246
224, -4.700846195220947, 0.021223172545433044, 2.2964682579040527
225, -4.669808864593506, 0.021223172545433044, 2.544534206390381
226, -4.6387715339660645, 0.021223172545433044, 2.792600154876709
227, -4.607734203338623, 0.021223172545433044, 3.040666103363037
228, -4.607734203338623, 0.021223172545433044, 3.040666103363037
229, -4.456821918487549, 0.021223172545433044, 3.239978790283203
230, -4.305909633636475, 0.021223172545433044, 3.439291477203369
231, -4.1549973487854, 0.021223172545433044, 3.638604164123535
232, -4.004085063934326, 0.021223172545433044, 3.837916851043701
233, -4.004085063934326, 0.021223172545433044, 3.837916851043701
234, -3.9730474948883057, 0.021223172545433044, 4.085982799530029
235, -3.942009925842285, 0.021223172545433044, 4.334048748016357
236, -3.942009925842285, 0.021223172545433044, 4.334048748016357
237, -4.039163589477539, 0.021223172545433044, 4.564398765563965
238, -4.136317253112793, 0.021223172545433044, 4.794748783111572
239, -4.233470916748047, 0.021223172545433044, 5.02509880065918
240, -4.233470916748047, 0.021223172545433044, 5.02509880065918
241, -4.2024335861206055, 0.021223172545433044, 5.273164749145508
242, -4.171396255493164, 0.021223172545433044, 5.521230697631836
243, -4.171396255493164, 0.021223172545433044, 5.521230697631836
244, -4.268549919128418, 0.021223172545433044, 5.751580715179443
245, -4.365703582763672, 0.021223172545433044, 5.981930732727051
246, -4.365703582763672, 0.021223172545433044, 5.981930732727051
247, -4.365703582763672, 0.021223172545433044, 5.981930732727051
248, -4.365703582763672, 0.021223172545433044, 5.981930732727051
249, -4.565016269683838, 0.021223172545433044, 6.132843017578125
250, -4.764328956604004, 0.021223172545433044, 6.283755302429199
251, -4.764328956604004, 0.021223172545433044, 6.283755302429199
252, -5.012394905090332, 0.021223172545433044, 6.314792633056641
253, -5.26046085357666, 0.021223172545433044, 6.345829963684082
254, -5.26046085357666, 0.021223172545433044, 6.345829963684082
255, -5.490810871124268, 0.021223172545433044, 6.248676300048828
256, -5.721160888671875, 0.021223172545433044, 6.151522636413574
257, -5.951510906219482, 0.021223172545433044, 6.05436897277832
258, -5.951510906219482, 0.021223172545433044, 6.05436897277832
259, -6.102423191070557, 0.021223172545433044, 5.855056285858154
260, -6.102423191070557, 0.021223172545433044, 5.855056285858154
261, -6.133460521697998, 0.021223172545433044, 5.606990337371826
262, -6.1644978523254395, 0.021223172545433044, 5.358924388885498
263, -6.195535182952881, 0.021223172545433044, 5.11085844039917
264, -6.226572513580322, 0.021223172545433044, 4.862792491912842
265, -6.257609844207764, 0.021223172545433044, 4.614726543426514
266, -6.257609844207764, 0.021223172545433044, 4.614726543426514
267, -6.16045618057251, 0.021223172545433044, 4.384376525878906
268, -6.16045618057251, 0.021223172545433044, 4.384376525878906
269, -6.16045618057251, 0.021223172545433044, 4.384376525878906
270, -6.16045618057251, 0.021223172545433044, 4.384376525878906
271, -6.16045618057251, 0.021223172545433044, 4.384376525878906
272, -6.16045618057251, 0.021223172545433044, 4.384376525878906
273, -6.16045618057251, 0.021223172545433044, 4.384376525878906
274, -6.16045618057251, 0.021223172545433044, 4.384376525878906
275, -6.16045618057251, 0.021223172545433044, 4.384376525878906
276, -6.16045618057251, 0.021223172545433044, 4.384376525878906
277, -6.129418849945068, 0.021223172545433044, 4.632442474365234
278, -6.129418849945068, 0.021223172545433044, 4.632442474365234
279, -6.226572513580322, 0.021223172545433044, 4.862792491912842
280, -6.226572513580322, 0.021223172545433044, 4.862792491912842
281, -6.195535182952881, 0.021223172545433044, 5.11085844039917
282, -6.1644978523254395, 0.021223172545433044, 5.358924388885498
283, -6.133460521697998, 0.021223172545433044, 5.606990337371826
284, -6.102423191070557, 0.021223172545433044, 5.855056285858154
285, -6.102423191070557, 0.021223172545433044, 5.855056285858154
286, -5.951510906219482, 0.021223172545433044, 6.05436897277832
287, -5.951510906219482, 0.021223172545433044, 6.05436897277832
288, -5.721160888671875, 0.021223172545433044, 6.151522636413574
289, -5.490810871124268, 0.021223172545433044, 6.248676300048828
290, -5.26046085357666, 0.021223172545433044, 6.345829963684082
291, -5.26046085357666, 0.021223172545433044, 6.345829963684082
292, -5.012394905090332, 0.021223172545433044, 6.314792633056641
293, -4.764328956604004, 0.021223172545433044, 6.283755302429199
294, -4.764328956604004, 0.021223172545433044, 6.283755302429199
295, -4.565016269683838, 0.021223172545433044, 6.132843017578125
296, -4.365703582763672, 0.021223172545433044, 5.981930732727051
297, -4.365703582763672, 0.021223172545433044, 5.981930732727051
298, -4.268549919128418, 0.021223172545433044, 5.751580715179443
299, -4.171396255493164, 0.021223172545433044, 5.521230697631836
300, -4.07424259185791, 0.021223172545433044, 5.2908806800842285
301, -4.07424259185791, 0.021223172545433044, 5.2908806800842285
302, -4.105279922485352, 0.021223172545433044, 5.0428147315979
303, -4.136317253112793, 0.021223172545433044, 4.794748783111572
304, -4.167354583740234, 0.021223172545433044, 4.546682834625244
305, -4.198391914367676, 0.021223172545433044, 4.298616886138916
306, -4.229429244995117, 0.021223172545433044, 4.050550937652588
307, -4.260466575622559, 0.021223172545433044, 3.8024849891662598
308, -4.260466575622559, 0.021223172545433044, 3.8024849891662598
309, -4.411378860473633, 0.021223172545433044, 3.6031723022460938
310, -4.411378860473633, 0.021223172545433044, 3.6031723022460938
311, -4.442416191101074, 0.021223172545433044, 3.3551063537597656
312, -4.473453521728516, 0.021223172545433044, 3.1070404052734375
313, -4.504490852355957, 0.021223172545433044, 2.8589744567871094
314, -4.535528182983398, 0.021223172545433044, 2.6109085083007812
315, -4.56656551361084, 0.021223172545433044, 2.362842559814453
316, -4.597602844238281, 0.021223172545433044, 2.114776611328125
317, -4.628640174865723, 0.021223172545433044, 1.8667107820510864
318, -4.659677505493164, 0.021223172545433044, 1.6186449527740479
319, -4.6907148361206055, 0.021223172545433044, 1.3705791234970093
320, -4.721752166748047, 0.021223172545433044, 1.1225132942199707
321, -4.752789497375488, 0.021223172545433044, 0.8744474649429321
322, -4.78382682800293, 0.021223172545433044, 0.6263816356658936
323, -4.814864158630371, 0.021223172545433044, 0.3783157765865326
324, -4.8459014892578125, 0.021223172545433044, 0.13024991750717163
325, -4.876938819885254, 0.021223172545433044, -0.11781594157218933
326, -4.876938819885254, 0.021223172545433044, -0.11781594157218933
327, -5.027851104736328, 0.021223172545433044, -0.3171285092830658
328, -5.178763389587402, 0.021223172545433044, -0.5164411067962646
329, -5.178763389587402, 0.021223172545433044, -0.5164411067962646
330, -5.178763389587402, 0.021223172545433044, -0.5164411067962646
331, -5.178763389587402, 0.021223172545433044, -0.5164411067962646
332, -5.178763389587402, 0.021223172545433044, -0.5164411067962646
333, -5.178763389587402, 0.021223172545433044, -0.5164411067962646
334, -5.178763389587402, 0.021223172545433044, -0.5164411067962646
335, -5.027851104736328, 0.021223172545433044, -0.3171285390853882
336, -4.876938819885254, 0.021223172545433044, -0.11781597137451172
337, -4.876938819885254, 0.021223172545433044, -0.11781597137451172
338, -4.8459014892578125, 0.021223172545433044, 0.13024988770484924
339, -4.814864158630371, 0.021223172545433044, 0.3783157467842102
340, -4.78382682800293, 0.021223172545433044, 0.6263816356658936
341, -4.752789497375488, 0.021223172545433044, 0.8744474649429321
342, -4.721752166748047, 0.021223172545433044, 1.1225132942199707
343, -4.6907148361206055, 0.021223172545433044, 1.3705791234970093
344, -4.659677505493164, 0.021223172545433044, 1.6186449527740479
345, -4.628640174865723, 0.021223172545433044, 1.8667107820510864
346, -4.597602844238281, 0.021223172545433044, 2.114776611328125
347, -4.56656551361084, 0.021223172545433044, 2.362842559814453
348, -4.535528182983398, 0.021223172545433044, 2.6109085083007812
349, -4.504490852355957, 0.021223172545433044, 2.8589744567871094
350, -4.473453521728516, 0.021223172545433044, 3.1070404052734375
351, -4.442416191101074, 0.021223172545433044, 3.3551063537597656
352, -4.411378860473633, 0.021223172545433044, 3.6031723022460938
353, -4.380341529846191, 0.021223172545433044, 3.851238250732422
354, -4.380341529846191, 0.021223172545433044, 3.851238250732422
355, -4.229429244995117, 0.021223172545433044, 4.050550937652588
356, -4.229429244995117, 0.021223172545433044, 4.050550937652588
357, -4.198391914367676, 0.021223172545433044, 4.298616886138916
358, -4.167354583740234, 0.021223172545433044, 4.546682834625244
359, -4.136317253112793, 0.021223172545433044, 4.794748783111572
360, -4.105279922485352, 0.021223172545433044, 5.0428147315979
361, -4.07424259185791, 0.021223172545433044, 5.2908806800842285
362, -4.043205261230469, 0.021223172545433044, 5.538946628570557
363, -4.043205261230469, 0.021223172545433044, 5.538946628570557
364, -4.140358924865723, 0.021223172545433044, 5.769296646118164
365, -4.237512588500977, 0.021223172545433044, 5.9996466636657715
366, -4.3346662521362305, 0.021223172545433044, 6.229996681213379
367, -4.3346662521362305, 0.021223172545433044, 6.229996681213379
368, -4.303628921508789, 0.021223172545433044, 6.478062629699707
369, -4.303628921508789, 0.021223172545433044, 6.478062629699707
370, -4.303628921508789, 0.021223172545433044, 6.478062629699707
371, -4.303628921508789, 0.021223172545433044, 6.478062629699707
372, -4.303628921508789, 0.021223172545433044, 6.478062629699707
373, -4.303628921508789, 0.021223172545433044, 6.478062629699707
374, -4.206475257873535, 0.021223172545433044, 6.2477126121521
375, -4.109321594238281, 0.021223172545433044, 6.017362594604492
376, -4.012167930603027, 0.021223172545433044, 5.787012577056885
377, -4.012167930603027, 0.021223172545433044, 5.787012577056885
378, -4.043205261230469, 0.021223172545433044, 5.538946628570557
379, -4.07424259185791, 0.021223172545433044, 5.2908806800842285
380, -4.105279922485352, 0.021223172545433044, 5.0428147315979
381, -4.136317253112793, 0.021223172545433044, 4.794748783111572
382, -4.167354583740234, 0.021223172545433044, 4.546682834625244
383, -4.198391914367676, 0.021223172545433044, 4.298616886138916
384, -4.229429244995117, 0.021223172545433044, 4.050550937652588
385, -4.229429244995117, 0.021223172545433044, 4.050550937652588
386, -4.380341529846191, 0.021223172545433044, 3.851238250732422
387, -4.380341529846191, 0.021223172545433044, 3.851238250732422
388, -4.411378860473633, 0.021223172545433044, 3.6031723022460938
389, -4.442416191101074, 0.021223172545433044, 3.3551063537597656
390, -4.473453521728516, 0.021223172545433044, 3.1070404052734375
391, -4.473453521728516, 0.021223172545433044, 3.1070404052734375
392, -4.376299858093262, 0.021223172545433044, 2.87669038772583
393, -4.376299858093262, 0.021223172545433044, 2.87669038772583
394, -4.176987171173096, 0.021223172545433044, 2.725778102874756
395, -4.176987171173096, 0.021223172545433044, 2.725778102874756
396, -3.9289212226867676, 0.021223172545433044, 2.6947405338287354
397, -3.6808552742004395, 0.021223172545433044, 2.663702964782715
398, -3.4327893257141113, 0.021223172545433044, 2.6326653957366943
399, -3.184723377227783, 0.021223172545433044, 2.601627826690674
400, -2.936657428741455, 0.021223172545433044, 2.5705902576446533
401, -2.6909866333007812, 0.021223172545433044, 2.5398523807525635
402, -2.6909866333007812, 0.021223172545433044, 2.5398523807525635
403, -2.6909866333007812, 0.021223172545433044, 2.5398523807525635
404, -2.6909866333007812, 0.021223172545433044, 2.5398523807525635
405, -2.460636615753174, 0.021223172545433044, 2.6370060443878174
406, -2.460636615753174, 0.021223172545433044, 2.6370060443878174
407, -2.2125706672668457, 0.021223172545433044, 2.605968475341797
408, -1.9645047187805176, 0.021223172545433044, 2.5749309062957764
409, -1.7164387702941895, 0.021223172545433044, 2.543893337249756
410, -1.4683728218078613, 0.021223172545433044, 2.5128557682037354
411, -1.2203068733215332, 0.021223172545433044, 2.481818199157715
412, -1.2203068733215332, 0.021223172545433044, 2.481818199157715
413, -0.9899567365646362, 0.021223172545433044, 2.5789718627929688
414, -0.7596065998077393, 0.021223172545433044, 2.6761255264282227
415, -0.5292564630508423, 0.021223172545433044, 2.7732791900634766
416, -0.2989063560962677, 0.021223172545433044, 2.8704328536987305
417, -0.2989063560962677, 0.021223172545433044, 2.8704328536987305
418, -0.05084046721458435, 0.021223172545433044, 2.83939528465271
419, 0.197225421667099, 0.021223172545433044, 2.8083577156066895
420, 0.44529131054878235, 0.021223172545433044, 2.777320146560669
421, 0.6933572292327881, 0.021223172545433044, 2.7462825775146484
422, 0.9414231181144714, 0.021223172545433044, 2.715245008468628
423, 1.1894890069961548, 0.021223172545433044, 2.6842074394226074
424, 1.1894890069961548, 0.021223172545433044, 2.6842074394226074
425, 1.4198391437530518, 0.021223172545433044, 2.7813611030578613
426, 1.6501892805099487, 0.021223172545433044, 2.8785147666931152
427, 1.8805394172668457, 0.021223172545433044, 2.975668430328369
428, 2.110889434814453, 0.021223172545433044, 3.072822093963623
429, 2.3412394523620605, 0.021223172545433044, 3.169975757598877
430, 2.571589469909668, 0.021223172545433044, 3.267129421234131
431, 2.8019394874572754, 0.021223172545433044, 3.3642830848693848
432, 2.8019394874572754, 0.021223172545433044, 3.3642830848693848
433, 2.8019394874572754, 0.021223172545433044, 3.3642830848693848
434, 2.8019394874572754, 0.021223172545433044, 3.3642830848693848
435, 2.8019394874572754, 0.021223172545433044, 3.3642830848693848
436, 2.8019394874572754, 0.021223172545433044, 3.3642830848693848
437, 2.8019394874572754, 0.021223172545433044, 3.3642830848693848
438, 2.571589469909668, 0.021223172545433044, 3.267129421234131
439, 2.3412394523620605, 0.021223172545433044, 3.169975757598877
440, 2.110889434814453, 0.021223172545433044, 3.072822093963623
441, 1.8805392980575562, 0.021223172545433044, 2.975668430328369
442, 1.6501891613006592, 0.021223172545433044, 2.8785147666931152
443, 1.4198390245437622, 0.021223172545433044, 2.7813611030578613
444, 1.1894888877868652, 0.021223172545433044, 2.6842074394226074
445, 0.9591387510299683, 0.021223172545433044, 2.5870537757873535
446, 0.9591387510299683, 0.021223172545433044, 2.5870537757873535
447, 0.7110728621482849, 0.021223172545433044, 2.618091344833374
448, 0.46300697326660156, 0.021223172545433044, 2.6491289138793945
449, 0.2149410843849182, 0.021223172545433044, 2.680166482925415
450, -0.03312480449676514, 0.021223172545433044, 2.7112040519714355
451, -0.2811906933784485, 0.021223172545433044, 2.742241621017456
452, -0.5292565822601318, 0.021223172545433044, 2.7732791900634766
453, -0.7773224711418152, 0.021223172545433044, 2.804316759109497
454, -1.0253883600234985, 0.021223172545433044, 2.8353543281555176
455, -1.0253883600234985, 0.021223172545433044, 2.8353543281555176
456, -1.2557384967803955, 0.021223172545433044, 2.7382006645202637
457, -1.4860886335372925, 0.021223172545433044, 2.6410470008850098
458, -1.7164387702941895, 0.021223172545433044, 2.543893337249756
459, -1.7164387702941895, 0.021223172545433044, 2.543893337249756
460, -1.9645047187805176, 0.021223172545433044, 2.5749309062957764
461, -2.2125706672668457, 0.021223172545433044, 2.605968475341797
462, -2.460636615753174, 0.021223172545433044, 2.6370060443878174
463, -2.708702564239502, 0.021223172545433044, 2.668043613433838
464, -2.95676851272583, 0.021223172545433044, 2.6990811824798584
465, -3.204834461212158, 0.021223172545433044, 2.730118751525879
466, -3.4529004096984863, 0.021223172545433044, 2.7611563205718994
467, -3.7009663581848145, 0.021223172545433044, 2.79219388961792
468, -3.7009663581848145, 0.021223172545433044, 2.79219388961792
469, -3.931316375732422, 0.021223172545433044, 2.695040225982666
470, -4.161666393280029, 0.021223172545433044, 2.597886562347412
471, -4.392016410827637, 0.021223172545433044, 2.500732898712158
472, -4.392016410827637, 0.021223172545433044, 2.500732898712158
473, -4.542928695678711, 0.021223172545433044, 2.301420211791992
474, -4.693840980529785, 0.021223172545433044, 2.102107524871826
475, -4.693840980529785, 0.021223172545433044, 2.102107524871826
476, -4.724878311157227, 0.021223172545433044, 1.8540416955947876
477, -4.724878311157227, 0.021223172545433044, 1.8540416955947876
478, -4.627724647521973, 0.021223172545433044, 1.6236915588378906
479, -4.627724647521973, 0.021223172545433044, 1.6236915588378906
480, -4.428411960601807, 0.021223172545433044, 1.472779393196106
481, -4.428411960601807, 0.021223172545433044, 1.472779393196106
482, -4.1803460121154785, 0.021223172545433044, 1.441741943359375
483, -3.9322800636291504, 0.021223172545433044, 1.410704493522644
484, -3.9322800636291504, 0.021223172545433044, 1.410704493522644
485, -3.7329673767089844, 0.021223172545433044, 1.2597923278808594
486, -3.7329673767089844, 0.021223172545433044, 1.2597923278808594
487, -3.6358137130737305, 0.021223172545433044, 1.0294421911239624
488, -3.6358137130737305, 0.021223172545433044, 1.0294421911239624
489, -3.6358137130737305, 0.021223172545433044, 1.0294421911239624
490, -3.6358137130737305, 0.021223172545433044, 1.0294421911239624
491, -3.6358137130737305, 0.021223172545433044, 1.0294421911239624
492, -3.6358137130737305, 0.021223172545433044, 1.0294421911239624
493, -3.6358137130737305, 0.021223172545433044, 1.0294421911239624
494, -3.6358137130737305, 0.021223172545433044, 1.0294421911239624
495, -3.8351263999938965, 0.021223172545433044, 1.180354356765747
496, -4.0344390869140625, 0.021223172545433044, 1.3312665224075317
497, -4.2337517738342285, 0.021223172545433044, 1.4821786880493164
498, -4.4330644607543945, 0.021223172545433044, 1.633090853691101
499, -4.6323771476745605, 0.021223172545433044, 1.7840030193328857
