1, 5.7392988204956055, 2.0644748210906982, 3.607278823852539
2, 5.7392988204956055, 2.0644748210906982, 3.607278823852539
3, 5.7392988204956055, 2.0644748210906982, 3.607278823852539
4, 5.7392988204956055, 2.0644748210906982, 3.607278823852539
5, 5.7392988204956055, 2.0644748210906982, 3.607278823852539
6, 5.7392988204956055, 2.0644748210906982, 3.607278823852539
7, 5.7392988204956055, 2.0644748210906982, 3.607278823852539
8, 5.7392988204956055, 2.0644748210906982, 3.607278823852539
9, 5.7392988204956055, 2.0644748210906982, 3.607278823852539
10, 5.7392988204956055, 2.0644748210906982, 3.607278823852539
11, 5.7392988204956055, 2.0644748210906982, 3.607278823852539
12, 5.7392988204956055, 2.0644748210906982, 3.607278823852539
13, 5.7392988204956055, 2.0644748210906982, 3.607278823852539
14, 5.7392988204956055, 2.0644748210906982, 3.607278823852539
15, 5.7392988204956055, 2.0644748210906982, 3.607278823852539
16, 5.984968662261963, 2.0644748210906982, 3.653606653213501
17, 5.984968662261963, 2.0644748210906982, 3.653606653213501
18, 6.220889091491699, 2.0644748210906982, 3.570892572402954
19, 6.4568095207214355, 2.0644748210906982, 3.4881784915924072
20, 6.4568095207214355, 2.0644748210906982, 3.4881784915924072
21, 6.619765281677246, 2.0644748210906982, 3.298585891723633
22, 6.782721042633057, 2.0644748210906982, 3.1089932918548584
23, 6.945676803588867, 2.0644748210906982, 2.919400691986084
24, 7.108632564544678, 2.0644748210906982, 2.7298080921173096
25, 7.271588325500488, 2.0644748210906982, 2.540215492248535
26, 7.434544086456299, 2.0644748210906982, 2.3506228923797607
27, 7.597499847412109, 2.0644748210906982, 2.1610302925109863
28, 7.597499847412109, 2.0644748210906982, 2.1610302925109863
29, 7.643827438354492, 2.0644748210906982, 1.9153603315353394
30, 7.690155029296875, 2.0644748210906982, 1.6696903705596924
31, 7.736482620239258, 2.0644748210906982, 1.4240204095840454
32, 7.782810211181641, 2.0644748210906982, 1.1783504486083984
33, 7.829137802124023, 2.0644748210906982, 0.9326804876327515
34, 7.875465393066406, 2.0644748210906982, 0.6870105266571045
35, 7.921792984008789, 2.0644748210906982, 0.44134053587913513
36, 7.921792984008789, 2.0644748210906982, 0.44134053587913513
37, 7.921792984008789, 2.0644748210906982, 0.44134053587913513
38, 7.921792984008789, 2.0644748210906982, 0.44134053587913513
39, 7.921792984008789, 2.0644748210906982, 0.44134053587913513
40, 7.921792984008789, 2.0644748210906982, 0.44134053587913513
41, 7.921792984008789, 2.0644748210906982, 0.44134053587913513
42, 7.921792984008789, 2.0644748210906982, 0.44134053587913513
43, 7.921792984008789, 2.0644748210906982, 0.44134053587913513
44, 7.921792984008789, 2.0644748210906982, 0.44134053587913513
45, 7.921792984008789, 2.0644748210906982, 0.44134053587913513
46, 7.921792984008789, 2.0644748210906982, 0.44134053587913513
47, 7.921792984008789, 2.0644748210906982, 0.44134053587913513
48, 7.921792984008789, 2.0644748210906982, 0.44134053587913513
49, 7.921792984008789, 2.0644748210906982, 0.44134053587913513
50, 7.875465393066406, 2.0644748210906982, 0.6870105266571045
51, 7.829137802124023, 2.0644748210906982, 0.9326805472373962
52, 7.782810211181641, 2.0644748210906982, 1.178350567817688
53, 7.736482620239258, 2.0644748210906982, 1.424020528793335
54, 7.690155029296875, 2.0644748210906982, 1.6696906089782715
55, 7.643827438354492, 2.0644748210906982, 1.915360689163208
56, 7.643827438354492, 2.0644748210906982, 1.915360689163208
57, 7.480871200561523, 2.0644748210906982, 2.1049532890319824
58, 7.317914962768555, 2.0644748210906982, 2.294545888900757
59, 7.317914962768555, 2.0644748210906982, 2.294545888900757
60, 7.317914962768555, 2.0644748210906982, 2.294545888900757
61, 7.317914962768555, 2.0644748210906982, 2.294545888900757
62, 7.081994533538818, 2.0644748210906982, 2.3772597312927246
63, 7.081994533538818, 2.0644748210906982, 2.3772597312927246
64, 6.91903829574585, 2.0644748210906982, 2.566852331161499
65, 6.756082057952881, 2.0644748210906982, 2.7564449310302734
66, 6.756082057952881, 2.0644748210906982, 2.7564449310302734
67, 6.5201616287231445, 2.0644748210906982, 2.8391590118408203
68, 6.284241199493408, 2.0644748210906982, 2.921873092651367
69, 6.048320770263672, 2.0644748210906982, 3.004587173461914
70, 6.048320770263672, 2.0644748210906982, 3.004587173461914
71, 5.8026509284973145, 2.0644748210906982, 2.958259344100952
72, 5.8026509284973145, 2.0644748210906982, 2.958259344100952
73, 5.613058567047119, 2.0644748210906982, 2.7953033447265625
74, 5.613058567047119, 2.0644748210906982, 2.7953033447265625
75, 5.530344486236572, 2.0188188552856445, 2.559382915496826
76, 5.447630405426025, 1.8745542764663696, 2.32346248626709
77, 5.3649163246154785, 1.7302896976470947, 2.0875420570373535
78, 5.3649163246154785, 1.7302896976470947, 2.0875420570373535
79, 5.411243915557861, 1.5910924673080444, 1.8418720960617065
80, 5.457571506500244, 1.4493060111999512, 1.5962021350860596
81, 5.503899097442627, 1.3075194358825684, 1.3505321741104126
82, 5.55022668838501, 1.1657328605651855, 1.1048622131347656
83, 5.55022668838501, 1.1657328605651855, 1.1048622131347656
84, 5.55022668838501, 1.1657328605651855, 1.1048622131347656
85, 5.55022668838501, 1.1657328605651855, 1.1048622131347656
86, 5.55022668838501, 1.1657328605651855, 1.1048622131347656
87, 5.3606343269348145, 1.0578466653823853, 0.941906213760376
88, 5.3606343269348145, 1.0578466653823853, 0.941906213760376
89, 5.277920246124268, 0.8799453973770142, 0.7059859037399292
90, 5.277920246124268, 0.8799453973770142, 0.7059859037399292
91, 5.277920246124268, 0.8799453973770142, 0.7059859037399292
92, 5.277920246124268, 0.8799453973770142, 0.7059859037399292
93, 5.277920246124268, 0.8799453973770142, 0.7059859037399292
94, 5.277920246124268, 0.8799453973770142, 0.7059859037399292
95, 5.277920246124268, 0.8799453973770142, 0.7059859037399292
96, 5.277920246124268, 0.8799453973770142, 0.7059859037399292
97, 5.277920246124268, 0.8799453973770142, 0.7059859037399292
98, 5.277920246124268, 0.8799453973770142, 0.7059859037399292
99, 5.088327884674072, 0.7335747480392456, 0.5430299043655396
100, 5.088327884674072, 0.7335747480392456, 0.5430299043655396
101, 4.965813159942627, 0.7042579650878906, 0.5199264287948608
102, 4.965813159942627, 0.7042579650878906, 0.5199264287948608
103, 4.965813159942627, 0.7042579650878906, 0.5199264287948608
104, 4.965813159942627, 0.7042579650878906, 0.5199264287948608
105, 4.965813159942627, 0.7042579650878906, 0.5199264287948608
106, 4.88309907913208, 0.6644748449325562, 0.28400611877441406
107, 4.88309907913208, 0.6644748449325562, 0.28400611877441406
108, 4.88309907913208, 0.6644748449325562, 0.28400611877441406
109, 4.88309907913208, 0.6644748449325562, 0.28400611877441406
110, 8.193897247314453, -0.5355252027511597, 3.5216786861419678
