1, 20.12905502319336, 0.09943583607673645, -0.4778406322002411
2, 20.12905502319336, 0.09943583607673645, -0.4778406322002411
3, 20.12905502319336, 0.09943583607673645, -0.4778406322002411
4, 20.12905502319336, 0.09943583607673645, -0.4778406322002411
5, 20.12905502319336, 0.09943583607673645, -0.4778406322002411
6, 20.12905502319336, 0.09943583607673645, -0.4778406322002411
7, 20.12905502319336, 0.09943583607673645, -0.4778406322002411
8, 20.12905502319336, 0.09943583607673645, -0.4778406322002411
9, 20.12905502319336, 0.09943583607673645, -0.4778406322002411
10, 20.12905502319336, 0.09943583607673645, -0.4778406322002411
11, 20.12905502319336, 0.09943583607673645, -0.4778406322002411
12, 20.12905502319336, 0.09943583607673645, -0.4778406322002411
13, 20.12905502319336, 0.09943583607673645, -0.4778406322002411
14, 20.12905502319336, 0.09943583607673645, -0.4778406322002411
15, 20.12905502319336, 0.09943583607673645, -0.4778406322002411
16, 20.12905502319336, 0.09943583607673645, -0.4778406322002411
17, 20.377819061279297, 0.09943583607673645, -0.4530096650123596
18, 20.377819061279297, 0.09943583607673645, -0.4530096650123596
19, 20.377819061279297, 0.09943583607673645, -0.4530096650123596
20, 20.377819061279297, 0.09943583607673645, -0.4530096650123596
21, 20.605670928955078, 0.09943583607673645, -0.5558873414993286
22, 20.605670928955078, 0.09943583607673645, -0.5558873414993286
23, 20.605670928955078, 0.09943583607673645, -0.5558873414993286
24, 20.605670928955078, 0.09943583607673645, -0.5558873414993286
25, 20.854434967041016, 0.09943583607673645, -0.5310564041137695
26, 20.854434967041016, 0.09943583607673645, -0.5310564041137695
27, 21.05745506286621, 0.09943583607673645, -0.38517025113105774
28, 21.260475158691406, 0.09943583607673645, -0.23928409814834595
29, 21.260475158691406, 0.09943583607673645, -0.23928409814834595
30, 21.302833557128906, 0.09943583607673645, -0.23505596816539764
31, 21.302833557128906, 0.09943583607673645, -0.2350560575723648
32, 21.302833557128906, 0.09943583607673645, -0.2350560575723648
33, 21.302833557128906, 0.09943583607673645, -0.23505592346191406
34, 21.302833557128906, 0.09943583607673645, -0.23505592346191406
35, 21.37453269958496, 0.09943583607673645, -0.076258584856987
36, 21.37453269958496, 0.09943583607673645, -0.076258584856987
37, 21.37453269958496, 0.09943583607673645, -0.076258584856987
38, 21.37453269958496, 0.09943583607673645, -0.076258584856987
39, 21.37453269958496, 0.09943583607673645, -0.076258584856987
40, 21.6232967376709, 0.09943583607673645, -0.05142761766910553
41, 21.872060775756836, 0.09943583607673645, -0.02659665048122406
42, 21.872060775756836, 0.09943583607673645, -0.02659665048122406
43, 22.099912643432617, 0.09943583607673645, -0.12947429716587067
44, 22.3277645111084, 0.09943583607673645, -0.23235194385051727
45, 22.3277645111084, 0.09943583607673645, -0.23235194385051727
46, 22.473649978637695, 0.09943583607673645, -0.4353722333908081
47, 22.619535446166992, 0.09943583607673645, -0.6383925080299377
48, 22.619535446166992, 0.09943583607673645, -0.6383925080299377
49, 22.847387313842773, 0.09943583607673645, -0.7412701845169067
50, 23.075239181518555, 0.09943583607673645, -0.844147801399231
51, 23.303091049194336, 0.09943583607673645, -0.9470254182815552
52, 23.530942916870117, 0.09943583607673645, -1.0499030351638794
53, 23.530942916870117, 0.09943583607673645, -1.0499030351638794
54, 23.779706954956055, 0.09943583607673645, -1.0250720977783203
55, 23.779706954956055, 0.09943583607673645, -1.0250720977783203
56, 23.779706954956055, 0.09943583607673645, -1.0250720977783203
57, 23.779706954956055, 0.09943583607673645, -1.0250720977783203
58, 23.779706954956055, 0.09943583607673645, -1.0250720977783203
59, 23.779706954956055, 0.09943583607673645, -1.0250720977783203
60, 23.779706954956055, 0.09943583607673645, -1.0250720977783203
61, 23.779706954956055, 0.09943583607673645, -1.0250720977783203
62, 23.779706954956055, 0.09943583607673645, -1.0250720977783203
63, 24.028470993041992, 0.09943583607673645, -1.0002411603927612
64, 24.028470993041992, 0.09943583607673645, -1.0002411603927612
65, 24.028470993041992, 0.09943583607673645, -1.0002411603927612
66, 24.028470993041992, 0.09943583607673645, -1.0002411603927612
67, 24.111238479614258, 0.09943583607673645, -0.9407658576965332
68, 24.111238479614258, 0.09943583607673645, -0.9407658576965332
69, 24.111238479614258, 0.09943583607673645, -0.9407658576965332
70, 24.111238479614258, 0.09943583607673645, -0.9407658576965332
71, 24.111238479614258, 0.09943583607673645, -0.9407658576965332
72, 24.111238479614258, 0.09943583607673645, -0.9407658576965332
73, 23.86247444152832, 0.09943583607673645, -0.9655967950820923
74, 23.613710403442383, 0.09943583607673645, -0.9904277324676514
75, 23.364946365356445, 0.09943583607673645, -1.0152586698532104
76, 23.364946365356445, 0.09943583607673645, -1.0152586698532104
77, 23.364946365356445, 0.09943583607673645, -1.0152586698532104
78, 23.364946365356445, 0.09943583607673645, -1.0152586698532104
79, 23.364946365356445, 0.09943583607673645, -1.0152586698532104
80, 23.364946365356445, 0.09943583607673645, -1.0152586698532104
81, 23.364946365356445, 0.09943583607673645, -1.0152586698532104
82, 23.364946365356445, 0.09943583607673645, -1.0152586698532104
83, 23.592798233032227, 0.09943583607673645, -1.1181362867355347
84, 23.820650100708008, 0.09943583607673645, -1.2210139036178589
85, 23.820650100708008, 0.09943583607673645, -1.2210139036178589
86, 24.069414138793945, 0.09943583607673645, -1.1961829662322998
87, 24.318178176879883, 0.09943583607673645, -1.1713520288467407
88, 24.318178176879883, 0.09943583607673645, -1.1713520288467407
89, 24.318178176879883, 0.09943583607673645, -1.1713520288467407
90, 24.318178176879883, 0.09943583607673645, -1.1713520288467407
91, 24.318178176879883, 0.09943583607673645, -1.1713520288467407
92, 24.318178176879883, 0.09943583607673645, -1.1713520288467407
93, 24.318178176879883, 0.09943583607673645, -1.1713520288467407
94, 24.069414138793945, 0.09943583607673645, -1.1961829662322998
95, 23.820650100708008, 0.09943583607673645, -1.2210139036178589
96, 23.820650100708008, 0.09943583607673645, -1.2210139036178589
97, 23.592798233032227, 0.09943583607673645, -1.1181361675262451
98, 23.364946365356445, 0.09943583607673645, -1.015258550643921
99, 23.364946365356445, 0.09943583607673645, -1.015258550643921
100, 23.364946365356445, 0.09943583607673645, -1.015258550643921
101, 23.364946365356445, 0.09943583607673645, -1.015258550643921
102, 23.364946365356445, 0.09943583607673645, -1.015258550643921
103, 23.364946365356445, 0.09943583607673645, -1.015258550643921
104, 23.364946365356445, 0.09943583607673645, -1.015258550643921
105, 23.592798233032227, 0.09943583607673645, -1.1181361675262451
106, 23.820650100708008, 0.09943583607673645, -1.2210137844085693
107, 23.820650100708008, 0.09943583607673645, -1.2210137844085693
108, 24.069414138793945, 0.09943583607673645, -1.1961828470230103
109, 24.318178176879883, 0.09943583607673645, -1.1713519096374512
110, 24.318178176879883, 0.09943583607673645, -1.1713519096374512
111, 24.318178176879883, 0.09943583607673645, -1.1713519096374512
112, 24.318178176879883, 0.09943583607673645, -1.1713519096374512
113, 24.318178176879883, 0.09943583607673645, -1.1713519096374512
114, 24.318178176879883, 0.09943583607673645, -1.1713519096374512
115, 24.318178176879883, 0.09943583607673645, -1.1713519096374512
116, 24.069414138793945, 0.09943583607673645, -1.1961828470230103
117, 23.820650100708008, 0.09943583607673645, -1.2210137844085693
118, 23.820650100708008, 0.09943583607673645, -1.2210137844085693
119, 23.592798233032227, 0.09943583607673645, -1.1181361675262451
120, 23.364946365356445, 0.09943583607673645, -1.015258550643921
121, 23.137094497680664, 0.09943583607673645, -0.9123808741569519
122, 23.137094497680664, 0.09943583607673645, -0.9123808741569519
123, 23.137094497680664, 0.09943583607673645, -0.9123808741569519
124, 23.137094497680664, 0.09943583607673645, -0.9123808741569519
125, 23.137094497680664, 0.09943583607673645, -0.9123808741569519
126, 23.137094497680664, 0.09943583607673645, -0.9123808741569519
127, 23.137094497680664, 0.09943583607673645, -0.9123808741569519
128, 23.364946365356445, 0.09943583607673645, -1.015258550643921
129, 23.592798233032227, 0.09943583607673645, -1.1181361675262451
130, 23.592798233032227, 0.09943583607673645, -1.1181361675262451
131, 23.841562271118164, 0.09943583607673645, -1.093305230140686
132, 24.0903263092041, 0.09943583607673645, -1.068474292755127
133, 24.0903263092041, 0.09943583607673645, -1.068474292755127
134, 24.0903263092041, 0.09943583607673645, -1.068474292755127
135, 24.0903263092041, 0.09943583607673645, -1.068474292755127
136, 24.0903263092041, 0.09943583607673645, -1.068474292755127
137, 24.0903263092041, 0.09943583607673645, -1.068474292755127
138, 23.86247444152832, 0.09943583607673645, -0.965596616268158
139, 23.86247444152832, 0.09943583607673645, -0.965596616268158
140, 23.613710403442383, 0.09943583607673645, -0.990427553653717
141, 23.364946365356445, 0.09943583607673645, -1.015258550643921
142, 23.364946365356445, 0.09943583607673645, -1.015258550643921
143, 23.137094497680664, 0.09943583607673645, -0.9123808741569519
144, 23.137094497680664, 0.09943583607673645, -0.9123808741569519
145, 23.137094497680664, 0.09943583607673645, -0.9123808741569519
146, 23.137094497680664, 0.09943583607673645, -0.9123808741569519
147, 23.137094497680664, 0.09943583607673645, -0.9123808741569519
148, 23.137094497680664, 0.09943583607673645, -0.9123808741569519
149, 23.137094497680664, 0.09943583607673645, -0.9123808741569519
150, 23.364946365356445, 0.09943583607673645, -1.015258550643921
151, 23.592798233032227, 0.09943583607673645, -1.1181361675262451
152, 23.592798233032227, 0.09943583607673645, -1.1181361675262451
153, 23.841562271118164, 0.09943583607673645, -1.093305230140686
154, 24.0903263092041, 0.09943583607673645, -1.068474292755127
155, 24.0903263092041, 0.09943583607673645, -1.068474292755127
156, 24.0903263092041, 0.09943583607673645, -1.068474292755127
157, 24.0903263092041, 0.09943583607673645, -1.068474292755127
158, 24.0903263092041, 0.09943583607673645, -1.068474292755127
159, 24.0903263092041, 0.09943583607673645, -1.068474292755127
160, 24.0903263092041, 0.09943583607673645, -1.068474292755127
161, 23.841562271118164, 0.09943583607673645, -1.093305230140686
162, 23.592798233032227, 0.09943583607673645, -1.1181361675262451
163, 23.592798233032227, 0.09943583607673645, -1.1181361675262451
164, 23.364946365356445, 0.09943583607673645, -1.015258550643921
165, 23.137094497680664, 0.09943583607673645, -0.9123808741569519
166, 23.137094497680664, 0.09943583607673645, -0.9123808741569519
167, 23.137094497680664, 0.09943583607673645, -0.9123808741569519
168, 23.137094497680664, 0.09943583607673645, -0.9123808741569519
169, 23.137094497680664, 0.09943583607673645, -0.9123808741569519
170, 23.137094497680664, 0.09943583607673645, -0.9123808741569519
171, 23.137094497680664, 0.09943583607673645, -0.9123808741569519
172, 23.364946365356445, 0.09943583607673645, -1.015258550643921
173, 23.592798233032227, 0.09943583607673645, -1.1181361675262451
174, 23.592798233032227, 0.09943583607673645, -1.1181361675262451
175, 23.841562271118164, 0.09943583607673645, -1.093305230140686
176, 24.0903263092041, 0.09943583607673645, -1.068474292755127
177, 24.0903263092041, 0.09943583607673645, -1.068474292755127
178, 24.0903263092041, 0.09943583607673645, -1.068474292755127
179, 24.0903263092041, 0.09943583607673645, -1.068474292755127
180, 24.0903263092041, 0.09943583607673645, -1.068474292755127
181, 24.0903263092041, 0.09943583607673645, -1.068474292755127
182, 24.0903263092041, 0.09943583607673645, -1.068474292755127
183, 23.841562271118164, 0.09943583607673645, -1.093305230140686
184, 23.592798233032227, 0.09943583607673645, -1.1181361675262451
185, 23.592798233032227, 0.09943583607673645, -1.1181361675262451
186, 23.364946365356445, 0.09943583607673645, -1.015258550643921
187, 23.137094497680664, 0.09943583607673645, -0.9123808741569519
188, 23.137094497680664, 0.09943583607673645, -0.9123808741569519
189, 23.137094497680664, 0.09943583607673645, -0.9123808741569519
190, 23.137094497680664, 0.09943583607673645, -0.9123808741569519
191, 23.137094497680664, 0.09943583607673645, -0.9123808741569519
192, 23.137094497680664, 0.09943583607673645, -0.9123808741569519
193, 23.137094497680664, 0.09943583607673645, -0.9123808741569519
194, 23.364946365356445, 0.09943583607673645, -1.015258550643921
195, 23.592798233032227, 0.09943583607673645, -1.1181361675262451
196, 23.592798233032227, 0.09943583607673645, -1.1181361675262451
197, 23.841562271118164, 0.09943583607673645, -1.093305230140686
198, 24.0903263092041, 0.09943583607673645, -1.068474292755127
199, 24.0903263092041, 0.09943583607673645, -1.068474292755127
200, 24.0903263092041, 0.09943583607673645, -1.068474292755127
201, 24.0903263092041, 0.09943583607673645, -1.068474292755127
202, 24.0903263092041, 0.09943583607673645, -1.068474292755127
203, 24.0903263092041, 0.09943583607673645, -1.068474292755127
204, 24.0903263092041, 0.09943583607673645, -1.068474292755127
205, 23.841562271118164, 0.09943583607673645, -1.093305230140686
206, 23.592798233032227, 0.09943583607673645, -1.1181361675262451
207, 23.592798233032227, 0.09943583607673645, -1.1181361675262451
208, 23.364946365356445, 0.09943583607673645, -1.015258550643921
209, 23.137094497680664, 0.09943583607673645, -0.9123808741569519
210, 23.137094497680664, 0.09943583607673645, -0.9123808741569519
211, 23.137094497680664, 0.09943583607673645, -0.9123808741569519
212, 23.137094497680664, 0.09943583607673645, -0.9123808741569519
213, 23.137094497680664, 0.09943583607673645, -0.9123808741569519
214, 23.137094497680664, 0.09943583607673645, -0.9123808741569519
215, 23.137094497680664, 0.09943583607673645, -0.9123808741569519
216, 23.364946365356445, 0.09943583607673645, -1.015258550643921
217, 23.592798233032227, 0.09943583607673645, -1.1181361675262451
218, 23.592798233032227, 0.09943583607673645, -1.1181361675262451
219, 23.841562271118164, 0.09943583607673645, -1.093305230140686
220, 24.0903263092041, 0.09943583607673645, -1.068474292755127
221, 24.0903263092041, 0.09943583607673645, -1.068474292755127
222, 24.0903263092041, 0.09943583607673645, -1.068474292755127
223, 24.0903263092041, 0.09943583607673645, -1.068474292755127
224, 24.0903263092041, 0.09943583607673645, -1.068474292755127
225, 24.0903263092041, 0.09943583607673645, -1.068474292755127
226, 24.0903263092041, 0.09943583607673645, -1.068474292755127
227, 23.841562271118164, 0.09943583607673645, -1.093305230140686
228, 23.592798233032227, 0.09943583607673645, -1.1181361675262451
229, 23.592798233032227, 0.09943583607673645, -1.1181361675262451
230, 23.364946365356445, 0.09943583607673645, -1.015258550643921
231, 23.137094497680664, 0.09943583607673645, -0.9123808741569519
232, 23.137094497680664, 0.09943583607673645, -0.9123808741569519
233, 23.137094497680664, 0.09943583607673645, -0.9123808741569519
234, 23.137094497680664, 0.09943583607673645, -0.9123808741569519
235, 23.137094497680664, 0.09943583607673645, -0.9123808741569519
236, 23.137094497680664, 0.09943583607673645, -0.9123808741569519
237, 23.137094497680664, 0.09943583607673645, -0.9123808741569519
238, 22.909242630004883, 0.09943583607673645, -0.8095031976699829
239, 22.909242630004883, 0.09943583607673645, -0.8095031976699829
240, 22.909242630004883, 0.09943583607673645, -0.8095031976699829
241, 22.909242630004883, 0.09943583607673645, -0.8095031976699829
242, 22.909242630004883, 0.09943583607673645, -0.8095031976699829
243, 22.909242630004883, 0.09943583607673645, -0.8095031976699829
244, 22.909242630004883, 0.09943583607673645, -0.8095031976699829
245, 23.137094497680664, 0.09943583607673645, -0.9123808145523071
246, 23.364946365356445, 0.09943583607673645, -1.0152584314346313
247, 23.592798233032227, 0.09943583607673645, -1.1181360483169556
248, 23.592798233032227, 0.09943583607673645, -1.1181360483169556
249, 23.841562271118164, 0.09943583607673645, -1.0933051109313965
250, 24.0903263092041, 0.09943583607673645, -1.0684741735458374
251, 24.0903263092041, 0.09943583607673645, -1.0684741735458374
252, 24.0903263092041, 0.09943583607673645, -1.0684741735458374
253, 24.0903263092041, 0.09943583607673645, -1.0684741735458374
254, 24.0903263092041, 0.09943583607673645, -1.0684741735458374
255, 24.0903263092041, 0.09943583607673645, -1.0684741735458374
256, 23.86247444152832, 0.09943583607673645, -0.9655964970588684
257, 23.86247444152832, 0.09943583607673645, -0.9655964970588684
258, 23.613710403442383, 0.09943583607673645, -0.9904274344444275
259, 23.364946365356445, 0.09943583607673645, -1.0152583122253418
260, 23.364946365356445, 0.09943583607673645, -1.0152583122253418
261, 23.137094497680664, 0.09943583607673645, -0.9123806357383728
262, 22.909242630004883, 0.09943583607673645, -0.8095029592514038
263, 22.909242630004883, 0.09943583607673645, -0.8095029592514038
264, 22.909242630004883, 0.09943583607673645, -0.8095029592514038
265, 22.909242630004883, 0.09943583607673645, -0.8095029592514038
266, 22.909242630004883, 0.09943583607673645, -0.8095029592514038
267, 22.909242630004883, 0.09943583607673645, -0.8095029592514038
268, 22.909242630004883, 0.09943583607673645, -0.8095029592514038
269, 22.909242630004883, 0.09943583607673645, -0.8095029592514038
270, 22.909242630004883, 0.09943583607673645, -0.8095029592514038
271, 22.909242630004883, 0.09943583607673645, -0.8095029592514038
272, 22.909242630004883, 0.09943583607673645, -0.8095029592514038
273, 22.909242630004883, 0.09943583607673645, -0.8095029592514038
274, 22.909242630004883, 0.09943583607673645, -0.8095029592514038
275, 22.706222534179688, 0.09943583607673645, -0.9553890824317932
276, 22.503202438354492, 0.09943583607673645, -1.1012752056121826
277, 22.503202438354492, 0.09943583607673645, -1.1012752056121826
278, 22.503202438354492, 0.09943583607673645, -1.1012752056121826
279, 22.503202438354492, 0.09943583607673645, -1.1012752056121826
280, 22.503202438354492, 0.09943583607673645, -1.1012752056121826
281, 22.503202438354492, 0.09943583607673645, -1.1012752056121826
282, 22.75196647644043, 0.09943583607673645, -1.0764442682266235
283, 23.000730514526367, 0.09943583607673645, -1.0516133308410645
284, 23.249494552612305, 0.09943583607673645, -1.0267823934555054
285, 23.249494552612305, 0.09943583607673645, -1.0267823934555054
286, 23.477346420288086, 0.09943583607673645, -1.1296600103378296
287, 23.477346420288086, 0.09943583607673645, -1.1296600103378296
288, 23.726110458374023, 0.09943583607673645, -1.1048290729522705
289, 23.97487449645996, 0.09943583607673645, -1.0799981355667114
290, 24.2236385345459, 0.09943583607673645, -1.0551671981811523
291, 24.2236385345459, 0.09943583607673645, -1.0551671981811523
292, 24.2236385345459, 0.09943583607673645, -1.0551671981811523
293, 24.2236385345459, 0.09943583607673645, -1.0551671981811523
294, 24.2236385345459, 0.09943583607673645, -1.0551671981811523
295, 24.2236385345459, 0.09943583607673645, -1.0551671981811523
296, 24.2236385345459, 0.09943583607673645, -1.0551671981811523
297, 23.97487449645996, 0.09943583607673645, -1.0799981355667114
298, 23.726110458374023, 0.09943583607673645, -1.1048290729522705
299, 23.726110458374023, 0.09943583607673645, -1.1048290729522705
300, 23.498258590698242, 0.09943583607673645, -1.0019514560699463
301, 23.498258590698242, 0.09943583607673645, -1.0019514560699463
302, 23.249494552612305, 0.09943583607673645, -1.0267823934555054
303, 23.249494552612305, 0.09943583607673645, -1.0267823934555054
304, 23.021642684936523, 0.09943583607673645, -0.9239047169685364
305, 22.793790817260742, 0.09943583607673645, -0.8210270404815674
306, 22.793790817260742, 0.09943583607673645, -0.8210270404815674
307, 22.793790817260742, 0.09943583607673645, -0.8210270404815674
308, 22.793790817260742, 0.09943583607673645, -0.8210270404815674
309, 22.793790817260742, 0.09943583607673645, -0.8210270404815674
310, 22.793790817260742, 0.09943583607673645, -0.8210270404815674
311, 22.793790817260742, 0.09943583607673645, -0.8210270404815674
312, 22.793790817260742, 0.09943583607673645, -0.8210270404815674
313, 22.793790817260742, 0.09943583607673645, -0.8210270404815674
314, 22.793790817260742, 0.09943583607673645, -0.8210270404815674
315, 22.793790817260742, 0.09943583607673645, -0.8210270404815674
316, 22.793790817260742, 0.09943583607673645, -0.8210270404815674
317, 22.6909122467041, 0.09943583607673645, -1.0488783121109009
318, 22.58803367614746, 0.09943583607673645, -1.2767295837402344
319, 22.58803367614746, 0.09943583607673645, -1.2767295837402344
320, 22.385013580322266, 0.09943583607673645, -1.4226157665252686
321, 22.385013580322266, 0.09943583607673645, -1.4226157665252686
322, 22.385013580322266, 0.09943583607673645, -1.4226157665252686
323, 22.385013580322266, 0.09943583607673645, -1.4226157665252686
324, 22.385013580322266, 0.09943583607673645, -1.4226157665252686
325, 22.385013580322266, 0.09943583607673645, -1.4226157665252686
326, 22.633777618408203, 0.09943583607673645, -1.3977848291397095
327, 22.88254165649414, 0.09943583607673645, -1.3729538917541504
328, 23.131305694580078, 0.09943583607673645, -1.3481229543685913
329, 23.131305694580078, 0.09943583607673645, -1.3481229543685913
330, 23.131305694580078, 0.09943583607673645, -1.3481229543685913
331, 23.131305694580078, 0.09943583607673645, -1.3481229543685913
332, 23.131305694580078, 0.09943583607673645, -1.3481229543685913
333, 23.131305694580078, 0.09943583607673645, -1.3481229543685913
334, 23.131305694580078, 0.09943583607673645, -1.3481229543685913
335, 23.380069732666016, 0.09943583607673645, -1.3232920169830322
336, 23.628833770751953, 0.09943583607673645, -1.2984610795974731
337, 23.87759780883789, 0.09943583607673645, -1.273630142211914
338, 23.87759780883789, 0.09943583607673645, -1.273630142211914
339, 23.87759780883789, 0.09943583607673645, -1.273630142211914
340, 23.87759780883789, 0.09943583607673645, -1.273630142211914
341, 23.87759780883789, 0.09943583607673645, -1.273630142211914
342, 23.87759780883789, 0.09943583607673645, -1.273630142211914
343, 23.64974594116211, 0.09943583607673645, -1.1707525253295898
344, 23.64974594116211, 0.09943583607673645, -1.1707525253295898
345, 23.400981903076172, 0.09943583607673645, -1.195583462715149
346, 23.152217864990234, 0.09943583607673645, -1.220414400100708
347, 22.903453826904297, 0.09943583607673645, -1.245245337486267
348, 22.903453826904297, 0.09943583607673645, -1.245245337486267
349, 22.903453826904297, 0.09943583607673645, -1.245245337486267
350, 22.65468978881836, 0.09943583607673645, -1.2700762748718262
351, 22.405925750732422, 0.09943583607673645, -1.2949072122573853
352, 22.405925750732422, 0.09943583607673645, -1.2949072122573853
353, 22.405925750732422, 0.09943583607673645, -1.2949072122573853
354, 22.405925750732422, 0.09943583607673645, -1.2949072122573853
355, 22.405925750732422, 0.09943583607673645, -1.2949072122573853
356, 22.405925750732422, 0.09943583607673645, -1.2949072122573853
357, 22.405925750732422, 0.09943583607673645, -1.2949072122573853
358, 22.405925750732422, 0.09943583607673645, -1.2949072122573853
359, 22.405925750732422, 0.09943583607673645, -1.2949072122573853
360, 22.260040283203125, 0.09943583607673645, -1.0918868780136108
361, 22.260040283203125, 0.09943583607673645, -1.0918868780136108
362, 22.23520851135254, 0.09943583607673645, -0.8431230783462524
363, 22.210376739501953, 0.09943583607673645, -0.594359278678894
364, 22.195158004760742, 0.09943583607673645, -0.44189703464508057
365, 22.195158004760742, 0.09943583607673645, -0.44189703464508057
366, 22.195158004760742, 0.09943583607673645, -0.44189679622650146
367, 22.195158004760742, 0.09943583607673645, -0.44189679622650146
368, 22.195158004760742, 0.09943583607673645, -0.4418966770172119
369, 22.195158004760742, 0.09943583607673645, -0.4418966770172119
370, 22.195158004760742, 0.09943583607673645, -0.4418966770172119
371, 22.195158004760742, 0.09943583607673645, -0.4418966770172119
372, 22.298036575317383, 0.09943583607673645, -0.21404540538787842
373, 22.298036575317383, 0.09943583607673645, -0.21404540538787842
374, 22.298036575317383, 0.09943583607673645, -0.21404540538787842
375, 22.298036575317383, 0.09943583607673645, -0.21404540538787842
376, 22.0701847076416, 0.09943583607673645, -0.11116772890090942
377, 21.84233283996582, 0.09943583607673645, -0.00829005241394043
378, 21.84233283996582, 0.09943583607673645, -0.00829005241394043
379, 21.593568801879883, 0.09943583607673645, -0.03312098979949951
380, 21.593568801879883, 0.09943583607673645, -0.03312098979949951
381, 21.393579483032227, 0.09943583607673645, -0.17682921886444092
382, 21.393579483032227, 0.09943583607673645, -0.1768292486667633
383, 21.393579483032227, 0.09943583607673645, -0.17682921886444092
384, 21.393579483032227, 0.09943583607673645, -0.17682921886444092
385, 21.393579483032227, 0.09943583607673645, -0.1768292337656021
386, 21.393579483032227, 0.09943583607673645, -0.1768292337656021
387, 21.393579483032227, 0.09943583607673645, -0.1768292486667633
388, 21.393579483032227, 0.09943583607673645, -0.1768292486667633
389, 21.393579483032227, 0.09943583607673645, -0.1768292486667633
390, 21.393579483032227, 0.09943583607673645, -0.1768292486667633
391, 21.21651840209961, 0.09943583607673645, -0.19450297951698303
392, 21.21651840209961, 0.09943583607673645, -0.19450297951698303
393, 21.21651840209961, 0.09943583607673645, -0.19450297951698303
394, 21.11363983154297, 0.09943583607673645, -0.42235422134399414
395, 21.11363983154297, 0.09943583607673645, -0.42235422134399414
396, 20.910619735717773, 0.09943583607673645, -0.5682403445243835
397, 20.910619735717773, 0.09943583607673645, -0.5682403445243835
398, 20.661855697631836, 0.09943583607673645, -0.5930712819099426
399, 20.4130916595459, 0.09943583607673645, -0.6179022192955017
400, 20.16432762145996, 0.09943583607673645, -0.6427331566810608
401, 19.915563583374023, 0.09943583607673645, -0.6675640940666199
402, 19.666799545288086, 0.09943583607673645, -0.692395031452179
403, 19.666799545288086, 0.09943583607673645, -0.692395031452179
404, 19.438947677612305, 0.09943583607673645, -0.58951735496521
405, 19.211095809936523, 0.09943583607673645, -0.48663967847824097
406, 18.983243942260742, 0.09943583607673645, -0.383762001991272
407, 18.75539207458496, 0.09943583607673645, -0.280884325504303
408, 18.75539207458496, 0.09943583607673645, -0.280884325504303
409, 18.506628036499023, 0.09943583607673645, -0.30571526288986206
410, 18.257863998413086, 0.09943583607673645, -0.33054620027542114
411, 18.00909996032715, 0.09943583607673645, -0.3553771376609802
412, 18.00909996032715, 0.09943583607673645, -0.3553771376609802
413, 17.781248092651367, 0.09943583607673645, -0.25249946117401123
414, 17.553396224975586, 0.09943583607673645, -0.14962178468704224
415, 17.325544357299805, 0.09943583607673645, -0.04674410820007324
416, 17.20156478881836, 0.09943583607673645, 0.009234428405761719
417, 17.20156478881836, 0.09943583607673645, 0.009234428405761719
418, 17.20156478881836, 0.09943583607673645, 0.009234428405761719
419, 17.20156478881836, 0.09943583607673645, 0.009234428405761719
420, 17.20156478881836, 0.09943583607673645, 0.009234428405761719
421, 17.20156478881836, 0.09943583607673645, 0.009234428405761719
422, 17.20156478881836, 0.09943583607673645, 0.009234428405761719
423, 17.20156478881836, 0.09943583607673645, 0.009234428405761719
424, 17.20156478881836, 0.09943583607673645, 0.009234428405761719
425, 16.952800750732422, 0.09943583607673645, -0.015596508979797363
426, 16.952800750732422, 0.09943583607673645, -0.015596508979797363
427, 16.72494888305664, 0.09943583607673645, 0.08728116750717163
428, 16.49709701538086, 0.09943583607673645, 0.19015884399414062
429, 16.49709701538086, 0.09943583607673645, 0.19015884399414062
430, 16.248332977294922, 0.09943583607673645, 0.16532790660858154
431, 15.999568939208984, 0.09943583607673645, 0.14049696922302246
432, 15.750804901123047, 0.09943583607673645, 0.11566603183746338
433, 15.50204086303711, 0.09943583607673645, 0.0908350944519043
434, 15.253276824951172, 0.09943583607673645, 0.06600415706634521
435, 15.004512786865234, 0.09943583607673645, 0.04117321968078613
436, 14.755748748779297, 0.09943583607673645, 0.01634228229522705
437, 14.50698471069336, 0.09943583607673645, -0.008488655090332031
438, 14.258220672607422, 0.09943583607673645, -0.03331959247589111
439, 14.009456634521484, 0.09943583607673645, -0.058150529861450195
440, 13.760692596435547, 0.09943583607673645, -0.08298146724700928
441, 13.51192855834961, 0.09943583607673645, -0.10781240463256836
442, 13.263164520263672, 0.09943583607673645, -0.13264334201812744
443, 13.014400482177734, 0.09943583607673645, -0.15747427940368652
444, 13.014400482177734, 0.09943583607673645, -0.15747427940368652
445, 12.78654956817627, 0.09943583607673645, -0.05459660291671753
446, 12.558698654174805, 0.09943583607673645, 0.048281073570251465
447, 12.33084774017334, 0.09943583607673645, 0.15115875005722046
448, 12.102996826171875, 0.09943583607673645, 0.25403642654418945
449, 11.87514591217041, 0.09943583607673645, 0.35691410303115845
450, 11.648530006408691, 0.09943583607673645, 0.45923423767089844
451, 11.648530006408691, 0.09943583607673645, 0.45923423767089844
452, 11.399765968322754, 0.09943583607673645, 0.43440330028533936
453, 11.151001930236816, 0.09943583607673645, 0.4095723628997803
454, 11.151001930236816, 0.09943583607673645, 0.4095723628997803
455, 11.151001930236816, 0.09943583607673645, 0.4095723628997803
456, 10.902237892150879, 0.09943583607673645, 0.3847414255142212
457, 10.653473854064941, 0.09943583607673645, 0.3599104881286621
458, 10.404709815979004, 0.09943583607673645, 0.335079550743103
459, 10.404709815979004, 0.09943583607673645, 0.335079550743103
460, 10.176858901977539, 0.09943583607673645, 0.437957227230072
461, 10.176858901977539, 0.09943583607673645, 0.437957227230072
462, 9.928094863891602, 0.09943583607673645, 0.41312628984451294
463, 9.928094863891602, 0.09943583607673645, 0.41312628984451294
464, 9.725074768066406, 0.09943583607673645, 0.26724016666412354
465, 9.522054672241211, 0.09943583607673645, 0.12135404348373413
466, 9.522054672241211, 0.09943583607673645, 0.12135404348373413
467, 9.522054672241211, 0.09943583607673645, 0.12135404348373413
468, 9.522054672241211, 0.09943583607673645, 0.12135404348373413
469, 9.522054672241211, 0.09943583607673645, 0.12135404348373413
470, 9.522054672241211, 0.09943583607673645, 0.12135404348373413
471, 9.522054672241211, 0.09943583607673645, 0.12135404348373413
472, 9.522054672241211, 0.09943583607673645, 0.12135404348373413
473, 9.522054672241211, 0.09943583607673645, 0.12135404348373413
474, 9.522054672241211, 0.09943583607673645, 0.12135404348373413
475, 9.450282096862793, 0.09943583607673645, -0.037606120109558105
476, 9.450282096862793, 0.09943583607673645, -0.03760632872581482
477, 9.450282096862793, 0.09943583607673645, -0.03760632872581482
478, 9.450282096862793, 0.09943583607673645, -0.03760632872581482
479, 9.450282096862793, 0.09943583607673645, -0.03760632872581482
480, 9.450282096862793, 0.09943583607673645, -0.03760632872581482
481, 9.247262001037598, 0.09943583607673645, -0.18349245190620422
482, 9.247262001037598, 0.09943583607673645, -0.18349245190620422
483, 9.144384384155273, 0.09943583607673645, -0.41134369373321533
484, 9.144384384155273, 0.09943583607673645, -0.41134369373321533
485, 9.169215202331543, 0.09943583607673645, -0.6601074934005737
486, 9.194046020507812, 0.09943583607673645, -0.9088712930679321
487, 9.218876838684082, 0.09943583607673645, -1.1576350927352905
488, 9.218876838684082, 0.09943583607673645, -1.1576350927352905
489, 9.364763259887695, 0.09943583607673645, -1.3606553077697754
490, 9.364763259887695, 0.09943583607673645, -1.3606553077697754
491, 9.364763259887695, 0.09943583607673645, -1.3606553077697754
492, 9.364763259887695, 0.09943583607673645, -1.3606553077697754
493, 9.364763259887695, 0.09943583607673645, -1.3606553077697754
494, 9.364763259887695, 0.09943583607673645, -1.3606553077697754
495, 9.339932441711426, 0.09943583607673645, -1.111891508102417
496, 9.315101623535156, 0.09943583607673645, -0.8631277084350586
497, 9.290270805358887, 0.09943583607673645, -0.6143639087677002
498, 9.265439987182617, 0.09943583607673645, -0.3656001091003418
499, 9.265439987182617, 0.09943583607673645, -0.3656001091003418
