1, 5.549406051635742, 2.8239920139312744, 0.33209049701690674
2, 5.549406051635742, 2.8239920139312744, 0.33209049701690674
3, 5.549406051635742, 2.8239920139312744, 0.33209049701690674
4, 5.549406051635742, 2.8239920139312744, 0.33209049701690674
5, 5.549406051635742, 2.8239920139312744, 0.33209049701690674
6, 5.549406051635742, 2.8239920139312744, 0.33209049701690674
7, 5.549406051635742, 2.8239920139312744, 0.33209049701690674
8, 5.549406051635742, 2.8239920139312744, 0.33209049701690674
9, 5.549406051635742, 2.8239920139312744, 0.33209049701690674
10, 5.549406051635742, 2.8239920139312744, 0.33209049701690674
11, 5.549406051635742, 2.8239920139312744, 0.33209049701690674
12, 5.549406051635742, 2.8239920139312744, 0.33209049701690674
13, 5.773488998413086, 2.8239920139312744, 0.44293683767318726
14, 5.99757194519043, 2.8239920139312744, 0.5537831783294678
15, 5.99757194519043, 2.8239920139312744, 0.5537831783294678
16, 6.247056484222412, 2.8239920139312744, 0.5377375483512878
17, 6.4965410232543945, 2.8239920139312744, 0.5216919183731079
18, 6.746025562286377, 2.8239920139312744, 0.505646288394928
19, 6.995510101318359, 2.8239920139312744, 0.48960065841674805
20, 7.244994640350342, 2.8239920139312744, 0.4735550284385681
21, 7.244994640350342, 2.8239920139312744, 0.4735550284385681
22, 7.453031539916992, 2.8239920139312744, 0.3349168300628662
23, 7.661068439483643, 2.8239920139312744, 0.1962786167860031
24, 7.661068439483643, 2.8239920139312744, 0.1962786167860031
25, 7.779181957244873, 2.8239920139312744, 0.18868213891983032
26, 7.779181957244873, 2.8239920139312744, 0.18868213891983032
27, 7.779182434082031, 2.8239920139312744, 0.188681960105896
28, 7.779182434082031, 2.8239920139312744, 0.188681960105896
29, 7.779182434082031, 2.8239920139312744, 0.188681960105896
30, 7.779182434082031, 2.8239920139312744, 0.188681960105896
31, 7.779182434082031, 2.8239920139312744, 0.188681960105896
32, 7.779182434082031, 2.8239920139312744, 0.188681960105896
33, 7.779182434082031, 2.8239920139312744, 0.188681960105896
34, 7.571145534515381, 2.8239920139312744, 0.3273201584815979
35, 7.571145534515381, 2.8239920139312744, 0.3273201584815979
36, 7.321660995483398, 2.8239920139312744, 0.34336578845977783
37, 7.072176456451416, 2.8239920139312744, 0.35941141843795776
38, 6.822691917419434, 2.8239920139312744, 0.3754570484161377
39, 6.573207378387451, 2.8239920139312744, 0.3915026783943176
40, 6.323722839355469, 2.8239920139312744, 0.40754830837249756
41, 6.323722839355469, 2.8239920139312744, 0.40754830837249756
42, 6.099639892578125, 2.8239920139312744, 0.29670196771621704
43, 5.875556945800781, 2.8239920139312744, 0.18585564196109772
44, 5.875556945800781, 2.8239920139312744, 0.18585564196109772
45, 5.736918926239014, 2.8239920139312744, -0.022181496024131775
46, 5.598280906677246, 2.8239920139312744, -0.23021863400936127
47, 5.4596428871154785, 2.8239920139312744, -0.43825578689575195
48, 5.4596428871154785, 2.8239920139312744, -0.43825578689575195
49, 5.4596428871154785, 2.8239920139312744, -0.43825578689575195
50, 5.321004867553711, 2.8239920139312744, -0.6462929248809814
51, 5.182366847991943, 2.8239920139312744, -0.8543300628662109
52, 5.182366847991943, 2.8239920139312744, -0.8543300628662109
53, 4.9582839012146, 2.8239920139312744, -0.9651764035224915
54, 4.9582839012146, 2.8239920139312744, -0.9651764035224915
55, 4.708799362182617, 2.8239920139312744, -0.9491307735443115
56, 4.708799362182617, 2.8239920139312744, -0.9491307735443115
57, 4.500761985778809, 2.8239920139312744, -0.8104925751686096
58, 4.500761985778809, 2.8239920139312744, -0.8104925751686096
59, 4.251277446746826, 2.8239920139312744, -0.7944469451904297
60, 4.001792907714844, 2.8239920139312744, -0.7784013748168945
61, 4.001792907714844, 2.8239920139312744, -0.7784013748168945
62, 3.777710199356079, 2.8239920139312744, -0.8892477750778198
63, 3.777710199356079, 2.8239920139312744, -0.8892477750778198
64, 3.5282256603240967, 2.8239920139312744, -0.8732022047042847
65, 3.2787411212921143, 2.8239920139312744, -0.8571566343307495
66, 3.029256582260132, 2.8239920139312744, -0.8411110639572144
67, 3.029256582260132, 2.8239920139312744, -0.8411110639572144
68, 2.8212194442749023, 2.8239920139312744, -0.7024728655815125
69, 2.613182306289673, 2.8239920139312744, -0.5638346672058105
70, 2.613182306289673, 2.8239920139312744, -0.5638346672058105
71, 2.502335786819458, 2.8239920139312744, -0.33975186944007874
72, 2.502335786819458, 2.8239920139312744, -0.33975186944007874
73, 2.502335786819458, 2.8239920139312744, -0.33975186944007874
74, 2.502335786819458, 2.8239920139312744, -0.33975186944007874
75, 2.502335786819458, 2.8239920139312744, -0.33975186944007874
76, 2.3914895057678223, 2.8239920139312744, -0.1156691312789917
77, 2.2806429862976074, 2.8239920139312744, 0.10841360688209534
78, 2.2806429862976074, 2.8239920139312744, 0.10841360688209534
79, 2.2806429862976074, 2.8239920139312744, 0.10841360688209534
80, 2.2806429862976074, 2.8239920139312744, 0.10841360688209534
81, 2.2806429862976074, 2.8239920139312744, 0.10841360688209534
82, 2.2806429862976074, 2.8239920139312744, 0.10841360688209534
83, 2.2806429862976074, 2.8239920139312744, 0.10841360688209534
84, 2.3914895057678223, 2.8239920139312744, -0.1156691312789917
85, 2.502336025238037, 2.8239920139312744, -0.33975186944007874
86, 2.613182544708252, 2.8239920139312744, -0.5638346076011658
87, 2.613182544708252, 2.8239920139312744, -0.5638346076011658
88, 2.8212196826934814, 2.8239920139312744, -0.7024727463722229
89, 3.029256820678711, 2.8239920139312744, -0.84111088514328
90, 3.029256820678711, 2.8239920139312744, -0.84111088514328
91, 3.029256820678711, 2.8239920139312744, -0.84111088514328
92, 3.029256820678711, 2.8239920139312744, -0.84111088514328
93, 3.2787413597106934, 2.8239920139312744, -0.8571564555168152
94, 3.528225898742676, 2.8239920139312744, -0.8732020258903503
95, 3.777710437774658, 2.8239920139312744, -0.8892475962638855
96, 3.777710437774658, 2.8239920139312744, -0.8892475962638855
97, 4.001793384552002, 2.8239920139312744, -0.7784011363983154
98, 4.225876331329346, 2.8239920139312744, -0.6675547361373901
99, 4.225876331329346, 2.8239920139312744, -0.6675547361373901
100, 4.225876331329346, 2.8239920139312744, -0.6675547361373901
101, 4.225876331329346, 2.8239920139312744, -0.6675547361373901
102, 4.225876331329346, 2.8239920139312744, -0.6675547361373901
103, 4.225876331329346, 2.8239920139312744, -0.6675547361373901
104, 4.225876331329346, 2.8239920139312744, -0.6675547361373901
105, 4.001793384552002, 2.8239920139312744, -0.7784011363983154
106, 3.7777106761932373, 2.8239920139312744, -0.8892475366592407
107, 3.7777106761932373, 2.8239920139312744, -0.8892475366592407
108, 3.528226137161255, 2.8239920139312744, -0.8732020258903503
109, 3.2787415981292725, 2.8239920139312744, -0.85715651512146
110, 3.02925705909729, 2.8239920139312744, -0.8411110043525696
111, 3.02925705909729, 2.8239920139312744, -0.8411110043525696
112, 2.8212199211120605, 2.8239920139312744, -0.7024729251861572
113, 2.613182783126831, 2.8239920139312744, -0.5638347864151001
114, 2.613182783126831, 2.8239920139312744, -0.5638347864151001
115, 2.613182783126831, 2.8239920139312744, -0.5638347864151001
116, 2.629228353500366, 2.8239920139312744, -0.3143502473831177
117, 2.629228353500366, 2.8239920139312744, -0.3143502473831177
118, 2.5183818340301514, 2.8239920139312744, -0.09026750922203064
119, 2.5183818340301514, 2.8239920139312744, -0.09026750922203064
120, 2.5183818340301514, 2.8239920139312744, -0.09026750922203064
121, 2.657019853591919, 2.8239920139312744, 0.11776971817016602
122, 4.54937744140625, -2.576007843017578, -1.6793115139007568
