1, -6.777914524078369, 0.01920294761657715, 1.5762228965759277
2, -6.777914524078369, 0.01920294761657715, 1.5762228965759277
3, -6.777914524078369, 0.01920294761657715, 1.5762228965759277
4, -6.777914524078369, 0.01920294761657715, 1.5762228965759277
5, -6.777914524078369, 0.01920294761657715, 1.5762228965759277
6, -6.777914524078369, 0.01920294761657715, 1.5762228965759277
7, -6.777914524078369, 0.01920294761657715, 1.5762228965759277
8, -6.777914524078369, 0.01920294761657715, 1.5762228965759277
9, -6.777914524078369, 0.01920294761657715, 1.5762228965759277
10, -6.777914524078369, 0.01920294761657715, 1.5762228965759277
11, -6.777914524078369, 0.01920294761657715, 1.5762228965759277
12, -6.777914524078369, 0.01920294761657715, 1.5762228965759277
13, -6.777914524078369, 0.01920294761657715, 1.5762228965759277
14, -6.530006408691406, 0.01920294761657715, 1.5439504384994507
15, -6.530006408691406, 0.01920294761657715, 1.5439504384994507
16, -6.299175262451172, 0.01920294761657715, 1.639955759048462
17, -6.299175262451172, 0.01920294761657715, 1.639955759048462
18, -6.147272109985352, 0.01920294761657715, 1.8385143280029297
19, -5.995368957519531, 0.01920294761657715, 2.0370728969573975
20, -5.995368957519531, 0.01920294761657715, 2.0370728969573975
21, -5.963096618652344, 0.01920294761657715, 2.2849812507629395
22, -5.930824279785156, 0.01920294761657715, 2.5328893661499023
23, -5.898551940917969, 0.01920294761657715, 2.7807974815368652
24, -5.898551940917969, 0.01920294761657715, 2.7807974815368652
25, -5.9945573806762695, 0.01920294761657715, 3.0116286277770996
26, -6.09056282043457, 0.01920294761657715, 3.242459774017334
27, -6.09056282043457, 0.01920294761657715, 3.242459774017334
28, -6.058290481567383, 0.01920294761657715, 3.490367889404297
29, -6.058290481567383, 0.01920294761657715, 3.490367889404297
30, -6.058290481567383, 0.01920294761657715, 3.490367889404297
31, -6.058290481567383, 0.01920294761657715, 3.490367889404297
32, -6.154295921325684, 0.01920294761657715, 3.7211990356445312
33, -6.154295921325684, 0.01920294761657715, 3.7211990356445312
34, -6.3528547286987305, 0.01920294761657715, 3.8731019496917725
35, -6.3528547286987305, 0.01920294761657715, 3.8731019496917725
36, -6.3528547286987305, 0.01920294761657715, 3.8731019496917725
37, -6.551413536071777, 0.01920294761657715, 4.025004863739014
38, -6.551413536071777, 0.01920294761657715, 4.025004863739014
39, -6.79932165145874, 0.01920294761657715, 4.057277202606201
40, -7.047229766845703, 0.01920294761657715, 4.089549541473389
41, -7.295137882232666, 0.01920294761657715, 4.121821880340576
42, -7.543045997619629, 0.01920294761657715, 4.154094219207764
43, -7.543045997619629, 0.01920294761657715, 4.154094219207764
44, -7.773877143859863, 0.01920294761657715, 4.058088779449463
45, -8.004708290100098, 0.01920294761657715, 3.962083339691162
46, -8.004708290100098, 0.01920294761657715, 3.962083339691162
47, -8.252616882324219, 0.01920294761657715, 3.9943559169769287
48, -8.50052547454834, 0.01920294761657715, 4.026628494262695
49, -8.748434066772461, 0.01920294761657715, 4.058900833129883
50, -8.748434066772461, 0.01920294761657715, 4.058900833129883
51, -8.979265213012695, 0.01920294761657715, 3.962895393371582
52, -9.21009635925293, 0.01920294761657715, 3.8668899536132812
53, -9.21009635925293, 0.01920294761657715, 3.8668899536132812
54, -9.21009635925293, 0.01920294761657715, 3.8668899536132812
55, -9.242368698120117, 0.01920294761657715, 3.6189818382263184
56, -9.274641036987305, 0.01920294761657715, 3.3710737228393555
57, -9.306913375854492, 0.01920294761657715, 3.1231656074523926
58, -9.306913375854492, 0.01920294761657715, 3.1231656074523926
59, -9.210907936096191, 0.01920294761657715, 2.892334461212158
60, -9.11490249633789, 0.01920294761657715, 2.661503314971924
61, -9.01889705657959, 0.01920294761657715, 2.4306721687316895
62, -9.01889705657959, 0.01920294761657715, 2.4306721687316895
63, -8.820338249206543, 0.01920294761657715, 2.2787692546844482
64, -8.621779441833496, 0.01920294761657715, 2.126866340637207
65, -8.621779441833496, 0.01920294761657715, 2.126866340637207
66, -8.373870849609375, 0.01920294761657715, 2.0945937633514404
67, -8.125962257385254, 0.01920294761657715, 2.062321186065674
68, -7.878054141998291, 0.01920294761657715, 2.0300486087799072
69, -7.630146026611328, 0.01920294761657715, 1.9977761507034302
70, -7.382237911224365, 0.01920294761657715, 1.9655036926269531
71, -7.134329795837402, 0.01920294761657715, 1.933231234550476
72, -6.8864216804504395, 0.01920294761657715, 1.900958776473999
73, -6.638513565063477, 0.01920294761657715, 1.868686318397522
74, -6.390605449676514, 0.01920294761657715, 1.836413860321045
75, -6.142697334289551, 0.01920294761657715, 1.8041414022445679
76, -5.894789218902588, 0.01920294761657715, 1.7718689441680908
77, -5.894789218902588, 0.01920294761657715, 1.7718689441680908
78, -5.6639580726623535, 0.01920294761657715, 1.867874264717102
79, -5.6639580726623535, 0.01920294761657715, 1.867874264717102
80, -5.416049957275391, 0.01920294761657715, 1.835601806640625
81, -5.168141841888428, 0.01920294761657715, 1.803329348564148
82, -4.920233726501465, 0.01920294761657715, 1.771056890487671
83, -4.920233726501465, 0.01920294761657715, 1.771056890487671
84, -4.6894025802612305, 0.01920294761657715, 1.8670622110366821
85, -4.458571434020996, 0.01920294761657715, 1.9630675315856934
86, -4.227740287780762, 0.01920294761657715, 2.059072971343994
87, -4.227740287780762, 0.01920294761657715, 2.059072971343994
88, -4.227740287780762, 0.01920294761657715, 2.059072971343994
89, -4.227740287780762, 0.01920294761657715, 2.059072971343994
90, -4.075837135314941, 0.01920294761657715, 2.257631540298462
91, -4.075837135314941, 0.01920294761657715, 2.257631540298462
92, -4.075837135314941, 0.01920294761657715, 2.257631540298462
93, -4.075837135314941, 0.01920294761657715, 2.257631540298462
94, -3.8772785663604736, 0.01920294761657715, 2.1057286262512207
95, -3.678719997406006, 0.01920294761657715, 1.9538257122039795
96, -3.480161428451538, 0.01920294761657715, 1.8019227981567383
97, -3.2816028594970703, 0.01920294761657715, 1.650019884109497
98, -3.2816028594970703, 0.01920294761657715, 1.650019884109497
99, -3.0336947441101074, 0.01920294761657715, 1.61774742603302
100, -2.7857866287231445, 0.01920294761657715, 1.585474967956543
101, -2.5378785133361816, 0.01920294761657715, 1.553202509880066
102, -2.2899703979492188, 0.01920294761657715, 1.5209300518035889
103, -2.2899703979492188, 0.01920294761657715, 1.5209300518035889
104, -2.2899703979492188, 0.01920294761657715, 1.5209300518035889
105, -2.2899703979492188, 0.01920294761657715, 1.5209300518035889
106, -2.2899703979492188, 0.01920294761657715, 1.5209300518035889
107, -2.2899703979492188, 0.01920294761657715, 1.5209300518035889
108, -2.2899703979492188, 0.01920294761657715, 1.5209300518035889
109, -2.5378785133361816, 0.01920294761657715, 1.553202509880066
110, -2.7857866287231445, 0.01920294761657715, 1.585474967956543
111, -3.0336947441101074, 0.01920294761657715, 1.61774742603302
112, -3.0336947441101074, 0.01920294761657715, 1.61774742603302
113, -3.264525890350342, 0.01920294761657715, 1.5217421054840088
114, -3.495357036590576, 0.01920294761657715, 1.4257367849349976
115, -3.7261881828308105, 0.01920294761657715, 1.3297314643859863
116, -3.7261881828308105, 0.01920294761657715, 1.3297314643859863
117, -3.7261881828308105, 0.01920294761657715, 1.3297314643859863
118, -3.957019329071045, 0.01920294761657715, 1.233726143836975
119, -4.187850475311279, 0.01920294761657715, 1.1377208232879639
120, -4.187850475311279, 0.01920294761657715, 1.1377208232879639
121, -4.187850475311279, 0.01920294761657715, 1.1377208232879639
122, -4.187850475311279, 0.01920294761657715, 1.1377208232879639
123, -4.187850475311279, 0.01920294761657715, 1.1377208232879639
124, -4.187850475311279, 0.01920294761657715, 1.1377208232879639
125, -3.9399423599243164, 0.01920294761657715, 1.1054483652114868
126, -3.9399423599243164, 0.01920294761657715, 1.1054483652114868
127, -3.709111213684082, 0.01920294761657715, 1.201453685760498
128, -3.4782800674438477, 0.01920294761657715, 1.2974590063095093
129, -3.2474489212036133, 0.01920294761657715, 1.3934643268585205
130, -3.2474489212036133, 0.01920294761657715, 1.3934643268585205
131, -2.9995408058166504, 0.01920294761657715, 1.3611918687820435
132, -2.7516326904296875, 0.01920294761657715, 1.3289194107055664
133, -2.5037245750427246, 0.01920294761657715, 1.2966469526290894
134, -2.5037245750427246, 0.01920294761657715, 1.2966469526290894
135, -2.2728934288024902, 0.01920294761657715, 1.3926522731781006
136, -2.042062282562256, 0.01920294761657715, 1.4886575937271118
137, -1.811231255531311, 0.01920294761657715, 1.584662914276123
138, -1.5804002285003662, 0.01920294761657715, 1.6806682348251343
139, -1.3495692014694214, 0.01920294761657715, 1.7766735553741455
140, -1.1187381744384766, 0.01920294761657715, 1.8726788759231567
141, -0.887907087802887, 0.01920294761657715, 1.968684196472168
142, -0.6570760011672974, 0.01920294761657715, 2.0646896362304688
143, -0.6570760011672974, 0.01920294761657715, 2.0646896362304688
144, -0.5051730871200562, 0.01920294761657715, 2.2632482051849365
145, -0.5051730871200562, 0.01920294761657715, 2.2632482051849365
146, -0.5051730871200562, 0.01920294761657715, 2.2632482051849365
147, -0.5051730871200562, 0.01920294761657715, 2.2632482051849365
148, -0.5051730871200562, 0.01920294761657715, 2.2632482051849365
149, -0.5051730871200562, 0.01920294761657715, 2.2632482051849365
150, -0.5051730871200562, 0.01920294761657715, 2.2632482051849365
151, -0.5051730871200562, 0.01920294761657715, 2.2632482051849365
152, -0.7360041737556458, 0.01920294761657715, 2.167243003845215
153, -0.8502574563026428, 0.01920294761657715, 2.1197237968444824
154, -0.8502574563026428, 0.01920294761657715, 2.1197237968444824
155, -0.8502574563026428, 0.01920294761657715, 2.1197237968444824
156, -0.8502574563026428, 0.01920294761657715, 2.1197237968444824
157, -0.8825299739837646, 0.01920294761657715, 1.87181556224823
158, -0.8825299739837646, 0.01920294761657715, 1.87181556224823
159, -0.8825299739837646, 0.01920294761657715, 1.87181556224823
160, -1.1133610010147095, 0.01920294761657715, 1.7758102416992188
161, -1.1133610010147095, 0.01920294761657715, 1.7758102416992188
162, -1.361269235610962, 0.01920294761657715, 1.8080826997756958
163, -1.6091774702072144, 0.01920294761657715, 1.8403551578521729
164, -1.6091774702072144, 0.01920294761657715, 1.8403551578521729
165, -1.6091774702072144, 0.01920294761657715, 1.8403551578521729
166, -1.6091774702072144, 0.01920294761657715, 1.8403551578521729
167, -1.6414499282836914, 0.01920294761657715, 1.5924469232559204
168, -1.6737223863601685, 0.01920294761657715, 1.344538688659668
169, -1.6737223863601685, 0.01920294761657715, 1.344538688659668
170, -1.5777170658111572, 0.01920294761657715, 1.1137076616287231
171, -1.481711745262146, 0.01920294761657715, 0.8828766345977783
172, -1.3857064247131348, 0.01920294761657715, 0.6520456075668335
173, -1.2897011041641235, 0.01920294761657715, 0.4212145507335663
174, -1.1936957836151123, 0.01920294761657715, 0.19038349390029907
175, -1.097690463066101, 0.01920294761657715, -0.04044756293296814
176, -1.0016851425170898, 0.01920294761657715, -0.27127861976623535
177, -0.9056798219680786, 0.01920294761657715, -0.5021096467971802
178, -0.8096745014190674, 0.01920294761657715, -0.732940673828125
179, -0.7136691808700562, 0.01920294761657715, -0.9637717008590698
180, -0.7136691808700562, 0.01920294761657715, -0.9637717008590698
181, -0.7459416389465332, 0.01920294761657715, -1.2116799354553223
182, -0.7459416389465332, 0.01920294761657715, -1.2116799354553223
183, -0.7459416389465332, 0.01920294761657715, -1.2116799354553223
184, -0.7459416389465332, 0.01920294761657715, -1.2116799354553223
185, -0.649936318397522, 0.01920294761657715, -1.442510962486267
186, -0.649936318397522, 0.01920294761657715, -1.442510962486267
187, -0.4513777494430542, 0.01920294761657715, -1.5944138765335083
188, -0.4513777494430542, 0.01920294761657715, -1.5944138765335083
189, -0.4513777494430542, 0.01920294761657715, -1.5944138765335083
190, -0.4513777494430542, 0.01920294761657715, -1.5944138765335083
191, -0.4513777494430542, 0.01920294761657715, -1.5944138765335083
192, -0.4513777494430542, 0.01920294761657715, -1.5944138765335083
193, -0.49828004837036133, 0.01920294761657715, -1.4816440343856812
194, -0.49828004837036133, 0.01920294761657715, -1.4816440343856812
195, -0.49828004837036133, 0.01920294761657715, -1.4816440343856812
196, -0.6968386173248291, 0.01920294761657715, -1.32974112033844
197, -0.6968386173248291, 0.01920294761657715, -1.32974112033844
198, -0.7928439378738403, 0.01920294761657715, -1.0989100933074951
199, -0.8888492584228516, 0.01920294761657715, -0.8680790066719055
200, -0.8888492584228516, 0.01920294761657715, -0.8680790066719055
201, -0.8565768003463745, 0.01920294761657715, -0.6201707720756531
202, -0.8565768003463745, 0.01920294761657715, -0.6201707720756531
203, -0.9525821208953857, 0.01920294761657715, -0.3893396854400635
204, -1.048587441444397, 0.01920294761657715, -0.15850859880447388
205, -1.1445927619934082, 0.01920294761657715, 0.07232248783111572
206, -1.1445927619934082, 0.01920294761657715, 0.07232248783111572
207, -1.343151330947876, 0.01920294761657715, 0.22422537207603455
208, -1.5417098999023438, 0.01920294761657715, 0.37612825632095337
209, -1.7402684688568115, 0.01920294761657715, 0.5280311107635498
210, -1.9388270378112793, 0.01920294761657715, 0.679934024810791
211, -2.137385606765747, 0.01920294761657715, 0.8318369388580322
212, -2.335944175720215, 0.01920294761657715, 0.9837398529052734
213, -2.5345027446746826, 0.01920294761657715, 1.1356427669525146
214, -2.7330613136291504, 0.01920294761657715, 1.2875456809997559
215, -2.931619882583618, 0.01920294761657715, 1.439448595046997
216, -3.130178451538086, 0.01920294761657715, 1.5913515090942383
217, -3.3287370204925537, 0.01920294761657715, 1.7432544231414795
218, -3.5272955894470215, 0.01920294761657715, 1.8951573371887207
219, -3.5272955894470215, 0.01920294761657715, 1.8951573371887207
220, -3.5272955894470215, 0.01920294761657715, 1.8951573371887207
221, -3.5272955894470215, 0.01920294761657715, 1.8951573371887207
222, -3.5272955894470215, 0.01920294761657715, 1.8951573371887207
223, -3.5272955894470215, 0.01920294761657715, 1.8951573371887207
224, -3.2793874740600586, 0.01920294761657715, 1.8628848791122437
225, -3.0314793586730957, 0.01920294761657715, 1.8306124210357666
226, -2.783571243286133, 0.01920294761657715, 1.7983399629592896
227, -2.53566312789917, 0.01920294761657715, 1.7660675048828125
228, -2.287755012512207, 0.01920294761657715, 1.7337950468063354
229, -2.039846897125244, 0.01920294761657715, 1.7015225887298584
230, -1.7919386625289917, 0.01920294761657715, 1.6692501306533813
231, -1.5440304279327393, 0.01920294761657715, 1.6369776725769043
232, -1.5440304279327393, 0.01920294761657715, 1.6369776725769043
233, -1.3131994009017944, 0.01920294761657715, 1.7329829931259155
234, -1.0823683738708496, 0.01920294761657715, 1.8289883136749268
235, -0.85153728723526, 0.01920294761657715, 1.924993634223938
236, -0.85153728723526, 0.01920294761657715, 1.924993634223938
237, -0.6996343731880188, 0.01920294761657715, 2.1235523223876953
238, -0.5477314591407776, 0.01920294761657715, 2.322110891342163
239, -0.5477314591407776, 0.01920294761657715, 2.322110891342163
240, -0.5154589414596558, 0.01920294761657715, 2.570019245147705
241, -0.4831864535808563, 0.01920294761657715, 2.817927360534668
242, -0.4509139657020569, 0.01920294761657715, 3.065835475921631
243, -0.41864147782325745, 0.01920294761657715, 3.3137435913085938
244, -0.41864147782325745, 0.01920294761657715, 3.3137435913085938
245, -0.41864147782325745, 0.01920294761657715, 3.3137435913085938
246, -0.41864147782325745, 0.01920294761657715, 3.3137435913085938
247, -0.41864147782325745, 0.01920294761657715, 3.3137435913085938
248, -0.41864147782325745, 0.01920294761657715, 3.3137435913085938
249, -0.41864147782325745, 0.01920294761657715, 3.3137435913085938
250, -0.4509139657020569, 0.01920294761657715, 3.065835475921631
251, -0.4831864535808563, 0.01920294761657715, 2.817927360534668
252, -0.5154589414596558, 0.01920294761657715, 2.570019245147705
253, -0.5477313995361328, 0.01920294761657715, 2.322111129760742
254, -0.5477313995361328, 0.01920294761657715, 2.322111129760742
255, -0.699634313583374, 0.01920294761657715, 2.1235525608062744
256, -0.699634313583374, 0.01920294761657715, 2.1235525608062744
257, -0.9143686890602112, 0.01920294761657715, 2.0342421531677246
258, -0.9143686890602112, 0.01920294761657715, 2.0342421531677246
259, -0.9143686890602112, 0.01920294761657715, 2.0342421531677246
260, -0.9143688678741455, 0.01920294761657715, 2.0342419147491455
261, -0.9143688678741455, 0.01920294761657715, 2.0342419147491455
262, -0.9466413259506226, 0.01920294761657715, 1.786333680152893
263, -0.9466413259506226, 0.01920294761657715, 1.786333680152893
264, -0.9466413259506226, 0.01920294761657715, 1.786333680152893
265, -1.1774723529815674, 0.01920294761657715, 1.6903283596038818
266, -1.4083033800125122, 0.01920294761657715, 1.5943230390548706
267, -1.4083033800125122, 0.01920294761657715, 1.5943230390548706
268, -1.6562116146087646, 0.01920294761657715, 1.6265954971313477
269, -1.904119849205017, 0.01920294761657715, 1.6588679552078247
270, -2.1520280838012695, 0.01920294761657715, 1.6911404132843018
271, -2.3999361991882324, 0.01920294761657715, 1.7234128713607788
272, -2.6478443145751953, 0.01920294761657715, 1.7556853294372559
273, -2.895752429962158, 0.01920294761657715, 1.787957787513733
274, -3.143660545349121, 0.01920294761657715, 1.82023024559021
275, -3.391568660736084, 0.01920294761657715, 1.852502703666687
276, -3.391568660736084, 0.01920294761657715, 1.852502703666687
277, -3.5901272296905518, 0.01920294761657715, 2.0044054985046387
278, -3.5901272296905518, 0.01920294761657715, 2.0044054985046387
279, -3.5901272296905518, 0.01920294761657715, 2.0044054985046387
280, -3.5901272296905518, 0.01920294761657715, 2.0044054985046387
281, -3.5901272296905518, 0.01920294761657715, 2.0044054985046387
282, -3.5901272296905518, 0.01920294761657715, 2.0044054985046387
283, -3.5901272296905518, 0.01920294761657715, 2.0044054985046387
284, -3.391568660736084, 0.01920294761657715, 1.8525025844573975
285, -3.391568660736084, 0.01920294761657715, 1.8525025844573975
286, -3.391568660736084, 0.01920294761657715, 1.8525025844573975
287, -3.391568660736084, 0.01920294761657715, 1.8525025844573975
288, -3.143660545349121, 0.01920294761657715, 1.8202301263809204
289, -2.895752429962158, 0.01920294761657715, 1.7879576683044434
290, -2.895752429962158, 0.01920294761657715, 1.7879576683044434
291, -2.895752429962158, 0.01920294761657715, 1.7879576683044434
292, -2.6478443145751953, 0.01920294761657715, 1.7556852102279663
293, -2.3999361991882324, 0.01920294761657715, 1.7234127521514893
294, -2.1520280838012695, 0.01920294761657715, 1.6911402940750122
295, -1.904119849205017, 0.01920294761657715, 1.6588678359985352
296, -1.6562116146087646, 0.01920294761657715, 1.626595377922058
297, -1.4083033800125122, 0.01920294761657715, 1.594322919845581
298, -1.4083033800125122, 0.01920294761657715, 1.594322919845581
299, -1.1774723529815674, 0.01920294761657715, 1.6903282403945923
300, -0.9466412663459778, 0.01920294761657715, 1.7863335609436035
301, -0.9466412663459778, 0.01920294761657715, 1.7863335609436035
302, -0.9466412663459778, 0.01920294761657715, 1.7863335609436035
303, -0.9466412663459778, 0.01920294761657715, 1.7863335609436035
304, -0.9466412663459778, 0.01920294761657715, 1.7863335609436035
305, -0.9466412663459778, 0.01920294761657715, 1.7863335609436035
306, -1.1945494413375854, 0.01920294761657715, 1.8186060190200806
307, -1.442457675933838, 0.01920294761657715, 1.8508784770965576
308, -1.442457675933838, 0.01920294761657715, 1.8508784770965576
309, -1.6732887029647827, 0.01920294761657715, 1.7548731565475464
310, -1.9041197299957275, 0.01920294761657715, 1.6588678359985352
311, -1.9041197299957275, 0.01920294761657715, 1.6588678359985352
312, -2.1520280838012695, 0.01920294761657715, 1.6911402940750122
313, -2.3999361991882324, 0.01920294761657715, 1.7234127521514893
314, -2.6478443145751953, 0.01920294761657715, 1.7556852102279663
315, -2.895752429962158, 0.01920294761657715, 1.7879576683044434
316, -3.143660545349121, 0.01920294761657715, 1.8202301263809204
317, -3.391568660736084, 0.01920294761657715, 1.8525025844573975
318, -3.391568660736084, 0.01920294761657715, 1.8525025844573975
319, -3.5901272296905518, 0.01920294761657715, 2.0044054985046387
320, -3.5901272296905518, 0.01920294761657715, 2.0044054985046387
321, -3.5901272296905518, 0.01920294761657715, 2.0044054985046387
322, -3.557854652404785, 0.006333410739898682, 2.2523136138916016
323, -3.5334346294403076, -0.04810291528701782, 2.43990159034729
324, -3.5334346294403076, -0.04810291528701782, 2.43990159034729
325, -3.6294400691986084, -0.079579658806324, 2.6707327365875244
326, -3.725445508956909, -0.11306639015674591, 2.901563882827759
327, -3.8164408206939697, -0.24745598435401917, 3.1203489303588867
328, -3.8164408206939697, -0.24745598435401917, 3.1203489303588867
329, -3.8164408206939697, -0.24745598435401917, 3.1203489303588867
330, -3.8164408206939697, -0.24745598435401917, 3.1203489303588867
331, -3.8164408206939697, -0.24745598435401917, 3.1203489303588867
332, -3.8164408206939697, -0.24745598435401917, 3.1203489303588867
333, -3.8164408206939697, -0.24745598435401917, 3.1203489303588867
334, -3.949781894683838, -0.34100228548049927, 3.2223587036132812
335, -3.949781894683838, -0.34100228548049927, 3.2223587036132812
336, -3.949781894683838, -0.34100228548049927, 3.2223587036132812
337, -3.9425418376922607, -0.37355682253837585, 3.277974843978882
338, -3.9425418376922607, -0.37355682253837585, 3.277974843978882
339, -3.9425418376922607, -0.37355682253837585, 3.277974843978882
340, -3.9425418376922607, -0.37355682253837585, 3.277974843978882
341, -3.9425418376922607, -0.37355682253837585, 3.277974843978882
342, -3.949781894683838, -0.3786360025405884, 3.2835135459899902
343, -3.949781894683838, -0.3786360025405884, 3.2835135459899902
344, -3.949781894683838, -0.3786360025405884, 3.2835135459899902
345, -3.949781894683838, -0.3786360025405884, 3.2835135459899902
346, -3.948408603668213, -0.37942373752593994, 3.285308599472046
347, -3.948408603668213, -0.37942373752593994, 3.285308599472046
348, -3.948408603668213, -0.37942373752593994, 3.285308599472046
349, -3.948408603668213, -0.37942373752593994, 3.285308599472046
350, -3.948408603668213, -0.37942373752593994, 3.285308599472046
351, -3.948408603668213, -0.37942373752593994, 3.285308599472046
352, -3.948408603668213, -0.37942373752593994, 3.285308599472046
353, -3.948408603668213, -0.37942373752593994, 3.285308599472046
354, -3.948408603668213, -0.37942373752593994, 3.285308599472046
355, -3.948408603668213, -0.37942373752593994, 3.285308599472046
356, -3.948408603668213, -0.37942373752593994, 3.285308599472046
357, -3.949781894683838, -0.3803873062133789, 3.2863593101501465
358, -3.949781894683838, -0.3803873062133789, 3.2863593101501465
359, -3.949781894683838, -0.3803873062133789, 3.2863593101501465
360, -3.949781894683838, -0.3803873062133789, 3.2863593101501465
361, -3.949781894683838, -0.3803873062133789, 3.2863593101501465
362, -3.949781894683838, -0.3803873062133789, 3.2863593101501465
363, -3.949781894683838, -0.3803873062133789, 3.2863593101501465
364, -3.949781894683838, -0.3803873062133789, 3.2863593101501465
365, -3.949521541595459, -0.38053658604621887, 3.2866995334625244
366, -3.949521541595459, -0.38053658604621887, 3.2866995334625244
367, -3.949521541595459, -0.3805365562438965, 3.2866995334625244
368, -3.949521541595459, -0.3805365562438965, 3.2866995334625244
369, -3.949521541595459, -0.3805365562438965, 3.2866995334625244
370, -3.949521541595459, -0.3805365562438965, 3.2866995334625244
371, -3.949521541595459, -0.3805365562438965, 3.2866995334625244
372, -3.949521541595459, -0.3805365562438965, 3.2866995334625244
373, -3.853516101837158, -0.2163315713405609, 3.05586838722229
374, -3.7575106620788574, -0.08262290060520172, 2.8250372409820557
375, -3.6615052223205566, -0.05114613473415375, 2.5942060947418213
376, -3.6615052223205566, -0.05114613473415375, 2.5942060947418213
377, -3.6615052223205566, -0.05114613473415375, 2.5942060947418213
378, -3.6615052223205566, -0.05114613473415375, 2.5942060947418213
379, -3.6615052223205566, -0.05114613473415375, 2.5942060947418213
380, -3.6615052223205566, -0.05114613473415375, 2.5942060947418213
381, -3.62923264503479, -0.12308691442012787, 2.8421144485473633
382, -3.6038591861724854, -0.18079686164855957, 3.037024974822998
383, -3.6038591861724854, -0.18079686164855957, 3.037024974822998
384, -3.6038591861724854, -0.18079686164855957, 3.037024974822998
385, -3.6038591861724854, -0.18079686164855957, 3.037024974822998
386, -3.6038591861724854, -0.18079686164855957, 3.037024974822998
387, -3.6038591861724854, -0.18079686164855957, 3.037024974822998
388, -3.6038591861724854, -0.18079686164855957, 3.037024974822998
389, -3.6038591861724854, -0.18079686164855957, 3.037024974822998
390, -3.8346903324127197, -0.14131096005439758, 2.9410195350646973
391, -3.8346903324127197, -0.14131096005439758, 2.9410195350646973
392, -3.8346903324127197, -0.14131096005439758, 2.9410195350646973
393, -3.949781894683838, -0.22205409407615662, 3.0290677547454834
394, -3.949781894683838, -0.22205409407615662, 3.0290677547454834
395, -3.949781894683838, -0.22205409407615662, 3.0290677547454834
396, -3.949781894683838, -0.22205409407615662, 3.0290677547454834
397, -3.920900821685791, -0.3519158661365509, 3.2509236335754395
398, -3.920900821685791, -0.3519158661365509, 3.2509236335754395
399, -3.920900821685791, -0.3519158661365509, 3.2509236335754395
400, -3.920900821685791, -0.3519159257411957, 3.2509236335754395
401, -3.920900821685791, -0.3519159257411957, 3.2509236335754395
402, -3.949781894683838, -0.37217745184898376, 3.2730183601379395
403, -3.949781894683838, -0.37217745184898376, 3.2730183601379395
404, -3.949781894683838, -0.37217745184898376, 3.2730183601379395
405, -3.949781894683838, -0.37217745184898376, 3.2730183601379395
406, -3.949781894683838, -0.37217745184898376, 3.2730183601379395
407, -3.949781894683838, -0.37217745184898376, 3.2730183601379395
408, -3.949781894683838, -0.37217745184898376, 3.2730183601379395
409, -3.949781894683838, -0.37217745184898376, 3.2730183601379395
410, -3.9443044662475586, -0.3753194510936737, 3.2801780700683594
411, -3.9443044662475586, -0.3753194510936737, 3.2801780700683594
412, -3.9443044662475586, -0.3753194212913513, 3.2801780700683594
413, -3.9443044662475586, -0.3753194212913513, 3.2801780700683594
414, -3.9443044662475586, -0.37531936168670654, 3.2801780700683594
415, -3.9443044662475586, -0.37531936168670654, 3.2801780700683594
416, -3.9443044662475586, -0.37531936168670654, 3.2801780700683594
417, -3.9443044662475586, -0.37531936168670654, 3.2801780700683594
418, -3.9443044662475586, -0.37531936168670654, 3.2801780700683594
419, -3.9443044662475586, -0.37531936168670654, 3.2801780700683594
420, -3.9443044662475586, -0.37531936168670654, 3.2801780700683594
421, -3.949781894683838, -0.3791621923446655, 3.2843685150146484
422, -3.949781894683838, -0.3791621923446655, 3.2843685150146484
423, -3.949781894683838, -0.3791621923446655, 3.2843685150146484
424, -3.949781894683838, -0.3791621923446655, 3.2843685150146484
425, -3.949781894683838, -0.3791621923446655, 3.2843685150146484
426, -3.949781894683838, -0.3791621923446655, 3.2843685150146484
427, -3.949781894683838, -0.3791621923446655, 3.2843685150146484
428, -3.949781894683838, -0.3791621923446655, 3.2843685150146484
429, -3.949781894683838, -0.3791621923446655, 3.2843685150146484
430, -3.853776454925537, -0.21495717763900757, 3.053537368774414
431, -3.7577710151672363, -0.08195860683917999, 2.8227062225341797
432, -3.7577710151672363, -0.08195860683917999, 2.8227062225341797
433, -3.790043592453003, -0.010017886757850647, 2.574798107147217
434, -3.790043592453003, -0.010017886757850647, 2.574798107147217
435, -3.941946506500244, 0.01920294761657715, 2.376239538192749
436, -4.093849182128906, 0.01920294761657715, 2.1776809692382812
437, -4.093849182128906, 0.01920294761657715, 2.1776809692382812
438, -4.324680328369141, 0.01920294761657715, 2.0816755294799805
439, -4.555511474609375, 0.01920294761657715, 1.9856702089309692
440, -4.555511474609375, 0.01920294761657715, 1.9856702089309692
441, -4.803419589996338, 0.01920294761657715, 2.0179426670074463
442, -5.051327705383301, 0.01920294761657715, 2.050215244293213
443, -5.299235820770264, 0.01920294761657715, 2.0824878215789795
444, -5.547143936157227, 0.01920294761657715, 2.114760398864746
445, -5.547143936157227, 0.01920294761657715, 2.114760398864746
446, -5.745702743530273, 0.01920294761657715, 2.2666633129119873
447, -5.745702743530273, 0.01920294761657715, 2.2666633129119873
448, -5.841708183288574, 0.01920294761657715, 2.4974944591522217
449, -5.937713623046875, 0.01920294761657715, 2.728325605392456
450, -6.033719062805176, 0.01920294761657715, 2.9591567516326904
451, -6.033719062805176, 0.01920294761657715, 2.9591567516326904
452, -6.033719062805176, 0.01920294761657715, 2.9591567516326904
453, -6.033719062805176, 0.01920294761657715, 2.9591567516326904
454, -6.033719062805176, 0.01920294761657715, 2.9591567516326904
455, -6.033719062805176, 0.01920294761657715, 2.9591567516326904
456, -6.033719062805176, 0.01920294761657715, 2.9591567516326904
457, -5.937713623046875, 0.01920294761657715, 2.728325605392456
458, -5.841708183288574, 0.01920294761657715, 2.4974944591522217
459, -5.745702743530273, 0.01920294761657715, 2.2666633129119873
460, -5.745702743530273, 0.01920294761657715, 2.2666633129119873
461, -5.745702743530273, 0.01920294761657715, 2.2666633129119873
462, -5.4977946281433105, 0.01920294761657715, 2.2343907356262207
463, -5.249886512756348, 0.01920294761657715, 2.202118158340454
464, -5.001978397369385, 0.01920294761657715, 2.1698455810546875
465, -4.754070281982422, 0.01920294761657715, 2.137573003768921
466, -4.506162166595459, 0.01920294761657715, 2.1053004264831543
467, -4.506162166595459, 0.01920294761657715, 2.1053004264831543
468, -4.506162166595459, 0.01920294761657715, 2.1053004264831543
469, -4.258254051208496, 0.01920294761657715, 2.0730278491973877
470, -4.258254051208496, 0.01920294761657715, 2.0730278491973877
471, -4.059695243835449, 0.01920294761657715, 1.9211249351501465
472, -4.059695243835449, 0.01920294761657715, 1.9211249351501465
473, -3.8117871284484863, 0.01920294761657715, 1.8888524770736694
474, -3.5638790130615234, 0.01920294761657715, 1.8565800189971924
475, -3.3159708976745605, 0.01920294761657715, 1.8243075609207153
476, -3.0680627822875977, 0.01920294761657715, 1.7920351028442383
477, -3.0680627822875977, 0.01920294761657715, 1.7920351028442383
478, -3.0680627822875977, 0.01920294761657715, 1.7920351028442383
479, -2.8201546669006348, 0.01920294761657715, 1.7597626447677612
480, -2.8201546669006348, 0.01920294761657715, 1.7597626447677612
481, -2.8201546669006348, 0.01920294761657715, 1.7597626447677612
482, -2.572246551513672, 0.01920294761657715, 1.7274901866912842
483, -2.324338436126709, 0.01920294761657715, 1.6952177286148071
484, -2.076430320739746, 0.01920294761657715, 1.66294527053833
485, -1.8285220861434937, 0.01920294761657715, 1.630672812461853
486, -1.5806138515472412, 0.01920294761657715, 1.598400354385376
487, -1.5806138515472412, 0.01920294761657715, 1.598400354385376
488, -1.3497828245162964, 0.01920294761657715, 1.6944056749343872
489, -1.1189517974853516, 0.01920294761657715, 1.7904109954833984
490, -0.888120710849762, 0.01920294761657715, 1.8864163160324097
491, -0.888120710849762, 0.01920294761657715, 1.8864163160324097
492, -0.888120710849762, 0.01920294761657715, 1.8864163160324097
493, -0.888120710849762, 0.01920294761657715, 1.8864163160324097
494, -0.7362177968025208, 0.01920294761657715, 2.084974765777588
495, -0.5843148827552795, 0.01920294761657715, 2.2835333347320557
496, -0.5843148827552795, 0.01920294761657715, 2.2835333347320557
497, -0.5843148827552795, 0.01920294761657715, 2.2835333347320557
498, -0.5843148827552795, 0.01920294761657715, 2.2835333347320557
499, -0.5843148827552795, 0.01920294761657715, 2.2835333347320557
