1, -1.121029257774353, 0.16337794065475464, -7.114623069763184
2, -1.121029257774353, 0.16337794065475464, -7.114623069763184
3, -1.121029257774353, 0.16337794065475464, -7.114623069763184
4, -1.121029257774353, 0.16337794065475464, -7.114623069763184
5, -1.121029257774353, 0.16337794065475464, -7.114623069763184
6, -1.121029257774353, 0.16337794065475464, -7.114623069763184
7, -1.121029257774353, 0.16337794065475464, -7.114623069763184
8, -1.121029257774353, 0.16337794065475464, -7.114623069763184
9, -1.121029257774353, 0.16337794065475464, -7.114623069763184
10, -1.121029257774353, 0.16337794065475464, -7.114623069763184
11, -1.121029257774353, 0.16337794065475464, -7.114623069763184
12, -1.121029257774353, 0.16337794065475464, -7.114623069763184
13, -1.121029257774353, 0.16337794065475464, -7.114623069763184
14, -1.121029257774353, 0.16337794065475464, -7.114623069763184
15, -0.8948652744293213, 0.16337794065475464, -7.221158504486084
16, -0.8948652744293213, 0.16337794065475464, -7.221158504486084
17, -0.6457337141036987, 0.16337794065475464, -7.200338840484619
18, -0.6457337141036987, 0.16337794065475464, -7.200338840484619
19, -0.44038915634155273, 0.16337794065475464, -7.057743072509766
20, -0.23504459857940674, 0.16337794065475464, -6.915147304534912
21, -0.23504459857940674, 0.16337794065475464, -6.915147304534912
22, -0.12850895524024963, 0.16337794065475464, -6.68898344039917
23, -0.02197331190109253, 0.16337794065475464, -6.462819576263428
24, -0.02197331190109253, 0.16337794065475464, -6.462819576263428
25, 0.18337126076221466, 0.16337794065475464, -6.320223808288574
26, 0.38871583342552185, 0.16337794065475464, -6.1776275634765625
27, 0.5940604209899902, 0.16337794065475464, -6.035031318664551
28, 0.5940604209899902, 0.16337794065475464, -6.035031318664551
29, 0.5940604209899902, 0.16337794065475464, -6.035031318664551
30, 0.5940604209899902, 0.16337794065475464, -6.035031318664551
31, 0.5940604209899902, 0.16337794065475464, -6.035031318664551
32, 0.5940604209899902, 0.16337794065475464, -6.035031318664551
33, 0.5940604209899902, 0.16337794065475464, -6.035031318664551
34, 0.5940604209899902, 0.16337794065475464, -6.035031318664551
35, 0.8431919813156128, 0.16337794065475464, -6.014211654663086
36, 1.0923235416412354, 0.16337794065475464, -5.993391990661621
37, 1.341455101966858, 0.16337794065475464, -5.972572326660156
38, 1.5905866622924805, 0.16337794065475464, -5.951752662658691
39, 1.839718222618103, 0.16337794065475464, -5.930932998657227
40, 2.0888497829437256, 0.16337794065475464, -5.910113334655762
41, 2.0888497829437256, 0.16337794065475464, -5.910113334655762
42, 2.294194221496582, 0.16337794065475464, -5.767517566680908
43, 2.4995388984680176, 0.16337794065475464, -5.624921798706055
44, 2.704883575439453, 0.16337794065475464, -5.482326030731201
45, 2.704883575439453, 0.16337794065475464, -5.482326030731201
46, 2.704883575439453, 0.16337794065475464, -5.482326030731201
47, 2.704883575439453, 0.16337794065475464, -5.482326030731201
48, 2.704883575439453, 0.16337794065475464, -5.482326030731201
49, 2.704883575439453, 0.16337794065475464, -5.482326030731201
50, 2.455751895904541, 0.16337794065475464, -5.503145217895508
51, 2.206620216369629, 0.16337794065475464, -5.5239644050598145
52, 1.9574886560440063, 0.16337794065475464, -5.544783592224121
53, 1.7083570957183838, 0.16337794065475464, -5.565602779388428
54, 1.4592255353927612, 0.16337794065475464, -5.586421966552734
55, 1.2100939750671387, 0.16337794065475464, -5.607241153717041
56, 0.9609623551368713, 0.16337794065475464, -5.628060340881348
57, 0.9609623551368713, 0.16337794065475464, -5.628060340881348
58, 0.7556177377700806, 0.16337794065475464, -5.770656108856201
59, 0.5502731800079346, 0.16337794065475464, -5.913251876831055
60, 0.5502731800079346, 0.16337794065475464, -5.913251876831055
61, 0.4437375068664551, 0.16337794065475464, -6.139415740966797
62, 0.3372018337249756, 0.16337794065475464, -6.365579605102539
63, 0.2306661754846573, 0.16337794065475464, -6.591743469238281
64, 0.2306661754846573, 0.16337794065475464, -6.591743469238281
65, 0.025321587920188904, 0.16337794065475464, -6.734339237213135
66, -0.18002299964427948, 0.16337794065475464, -6.876935005187988
67, -0.38536757230758667, 0.16337794065475464, -7.019530773162842
68, -0.5907121896743774, 0.16337794065475464, -7.162126541137695
69, -0.5907121896743774, 0.16337794065475464, -7.162126541137695
70, -0.83984375, 0.16337794065475464, -7.182945728302002
71, -1.0889753103256226, 0.16337794065475464, -7.203764915466309
72, -1.0889753103256226, 0.16337794065475464, -7.203764915466309
73, -1.3151392936706543, 0.16337794065475464, -7.09722900390625
74, -1.3151392936706543, 0.16337794065475464, -7.09722900390625
75, -1.5642708539962769, 0.16337794065475464, -7.118048191070557
76, -1.5642708539962769, 0.16337794065475464, -7.118048191070557
77, -1.5642708539962769, 0.16337794065475464, -7.118048191070557
78, -1.5642708539962769, 0.16337794065475464, -7.118048191070557
79, -1.7696154117584229, 0.16337794065475464, -7.26064395904541
80, -1.7696154117584229, 0.16337794065475464, -7.26064395904541
81, -1.8315383195877075, 0.16337794065475464, -7.392099857330322
82, -1.8315383195877075, 0.16337794065475464, -7.392099857330322
83, -1.8315383195877075, 0.16337794065475464, -7.392099857330322
84, -1.8315383195877075, 0.16337794065475464, -7.392099857330322
85, -2.0577023029327393, 0.16337794065475464, -7.285564422607422
86, -2.2838664054870605, 0.16337794065475464, -7.179028511047363
87, -2.2838664054870605, 0.16337794065475464, -7.179028511047363
88, -2.5329980850219727, 0.16337794065475464, -7.19984769821167
89, -2.7821297645568848, 0.16337794065475464, -7.220666885375977
90, -3.031261444091797, 0.16337794065475464, -7.241486072540283
91, -3.280393123626709, 0.16337794065475464, -7.26230525970459
92, -3.280393123626709, 0.16337794065475464, -7.26230525970459
93, -3.280393123626709, 0.16337794065475464, -7.26230525970459
94, -3.529524803161621, 0.16337794065475464, -7.2831244468688965
95, -3.778656482696533, 0.16337794065475464, -7.303943634033203
96, -4.027788162231445, 0.16337794065475464, -7.32476282119751
97, -4.027788162231445, 0.16337794065475464, -7.32476282119751
98, -4.027788162231445, 0.16337794065475464, -7.32476282119751
99, -4.276919841766357, 0.16337794065475464, -7.345582008361816
100, -4.5260515213012695, 0.16337794065475464, -7.366401195526123
101, -4.5260515213012695, 0.16337794065475464, -7.366401195526123
102, -4.752215385437012, 0.16337794065475464, -7.259865760803223
103, -4.830731391906738, 0.16337794065475464, -7.2228803634643555
104, -4.830731391906738, 0.16337794065475464, -7.2228803634643555
105, -4.830731391906738, 0.16337794065475464, -7.2228803634643555
106, -4.830731391906738, 0.16337794065475464, -7.2228803634643555
107, -4.830731391906738, 0.16337794065475464, -7.2228803634643555
108, -4.830731391906738, 0.16337794065475464, -7.2228803634643555
109, -4.830731391906738, 0.16337794065475464, -7.2228803634643555
110, -4.830731391906738, 0.16337794065475464, -7.2228803634643555
111, -4.830731391906738, 0.16337794065475464, -7.2228803634643555
112, -4.830731391906738, 0.16337794065475464, -7.2228803634643555
113, -4.830731391906738, 0.16337794065475464, -7.2228803634643555
114, -4.830731391906738, 0.16337794065475464, -7.2228803634643555
115, -4.830731391906738, 0.16337794065475464, -7.2228803634643555
116, -4.830731391906738, 0.16337794065475464, -7.2228803634643555
117, -4.830731391906738, 0.16337794065475464, -7.2228803634643555
118, -5.07986307144165, 0.16337794065475464, -7.243699550628662
119, -5.07986307144165, 0.16337794065475464, -7.243699550628662
120, -5.07986307144165, 0.16337794065475464, -7.243699550628662
121, -5.07986307144165, 0.16337794065475464, -7.243699550628662
122, -5.100682735443115, 0.16337794065475464, -6.99456787109375
123, -5.100682735443115, 0.16337794065475464, -6.99456787109375
124, -5.047001361846924, 0.16337794065475464, -6.880607604980469
125, -5.047001361846924, 0.16337794065475464, -6.880607604980469
126, -5.047001361846924, 0.16337794065475464, -6.880607604980469
127, -5.047001361846924, 0.16337794065475464, -6.880607604980469
128, -5.047001361846924, 0.16337794065475464, -6.880607604980469
129, -5.047001361846924, 0.16337794065475464, -6.880607604980469
130, -5.047001361846924, 0.16337794065475464, -6.880607604980469
131, -5.047001361846924, 0.16337794065475464, -6.880607604980469
132, -5.047001361846924, 0.16337794065475464, -6.880607604980469
133, -5.047001361846924, 0.16337794065475464, -6.880607604980469
134, -5.047001361846924, 0.16337794065475464, -6.880607604980469
135, -5.047001361846924, 0.16337794065475464, -6.880607604980469
136, -5.047001361846924, 0.16337794065475464, -6.880607604980469
137, -5.067821025848389, 0.16337794065475464, -6.631475925445557
138, -5.0886406898498535, 0.16337794065475464, -6.3823442459106445
139, -5.0886406898498535, 0.16337794065475464, -6.3823442459106445
140, -5.231236457824707, 0.16337794065475464, -6.176999568939209
141, -5.231236457824707, 0.16337794065475464, -6.176999568939209
142, -5.231236457824707, 0.16337794065475464, -6.176999568939209
143, -5.231236457824707, 0.16337794065475464, -6.176999568939209
144, -5.231236457824707, 0.16337794065475464, -6.176999568939209
145, -5.231236457824707, 0.16337794065475464, -6.176999568939209
146, -5.231236457824707, 0.16337794065475464, -6.176999568939209
147, -5.231236457824707, 0.16337794065475464, -6.176999568939209
148, -5.231236457824707, 0.16337794065475464, -6.176999568939209
149, -5.231236457824707, 0.16337794065475464, -6.176999568939209
150, -5.231236457824707, 0.16337794065475464, -6.176999568939209
151, -5.231236457824707, 0.16337794065475464, -6.176999568939209
152, -5.231236457824707, 0.16337794065475464, -6.176999568939209
153, -5.231236457824707, 0.16337794065475464, -6.176999568939209
154, -5.231236457824707, 0.16337794065475464, -6.176999568939209
155, -5.0886406898498535, 0.16337794065475464, -6.3823442459106445
156, -5.0886406898498535, 0.16337794065475464, -6.3823442459106445
157, -5.067821502685547, 0.16337794065475464, -6.631475925445557
158, -5.04700231552124, 0.16337794065475464, -6.880607604980469
159, -5.047001361846924, 0.16337794065475464, -6.880619049072266
160, -5.047001361846924, 0.16337794065475464, -6.880619049072266
161, -5.153536796569824, 0.16337794065475464, -7.106782913208008
162, -5.153536796569824, 0.16337794065475464, -7.106782913208008
163, -5.153536796569824, 0.16337794065475464, -7.106782913208008
164, -5.010941028594971, 0.16337794065475464, -7.312127590179443
165, -5.010941028594971, 0.16337794065475464, -7.312127590179443
166, -5.010941028594971, 0.16337794065475464, -7.312127590179443
167, -4.761809349060059, 0.16337794065475464, -7.291308403015137
168, -4.5126776695251465, 0.16337794065475464, -7.27048921585083
169, -4.5126776695251465, 0.16337794065475464, -7.27048921585083
170, -4.286513805389404, 0.16337794065475464, -7.3770246505737305
171, -4.286513805389404, 0.16337794065475464, -7.3770246505737305
172, -4.037382125854492, 0.16337794065475464, -7.356205463409424
173, -3.78825044631958, 0.16337794065475464, -7.335386276245117
174, -3.78825044631958, 0.16337794065475464, -7.335386276245117
175, -3.78825044631958, 0.16337794065475464, -7.335386276245117
176, -3.78825044631958, 0.16337794065475464, -7.335386276245117
177, -3.78825044631958, 0.16337794065475464, -7.335386276245117
178, -3.539118766784668, 0.16337794065475464, -7.3145670890808105
179, -3.289987087249756, 0.16337794065475464, -7.293747901916504
180, -3.0408554077148438, 0.16337794065475464, -7.272928714752197
181, -2.7917237281799316, 0.16337794065475464, -7.252109527587891
182, -2.5425920486450195, 0.16337794065475464, -7.231290340423584
183, -2.2934603691101074, 0.16337794065475464, -7.210471153259277
184, -2.0443286895751953, 0.16337794065475464, -7.189651966094971
185, -1.7951971292495728, 0.16337794065475464, -7.168832778930664
186, -1.5460655689239502, 0.16337794065475464, -7.148013591766357
187, -1.2969340085983276, 0.16337794065475464, -7.127194404602051
188, -1.047802448272705, 0.16337794065475464, -7.106375217437744
189, -0.7986708879470825, 0.16337794065475464, -7.0855560302734375
190, -0.7986708879470825, 0.16337794065475464, -7.0855560302734375
191, -0.5725069046020508, 0.16337794065475464, -7.192091941833496
192, -0.34634292125701904, 0.16337794065475464, -7.298627853393555
193, -0.34634292125701904, 0.16337794065475464, -7.298627853393555
194, -0.34634292125701904, 0.16337794065475464, -7.298627853393555
195, -0.34634292125701904, 0.16337794065475464, -7.298627853393555
196, -0.34634292125701904, 0.16337794065475464, -7.298627853393555
197, -0.34634292125701904, 0.16337794065475464, -7.298627853393555
198, -0.34634292125701904, 0.16337794065475464, -7.298627853393555
199, -0.5725069046020508, 0.16337794065475464, -7.192091941833496
200, -0.7986708879470825, 0.16337794065475464, -7.0855560302734375
201, -0.7986708879470825, 0.16337794065475464, -7.0855560302734375
202, -1.047802448272705, 0.16337794065475464, -7.106375217437744
203, -1.2969340085983276, 0.16337794065475464, -7.127194404602051
204, -1.5460655689239502, 0.16337794065475464, -7.148013591766357
205, -1.7951971292495728, 0.16337794065475464, -7.168832778930664
206, -2.0443286895751953, 0.16337794065475464, -7.189651966094971
207, -2.2934603691101074, 0.16337794065475464, -7.210471153259277
208, -2.5425920486450195, 0.16337794065475464, -7.231290340423584
209, -2.5425920486450195, 0.16337794065475464, -7.231290340423584
210, -2.5425920486450195, 0.16337794065475464, -7.231290340423584
211, -2.5425920486450195, 0.16337794065475464, -7.231290340423584
212, -2.5425920486450195, 0.16337794065475464, -7.231290340423584
213, -2.5425920486450195, 0.16337794065475464, -7.231290340423584
214, -2.5425920486450195, 0.16337794065475464, -7.231290340423584
215, -2.2934603691101074, 0.16337794065475464, -7.210470676422119
216, -2.2934603691101074, 0.16337794065475464, -7.210470676422119
217, -2.2934603691101074, 0.16337794065475464, -7.210470676422119
218, -2.250121593475342, 0.16337794065475464, -7.272880554199219
219, -2.250121593475342, 0.16337794065475464, -7.272880554199219
220, -2.250121593475342, 0.16337794065475464, -7.272880554199219
221, -2.250121593475342, 0.16337794065475464, -7.272880554199219
222, -2.0009899139404297, 0.16337794065475464, -7.252060890197754
223, -2.0009899139404297, 0.16337794065475464, -7.252060890197754
224, -2.0009899139404297, 0.16337794065475464, -7.252060890197754
225, -2.0009899139404297, 0.16337794065475464, -7.252060890197754
226, -1.9874261617660522, 0.16337794065475464, -7.414369583129883
227, -1.9874261617660522, 0.16337794065475464, -7.414369583129883
228, -1.9874261617660522, 0.16337794065475464, -7.414369583129883
229, -1.9874261617660522, 0.16337794065475464, -7.414369583129883
230, -1.9874261617660522, 0.16337794065475464, -7.414369583129883
231, -1.9874261617660522, 0.16337794065475464, -7.414369583129883
232, -1.9874261617660522, 0.16337794065475464, -7.414369583129883
233, -1.9874261617660522, 0.16337794065475464, -7.414369583129883
234, -1.9874261617660522, 0.16337794065475464, -7.414369583129883
235, -1.9874261617660522, 0.16337794065475464, -7.414369583129883
236, -1.9874261617660522, 0.16337794065475464, -7.414369583129883
237, -1.9874261617660522, 0.16337794065475464, -7.414369583129883
238, -1.9874261617660522, 0.16337794065475464, -7.414369583129883
239, -1.9874261617660522, 0.16337794065475464, -7.414369583129883
240, -1.9874261617660522, 0.16337794065475464, -7.414369583129883
241, -2.0512380599975586, 0.16337794065475464, -7.419702053070068
242, -2.0512380599975586, 0.16337794065475464, -7.419702053070068
243, -2.051239013671875, 0.16337794065475464, -7.41970157623291
244, -3.6873278617858887, 3.1633780002593994, -1.1900835037231445
