1, 0.7561542987823486, 2.794919967651367, -8.828007698059082
2, 0.7561542987823486, 2.794919967651367, -8.828007698059082
3, 0.7561542987823486, 2.794919967651367, -8.828007698059082
4, 0.7561542987823486, 2.794919967651367, -8.828007698059082
5, 0.7561542987823486, 2.794919967651367, -8.828007698059082
6, 0.7561542987823486, 2.794919967651367, -8.828007698059082
7, 0.7561542987823486, 2.794919967651367, -8.828007698059082
8, 0.7561542987823486, 2.794919967651367, -8.828007698059082
9, 0.7561542987823486, 2.794919967651367, -8.828007698059082
10, 0.7561542987823486, 2.794919967651367, -8.828007698059082
11, 0.7561542987823486, 2.794919967651367, -8.828007698059082
12, 0.7561542987823486, 2.794919967651367, -8.828007698059082
13, 0.7561542987823486, 2.794919967651367, -8.828007698059082
14, 0.7561542987823486, 2.794919967651367, -8.828007698059082
15, 0.7561542987823486, 2.794919967651367, -8.828007698059082
16, 0.9667221903800964, 2.794919967651367, -8.96277141571045
17, 0.9667221903800964, 2.794919967651367, -8.96277141571045
18, 1.081697702407837, 2.794919967651367, -9.18476390838623
19, 1.081697702407837, 2.794919967651367, -9.18476390838623
20, 1.0702731609344482, 2.794919967651367, -9.434502601623535
21, 1.0588486194610596, 2.794919967651367, -9.68424129486084
22, 1.047424077987671, 2.794919967651367, -9.933979988098145
23, 1.0359995365142822, 2.794919967651367, -10.18371868133545
24, 1.0359995365142822, 2.794919967651367, -10.18371868133545
25, 1.0359995365142822, 2.794919967651367, -10.18371868133545
26, 1.0359995365142822, 2.794919967651367, -10.18371868133545
27, 1.0359995365142822, 2.794919967651367, -10.18371868133545
28, 1.0359995365142822, 2.794919967651367, -10.18371868133545
29, 1.0359995365142822, 2.794919967651367, -10.18371868133545
30, 1.2465673685073853, 2.794919967651367, -10.318482398986816
31, 1.2465673685073853, 2.794919967651367, -10.318482398986816
32, 1.2465673685073853, 2.794919967651367, -10.318482398986816
33, 1.2465673685073853, 2.794919967651367, -10.318482398986816
34, 1.2465673685073853, 2.794919967651367, -10.318482398986816
35, 1.2465673685073853, 2.794919967651367, -10.318482398986816
36, 1.1118040084838867, 2.794919967651367, -10.52904987335205
37, 1.1118040084838867, 2.794919967651367, -10.52904987335205
38, 1.1118040084838867, 2.794919967651367, -10.52904987335205
39, 0.9770406484603882, 2.794919967651367, -10.739617347717285
40, 0.9770406484603882, 2.794919967651367, -10.739617347717285
41, 0.9656160473823547, 2.794919967651367, -10.98935604095459
42, 0.9541914463043213, 2.7197208404541016, -11.239094734191895
43, 0.9427668452262878, 2.5806705951690674, -11.4888334274292
44, 0.9313422441482544, 2.4661200046539307, -11.738572120666504
45, 0.9313422441482544, 2.4661200046539307, -11.738572120666504
46, 0.7965788841247559, 2.3949198722839355, -11.949139595031738
47, 0.6618155241012573, 2.3949198722839355, -12.159707069396973
48, 0.6618155241012573, 2.3949198722839355, -12.159707069396973
49, 0.6618155241012573, 2.3949198722839355, -12.159707069396973
50, 0.6618155241012573, 2.3949198722839355, -12.159707069396973
51, 0.6618155241012573, 2.3949198722839355, -12.159707069396973
52, 0.6618155241012573, 2.3949198722839355, -12.159707069396973
53, 0.6618155241012573, 2.3949198722839355, -12.159707069396973
54, 0.7965788841247559, 2.3949198722839355, -11.949139595031738
55, 0.9313422441482544, 2.4661200046539307, -11.738572120666504
56, 0.9313422441482544, 2.4661200046539307, -11.738572120666504
57, 0.9427667856216431, 2.5806705951690674, -11.4888334274292
58, 0.9541913270950317, 2.7197208404541016, -11.239094734191895
59, 0.9656158685684204, 2.794919967651367, -10.98935604095459
60, 0.9770404100418091, 2.794919967651367, -10.739617347717285
61, 0.9884649515151978, 2.794919967651367, -10.48987865447998
62, 0.9998894929885864, 2.794919967651367, -10.240139961242676
63, 1.011314034461975, 2.794919967651367, -9.990401268005371
64, 1.0227385759353638, 2.794919967651367, -9.740662574768066
65, 1.0341631174087524, 2.794919967651367, -9.490923881530762
66, 1.0455876588821411, 2.794919967651367, -9.241185188293457
67, 1.0455876588821411, 2.794919967651367, -9.241185188293457
68, 0.9306122064590454, 2.794919967651367, -9.019192695617676
69, 0.8156367540359497, 2.794919967651367, -8.797200202941895
70, 0.8156367540359497, 2.794919967651367, -8.797200202941895
71, 0.6050688624382019, 2.794919967651367, -8.662436485290527
72, 0.6050688624382019, 2.794919967651367, -8.662436485290527
73, 0.6050688624382019, 2.794919967651367, -8.662436485290527
74, 0.6050688624382019, 2.794919967651367, -8.662436485290527
75, 0.6050688624382019, 2.794919967651367, -8.662436485290527
76, 0.6050688624382019, 2.794919967651367, -8.662436485290527
77, 0.6050688624382019, 2.794919967651367, -8.662436485290527
78, 0.8156367540359497, 2.794919967651367, -8.797200202941895
79, 0.8156367540359497, 2.794919967651367, -8.797200202941895
80, 0.9306122064590454, 2.794919967651367, -9.019192695617676
81, 1.0455876588821411, 2.794919967651367, -9.241185188293457
82, 1.0455876588821411, 2.794919967651367, -9.241185188293457
83, 1.0341631174087524, 2.794919967651367, -9.490923881530762
84, 1.0227385759353638, 2.794919967651367, -9.740662574768066
85, 1.011314034461975, 2.794919967651367, -9.990401268005371
86, 1.011314034461975, 2.794919967651367, -9.990401268005371
87, 0.8765506744384766, 2.794919967651367, -10.200968742370605
88, 0.741787314414978, 2.794919967651367, -10.41153621673584
89, 0.741787314414978, 2.794919967651367, -10.41153621673584
90, 0.5197948217391968, 2.794919967651367, -10.526511192321777
91, 0.5197948217391968, 2.794919967651367, -10.526511192321777
92, 0.5197948217391968, 2.794919967651367, -10.526511192321777
93, 0.5197948217391968, 2.794919967651367, -10.526511192321777
94, 0.5197948217391968, 2.794919967651367, -10.526511192321777
95, 0.5197948217391968, 2.794919967651367, -10.526511192321777
96, 0.5197948217391968, 2.794919967651367, -10.526511192321777
97, 0.7303627133369446, 2.794919967651367, -10.661274909973145
98, 0.9409306049346924, 2.794919967651367, -10.796038627624512
99, 0.9409306049346924, 2.794919967651367, -10.796038627624512
100, 1.055906057357788, 2.794919967651367, -11.018031120300293
101, 1.055906057357788, 2.794919967651367, -11.018031120300293
102, 1.0444815158843994, 2.692304849624634, -11.267769813537598
103, 1.0330569744110107, 2.572537422180176, -11.517508506774902
104, 1.021632432937622, 2.5006089210510254, -11.767247200012207
105, 1.0102078914642334, 2.428680419921875, -12.016985893249512
106, 0.9987832903862, 2.3949198722839355, -12.266724586486816
107, 0.9873586893081665, 2.3949198722839355, -12.516463279724121
108, 0.9759340882301331, 2.5612480640411377, -12.766201972961426
109, 0.9645094871520996, 2.5949201583862305, -13.01594066619873
110, 0.9530848860740662, 2.5949201583862305, -13.265679359436035
111, 0.9530848860740662, 2.5949201583862305, -13.265679359436035
112, 0.9530848860740662, 2.5949201583862305, -13.265679359436035
113, 0.9530848860740662, 2.5949201583862305, -13.265679359436035
114, 1.068060278892517, 2.5949201583862305, -13.487671852111816
115, 1.068060278892517, 2.5949201583862305, -13.487671852111816
116, 1.068060278892517, 2.5949201583862305, -13.487671852111816
117, 1.068060278892517, 2.5949201583862305, -13.487671852111816
118, 1.068060278892517, 2.5949201583862305, -13.487671852111816
119, 1.068060278892517, 2.5949201583862305, -13.487671852111816
120, 1.068060278892517, 2.5949201583862305, -13.487671852111816
121, 1.068060278892517, 2.5949201583862305, -13.487671852111816
122, 1.2786281108856201, 2.5949201583862305, -13.622435569763184
123, 1.2786281108856201, 2.5949201583862305, -13.622435569763184
124, 1.4728399515151978, 2.5949201583862305, -13.631319999694824
125, 1.4728399515151978, 2.5949201583862305, -13.631319999694824
126, 1.4728399515151978, 2.5949201583862305, -13.631319999694824
127, 1.5757511854171753, 2.5949201583862305, -13.830018997192383
128, 1.5757513046264648, 2.5949201583862305, -13.830018997192383
129, 1.575751543045044, 2.5949201583862305, -13.8300199508667
130, 1.575751543045044, 2.5949201583862305, -13.8300199508667
131, 1.575751543045044, 2.5949201583862305, -13.8300199508667
132, 1.575751543045044, 2.5949201583862305, -13.8300199508667
133, 1.575751543045044, 2.5949201583862305, -13.8300199508667
134, 1.7863194942474365, 2.5949201583862305, -13.964783668518066
135, 1.7863194942474365, 2.5949201583862305, -13.964783668518066
136, 1.7863194942474365, 2.5949201583862305, -13.964783668518066
137, 1.7748949527740479, 2.5949201583862305, -14.214522361755371
138, 1.7634704113006592, 2.5949201583862305, -14.464261054992676
139, 1.7520458698272705, 2.5949201583862305, -14.71399974822998
140, 1.7406213283538818, 2.5949201583862305, -14.963738441467285
141, 1.7291967868804932, 2.5949201583862305, -15.21347713470459
142, 1.7177722454071045, 2.5949201583862305, -15.463215827941895
143, 1.7063477039337158, 2.5949201583862305, -15.7129545211792
144, 1.7063477039337158, 2.5949201583862305, -15.7129545211792
145, 1.7063477039337158, 2.5949201583862305, -15.7129545211792
146, 1.7063477039337158, 2.5949201583862305, -15.7129545211792
147, 1.7063477039337158, 2.5949201583862305, -15.7129545211792
148, 1.7063477039337158, 2.5949201583862305, -15.7129545211792
149, 1.7063477039337158, 2.5949201583862305, -15.7129545211792
150, 1.7063477039337158, 2.5949201583862305, -15.7129545211792
151, 1.7063477039337158, 2.5949201583862305, -15.7129545211792
152, 1.7063477039337158, 2.5949201583862305, -15.7129545211792
153, 1.875646948814392, 2.5949201583862305, -15.720699310302734
154, 1.875646948814392, 2.5949201583862305, -15.720699310302734
155, 1.875646948814392, 2.5949201583862305, -15.720699310302734
156, 1.875646948814392, 2.5949201583862305, -15.720699310302734
157, 1.875646948814392, 2.5949201583862305, -15.720699310302734
158, 1.875646948814392, 2.5949201583862305, -15.720699310302734
159, 1.875646948814392, 2.5949201583862305, -15.720699310302734
160, 1.875646948814392, 2.5949201583862305, -15.720699310302734
161, 1.7408835887908936, 2.5949201583862305, -15.931266784667969
162, 1.7408835887908936, 2.5949201583862305, -15.931266784667969
163, 1.7294589281082153, 2.5949201583862305, -16.181005477905273
164, 1.7294589281082153, 2.5949201583862305, -16.181005477905273
165, 1.5946955680847168, 2.5949201583862305, -16.391572952270508
166, 1.5946955680847168, 2.5949201583862305, -16.391572952270508
167, 1.5832709074020386, 2.5949201583862305, -16.641311645507812
168, 1.5832709074020386, 2.5949201583862305, -16.641311645507812
169, 1.44850754737854, 2.5949201583862305, -16.851879119873047
170, 1.44850754737854, 2.5949201583862305, -16.851879119873047
171, 1.2265150547027588, 2.5949201583862305, -16.966854095458984
172, 1.2265150547027588, 2.5949201583862305, -16.966854095458984
173, 0.9767762422561646, 2.5949201583862305, -16.955429077148438
174, 0.7270374298095703, 2.5949201583862305, -16.94400405883789
175, 0.7270374298095703, 2.5949201583862305, -16.94400405883789
176, 0.7270374298095703, 2.5949201583862305, -16.94400405883789
177, 0.7270374298095703, 2.5949201583862305, -16.94400405883789
178, 0.7270374298095703, 2.5949201583862305, -16.94400405883789
179, 0.7270374298095703, 2.5949201583862305, -16.94400405883789
180, 0.7270374298095703, 2.5949201583862305, -16.94400405883789
181, 0.7270374298095703, 2.5949201583862305, -16.94400405883789
182, 0.7270374298095703, 2.5949201583862305, -16.94400405883789
183, 0.9767762422561646, 2.5949201583862305, -16.955429077148438
184, 1.2265150547027588, 2.5949201583862305, -16.966854095458984
185, 1.2265150547027588, 2.5949201583862305, -16.966854095458984
186, 1.44850754737854, 2.5949201583862305, -16.851879119873047
187, 1.44850754737854, 2.5949201583862305, -16.851879119873047
188, 1.5832710266113281, 2.5949201583862305, -16.641311645507812
189, 1.7180345058441162, 2.5949201583862305, -16.430744171142578
190, 1.7180345058441162, 2.5949201583862305, -16.430744171142578
191, 1.7294591665267944, 2.5949201583862305, -16.181005477905273
192, 1.7408838272094727, 2.5949201583862305, -15.931266784667969
193, 1.7523084878921509, 2.5949201583862305, -15.681528091430664
194, 1.763733148574829, 2.5949201583862305, -15.43178939819336
195, 1.7751578092575073, 2.5949201583862305, -15.182050704956055
196, 1.7865824699401855, 2.5949201583862305, -14.93231201171875
197, 1.7980071306228638, 2.5949201583862305, -14.682573318481445
198, 1.809431791305542, 2.5949201583862305, -14.43283462524414
199, 1.8208564519882202, 2.5949201583862305, -14.183095932006836
200, 1.8208564519882202, 2.5949201583862305, -14.183095932006836
201, 1.7058809995651245, 2.5949201583862305, -13.961103439331055
202, 1.5909055471420288, 2.5949201583862305, -13.739110946655273
203, 1.5909055471420288, 2.5949201583862305, -13.739110946655273
204, 1.3803377151489258, 2.5949201583862305, -13.604347229003906
205, 1.3803377151489258, 2.5949201583862305, -13.604347229003906
206, 1.1305989027023315, 2.5949201583862305, -13.59292221069336
207, 1.1305989027023315, 2.5949201583862305, -13.59292221069336
208, 1.1305989027023315, 2.5949201583862305, -13.59292221069336
209, 1.0156235694885254, 2.5949201583862305, -13.370929718017578
210, 0.9006481766700745, 2.5949201583862305, -13.148937225341797
211, 0.9006481766700745, 2.5949201583862305, -13.148937225341797
212, 0.9120728373527527, 2.5949201583862305, -12.899198532104492
213, 0.9234974980354309, 2.4454185962677, -12.649459838867188
214, 0.9349221587181091, 2.3949198722839355, -12.399721145629883
215, 0.9463468194007874, 2.3949198722839355, -12.149982452392578
216, 0.9577714800834656, 2.4353413581848145, -11.900243759155273
217, 0.9691961407661438, 2.507269859313965, -11.650505065917969
218, 0.980620801448822, 2.625476837158203, -11.400766372680664
219, 0.9920454621315002, 2.764526844024658, -11.15102767944336
220, 0.9920454621315002, 2.764526844024658, -11.15102767944336
221, 0.8770700693130493, 2.794919967651367, -10.929035186767578
222, 0.7620946764945984, 2.794919967651367, -10.707042694091797
223, 0.7620946764945984, 2.794919967651367, -10.707042694091797
224, 0.5515267848968506, 2.794919967651367, -10.57227897644043
225, 0.34095892310142517, 2.794919967651367, -10.437515258789062
226, 0.34095892310142517, 2.794919967651367, -10.437515258789062
227, 0.09122009575366974, 2.794919967651367, -10.426090240478516
228, 0.09122009575366974, 2.794919967651367, -10.426090240478516
229, 0.09122009575366974, 2.794919967651367, -10.426090240478516
230, 0.09122009575366974, 2.794919967651367, -10.426090240478516
231, 0.09122009575366974, 2.794919967651367, -10.426090240478516
232, 0.09122009575366974, 2.794919967651367, -10.426090240478516
233, 0.09122009575366974, 2.794919967651367, -10.426090240478516
234, 0.3409588932991028, 2.794919967651367, -10.437515258789062
235, 0.590697705745697, 2.794919967651367, -10.44894027709961
236, 0.590697705745697, 2.794919967651367, -10.44894027709961
237, 0.8126901984214783, 2.794919967651367, -10.333965301513672
238, 1.0346826314926147, 2.794919967651367, -10.218990325927734
239, 1.0346826314926147, 2.794919967651367, -10.218990325927734
240, 1.0346826314926147, 2.794919967651367, -10.218990325927734
241, 1.046107292175293, 2.794919967651367, -9.96925163269043
242, 1.0575319528579712, 2.794919967651367, -9.719512939453125
243, 1.0689566135406494, 2.794919967651367, -9.46977424621582
244, 1.0803812742233276, 2.794919967651367, -9.220035552978516
245, 1.0918059349060059, 2.794919967651367, -8.970296859741211
246, 1.103230595588684, 2.794919967651367, -8.720558166503906
247, 1.1146552562713623, 2.794919967651367, -8.470819473266602
248, 1.1260799169540405, 2.794919967651367, -8.221080780029297
249, 1.1375045776367188, 2.794919967651367, -7.971342086791992
250, 1.148929238319397, 2.794919967651367, -7.7216033935546875
251, 1.1603538990020752, 2.794919967651367, -7.471864700317383
252, 1.1717785596847534, 2.794919967651367, -7.222126007080078
253, 1.1717785596847534, 2.794919967651367, -7.222126007080078
254, 1.1717785596847534, 2.794919967651367, -7.222126007080078
255, 1.1717785596847534, 2.794919967651367, -7.222126007080078
256, 1.1717785596847534, 2.794919967651367, -7.222126007080078
257, 0.9612107276916504, 2.794919967651367, -7.087362766265869
258, 0.7506428956985474, 2.794919967651367, -6.95259952545166
259, 0.7506428956985474, 2.794919967651367, -6.95259952545166
260, 0.7506428956985474, 2.794919967651367, -6.95259952545166
261, 0.7506428956985474, 2.794919967651367, -6.95259952545166
262, 0.7506428956985474, 2.794919967651367, -6.95259952545166
263, 0.7506428956985474, 2.794919967651367, -6.95259952545166
264, 0.7506428956985474, 2.794919967651367, -6.95259952545166
265, 0.9612107276916504, 2.794919967651367, -7.087362766265869
266, 1.1717785596847534, 2.794919967651367, -7.222126007080078
267, 1.1717785596847534, 2.794919967651367, -7.222126007080078
268, 1.2867540121078491, 2.794919967651367, -7.444118499755859
269, 1.2867540121078491, 2.794919967651367, -7.444118499755859
270, 1.275329351425171, 2.794919967651367, -7.693857192993164
271, 1.2639046907424927, 2.794919967651367, -7.943595886230469
272, 1.2639046907424927, 2.794919967651367, -7.943595886230469
273, 1.1291412115097046, 2.794919967651367, -8.154163360595703
274, 0.9943777918815613, 2.794919967651367, -8.364730834960938
275, 0.9943777918815613, 2.794919967651367, -8.364730834960938
276, 0.9829531311988831, 2.794919967651367, -8.614469528198242
277, 0.9715284705162048, 2.794919967651367, -8.864208221435547
278, 0.9601038098335266, 2.794919967651367, -9.113946914672852
279, 0.9486791491508484, 2.794919967651367, -9.363685607910156
280, 0.9372544884681702, 2.794919967651367, -9.613424301147461
281, 0.9258298277854919, 2.794919967651367, -9.863162994384766
282, 0.9144051671028137, 2.794919967651367, -10.11290168762207
283, 0.9029805064201355, 2.794919967651367, -10.362640380859375
284, 0.8915558457374573, 2.794919967651367, -10.61237907409668
285, 0.880131185054779, 2.794919967651367, -10.862117767333984
286, 0.8687065243721008, 2.794919967651367, -11.111856460571289
287, 0.8572818636894226, 2.6629281044006348, -11.361595153808594
288, 0.8458572030067444, 2.5238778591156006, -11.611333847045898
289, 0.8363707661628723, 2.4084179401397705, -11.818703651428223
290, 0.8363707661628723, 2.4084179401397705, -11.818703651428223
291, 0.8363707661628723, 2.4084179401397705, -11.818703651428223
292, 0.9513461589813232, 2.3949198722839355, -12.040696144104004
293, 0.9513461589813232, 2.3949198722839355, -12.040696144104004
294, 0.9399215579032898, 2.3949198722839355, -12.290434837341309
295, 0.9284969568252563, 2.3949198722839355, -12.540173530578613
296, 0.9170723557472229, 2.5917017459869385, -12.789912223815918
297, 0.9056477546691895, 2.5949201583862305, -13.039650917053223
298, 0.894223153591156, 2.5949201583862305, -13.289389610290527
299, 0.894223153591156, 2.5949201583862305, -13.289389610290527
300, 0.7594597339630127, 2.5949201583862305, -13.499957084655762
301, 0.6246963143348694, 2.5949201583862305, -13.710524559020996
302, 0.6246963143348694, 2.5949201583862305, -13.710524559020996
303, 0.6246963143348694, 2.5949201583862305, -13.710524559020996
304, 0.6246963143348694, 2.5949201583862305, -13.710524559020996
305, 0.6246963143348694, 2.5949201583862305, -13.710524559020996
306, 0.6246963143348694, 2.5949201583862305, -13.710524559020996
307, 0.6246963143348694, 2.5949201583862305, -13.710524559020996
308, 0.7594597339630127, 2.5949201583862305, -13.499957084655762
309, 0.894223153591156, 2.5949201583862305, -13.289389610290527
310, 0.894223153591156, 2.5949201583862305, -13.289389610290527
311, 0.9056477546691895, 2.5949201583862305, -13.039650917053223
312, 0.9170723557472229, 2.5917017459869385, -12.789912223815918
313, 0.9284969568252563, 2.3949198722839355, -12.540173530578613
314, 0.9399215579032898, 2.3949198722839355, -12.290434837341309
315, 0.9513461589813232, 2.3949198722839355, -12.040696144104004
316, 0.9627707600593567, 2.4668173789978027, -11.7909574508667
317, 0.9741953611373901, 2.5472753047943115, -11.541218757629395
318, 0.9856199622154236, 2.6863255500793457, -11.29148006439209
319, 0.997044563293457, 2.794919967651367, -11.041741371154785
320, 1.0084692239761353, 2.794919967651367, -10.79200267791748
321, 1.0198938846588135, 2.794919967651367, -10.542263984680176
322, 1.0313185453414917, 2.794919967651367, -10.292525291442871
323, 1.04274320602417, 2.794919967651367, -10.042786598205566
324, 1.0541678667068481, 2.794919967651367, -9.793047904968262
325, 1.0655925273895264, 2.794919967651367, -9.543309211730957
326, 1.0770171880722046, 2.794919967651367, -9.293570518493652
327, 1.0770171880722046, 2.794919967651367, -9.293570518493652
328, 0.9620417356491089, 2.794919967651367, -9.071578025817871
329, 0.8470662832260132, 2.794919967651367, -8.84958553314209
330, 0.7320908308029175, 2.794919967651367, -8.627593040466309
331, 0.7320908308029175, 2.794919967651367, -8.627593040466309
332, 0.5215229392051697, 2.794919967651367, -8.492829322814941
333, 0.5215229392051697, 2.794919967651367, -8.492829322814941
334, 0.27178412675857544, 2.794919967651367, -8.481404304504395
335, 0.022045299410820007, 2.794919967651367, -8.469979286193848
336, 0.022045299410820007, 2.794919967651367, -8.469979286193848
337, -0.1885225772857666, 2.794919967651367, -8.33521556854248
338, -0.3990904688835144, 2.794919967651367, -8.200451850891113
339, -0.3990904688835144, 2.794919967651367, -8.200451850891113
340, -0.5140659213066101, 2.794919967651367, -7.978459358215332
341, -0.6290413737297058, 2.794919967651367, -7.756466865539551
342, -0.6290413737297058, 2.794919967651367, -7.756466865539551
343, -0.8396092653274536, 2.794919967651367, -7.621703624725342
344, -0.8396092653274536, 2.794919967651367, -7.621703624725342
345, -0.8396092653274536, 2.794919967651367, -7.621703624725342
346, -0.8396092653274536, 2.794919967651367, -7.621703624725342
347, -1.0893480777740479, 2.794919967651367, -7.610279083251953
348, -1.0893480777740479, 2.794919967651367, -7.610279083251953
349, -1.0893480777740479, 2.794919967651367, -7.610279083251953
350, -1.0893480777740479, 2.794919967651367, -7.610279083251953
351, -1.0893480777740479, 2.794919967651367, -7.610279083251953
352, -1.0893480777740479, 2.794919967651367, -7.610279083251953
353, -1.0893480777740479, 2.794919967651367, -7.610279083251953
354, -0.8396092653274536, 2.794919967651367, -7.621703624725342
355, -0.8396092653274536, 2.794919967651367, -7.621703624725342
356, -0.6290413737297058, 2.794919967651367, -7.756466865539551
357, -0.418473482131958, 2.794919967651367, -7.89123010635376
358, -0.418473482131958, 2.794919967651367, -7.89123010635376
359, -0.3034980297088623, 2.794919967651367, -8.113222122192383
360, -0.3034980297088623, 2.794919967651367, -8.113222122192383
361, -0.13001884520053864, 2.794919967651367, -8.224248886108398
362, -0.13001884520053864, 2.794919967651367, -8.224248886108398
363, -0.13001884520053864, 2.794919967651367, -8.224248886108398
364, -0.01504342257976532, 2.794919967651367, -8.44624137878418
365, -0.01504342257976532, 2.794919967651367, -8.44624137878418
366, -0.01504342257976532, 2.794919967651367, -8.44624137878418
367, 0.2346954047679901, 2.794919967651367, -8.457666397094727
368, 0.2346954047679901, 2.794919967651367, -8.457666397094727
369, 0.4452632665634155, 2.794919967651367, -8.592430114746094
370, 0.6558311581611633, 2.794919967651367, -8.727193832397461
371, 0.8663990497589111, 2.794919967651367, -8.861957550048828
372, 0.8663990497589111, 2.794919967651367, -8.861957550048828
373, 0.9813745021820068, 2.794919967651367, -9.08395004272461
374, 0.9813745021820068, 2.794919967651367, -9.08395004272461
375, 0.9699499011039734, 2.794919967651367, -9.333688735961914
376, 0.9585253000259399, 2.794919967651367, -9.583427429199219
377, 0.9471006989479065, 2.794919967651367, -9.833166122436523
378, 0.935676097869873, 2.794919967651367, -10.082904815673828
379, 0.9242514967918396, 2.794919967651367, -10.332643508911133
380, 0.9128268957138062, 2.794919967651367, -10.582382202148438
381, 0.9014022946357727, 2.794919967651367, -10.832120895385742
382, 0.8899776935577393, 2.794919967651367, -11.081859588623047
383, 0.8785530924797058, 2.677142381668091, -11.331598281860352
384, 0.8671284914016724, 2.5380921363830566, -11.581336975097656
385, 0.8557038903236389, 2.4061546325683594, -11.831075668334961
386, 0.8442792892456055, 2.3949198722839355, -12.080814361572266
387, 0.832854688167572, 2.3949198722839355, -12.33055305480957
388, 0.8214300870895386, 2.3949198722839355, -12.580291748046875
389, 0.8100054860115051, 2.5949201583862305, -12.83003044128418
390, 0.7985808849334717, 2.5949201583862305, -13.079769134521484
391, 0.7871562838554382, 2.5949201583862305, -13.329507827758789
392, 0.7757316827774048, 2.5949201583862305, -13.579246520996094
393, 0.7757316827774048, 2.5949201583862305, -13.579246520996094
394, 0.7757316827774048, 2.5949201583862305, -13.579246520996094
395, 0.5537392497062683, 2.5949201583862305, -13.694221496582031
396, 0.33174681663513184, 2.5949201583862305, -13.809196472167969
397, 0.10975436866283417, 2.5949201583862305, -13.924171447753906
398, 0.10975436866283417, 2.5949201583862305, -13.924171447753906
399, -1.4120224714279175, 0.05840529501438141, -10.623589515686035
