1, -2.994495391845703, 0.021223172545433044, 0.9383094310760498
2, -2.994495391845703, 0.021223172545433044, 0.9383094310760498
3, -2.994495391845703, 0.021223172545433044, 0.9383094310760498
4, -2.994495391845703, 0.021223172545433044, 0.9383094310760498
5, -2.994495391845703, 0.021223172545433044, 0.9383094310760498
6, -2.994495391845703, 0.021223172545433044, 0.9383094310760498
7, -2.994495391845703, 0.021223172545433044, 0.9383094310760498
8, -2.994495391845703, 0.021223172545433044, 0.9383094310760498
9, -2.994495391845703, 0.021223172545433044, 0.9383094310760498
10, -2.994495391845703, 0.021223172545433044, 0.9383094310760498
11, -2.994495391845703, 0.021223172545433044, 0.9383094310760498
12, -2.994495391845703, 0.021223172545433044, 0.9383094310760498
13, -2.994495391845703, 0.021223172545433044, 0.9383094310760498
14, -2.994495391845703, 0.021223172545433044, 0.9383094310760498
15, -2.994495391845703, 0.021223172545433044, 0.9383094310760498
16, -2.994495391845703, 0.021223172545433044, 0.9383094310760498
17, -2.994495391845703, 0.021223172545433044, 0.9383094310760498
18, -3.2442808151245117, 0.021223172545433044, 0.9279525279998779
19, -3.2442808151245117, 0.021223172545433044, 0.9279525279998779
20, -3.4657797813415527, 0.021223172545433044, 1.0438759326934814
21, -3.6872787475585938, 0.021223172545433044, 1.159799337387085
22, -3.9087777137756348, 0.021223172545433044, 1.2757227420806885
23, -4.130276679992676, 0.021223172545433044, 1.391646146774292
24, -4.351775646209717, 0.021223172545433044, 1.5075695514678955
25, -4.351775646209717, 0.021223172545433044, 1.5075695514678955
26, -4.485637664794922, 0.021223172545433044, 1.7187116146087646
27, -4.485637664794922, 0.021223172545433044, 1.7187116146087646
28, -4.4875078201293945, 0.021223172545433044, 1.7638105154037476
29, -4.4875078201293945, 0.021223172545433044, 1.763810634613037
30, -4.4875078201293945, 0.021223172545433044, 1.763810634613037
31, -4.4875078201293945, 0.021223172545433044, 1.763810634613037
32, -4.4875078201293945, 0.021223172545433044, 1.763810634613037
33, -4.4875078201293945, 0.021223172545433044, 1.763810634613037
34, -4.7090067863464355, 0.021223172545433044, 1.8797340393066406
35, -4.7090067863464355, 0.021223172545433044, 1.8797340393066406
36, -4.7090067863464355, 0.021223172545433044, 1.8797340393066406
37, -4.719363689422607, 0.021223172545433044, 2.129519462585449
38, -4.719363689422607, 0.021223172545433044, 2.129519462585449
39, -4.603440284729004, 0.021223172545433044, 2.3510184288024902
40, -4.603440284729004, 0.021223172545433044, 2.3510184288024902
41, -4.603440284729004, 0.021223172545433044, 2.3510184288024902
42, -4.603440284729004, 0.021223172545433044, 2.3510184288024902
43, -4.603440284729004, 0.021223172545433044, 2.3510184288024902
44, -4.8532257080078125, 0.021223172545433044, 2.3406615257263184
45, -4.8532257080078125, 0.021223172545433044, 2.3406615257263184
46, -5.064367771148682, 0.021223172545433044, 2.2067995071411133
47, -5.275509834289551, 0.021223172545433044, 2.072937488555908
48, -5.275509834289551, 0.021223172545433044, 2.072937488555908
49, -5.525295257568359, 0.021223172545433044, 2.0625805854797363
50, -5.525295257568359, 0.021223172545433044, 2.0625805854797363
51, -5.7467942237854, 0.021223172545433044, 2.17850399017334
52, -5.7467942237854, 0.021223172545433044, 2.17850399017334
53, -5.7467942237854, 0.021223172545433044, 2.17850399017334
54, -5.7467942237854, 0.021223172545433044, 2.17850399017334
55, -5.7467942237854, 0.021223172545433044, 2.17850399017334
56, -5.7467942237854, 0.021223172545433044, 2.17850399017334
57, -5.7467942237854, 0.021223172545433044, 2.17850399017334
58, -5.7467942237854, 0.021223172545433044, 2.17850399017334
59, -5.7467942237854, 0.021223172545433044, 2.17850399017334
60, -5.525295257568359, 0.021223172545433044, 2.0625805854797363
61, -5.525295257568359, 0.021223172545433044, 2.0625805854797363
62, -5.275509834289551, 0.021223172545433044, 2.072937488555908
63, -5.275509834289551, 0.021223172545433044, 2.072937488555908
64, -5.064367771148682, 0.021223172545433044, 2.2067995071411133
65, -4.8532257080078125, 0.021223172545433044, 2.3406615257263184
66, -4.8532257080078125, 0.021223172545433044, 2.3406615257263184
67, -4.737302303314209, 0.021223172545433044, 2.5621604919433594
68, -4.6213788986206055, 0.021223172545433044, 2.7836594581604004
69, -4.505455493927002, 0.021223172545433044, 3.0051584243774414
70, -4.389532089233398, 0.021223172545433044, 3.2266573905944824
71, -4.273608684539795, 0.021223172545433044, 3.4481563568115234
72, -4.157685279846191, 0.021223172545433044, 3.6696553230285645
73, -4.041761875152588, 0.021223172545433044, 3.8911542892456055
74, -4.041761875152588, 0.021223172545433044, 3.8911542892456055
75, -4.05211877822876, 0.021223172545433044, 4.140939712524414
76, -4.062475681304932, 0.021223172545433044, 4.390725135803223
77, -4.0728325843811035, 0.021223172545433044, 4.640510559082031
78, -4.083189487457275, 0.021223172545433044, 4.89029598236084
79, -4.093546390533447, 0.021223172545433044, 5.140081405639648
80, -4.103903293609619, 0.021223172545433044, 5.389866828918457
81, -4.114260196685791, 0.021223172545433044, 5.639652252197266
82, -4.114260196685791, 0.021223172545433044, 5.639652252197266
83, -4.248122215270996, 0.021223172545433044, 5.850794315338135
84, -4.381984233856201, 0.021223172545433044, 6.061936378479004
85, -4.381984233856201, 0.021223172545433044, 6.061936378479004
86, -4.381984233856201, 0.021223172545433044, 6.061936378479004
87, -4.381984233856201, 0.021223172545433044, 6.061936378479004
88, -4.603483200073242, 0.021223172545433044, 6.177859783172607
89, -4.824982166290283, 0.021223172545433044, 6.293783187866211
90, -5.046481132507324, 0.021223172545433044, 6.4097065925598145
91, -5.046481132507324, 0.021223172545433044, 6.4097065925598145
92, -5.136302471160889, 0.021223172545433044, 6.405982494354248
93, -5.136302471160889, 0.021223172545433044, 6.405982494354248
94, -5.347444534301758, 0.021223172545433044, 6.272120475769043
95, -5.347444534301758, 0.021223172545433044, 6.272120475769043
96, -5.597229957580566, 0.021223172545433044, 6.261763572692871
97, -5.597229957580566, 0.021223172545433044, 6.261763572692871
98, -5.8083720207214355, 0.021223172545433044, 6.127901554107666
99, -5.8083720207214355, 0.021223172545433044, 6.127901554107666
100, -5.924295425415039, 0.021223172545433044, 5.906402587890625
101, -5.9328203201293945, 0.021223172545433044, 5.890113830566406
102, -5.9328203201293945, 0.021223172545433044, 5.890113830566406
103, -5.9328203201293945, 0.021223172545433044, 5.890113830566406
104, -5.9328203201293945, 0.021223172545433044, 5.890113830566406
105, -5.9328203201293945, 0.021223172545433044, 5.890113830566406
106, -5.9328203201293945, 0.021223172545433044, 5.890113830566406
107, -5.9328203201293945, 0.021223172545433044, 5.890113830566406
108, -5.9328203201293945, 0.021223172545433044, 5.890113830566406
109, -5.9328203201293945, 0.021223172545433044, 5.890113830566406
110, -6.143962383270264, 0.021223172545433044, 5.756251811981201
111, -6.143962383270264, 0.021223172545433044, 5.756251811981201
112, -6.143962383270264, 0.021223172545433044, 5.756251811981201
113, -6.133605480194092, 0.021223172545433044, 5.506466388702393
114, -6.12324857711792, 0.021223172545433044, 5.256680965423584
115, -6.112891674041748, 0.021223172545433044, 5.006895542144775
116, -6.102534770965576, 0.021223172545433044, 4.757110118865967
117, -6.092177867889404, 0.021223172545433044, 4.507324695587158
118, -6.081820964813232, 0.021223172545433044, 4.25753927230835
119, -6.081820964813232, 0.021223172545433044, 4.25753927230835
120, -3.9311671257019043, 0.021223172545433044, 1.5003687143325806
