1, 0.18544888496398926, -0.5355252027511597, 2.1036221981048584
2, 0.18544888496398926, -0.5355252027511597, 2.1036221981048584
3, 0.18544888496398926, -0.5355252027511597, 2.1036221981048584
4, 0.18544888496398926, -0.5355252027511597, 2.1036221981048584
5, 0.18544888496398926, -0.5355252027511597, 2.1036221981048584
6, 0.18544888496398926, -0.5355252027511597, 2.1036221981048584
7, 0.18544888496398926, -0.5355252027511597, 2.1036221981048584
8, 0.18544888496398926, -0.5355252027511597, 2.1036221981048584
9, 0.18544888496398926, -0.5355252027511597, 2.1036221981048584
10, 0.18544888496398926, -0.5355252027511597, 2.1036221981048584
11, 0.18544888496398926, -0.5355252027511597, 2.1036221981048584
12, 0.18544888496398926, -0.5355252027511597, 2.1036221981048584
13, 0.18544888496398926, -0.5355252027511597, 2.1036221981048584
14, 0.18544888496398926, -0.5355252027511597, 2.1036221981048584
15, 0.04875345528125763, -0.5355252027511597, 2.312941074371338
16, 0.04875345528125763, -0.5355252027511597, 2.312941074371338
17, 0.035031143575906754, -0.5355252027511597, 2.5625641345977783
18, 0.035031143575906754, -0.5355252027511597, 2.5625641345977783
19, 0.035031143575906754, -0.5355252027511597, 2.5625641345977783
20, 0.24434994161128998, -0.5355252027511597, 2.6992595195770264
21, 0.4536687433719635, -0.5355252027511597, 2.8359549045562744
22, 0.6629875302314758, -0.5355252027511597, 2.9726502895355225
23, 0.8723063468933105, -0.5355252027511597, 3.1093456745147705
24, 1.0816251039505005, -0.5355252027511597, 3.2460410594940186
25, 1.0816251039505005, -0.5355252027511597, 3.2460410594940186
26, 1.331248164176941, -0.5355252027511597, 3.259763240814209
27, 1.5808712244033813, -0.5355252027511597, 3.2734856605529785
28, 1.8304942846298218, -0.5355252027511597, 3.287208080291748
29, 2.0801174640655518, -0.5355252027511597, 3.3009305000305176
30, 2.329740524291992, -0.5355252027511597, 3.314652919769287
31, 2.5793635845184326, -0.5355252027511597, 3.3283753395080566
32, 2.828986644744873, -0.5355252027511597, 3.342097759246826
33, 3.0786097049713135, -0.5355252027511597, 3.3558201789855957
34, 3.0786097049713135, -0.5355252027511597, 3.3558201789855957
35, 3.0786097049713135, -0.5355252027511597, 3.3558201789855957
36, 3.328232765197754, -0.5355252027511597, 3.3695425987243652
37, 3.5778558254241943, -0.5355252027511597, 3.3832650184631348
38, 3.5778558254241943, -0.5355252027511597, 3.3832650184631348
39, 3.5778558254241943, -0.5355252027511597, 3.3832650184631348
40, 3.5778558254241943, -0.5355252027511597, 3.3832650184631348
41, 3.8008968830108643, -0.5355252027511597, 3.2703373432159424
42, 4.023938179016113, -0.5355252027511597, 3.15740966796875
43, 4.023938179016113, -0.5355252027511597, 3.15740966796875
44, 4.273561477661133, -0.5355252027511597, 3.1711320877075195
45, 4.523184776306152, -0.5355252027511597, 3.184854507446289
46, 4.772808074951172, -0.5355252027511597, 3.1985769271850586
47, 5.022431373596191, -0.5355252027511597, 3.212299346923828
48, 5.272054672241211, -0.5355252027511597, 3.2260217666625977
49, 5.5216779708862305, -0.5355252027511597, 3.239744186401367
50, 5.77130126953125, -0.5355252027511597, 3.2534666061401367
51, 6.0209245681762695, -0.5355252027511597, 3.2671890258789062
52, 6.270547866821289, -0.5355252027511597, 3.280911445617676
53, 6.270547866821289, -0.5355252027511597, 3.280911445617676
54, 6.493588924407959, -0.5355252027511597, 3.1679837703704834
55, 6.493588924407959, -0.5355252027511597, 3.1679837703704834
56, 6.493588924407959, -0.5355252027511597, 3.1679837703704834
57, 6.493588924407959, -0.5355252027511597, 3.1679837703704834
58, 6.493588924407959, -0.5355252027511597, 3.1679837703704834
59, 6.5073113441467285, -0.5355252027511597, 2.918360710144043
60, 6.521033763885498, -0.5355252027511597, 2.6687376499176025
61, 6.521033763885498, -0.5355252027511597, 2.6687376499176025
62, 6.657729148864746, -0.5355252027511597, 2.459418773651123
63, 6.794424533843994, -0.5355252027511597, 2.2500998973846436
64, 6.931119918823242, -0.5355252027511597, 2.040781021118164
65, 6.931119918823242, -0.5355252027511597, 2.040781021118164
66, 6.931119918823242, -0.5355252027511597, 2.040781021118164
67, 6.931119918823242, -0.5355252027511597, 2.040781021118164
68, 6.931119918823242, -0.5355252027511597, 2.040781021118164
69, 6.931119918823242, -0.5355252027511597, 2.040781021118164
70, 6.931119918823242, -0.5355252027511597, 2.040781021118164
71, 6.931119918823242, -0.5355252027511597, 2.040781021118164
72, 6.931119918823242, -0.5355252027511597, 2.040781021118164
73, 6.931119918823242, -0.5355252027511597, 2.040781021118164
74, 6.931119918823242, -0.5355252027511597, 2.040781021118164
75, 6.794424533843994, -0.5355252027511597, 2.2500998973846436
76, 6.794424533843994, -0.5355252027511597, 2.2500998973846436
77, 6.794424533843994, -0.5355252027511597, 2.2500998973846436
78, 6.657729148864746, -0.5355252027511597, 2.459418773651123
79, 6.657729148864746, -0.5355252027511597, 2.459418773651123
80, 6.644006729125977, -0.5355252027511597, 2.7090420722961426
81, 6.630284309387207, -0.5355252027511597, 2.958665370941162
82, 6.630284309387207, -0.5355252027511597, 2.958665370941162
83, 6.630284309387207, -0.5355252027511597, 2.958665370941162
84, 6.839602947235107, -0.5355252027511597, 3.09536075592041
85, 7.048921585083008, -0.5355252027511597, 3.232056140899658
86, 7.048921585083008, -0.5355252027511597, 3.232056140899658
87, 7.298544883728027, -0.5355252027511597, 3.2457783222198486
88, 7.298544883728027, -0.5355252027511597, 3.2457783222198486
89, 7.507863521575928, -0.5355252027511597, 3.3824737071990967
90, 7.717182159423828, -0.5355252027511597, 3.5191690921783447
91, 7.9265007972717285, -0.5355252027511597, 3.6558644771575928
92, 7.9265007972717285, -0.5355252027511597, 3.6558644771575928
93, 7.9265007972717285, -0.5355252027511597, 3.6558644771575928
94, 7.9265007972717285, -0.5355252027511597, 3.6558644771575928
95, 7.9265007972717285, -0.5355252027511597, 3.6558644771575928
96, 7.9265007972717285, -0.5355252027511597, 3.6558644771575928
97, 7.9265007972717285, -0.5355252027511597, 3.6558644771575928
98, 7.717182159423828, -0.5355252027511597, 3.5191690921783447
99, 7.507863521575928, -0.5355252027511597, 3.3824737071990967
100, 7.507863521575928, -0.5355252027511597, 3.3824737071990967
101, 7.258240222930908, -0.5355252027511597, 3.3687515258789062
102, 7.008616924285889, -0.5355252027511597, 3.355029344558716
103, 6.758993625640869, -0.5355252027511597, 3.3413071632385254
104, 6.758993625640869, -0.5355252027511597, 3.3413071632385254
105, 6.758993625640869, -0.5355252027511597, 3.3413071632385254
106, 6.50937032699585, -0.5355252027511597, 3.327584981918335
107, 6.25974702835083, -0.5355252027511597, 3.3138628005981445
108, 6.0101237297058105, -0.5355252027511597, 3.300140619277954
109, 5.760500431060791, -0.5355252027511597, 3.2864184379577637
110, 5.5108771324157715, -0.5355252027511597, 3.2726962566375732
111, 5.261253833770752, -0.5355252027511597, 3.258974075317383
112, 5.011630535125732, -0.5355252027511597, 3.2452518939971924
113, 4.762007236480713, -0.5355252027511597, 3.231529712677002
114, 4.512383937835693, -0.5355252027511597, 3.2178075313568115
115, 4.262760639190674, -0.5355252027511597, 3.204085350036621
116, 4.262760639190674, -0.5355252027511597, 3.204085350036621
117, 4.039719581604004, -0.5355252027511597, 3.3170130252838135
118, 3.816678524017334, -0.5355252027511597, 3.429940700531006
119, 3.816678524017334, -0.5355252027511597, 3.429940700531006
120, 3.679983139038086, -0.5355252027511597, 3.6392595767974854
121, 3.543287754058838, -0.5355252027511597, 3.848578453063965
122, 3.543287754058838, -0.5355252027511597, 3.848578453063965
123, 3.543287754058838, -0.5355252027511597, 3.848578453063965
124, 3.543287754058838, -0.5355252027511597, 3.848578453063965
125, 3.5295655727386475, -0.5355252027511597, 4.098201751708984
126, 3.515843391418457, -0.5355252027511597, 4.347825050354004
127, 3.5021212100982666, -0.5355252027511597, 4.597448348999023
128, 3.488399028778076, -0.5355252027511597, 4.847071647644043
129, 3.488399028778076, -0.5355252027511597, 4.847071647644043
130, 3.408766031265259, -0.5355252027511597, 4.969012260437012
131, 3.408766031265259, -0.5355252027511597, 4.969012260437012
132, 3.408766031265259, -0.5355252027511597, 4.969012260437012
133, 3.408766031265259, -0.5355252027511597, 4.969012260437012
134, 3.408766031265259, -0.5355252027511597, 4.969012260437012
135, 3.408766031265259, -0.5355252027511597, 4.969012260437012
136, 3.408766031265259, -0.5355252027511597, 4.969012260437012
137, 3.408766031265259, -0.5355252027511597, 4.969012260437012
138, 3.408766031265259, -0.5355252027511597, 4.969012260437012
139, 3.422488212585449, -0.5355252027511597, 4.719388961791992
140, 3.4362103939056396, -0.5355252027511597, 4.469765663146973
141, 3.44993257522583, -0.5355252027511597, 4.220142364501953
142, 3.4636547565460205, -0.5355252027511597, 3.9705193042755127
143, 3.477376937866211, -0.5355252027511597, 3.7208962440490723
144, 3.477376937866211, -0.5355252027511597, 3.7208962440490723
145, 3.614072322845459, -0.5355252027511597, 3.5115773677825928
146, 3.614072322845459, -0.5355252027511597, 3.5115773677825928
147, 3.837113380432129, -0.5355252027511597, 3.3986496925354004
148, 3.837113380432129, -0.5355252027511597, 3.3986496925354004
149, 4.086736679077148, -0.5355252027511597, 3.412371873855591
150, 4.336359977722168, -0.5355252027511597, 3.4260940551757812
151, 4.5859832763671875, -0.5355252027511597, 3.4398162364959717
152, 4.835606575012207, -0.5355252027511597, 3.453538417816162
153, 5.085229873657227, -0.5355252027511597, 3.4672605991363525
154, 5.334853172302246, -0.5355252027511597, 3.480982780456543
155, 5.584476470947266, -0.5355252027511597, 3.4947049617767334
156, 5.834099769592285, -0.5355252027511597, 3.508427143096924
157, 5.834099769592285, -0.5355252027511597, 3.508427143096924
158, 6.0434184074401855, -0.5355252027511597, 3.645122528076172
159, 6.252737045288086, -0.5355252027511597, 3.78181791305542
160, 6.252737045288086, -0.5355252027511597, 3.78181791305542
161, 6.252737045288086, -0.5355252027511597, 3.78181791305542
162, 6.239014625549316, -0.5355252027511597, 4.0314412117004395
163, 6.225292205810547, -0.5355252027511597, 4.281064510345459
164, 6.225292205810547, -0.5355252027511597, 4.281064510345459
165, 6.338220119476318, -0.5355252027511597, 4.504105567932129
166, 6.338220119476318, -0.5355252027511597, 4.504105567932129
167, 6.324497699737549, -0.5355252027511597, 4.753728866577148
168, 6.310775279998779, -0.5355252027511597, 5.003352165222168
169, 6.310775279998779, -0.5355252027511597, 5.003352165222168
170, 6.310775279998779, -0.5355252027511597, 5.003352165222168
171, 6.310775279998779, -0.5355252027511597, 5.003352165222168
172, 6.13738489151001, -0.5355252027511597, 4.993820667266846
173, 6.13738489151001, -0.5355252027511597, 4.993820667266846
174, 6.13738489151001, -0.5355252027511597, 4.993820667266846
175, 6.13738489151001, -0.5355252027511597, 4.993820667266846
176, 6.13738489151001, -0.5355252027511597, 4.993820667266846
177, 6.13738489151001, -0.5355252027511597, 4.993820667266846
178, 6.13738489151001, -0.5355252027511597, 4.993820667266846
179, 6.13738489151001, -0.5355252027511597, 4.993820667266846
180, 6.13738489151001, -0.5355252027511597, 4.9938201904296875
181, 6.13738489151001, -0.5355252027511597, 4.9938201904296875
182, 6.13738489151001, -0.5355252027511597, 4.9938201904296875
183, 6.13738489151001, -0.5355252027511597, 4.9938201904296875
184, 6.13738489151001, -0.5355252027511597, 4.9938201904296875
185, 6.13738489151001, -0.5355252027511597, 4.993820667266846
186, 6.13738489151001, -0.5355252027511597, 4.993820667266846
187, 6.12366247177124, -0.5355252027511597, 5.243443965911865
188, 6.12366247177124, -0.5355252027511597, 5.243443965911865
189, 6.099696159362793, -0.5355252027511597, 5.2801432609558105
190, 6.099696159362793, -0.5355252027511597, 5.2801432609558105
191, 6.099696159362793, -0.5355252027511597, 5.2801432609558105
192, 6.099696159362793, -0.5355252027511597, 5.2801432609558105
193, 6.076305389404297, -0.5355252027511597, 5.278857231140137
194, 6.076305389404297, -0.5355252027511597, 5.278857231140137
195, 6.076305389404297, -0.5355252027511597, 5.278857231140137
196, 7.819910526275635, 2.0644748210906982, 0.5710276365280151
