1, 17.582786560058594, 0.09943583607673645, -1.89076566696167
2, 17.582786560058594, 0.09943583607673645, -1.89076566696167
3, 17.582786560058594, 0.09943583607673645, -1.89076566696167
4, 17.582786560058594, 0.09943583607673645, -1.89076566696167
5, 17.582786560058594, 0.09943583607673645, -1.89076566696167
6, 17.582786560058594, 0.09943583607673645, -1.89076566696167
7, 17.582786560058594, 0.09943583607673645, -1.89076566696167
8, 17.582786560058594, 0.09943583607673645, -1.89076566696167
9, 17.582786560058594, 0.09943583607673645, -1.89076566696167
10, 17.582786560058594, 0.09943583607673645, -1.89076566696167
11, 17.582786560058594, 0.09943583607673645, -1.89076566696167
12, 17.582786560058594, 0.09943583607673645, -1.89076566696167
13, 17.582786560058594, 0.09943583607673645, -1.89076566696167
14, 17.582786560058594, 0.09943583607673645, -1.89076566696167
15, 17.5129451751709, 0.09943583607673645, -1.6507192850112915
16, 17.5129451751709, 0.09943583607673645, -1.6507192850112915
17, 17.572484970092773, 0.09943583607673645, -1.4079126119613647
18, 17.63202476501465, 0.09943583607673645, -1.165105938911438
19, 17.63202476501465, 0.09943583607673645, -1.165105938911438
20, 17.562183380126953, 0.09943583607673645, -0.9250595569610596
21, 17.562183380126953, 0.09943583607673645, -0.9250595569610596
22, 17.621723175048828, 0.09943583607673645, -0.6822528839111328
23, 17.621723175048828, 0.09943583607673645, -0.6822528839111328
24, 17.647123336791992, 0.09943583607673645, -0.6557453274726868
25, 17.647123336791992, 0.09943583607673645, -0.6557453274726868
26, 17.647123336791992, 0.09943583607673645, -0.6557453274726868
27, 17.647123336791992, 0.09943583607673645, -0.6557453274726868
28, 17.647123336791992, 0.09943583607673645, -0.6557453274726868
29, 17.647123336791992, 0.09943583607673645, -0.6557453274726868
30, 17.647123336791992, 0.09943583607673645, -0.6557453274726868
31, 17.647123336791992, 0.09943583607673645, -0.6557453274726868
32, 17.647123336791992, 0.09943583607673645, -0.6557453274726868
33, 17.647123336791992, 0.09943583607673645, -0.6557453274726868
34, 17.577281951904297, 0.09943583607673645, -0.41569897532463074
35, 17.577281951904297, 0.09943583607673645, -0.41569897532463074
36, 17.577281951904297, 0.09943583607673645, -0.41569897532463074
37, 17.577281951904297, 0.09943583607673645, -0.41569897532463074
38, 17.577281951904297, 0.09943583607673645, -0.41569897532463074
39, 17.82008934020996, 0.09943583607673645, -0.475238174200058
40, 17.883411407470703, 0.09943583607673645, -0.4907655715942383
41, 17.883411407470703, 0.09943583607673645, -0.4907655715942383
42, 18.123456954956055, 0.09943583607673645, -0.42092466354370117
43, 18.363502502441406, 0.09943583607673645, -0.35108375549316406
44, 18.603548049926758, 0.09943583607673645, -0.28124284744262695
45, 18.84359359741211, 0.09943583607673645, -0.21140193939208984
46, 19.08363914489746, 0.09943583607673645, -0.14156103134155273
47, 19.08363914489746, 0.09943583607673645, -0.14156103134155273
48, 19.326446533203125, 0.09943583607673645, -0.2011002004146576
49, 19.56925392150879, 0.09943583607673645, -0.26063936948776245
50, 19.812061309814453, 0.09943583607673645, -0.3201785385608673
51, 20.054868698120117, 0.09943583607673645, -0.37971770763397217
52, 20.29767608642578, 0.09943583607673645, -0.439256876707077
53, 20.540483474731445, 0.09943583607673645, -0.4987960457801819
54, 20.540483474731445, 0.09943583607673645, -0.4987960457801819
55, 20.780529022216797, 0.09943583607673645, -0.4289551377296448
56, 21.02057456970215, 0.09943583607673645, -0.35911422967910767
57, 21.02057456970215, 0.09943583607673645, -0.35911422967910767
58, 21.110729217529297, 0.09943583607673645, -0.265028715133667
59, 21.110729217529297, 0.09943583607673645, -0.265028715133667
60, 21.33938980102539, 0.09943583607673645, -0.19850021600723267
61, 21.33938980102539, 0.09943583607673645, -0.19850021600723267
62, 21.33938980102539, 0.09943583607673645, -0.19850021600723267
63, 21.33938980102539, 0.09943583607673645, -0.19850021600723267
64, 21.33938980102539, 0.09943583607673645, -0.19850021600723267
65, 21.33938980102539, 0.09943583607673645, -0.19850021600723267
66, 21.33938980102539, 0.09943583607673645, -0.19850021600723267
67, 21.51235580444336, 0.09943583607673645, -0.01799297332763672
68, 21.51235580444336, 0.09943583607673645, -0.01799297332763672
69, 21.51235580444336, 0.09943583607673645, -0.01799297332763672
70, 21.73832893371582, 0.09943583607673645, -0.0734042152762413
71, 21.73832893371582, 0.09943583607673645, -0.07340433448553085
72, 21.73832893371582, 0.09943583607673645, -0.07340432703495026
73, 21.73832893371582, 0.09943583607673645, -0.07340432703495026
74, 21.73832893371582, 0.09943583607673645, -0.07340432703495026
75, 21.73832893371582, 0.09943583607673645, -0.07340432703495026
76, 21.73832893371582, 0.09943583607673645, -0.07340432703495026
77, 21.73832893371582, 0.09943583607673645, -0.07340405881404877
78, 21.73832893371582, 0.09943583607673645, -0.07340405881404877
79, 21.817514419555664, 0.09943583607673645, 0.009234428405761719
80, 21.817514419555664, 0.09943583607673645, 0.009234428405761719
81, 21.817514419555664, 0.09943583607673645, 0.009234428405761719
82, 22.060321807861328, 0.09943583607673645, -0.05030466616153717
83, 22.060321807861328, 0.09943583607673645, -0.05030466616153717
84, 22.240829467773438, 0.09943583607673645, -0.22327040135860443
85, 22.421337127685547, 0.09943583607673645, -0.3962361216545105
86, 22.421337127685547, 0.09943583607673645, -0.3962361216545105
87, 22.421337127685547, 0.09943583607673645, -0.3962361216545105
88, 22.601844787597656, 0.09943583607673645, -0.5692018270492554
89, 22.601844787597656, 0.09943583607673645, -0.5692018270492554
90, 22.601844787597656, 0.09943583607673645, -0.5692018270492554
91, 22.782352447509766, 0.09943583607673645, -0.7421675324440002
92, 22.782352447509766, 0.09943583607673645, -0.7421675324440002
93, 23.02515983581543, 0.09943583607673645, -0.8017066121101379
94, 23.267967224121094, 0.09943583607673645, -0.8612456917762756
95, 23.510774612426758, 0.09943583607673645, -0.9207847714424133
96, 23.753582000732422, 0.09943583607673645, -0.980323851108551
97, 23.996389389038086, 0.09943583607673645, -1.0398629903793335
98, 23.996389389038086, 0.09943583607673645, -1.0398629903793335
99, 23.996389389038086, 0.09943583607673645, -1.0398629903793335
100, 24.091346740722656, 0.09943583607673645, -0.9407658576965332
101, 24.091346740722656, 0.09943583607673645, -0.9407658576965332
102, 24.091346740722656, 0.09943583607673645, -0.9407658576965332
103, 24.091346740722656, 0.09943583607673645, -0.9407658576965332
104, 24.33415412902832, 0.09943583607673645, -1.000304937362671
105, 24.33415412902832, 0.09943583607673645, -1.000304937362671
106, 24.33415412902832, 0.09943583607673645, -1.000304937362671
107, 24.33415412902832, 0.09943583607673645, -1.000304937362671
108, 24.33415412902832, 0.09943583607673645, -1.000304937362671
109, 24.33415412902832, 0.09943583607673645, -1.000304937362671
110, 24.33415412902832, 0.09943583607673645, -1.000304937362671
111, 24.33415412902832, 0.09943583607673645, -1.000304937362671
112, 24.09410858154297, 0.09943583607673645, -1.0701459646224976
113, 23.854063034057617, 0.09943583607673645, -1.1399869918823242
114, 23.854063034057617, 0.09943583607673645, -1.1399869918823242
115, 23.611255645751953, 0.09943583607673645, -1.0804479122161865
116, 23.36844825744629, 0.09943583607673645, -1.0209088325500488
117, 23.125640869140625, 0.09943583607673645, -0.9613697528839111
118, 23.125640869140625, 0.09943583607673645, -0.9613697528839111
119, 23.125640869140625, 0.09943583607673645, -0.9613697528839111
120, 23.125640869140625, 0.09943583607673645, -0.9613697528839111
121, 23.125640869140625, 0.09943583607673645, -0.9613697528839111
122, 23.125640869140625, 0.09943583607673645, -0.9613697528839111
123, 23.125640869140625, 0.09943583607673645, -0.9613697528839111
124, 23.36844825744629, 0.09943583607673645, -1.0209088325500488
125, 23.611255645751953, 0.09943583607673645, -1.0804479122161865
126, 23.854063034057617, 0.09943583607673645, -1.1399869918823242
127, 23.854063034057617, 0.09943583607673645, -1.1399869918823242
128, 23.854063034057617, 0.09943583607673645, -1.1399869918823242
129, 23.854063034057617, 0.09943583607673645, -1.1399869918823242
130, 24.09410858154297, 0.09943583607673645, -1.070146083831787
131, 6.037252902984619, 2.8994359970092773, -3.6098737716674805
