1, -5.026576519012451, 0.07216382026672363, 5.081089019775391
2, -5.026576519012451, 0.07216382026672363, 5.081089019775391
3, -5.026576519012451, 0.07216382026672363, 5.081089019775391
4, -5.026576519012451, 0.07216382026672363, 5.081089019775391
5, -5.026576519012451, 0.07216382026672363, 5.081089019775391
6, -5.026576519012451, 0.07216382026672363, 5.081089019775391
7, -5.026576519012451, 0.07216382026672363, 5.081089019775391
8, -5.026576519012451, 0.07216382026672363, 5.081089019775391
9, -5.026576519012451, 0.07216382026672363, 5.081089019775391
10, -5.026576519012451, 0.07216382026672363, 5.081089019775391
11, -5.026576519012451, 0.07216382026672363, 5.081089019775391
12, -5.026576519012451, 0.07216382026672363, 5.081089019775391
13, -5.026576519012451, 0.07216382026672363, 5.081089019775391
14, -4.881339073181152, 0.07216382026672363, 5.284574031829834
15, -4.881339073181152, 0.07216382026672363, 5.284574031829834
16, -4.881339073181152, 0.07216382026672363, 5.284574031829834
17, -4.632497310638428, 0.07216382026672363, 5.260537147521973
18, -4.632497310638428, 0.07216382026672363, 5.260537147521973
19, -4.429012298583984, 0.07216382026672363, 5.115299701690674
20, -4.225527286529541, 0.07216382026672363, 4.970062255859375
21, -4.225527286529541, 0.07216382026672363, 4.970062255859375
22, -4.121922969818115, 0.07216382026672363, 4.74254035949707
23, -4.121922969818115, 0.07216382026672363, 4.74254035949707
24, -4.145959854125977, 0.07216382026672363, 4.493698596954346
25, -4.169996738433838, 0.07216382026672363, 4.244856834411621
26, -4.194033622741699, 0.07216382026672363, 3.9960150718688965
27, -4.194033622741699, 0.07216382026672363, 3.9960150718688965
28, -4.194033622741699, 0.07216382026672363, 3.9960150718688965
29, -3.990548849105835, 0.07216382026672363, 3.8507776260375977
30, -3.9343745708465576, 0.07216382026672363, 3.810683250427246
31, -3.9343745708465576, 0.07216382026672363, 3.810683250427246
32, -3.9343745708465576, 0.07216382026672363, 3.810683250427246
33, -3.830770254135132, 0.07216382026672363, 3.5831613540649414
34, -3.830770254135132, 0.07216382026672363, 3.5831613540649414
35, -3.6272854804992676, 0.07216382026672363, 3.4379239082336426
36, -3.6272854804992676, 0.07216382026672363, 3.4379239082336426
37, -3.6272854804992676, 0.07216382026672363, 3.4379239082336426
38, -3.6272854804992676, 0.07216382026672363, 3.4379239082336426
39, -3.6272854804992676, 0.07216382026672363, 3.4379239082336426
40, -3.6272854804992676, 0.07216382026672363, 3.4379239082336426
41, -3.378443717956543, 0.07216382026672363, 3.413886785507202
42, -3.1296019554138184, 0.07216382026672363, 3.3898496627807617
43, -2.8807601928710938, 0.07216382026672363, 3.3658125400543213
44, -2.8807601928710938, 0.07216382026672363, 3.3658125400543213
45, -2.8807601928710938, 0.07216382026672363, 3.3658125400543213
46, -2.8807601928710938, 0.07216382026672363, 3.3658125400543213
47, -2.8807601928710938, 0.07216382026672363, 3.3658125400543213
48, -2.8807601928710938, 0.07216382026672363, 3.3658125400543213
49, -3.084244966506958, 0.07216382026672363, 3.511050224304199
50, -3.084244966506958, 0.07216382026672363, 3.511050224304199
51, -3.3330867290496826, 0.07216382026672363, 3.5350873470306396
52, -3.5819284915924072, 0.07216382026672363, 3.55912446975708
53, -3.830770254135132, 0.07216382026672363, 3.5831615924835205
54, -3.830770254135132, 0.07216382026672363, 3.5831615924835205
55, -4.034255027770996, 0.07216382026672363, 3.7283992767333984
56, -4.237739562988281, 0.07216382026672363, 3.8736369609832764
57, -4.237739562988281, 0.07216382026672363, 3.8736369609832764
58, -4.341343879699707, 0.07216382026672363, 4.101158618927002
59, -4.341343879699707, 0.07216382026672363, 4.101158618927002
60, -4.317306995391846, 0.07216382026672363, 4.350000381469727
61, -4.293270111083984, 0.07216382026672363, 4.598842144012451
62, -4.293270111083984, 0.07216382026672363, 4.598842144012451
63, -4.1480326652526855, 0.07216382026672363, 4.8023271560668945
64, -4.1480326652526855, 0.07216382026672363, 4.8023271560668945
65, -3.920510768890381, 0.07216382026672363, 4.90593147277832
66, -3.692988872528076, 0.07216382026672363, 5.009535789489746
67, -3.4654669761657715, 0.07216382026672363, 5.113140106201172
68, -3.237945079803467, 0.07216382026672363, 5.216744422912598
69, -3.010423183441162, 0.07216382026672363, 5.320348739624023
70, -3.010423183441162, 0.07216382026672363, 5.320348739624023
71, -2.7615814208984375, 0.07216382026672363, 5.296311855316162
72, -2.512739658355713, 0.07216382026672363, 5.272274971008301
73, -2.2638978958129883, 0.07216382026672363, 5.2482380867004395
74, -2.0150561332702637, 0.07216382026672363, 5.224201202392578
75, -1.766214370727539, 0.07216382026672363, 5.200164318084717
76, -1.5173726081848145, 0.07216382026672363, 5.1761274337768555
77, -1.2685308456420898, 0.07216382026672363, 5.152090549468994
78, -1.0196890830993652, 0.07216382026672363, 5.128053665161133
79, -0.7708473205566406, 0.07216382026672363, 5.1040167808532715
80, -0.522005558013916, 0.07216382026672363, 5.07997989654541
81, -0.522005558013916, 0.07216382026672363, 5.07997989654541
82, -0.2944837212562561, 0.07216382026672363, 5.183584213256836
83, -0.06696188449859619, 0.07216382026672363, 5.287188529968262
84, -0.06696188449859619, 0.07216382026672363, 5.287188529968262
85, 0.18187987804412842, 0.07216382026672363, 5.2631516456604
86, 0.430721640586853, 0.07216382026672363, 5.239114761352539
87, 0.6795634031295776, 0.07216382026672363, 5.215077877044678
88, 0.9284051656723022, 0.07216382026672363, 5.191040992736816
89, 1.1772469282150269, 0.07216382026672363, 5.167004108428955
90, 1.4260886907577515, 0.07216382026672363, 5.142967224121094
91, 1.674930453300476, 0.07216382026672363, 5.118930339813232
92, 1.674930453300476, 0.07216382026672363, 5.118930339813232
93, 1.674930453300476, 0.07216382026672363, 5.118930339813232
94, 1.674930453300476, 0.07216382026672363, 5.118930339813232
95, 1.674930453300476, 0.07216382026672363, 5.118930339813232
96, 1.674930453300476, 0.07216382026672363, 5.118930339813232
97, 1.674930453300476, 0.07216382026672363, 5.118930339813232
98, 1.674930453300476, 0.07216382026672363, 5.118930339813232
99, 1.674930453300476, 0.07216382026672363, 5.118930339813232
100, 1.674930453300476, 0.07216382026672363, 5.118930339813232
101, 1.8784151077270508, 0.07216382026672363, 4.973692893981934
102, 2.081899881362915, 0.07216382026672363, 4.828455448150635
103, 2.2853846549987793, 0.07216382026672363, 4.683218002319336
104, 2.4888694286346436, 0.07216382026672363, 4.537980556488037
105, 2.692354202270508, 0.07216382026672363, 4.392743110656738
106, 2.692354202270508, 0.07216382026672363, 4.392743110656738
107, 2.7959582805633545, 0.07216382026672363, 4.165221214294434
108, 2.899562358856201, 0.07216382026672363, 3.937699317932129
109, 3.003166437149048, 0.07216382026672363, 3.710177421569824
110, 3.1067705154418945, 0.07216382026672363, 3.4826555252075195
111, 3.210374593734741, 0.07216382026672363, 3.255133628845215
112, 3.210374593734741, 0.07216382026672363, 3.255133628845215
113, 3.186337471008301, 0.07216382026672363, 3.0062918663024902
114, 3.1623003482818604, 0.07216382026672363, 2.7574501037597656
115, 3.13826322555542, 0.07216382026672363, 2.508608341217041
116, 3.1142261028289795, 0.07216382026672363, 2.2597665786743164
117, 3.090188980102539, 0.07216382026672363, 2.010924816131592
118, 3.0661518573760986, 0.07216382026672363, 1.7620830535888672
119, 3.042114734649658, 0.07216382026672363, 1.5132412910461426
120, 3.042114734649658, 0.07216382026672363, 1.5132412910461426
121, 2.8968770503997803, 0.07216382026672363, 1.3097566366195679
122, 2.7516393661499023, 0.07216382026672363, 1.1062719821929932
123, 2.7516393661499023, 0.07216382026672363, 1.1062719821929932
124, 2.5241174697875977, 0.07216382026672363, 1.0026679039001465
125, 2.5241174697875977, 0.07216382026672363, 1.0026679039001465
126, 2.5241174697875977, 0.07216382026672363, 1.0026679039001465
127, 2.296595573425293, 0.07216382026672363, 0.8990638256072998
128, 2.0690736770629883, 0.07216382026672363, 0.7954597473144531
129, 1.8415517807006836, 0.07216382026672363, 0.6918556690216064
130, 1.614029884338379, 0.07216382026672363, 0.5882515907287598
131, 1.614029884338379, 0.07216382026672363, 0.5882515907287598
132, 1.3651881217956543, 0.07216382026672363, 0.612288773059845
133, 1.1163463592529297, 0.18239657580852509, 0.6363259553909302
134, 0.8675045967102051, 0.18697509169578552, 0.6603631377220154
135, 0.6186628341674805, 0.10669329762458801, 0.6844003200531006
136, 0.36982107162475586, 0.07216382026672363, 0.7084375023841858
137, 0.12097930908203125, 0.07216382026672363, 0.732474684715271
138, 0.12097930908203125, 0.07216382026672363, 0.732474684715271
139, -0.08250539004802704, 0.07216382026672363, 0.8777123689651489
140, -0.2859900891780853, 0.07216382026672363, 1.0229500532150269
141, -0.4894747734069824, 0.07216382026672363, 1.1681877374649048
142, -0.6929594874382019, 0.07216382026672363, 1.3134254217147827
143, -0.8964442014694214, 0.07216382026672363, 1.4586631059646606
144, -0.8964442014694214, 0.07216382026672363, 1.4586631059646606
145, -1.000048279762268, 0.07216382026672363, 1.6861850023269653
146, -1.000048279762268, 0.07216382026672363, 1.6861850023269653
147, -1.000048279762268, 0.07216382026672363, 1.6861850023269653
148, -1.000048279762268, 0.07216382026672363, 1.6861850023269653
149, -1.000048279762268, 0.07216382026672363, 1.6861850023269653
150, -1.000048279762268, 0.07216382026672363, 1.6861850023269653
151, -0.7965636253356934, 0.07216382026672363, 1.5409473180770874
152, -0.7965636253356934, 0.07216382026672363, 1.5409473180770874
153, -0.6929596066474915, 0.07216382026672363, 1.3134254217147827
154, -0.5893555879592896, 0.07216382026672363, 1.085903525352478
155, -0.5893555879592896, 0.07216382026672363, 1.085903525352478
156, -0.38587093353271484, 0.07216382026672363, 0.9406658411026001
157, -0.18238627910614014, 0.07216382026672363, 0.7954281568527222
158, -0.18238627910614014, 0.07216382026672363, 0.7954281568527222
159, 0.06645546853542328, 0.07216382026672363, 0.7713909149169922
160, 0.3152972161769867, 0.07216382026672363, 0.7473536729812622
161, 0.5641389489173889, 0.09722667932510376, 0.7233164310455322
162, 0.8129807114601135, 0.19438765943050385, 0.6992791891098022
163, 1.0618224143981934, 0.1898091435432434, 0.6752419471740723
164, 1.310664176940918, 0.09838985651731491, 0.6512047052383423
165, 1.5595059394836426, 0.07216382026672363, 0.6271674633026123
166, 1.5595059394836426, 0.07216382026672363, 0.6271674633026123
167, 1.7870278358459473, 0.07216382026672363, 0.7307714819908142
168, 2.014549732208252, 0.07216382026672363, 0.8343755006790161
169, 2.2420716285705566, 0.07216382026672363, 0.937979519367218
170, 2.4695935249328613, 0.07216382026672363, 1.04158353805542
171, 2.697115421295166, 0.07216382026672363, 1.1451876163482666
172, 2.697115421295166, 0.07216382026672363, 1.1451876163482666
173, 2.842353105545044, 0.07216382026672363, 1.3486722707748413
174, 2.987590789794922, 0.07216382026672363, 1.552156925201416
175, 2.987590789794922, 0.07216382026672363, 1.552156925201416
176, 3.0116279125213623, 0.07216382026672363, 1.8009986877441406
177, 3.0356650352478027, 0.07216382026672363, 2.0498404502868652
178, 3.059702157974243, 0.07216382026672363, 2.29868221282959
179, 3.0837392807006836, 0.07216382026672363, 2.5475239753723145
180, 3.107776403427124, 0.07216382026672363, 2.796365737915039
181, 3.1318135261535645, 0.07216382026672363, 3.0452075004577637
182, 3.1318135261535645, 0.07216382026672363, 3.0452075004577637
183, 3.0282094478607178, 0.07216382026672363, 3.2727293968200684
184, 2.924605369567871, 0.07216382026672363, 3.500251293182373
185, 2.8210012912750244, 0.07216382026672363, 3.7277731895446777
186, 2.802426815032959, 0.07216382026672363, 3.768563985824585
187, 2.802426815032959, 0.07216382026672363, 3.768563985824585
188, 2.8264639377593994, 0.07216382026672363, 4.017405986785889
189, 2.8264639377593994, 0.07216382026672363, 4.017405986785889
190, 2.7228598594665527, 0.07216382026672363, 4.244927883148193
191, 2.619255781173706, 0.07216382026672363, 4.472449779510498
192, 2.619255781173706, 0.07216382026672363, 4.472449779510498
193, 2.415771007537842, 0.07216382026672363, 4.617687702178955
194, 2.2122862339019775, 0.07216382026672363, 4.762925624847412
195, 2.2122862339019775, 0.07216382026672363, 4.762925624847412
196, 2.108682155609131, 0.07216382026672363, 4.990447521209717
197, 2.108682155609131, 0.07216382026672363, 4.990447521209717
198, 1.9051975011825562, 0.07216382026672363, 5.135685443878174
199, 1.9051975011825562, 0.07216382026672363, 5.135685443878174
200, 1.801593542098999, 0.07216382026672363, 5.3632073402404785
201, 1.697989583015442, 0.07216382026672363, 5.590729236602783
202, 1.697989583015442, 0.07216382026672363, 5.590729236602783
203, 1.697989583015442, 0.07216382026672363, 5.590729236602783
204, 1.697989583015442, 0.07216382026672363, 5.590729236602783
205, 1.697989583015442, 0.07216382026672363, 5.590729236602783
206, 1.5527517795562744, 0.07216382026672363, 5.387244701385498
207, 1.5527517795562744, 0.07216382026672363, 5.387244701385498
208, 1.3252298831939697, 0.07216382026672363, 5.2836408615112305
209, 1.3252298831939697, 0.07216382026672363, 5.2836408615112305
210, 1.0763881206512451, 0.07216382026672363, 5.30767822265625
211, 0.8275463581085205, 0.07216382026672363, 5.3317155838012695
212, 0.5787045955657959, 0.07216382026672363, 5.355752944946289
213, 0.3298628330230713, 0.07216382026672363, 5.379790306091309
214, 0.08102107048034668, 0.07216382026672363, 5.403827667236328
215, 0.08102107048034668, 0.07216382026672363, 5.403827667236328
216, -0.1465008556842804, 0.07216382026672363, 5.3002238273620605
217, -0.37402278184890747, 0.07216382026672363, 5.196619987487793
218, -0.6015447378158569, 0.07216382026672363, 5.093016147613525
219, -0.6015447378158569, 0.07216382026672363, 5.093016147613525
220, -0.8503865003585815, 0.07216382026672363, 5.117053508758545
221, -1.0992282629013062, 0.07216382026672363, 5.1410908699035645
222, -1.3480700254440308, 0.07216382026672363, 5.165128231048584
223, -1.5969117879867554, 0.07216382026672363, 5.1891655921936035
224, -1.84575355052948, 0.07216382026672363, 5.213202953338623
225, -2.094595432281494, 0.07216382026672363, 5.237240314483643
226, -2.3434371948242188, 0.07216382026672363, 5.261277675628662
227, -2.5922789573669434, 0.07216382026672363, 5.285315036773682
228, -2.841120719909668, 0.07216382026672363, 5.309352397918701
229, -3.0899624824523926, 0.07216382026672363, 5.333389759063721
230, -3.0899624824523926, 0.07216382026672363, 5.333389759063721
231, -3.3174843788146973, 0.07216382026672363, 5.229785919189453
232, -3.545006275177002, 0.07216382026672363, 5.1261820793151855
233, -3.7725281715393066, 0.07216382026672363, 5.022578239440918
234, -4.000050067901611, 0.07216382026672363, 4.91897439956665
235, -4.227571964263916, 0.07216382026672363, 4.815370559692383
236, -4.455093860626221, 0.07216382026672363, 4.711766719818115
237, -4.682615756988525, 0.07216382026672363, 4.608162879943848
238, -4.91013765335083, 0.07216382026672363, 4.50455904006958
239, -5.137659549713135, 0.07216382026672363, 4.4009552001953125
240, -5.3651814460754395, 0.07216382026672363, 4.297351360321045
241, -5.592703342437744, 0.07216382026672363, 4.193747520446777
242, -5.820225238800049, 0.07216382026672363, 4.09014368057251
243, -6.0477471351623535, 0.07216382026672363, 3.986539840698242
244, -6.275269031524658, 0.07216382026672363, 3.8829360008239746
245, -6.502790927886963, 0.07216382026672363, 3.779332160949707
246, -6.502790927886963, 0.07216382026672363, 3.779332160949707
247, -6.64802885055542, 0.07216382026672363, 3.575847625732422
248, -6.793266773223877, 0.07216382026672363, 3.3723630905151367
249, -6.938504695892334, 0.07216382026672363, 3.1688785552978516
250, -7.083742618560791, 0.07216382026672363, 2.9653940200805664
251, -7.228980541229248, 0.07216382026672363, 2.7619094848632812
252, -7.374218463897705, 0.07216382026672363, 2.558424949645996
253, -7.374218463897705, 0.07216382026672363, 2.558424949645996
254, -7.374218463897705, 0.07216382026672363, 2.558424949645996
255, -7.374218463897705, 0.07216382026672363, 2.558424949645996
256, -7.374218463897705, 0.07216382026672363, 2.558424949645996
257, -7.374218463897705, 0.07216382026672363, 2.558424949645996
258, -7.374218463897705, 0.07216382026672363, 2.558424949645996
259, -7.374218463897705, 0.07216382026672363, 2.558424949645996
260, -7.374218463897705, 0.07216382026672363, 2.558424949645996
261, -7.228980541229248, 0.07216382026672363, 2.7619094848632812
262, -7.083742618560791, 0.07216382026672363, 2.9653940200805664
263, -6.938504695892334, 0.07216382026672363, 3.1688785552978516
264, -6.793266773223877, 0.07216382026672363, 3.3723630905151367
265, -6.64802885055542, 0.07216382026672363, 3.575847625732422
266, -6.64802885055542, 0.07216382026672363, 3.575847625732422
267, -6.420506954193115, 0.07216382026672363, 3.6794517040252686
268, -6.1929850578308105, 0.07216382026672363, 3.7830557823181152
269, -5.965463161468506, 0.07216382026672363, 3.886659860610962
270, -5.737941265106201, 0.07216382026672363, 3.9902639389038086
271, -5.737941265106201, 0.07216382026672363, 3.9902639389038086
272, -5.489099502563477, 0.07216382026672363, 3.966226577758789
273, -5.240257740020752, 0.07216382026672363, 3.9421892166137695
274, -4.991415977478027, 0.07216382026672363, 3.91815185546875
275, -4.742574214935303, 0.07216382026672363, 3.8941144943237305
276, -4.742574214935303, 0.07216382026672363, 3.8941144943237305
277, -4.539089679718018, 0.07216382026672363, 3.7488768100738525
278, -4.335605144500732, 0.07216382026672363, 3.6036391258239746
279, -4.132120609283447, 0.07216382026672363, 3.4584014415740967
280, -3.928636074066162, 0.07216382026672363, 3.3131637573242188
281, -3.725151538848877, 0.07216382026672363, 3.167926073074341
282, -3.521667003631592, 0.07216382026672363, 3.022688388824463
283, -3.3181824684143066, 0.07216382026672363, 2.877450704574585
284, -3.1146979331970215, 0.07216382026672363, 2.732213020324707
285, -2.9112133979797363, 0.07216382026672363, 2.586975336074829
286, -2.707728862762451, 0.07216382026672363, 2.441737651824951
287, -2.504244327545166, 0.07216382026672363, 2.2964999675750732
288, -2.504244327545166, 0.07216382026672363, 2.2964999675750732
289, -2.4006402492523193, 0.07216382026672363, 2.0689780712127686
290, -2.2970361709594727, 0.07216382026672363, 1.8414561748504639
291, -2.2970361709594727, 0.07216382026672363, 1.8414561748504639
292, -2.2970361709594727, 0.07216382026672363, 1.8414561748504639
293, -2.193432331085205, 0.07216382026672363, 1.6139342784881592
294, -2.0898284912109375, 0.07216382026672363, 1.3864123821258545
295, -2.0898284912109375, 0.07216382026672363, 1.3864123821258545
296, -2.0898284912109375, 0.07216382026672363, 1.3864123821258545
297, -2.0898284912109375, 0.07216382026672363, 1.3864123821258545
298, -2.0898284912109375, 0.07216382026672363, 1.3864123821258545
299, -2.0898284912109375, 0.07216382026672363, 1.3864123821258545
300, -2.0898284912109375, 0.07216382026672363, 1.3864123821258545
301, -2.193432569503784, 0.07216382026672363, 1.6139343976974487
302, -2.297036647796631, 0.07216382026672363, 1.841456413269043
303, -2.4006407260894775, 0.07216382026672363, 2.0689783096313477
304, -2.504244804382324, 0.07216382026672363, 2.2965002059936523
305, -2.607848882675171, 0.07216382026672363, 2.524022102355957
306, -2.607848882675171, 0.07216382026672363, 2.524022102355957
307, -2.811333417892456, 0.07216382026672363, 2.669260025024414
308, -3.014817953109741, 0.07216382026672363, 2.814497947692871
309, -3.2183024883270264, 0.07216382026672363, 2.959735870361328
310, -3.4217870235443115, 0.07216382026672363, 3.104973793029785
311, -3.6252715587615967, 0.07216382026672363, 3.250211715698242
312, -3.828756093978882, 0.07216382026672363, 3.395449638366699
313, -4.032240867614746, 0.07216382026672363, 3.5406875610351562
314, -4.235725402832031, 0.07216382026672363, 3.6859254837036133
315, -4.439209938049316, 0.07216382026672363, 3.8311634063720703
316, -4.439209938049316, 0.07216382026672363, 3.8311634063720703
317, -4.688051700592041, 0.07216382026672363, 3.85520076751709
318, -4.936893463134766, 0.07216382026672363, 3.8792381286621094
319, -5.18573522567749, 0.07216382026672363, 3.903275489807129
320, -5.434576988220215, 0.07216382026672363, 3.9273128509521484
321, -5.6834187507629395, 0.07216382026672363, 3.951350212097168
322, -5.6834187507629395, 0.07216382026672363, 3.951350212097168
323, -5.910940647125244, 0.07216382026672363, 3.8477463722229004
324, -6.138462543487549, 0.07216382026672363, 3.744142532348633
325, -6.3659844398498535, 0.07216382026672363, 3.6405386924743652
326, -6.593506336212158, 0.07216382026672363, 3.5369348526000977
327, -6.593506336212158, 0.07216382026672363, 3.5369348526000977
328, -6.738744258880615, 0.07216382026672363, 3.3334503173828125
329, -6.883982181549072, 0.07216382026672363, 3.1299657821655273
330, -7.029220104217529, 0.07216382026672363, 2.926481246948242
331, -7.174458026885986, 0.07216382026672363, 2.722996711730957
332, -7.319695949554443, 0.07216382026672363, 2.519512176513672
333, -7.319695949554443, 0.07216382026672363, 2.519512176513672
334, -7.547217845916748, 0.07216382026672363, 2.4159083366394043
335, -7.774739742279053, 0.07216382026672363, 2.3123044967651367
336, -7.774739742279053, 0.07216382026672363, 2.3123044967651367
337, -7.774739742279053, 0.07216382026672363, 2.3123044967651367
338, -7.774739742279053, 0.07216382026672363, 2.3123044967651367
339, -7.774739742279053, 0.07216382026672363, 2.3123044967651367
340, -7.774739742279053, 0.07216382026672363, 2.3123044967651367
341, -7.774739742279053, 0.07216382026672363, 2.3123044967651367
342, -7.547217845916748, 0.07216382026672363, 2.4159085750579834
343, -7.547217845916748, 0.07216382026672363, 2.4159085750579834
344, -7.401979923248291, 0.07216382026672363, 2.6193933486938477
345, -7.256742000579834, 0.07216382026672363, 2.822877883911133
346, -7.111504077911377, 0.07216382026672363, 3.026362419128418
347, -6.96626615524292, 0.07216382026672363, 3.229846954345703
348, -6.821028232574463, 0.07216382026672363, 3.4333314895629883
349, -6.675790309906006, 0.07216382026672363, 3.6368160247802734
350, -6.530552387237549, 0.07216382026672363, 3.8403005599975586
351, -6.385314464569092, 0.07216382026672363, 4.043785095214844
352, -6.240076541900635, 0.07216382026672363, 4.247269630432129
353, -6.240076541900635, 0.07216382026672363, 4.247269630432129
354, -6.216039180755615, 0.07216382026672363, 4.4961113929748535
355, -6.192001819610596, 0.07216382026672363, 4.744953155517578
356, -6.167964458465576, 0.07216382026672363, 4.993794918060303
357, -6.143927097320557, 0.07216382026672363, 5.242636680603027
358, -6.119889736175537, 0.07216382026672363, 5.491478443145752
359, -6.095852375030518, 0.07216382026672363, 5.740320205688477
360, -6.071815013885498, 0.07216382026672363, 5.989161968231201
361, -6.0477776527404785, 0.07216382026672363, 6.238003730773926
362, -6.023740291595459, 0.07216382026672363, 6.48684549331665
363, -5.9997029304504395, 0.07216382026672363, 6.735687255859375
364, -5.97566556930542, 0.07216382026672363, 6.9845290184021
365, -5.9516282081604, 0.07216382026672363, 7.233370780944824
366, -5.927590847015381, 0.07216382026672363, 7.482212543487549
367, -5.927590847015381, 0.07216382026672363, 7.482212543487549
368, -5.927590847015381, 0.07216382026672363, 7.482212543487549
369, -5.927590847015381, 0.07216382026672363, 7.482212543487549
370, -5.927590847015381, 0.07216382026672363, 7.482212543487549
371, -5.927590847015381, 0.07216382026672363, 7.482212543487549
372, -6.072828769683838, 0.07216382026672363, 7.278728008270264
373, -6.072828769683838, 0.07216382026672363, 7.278728008270264
374, -6.096866130828857, 0.07216382026672363, 7.029886245727539
375, -6.120903491973877, 0.07216382026672363, 6.7810444831848145
376, -6.1449408531188965, 0.07216382026672363, 6.53220272064209
377, -6.168978214263916, 0.07216382026672363, 6.283360958099365
378, -6.1930155754089355, 0.07216382026672363, 6.034519195556641
379, -6.217052936553955, 0.07216382026672363, 5.785677433013916
380, -6.241090297698975, 0.07216382026672363, 5.536835670471191
381, -6.265127658843994, 0.07216382026672363, 5.287993907928467
382, -6.289165019989014, 0.07216382026672363, 5.039152145385742
383, -6.313202381134033, 0.07216382026672363, 4.790310382843018
384, -6.337239742279053, 0.07216382026672363, 4.541468620300293
385, -6.361277103424072, 0.07216382026672363, 4.292626857757568
386, -6.385314464569092, 0.07216382026672363, 4.043785095214844
387, -6.409351825714111, 0.07216382026672363, 3.794943332672119
388, -6.409351825714111, 0.07216382026672363, 3.794943332672119
389, -6.554589748382568, 0.07216382026672363, 3.591458797454834
390, -6.699827671051025, 0.07216382026672363, 3.387974262237549
391, -6.845065593719482, 0.07216382026672363, 3.1844897270202637
392, -6.9903035163879395, 0.07216382026672363, 2.9810051918029785
393, -6.9903035163879395, 0.07216382026672363, 2.9810051918029785
394, -7.014340877532959, 0.07216382026672363, 2.732163429260254
395, -7.014340877532959, 0.07216382026672363, 2.732163429260254
396, -7.014340877532959, 0.07216382026672363, 2.732163429260254
397, -7.014340877532959, 0.07216382026672363, 2.732163429260254
398, -6.910737037658691, 0.07216382026672363, 2.504641532897949
399, -6.807133197784424, 0.07216382026672363, 2.2771196365356445
400, -6.807133197784424, 0.07216382026672363, 2.2771196365356445
401, -6.807133197784424, 0.07216382026672363, 2.2771196365356445
402, -6.807133197784424, 0.07216382026672363, 2.2771196365356445
403, -6.807133197784424, 0.07216382026672363, 2.2771196365356445
404, -6.807133197784424, 0.07216382026672363, 2.2771196365356445
405, -6.807133197784424, 0.07216382026672363, 2.2771196365356445
406, -6.910737037658691, 0.07216382026672363, 2.504641532897949
407, -7.014340877532959, 0.07216382026672363, 2.732163429260254
408, -7.014340877532959, 0.07216382026672363, 2.732163429260254
409, -7.217825412750244, 0.07216382026672363, 2.877401351928711
410, -7.217825412750244, 0.07216382026672363, 2.877401351928711
411, -7.217825412750244, 0.07216382026672363, 2.877401351928711
412, -7.193788051605225, 0.07216382026672363, 3.1262431144714355
413, -7.193788051605225, 0.07216382026672363, 3.1262431144714355
414, -7.048550128936768, 0.07216382026672363, 3.3297276496887207
415, -6.9033122062683105, 0.07216382026672363, 3.533212184906006
416, -6.9033122062683105, 0.07216382026672363, 3.533212184906006
417, -6.675790309906006, 0.07216382026672363, 3.6368160247802734
418, -6.448268413543701, 0.07216382026672363, 3.740419864654541
419, -6.2207465171813965, 0.07216382026672363, 3.8440237045288086
420, -5.993224620819092, 0.07216382026672363, 3.947627544403076
421, -5.993224620819092, 0.07216382026672363, 3.947627544403076
422, -5.744382858276367, 0.07216382026672363, 3.9235901832580566
423, -5.495541095733643, 0.07216382026672363, 3.899552822113037
424, -5.246699333190918, 0.07216382026672363, 3.8755154609680176
425, -4.997857570648193, 0.07216382026672363, 3.851478099822998
426, -4.749015808105469, 0.07216382026672363, 3.8274407386779785
427, -4.749015808105469, 0.07216382026672363, 3.8274407386779785
428, -4.545531272888184, 0.07216382026672363, 3.6822028160095215
429, -4.342046737670898, 0.07216382026672363, 3.5369648933410645
430, -4.138562202453613, 0.07216382026672363, 3.3917269706726074
431, -3.935077667236328, 0.07216382026672363, 3.2464890480041504
432, -3.731593132019043, 0.07216382026672363, 3.1012511253356934
433, -3.528108596801758, 0.07216382026672363, 2.9560132026672363
434, -3.3246240615844727, 0.07216382026672363, 2.8107752799987793
435, -3.1211395263671875, 0.07216382026672363, 2.6655373573303223
436, -2.9176549911499023, 0.07216382026672363, 2.5202994346618652
437, -2.714170455932617, 0.07216382026672363, 2.375061511993408
438, -2.510685920715332, 0.07216382026672363, 2.229823589324951
439, -2.307201385498047, 0.07216382026672363, 2.084585666656494
440, -2.307201385498047, 0.07216382026672363, 2.084585666656494
441, -2.2035975456237793, 0.07216382026672363, 1.8570637702941895
442, -2.0999937057495117, 0.07216382026672363, 1.6295418739318848
443, -2.0999937057495117, 0.07216382026672363, 1.6295418739318848
444, -2.1240310668945312, 0.07216382026672363, 1.3807001113891602
445, -2.148068428039551, 0.07216382026672363, 1.1318583488464355
446, -2.1721057891845703, 0.07216382026672363, 0.8830166459083557
447, -2.19614315032959, 0.07216382026672363, 0.6341749429702759
448, -2.2201805114746094, 0.07216382026672363, 0.38533324003219604
449, -2.244217872619629, 0.07216382026672363, 0.13649152219295502
450, -2.2682552337646484, 0.07216382026672363, -0.11235019564628601
451, -2.2682552337646484, 0.07216382026672363, -0.11235019564628601
452, -2.4134931564331055, 0.07216382026672363, -0.31583473086357117
453, -2.5587310791015625, 0.07216382026672363, -0.5193192958831787
454, -2.5587310791015625, 0.07216382026672363, -0.5193192958831787
455, -2.582768440246582, 0.07216382026672363, -0.7681609988212585
456, -2.6068058013916016, 0.07216382026672363, -1.0170027017593384
457, -2.6068058013916016, 0.07216382026672363, -1.0170027017593384
458, -2.6068058013916016, 0.07216382026672363, -1.0170027017593384
459, -2.6068058013916016, 0.07216382026672363, -1.0170027017593384
460, -2.6068058013916016, 0.07216382026672363, -1.0170027017593384
461, -2.6068058013916016, 0.07216382026672363, -1.0170027017593384
462, -2.6068058013916016, 0.07216382026672363, -1.0170027017593384
463, -2.582768440246582, 0.07216382026672363, -0.7681609392166138
464, -2.5587310791015625, 0.07216382026672363, -0.5193191766738892
465, -2.534693717956543, 0.07216382026672363, -0.27047738432884216
466, -2.5106563568115234, 0.07216382026672363, -0.021635591983795166
467, -2.486618995666504, 0.07216382026672363, 0.22720620036125183
468, -2.486618995666504, 0.07216382026672363, 0.22720620036125183
469, -2.341381072998047, 0.07216382026672363, 0.43069079518318176
470, -2.19614315032959, 0.07216382026672363, 0.6341754198074341
471, -2.19614315032959, 0.07216382026672363, 0.6341754198074341
472, -2.1721057891845703, 0.07216382026672363, 0.8830171823501587
473, -2.148068428039551, 0.07216382026672363, 1.1318589448928833
474, -2.1240310668945312, 0.07216382026672363, 1.380700707435608
475, -2.0999937057495117, 0.07216382026672363, 1.6295424699783325
476, -2.0999937057495117, 0.07216382026672363, 1.6295424699783325
477, -2.2035975456237793, 0.07216382026672363, 1.8570644855499268
478, -2.307201385498047, 0.07216382026672363, 2.0845866203308105
479, -2.4108052253723145, 0.07216382026672363, 2.3121087551116943
480, -2.4108052253723145, 0.07216382026672363, 2.3121087551116943
481, -2.6142897605895996, 0.07216382026672363, 2.4573466777801514
482, -2.8177742958068848, 0.07216382026672363, 2.6025846004486084
483, -3.02125883102417, 0.07216382026672363, 2.7478225231170654
484, -3.224743366241455, 0.07216382026672363, 2.8930604457855225
485, -3.4282279014587402, 0.07216382026672363, 3.0382983684539795
486, -3.6317124366760254, 0.07216382026672363, 3.1835362911224365
487, -3.8351969718933105, 0.07216382026672363, 3.3287742137908936
488, -4.038681507110596, 0.07216382026672363, 3.4740121364593506
489, -4.242166042327881, 0.07216382026672363, 3.6192500591278076
490, -4.242166042327881, 0.07216382026672363, 3.6192500591278076
491, -4.345769882202148, 0.07216382026672363, 3.8467719554901123
492, -4.449373722076416, 0.07216382026672363, 4.074294090270996
493, -4.552977561950684, 0.07216382026672363, 4.301815986633301
494, -4.552977561950684, 0.07216382026672363, 4.301815986633301
495, -4.756462097167969, 0.07216382026672363, 4.447053909301758
496, -4.959946632385254, 0.07216382026672363, 4.592291831970215
497, -5.163431167602539, 0.07216382026672363, 4.737529754638672
498, -5.366915702819824, 0.07216382026672363, 4.882767677307129
499, -5.570400238037109, 0.07216382026672363, 5.028005599975586
