1, -11.93548583984375, 2.8048131465911865, -2.4447803497314453
2, -11.93548583984375, 2.8048131465911865, -2.4447803497314453
3, -11.93548583984375, 2.8048131465911865, -2.4447803497314453
4, -11.93548583984375, 2.8048131465911865, -2.4447803497314453
5, -11.93548583984375, 2.8048131465911865, -2.4447803497314453
6, -11.93548583984375, 2.8048131465911865, -2.4447803497314453
7, -11.93548583984375, 2.8048131465911865, -2.4447803497314453
8, -11.93548583984375, 2.8048131465911865, -2.4447803497314453
9, -11.93548583984375, 2.8048131465911865, -2.4447803497314453
10, -11.93548583984375, 2.8048131465911865, -2.4447803497314453
11, -11.93548583984375, 2.8048131465911865, -2.4447803497314453
12, -11.93548583984375, 2.8048131465911865, -2.4447803497314453
13, -11.93548583984375, 2.8048131465911865, -2.4447803497314453
14, -11.93548583984375, 2.8048131465911865, -2.4447803497314453
15, -11.93548583984375, 2.8048131465911865, -2.4447803497314453
16, -11.93548583984375, 2.8048131465911865, -2.4447803497314453
17, -11.93548583984375, 2.8048131465911865, -2.4447803497314453
18, -11.811562538146973, 2.8048131465911865, -2.66190505027771
19, -11.811562538146973, 2.8048131465911865, -2.66190505027771
20, -11.812804222106934, 2.8048131465911865, -2.9119019508361816
21, -11.814045906066895, 2.8048131465911865, -3.1618988513946533
22, -11.814045906066895, 2.8048131465911865, -3.1618988513946533
23, -11.814045906066895, 2.8048131465911865, -3.1618988513946533
24, -11.814045906066895, 2.8048131465911865, -3.1618988513946533
25, -11.814045906066895, 2.8048131465911865, -3.1618988513946533
26, -11.814045906066895, 2.8048131465911865, -3.1618988513946533
27, -11.814045906066895, 2.8048131465911865, -3.1618988513946533
28, -11.814045906066895, 2.8048131465911865, -3.1618988513946533
29, -11.690122604370117, 2.8048131465911865, -3.379023551940918
30, -11.690122604370117, 2.8048131465911865, -3.379023551940918
31, -11.690122604370117, 2.8048131465911865, -3.379023551940918
32, -11.690122604370117, 2.8048131465911865, -3.379023551940918
33, -11.690122604370117, 2.8048131465911865, -3.379023551940918
34, -11.690122604370117, 2.8048131465911865, -3.379023551940918
35, -11.690122604370117, 2.8048131465911865, -3.379023551940918
36, -11.690122604370117, 2.8048131465911865, -3.379023551940918
37, -11.688880920410156, 2.8048131465911865, -3.1290266513824463
38, -11.688880920410156, 2.8048131465911865, -3.1290266513824463
39, -11.688880920410156, 2.8048131465911865, -3.1290266513824463
40, -11.688880920410156, 2.8048131465911865, -3.1290266513824463
41, -11.688880920410156, 2.8048131465911865, -3.1290266513824463
42, -11.688880920410156, 2.8048131465911865, -3.1290266513824463
43, -11.688880920410156, 2.8048131465911865, -3.1290266513824463
44, -11.688880920410156, 2.8048131465911865, -3.1290266513824463
45, -11.688880920410156, 2.8048131465911865, -3.1290266513824463
46, -11.688880920410156, 2.8048131465911865, -3.1290266513824463
47, -11.688880920410156, 2.8048131465911865, -3.1290266513824463
48, -11.687639236450195, 2.8048131465911865, -2.8790297508239746
49, -11.687639236450195, 2.8048131465911865, -2.8790297508239746
50, -11.687639236450195, 2.8048131465911865, -2.8790297508239746
51, -11.687639236450195, 2.8048131465911865, -2.8790297508239746
52, -11.687639236450195, 2.8048131465911865, -2.8790297508239746
53, -11.687639236450195, 2.8048131465911865, -2.8790297508239746
54, -11.687639236450195, 2.8048131465911865, -2.8790297508239746
55, -11.687639236450195, 2.8048131465911865, -2.8790297508239746
56, -11.687639236450195, 2.8048131465911865, -2.8790297508239746
57, -11.687639236450195, 2.8048131465911865, -2.8790297508239746
58, -11.687639236450195, 2.8048131465911865, -2.8790297508239746
59, -11.687639236450195, 2.8048131465911865, -2.8790297508239746
60, -11.687639236450195, 2.8048131465911865, -2.8790297508239746
61, -11.687639236450195, 2.8048131465911865, -2.8790297508239746
62, -11.687639236450195, 2.8048131465911865, -2.8790297508239746
63, -11.686397552490234, 2.8048131465911865, -2.629032850265503
64, -11.686397552490234, 2.8048131465911865, -2.629032850265503
65, -11.686397552490234, 2.8048131465911865, -2.629032850265503
66, -11.686397552490234, 2.8048131465911865, -2.629032850265503
67, -11.686397552490234, 2.8048131465911865, -2.629032850265503
68, -11.686397552490234, 2.8048131465911865, -2.629032850265503
69, -11.686397552490234, 2.8048131465911865, -2.629032850265503
70, -11.686397552490234, 2.8048131465911865, -2.629032850265503
71, -11.686397552490234, 2.8048131465911865, -2.629032850265503
72, -11.686397552490234, 2.8048131465911865, -2.629032850265503
73, -11.686397552490234, 2.8048131465911865, -2.629032850265503
74, -11.686397552490234, 2.8048131465911865, -2.629032850265503
75, -11.686397552490234, 2.8048131465911865, -2.629032850265503
76, -11.686397552490234, 2.8048131465911865, -2.629032850265503
77, -11.810320854187012, 2.8048131465911865, -2.4119081497192383
78, -11.934244155883789, 2.8048131465911865, -2.1947834491729736
79, -11.934244155883789, 2.8048131465911865, -2.1947834491729736
80, -11.934244155883789, 2.8048131465911865, -2.1947834491729736
81, -11.934244155883789, 2.8048131465911865, -2.1947834491729736
82, -11.934244155883789, 2.8048131465911865, -2.1947834491729736
83, -11.934244155883789, 2.8048131465911865, -2.1947834491729736
84, -11.934244155883789, 2.8048131465911865, -2.1947834491729736
85, -11.810320854187012, 2.8048131465911865, -2.4119081497192383
86, -11.810320854187012, 2.8048131465911865, -2.4119081497192383
87, -11.811562538146973, 2.8048131465911865, -2.66190505027771
88, -11.812804222106934, 2.8048131465911865, -2.9119019508361816
89, -11.814045906066895, 2.8048131465911865, -3.1618988513946533
90, -11.814045906066895, 2.8048131465911865, -3.1618988513946533
91, -11.814045906066895, 2.8048131465911865, -3.1618988513946533
92, -11.814045906066895, 2.8048131465911865, -3.1618988513946533
93, -11.814045906066895, 2.8048131465911865, -3.1618988513946533
94, -11.814045906066895, 2.8048131465911865, -3.1618988513946533
95, -11.814045906066895, 2.8048131465911865, -3.1618988513946533
96, -11.814045906066895, 2.8048131465911865, -3.1618988513946533
97, -11.690122604370117, 2.8048131465911865, -3.379023551940918
98, -11.690122604370117, 2.8048131465911865, -3.379023551940918
99, -11.690122604370117, 2.8048131465911865, -3.379023551940918
100, -11.690122604370117, 2.8048131465911865, -3.379023551940918
101, -11.690122604370117, 2.8048131465911865, -3.379023551940918
102, -11.690122604370117, 2.8048131465911865, -3.379023551940918
103, -11.690122604370117, 2.8048131465911865, -3.379023551940918
104, -11.690122604370117, 2.8048131465911865, -3.379023551940918
105, -11.688880920410156, 2.8048131465911865, -3.1290266513824463
106, -11.688880920410156, 2.8048131465911865, -3.1290266513824463
107, -11.688880920410156, 2.8048131465911865, -3.1290266513824463
108, -11.688880920410156, 2.8048131465911865, -3.1290266513824463
109, -11.688880920410156, 2.8048131465911865, -3.1290266513824463
110, -11.688880920410156, 2.8048131465911865, -3.1290266513824463
111, -11.688880920410156, 2.8048131465911865, -3.1290266513824463
112, -11.688880920410156, 2.8048131465911865, -3.1290266513824463
113, -11.688880920410156, 2.8048131465911865, -3.1290266513824463
114, -11.688880920410156, 2.8048131465911865, -3.1290266513824463
115, -11.688880920410156, 2.8048131465911865, -3.1290266513824463
116, -11.687639236450195, 2.8048131465911865, -2.8790297508239746
117, -11.687639236450195, 2.8048131465911865, -2.8790297508239746
118, -11.687639236450195, 2.8048131465911865, -2.8790297508239746
119, -11.687639236450195, 2.8048131465911865, -2.8790297508239746
120, -11.687639236450195, 2.8048131465911865, -2.8790297508239746
121, -11.687639236450195, 2.8048131465911865, -2.8790297508239746
122, -11.687639236450195, 2.8048131465911865, -2.8790297508239746
123, -11.687639236450195, 2.8048131465911865, -2.8790297508239746
124, -11.687639236450195, 2.8048131465911865, -2.8790297508239746
125, -11.687639236450195, 2.8048131465911865, -2.8790297508239746
126, -11.687639236450195, 2.8048131465911865, -2.8790297508239746
127, -11.687639236450195, 2.8048131465911865, -2.8790297508239746
128, -11.687639236450195, 2.8048131465911865, -2.8790297508239746
129, -11.687639236450195, 2.8048131465911865, -2.8790297508239746
130, -11.687639236450195, 2.8048131465911865, -2.8790297508239746
131, -11.686397552490234, 2.8048131465911865, -2.629032850265503
132, -11.686397552490234, 2.8048131465911865, -2.629032850265503
133, -11.686397552490234, 2.8048131465911865, -2.629032850265503
134, -11.686397552490234, 2.8048131465911865, -2.629032850265503
135, -11.686397552490234, 2.8048131465911865, -2.629032850265503
136, -11.686397552490234, 2.8048131465911865, -2.629032850265503
137, -11.686397552490234, 2.8048131465911865, -2.629032850265503
138, -11.686397552490234, 2.8048131465911865, -2.629032850265503
139, -11.686397552490234, 2.8048131465911865, -2.629032850265503
140, -11.686397552490234, 2.8048131465911865, -2.629032850265503
141, -11.686397552490234, 2.8048131465911865, -2.629032850265503
142, -11.686397552490234, 2.8048131465911865, -2.629032850265503
143, -11.686397552490234, 2.8048131465911865, -2.629032850265503
144, -11.686397552490234, 2.8048131465911865, -2.629032850265503
145, -11.810320854187012, 2.8048131465911865, -2.4119081497192383
146, -11.934244155883789, 2.8048131465911865, -2.1947834491729736
147, -11.934244155883789, 2.8048131465911865, -2.1947834491729736
148, -11.934244155883789, 2.8048131465911865, -2.1947834491729736
149, -11.934244155883789, 2.8048131465911865, -2.1947834491729736
150, -11.934244155883789, 2.8048131465911865, -2.1947834491729736
151, -11.934244155883789, 2.8048131465911865, -2.1947834491729736
152, -11.934244155883789, 2.8048131465911865, -2.1947834491729736
153, -11.810320854187012, 2.8048131465911865, -2.4119081497192383
154, -11.810320854187012, 2.8048131465911865, -2.4119081497192383
155, -11.811562538146973, 2.8048131465911865, -2.66190505027771
156, -11.812804222106934, 2.8048131465911865, -2.9119019508361816
157, -11.814045906066895, 2.8048131465911865, -3.1618988513946533
158, -11.814045906066895, 2.8048131465911865, -3.1618988513946533
159, -11.814045906066895, 2.8048131465911865, -3.1618988513946533
160, -11.814045906066895, 2.8048131465911865, -3.1618988513946533
161, -11.814045906066895, 2.8048131465911865, -3.1618988513946533
162, -11.814045906066895, 2.8048131465911865, -3.1618988513946533
163, -11.814045906066895, 2.8048131465911865, -3.1618988513946533
164, -11.814045906066895, 2.8048131465911865, -3.1618988513946533
165, -11.690122604370117, 2.8048131465911865, -3.379023551940918
166, -11.690122604370117, 2.8048131465911865, -3.379023551940918
167, -11.690122604370117, 2.8048131465911865, -3.379023551940918
168, -11.690122604370117, 2.8048131465911865, -3.379023551940918
169, -11.690122604370117, 2.8048131465911865, -3.379023551940918
170, -11.690122604370117, 2.8048131465911865, -3.379023551940918
171, -11.690122604370117, 2.8048131465911865, -3.379023551940918
172, -11.690122604370117, 2.8048131465911865, -3.379023551940918
173, -11.688880920410156, 2.8048131465911865, -3.1290266513824463
174, -11.688880920410156, 2.8048131465911865, -3.1290266513824463
175, -11.688880920410156, 2.8048131465911865, -3.1290266513824463
176, -11.688880920410156, 2.8048131465911865, -3.1290266513824463
177, -11.688880920410156, 2.8048131465911865, -3.1290266513824463
178, -11.688880920410156, 2.8048131465911865, -3.1290266513824463
179, -11.688880920410156, 2.8048131465911865, -3.1290266513824463
180, -11.688880920410156, 2.8048131465911865, -3.1290266513824463
181, -11.688880920410156, 2.8048131465911865, -3.1290266513824463
182, -11.688880920410156, 2.8048131465911865, -3.1290266513824463
183, -11.688880920410156, 2.8048131465911865, -3.1290266513824463
184, -11.687639236450195, 2.8048131465911865, -2.8790297508239746
185, -11.687639236450195, 2.8048131465911865, -2.8790297508239746
186, -11.687639236450195, 2.8048131465911865, -2.8790297508239746
187, -11.687639236450195, 2.8048131465911865, -2.8790297508239746
188, -11.687639236450195, 2.8048131465911865, -2.8790297508239746
189, -11.687639236450195, 2.8048131465911865, -2.8790297508239746
190, -11.687639236450195, 2.8048131465911865, -2.8790297508239746
191, -11.687639236450195, 2.8048131465911865, -2.8790297508239746
192, -11.687639236450195, 2.8048131465911865, -2.8790297508239746
193, -11.687639236450195, 2.8048131465911865, -2.8790297508239746
194, -11.687639236450195, 2.8048131465911865, -2.8790297508239746
195, -11.687639236450195, 2.8048131465911865, -2.8790297508239746
196, -11.687639236450195, 2.8048131465911865, -2.8790297508239746
197, -11.687639236450195, 2.8048131465911865, -2.8790297508239746
198, -11.687639236450195, 2.8048131465911865, -2.8790297508239746
199, -11.686397552490234, 2.8048131465911865, -2.629032850265503
200, -11.686397552490234, 2.8048131465911865, -2.629032850265503
201, -11.686397552490234, 2.8048131465911865, -2.629032850265503
202, -11.686397552490234, 2.8048131465911865, -2.629032850265503
203, -11.686397552490234, 2.8048131465911865, -2.629032850265503
204, -11.686397552490234, 2.8048131465911865, -2.629032850265503
205, -11.686397552490234, 2.8048131465911865, -2.629032850265503
206, -11.686397552490234, 2.8048131465911865, -2.629032850265503
207, -11.686397552490234, 2.8048131465911865, -2.629032850265503
208, -11.686397552490234, 2.8048131465911865, -2.629032850265503
209, -11.686397552490234, 2.8048131465911865, -2.629032850265503
210, -11.686397552490234, 2.8048131465911865, -2.629032850265503
211, -11.686397552490234, 2.8048131465911865, -2.629032850265503
212, -11.686397552490234, 2.8048131465911865, -2.629032850265503
213, -11.810320854187012, 2.8048131465911865, -2.4119081497192383
214, -11.934244155883789, 2.8048131465911865, -2.1947834491729736
215, -11.934244155883789, 2.8048131465911865, -2.1947834491729736
216, -11.934244155883789, 2.8048131465911865, -2.1947834491729736
217, -11.934244155883789, 2.8048131465911865, -2.1947834491729736
218, -11.934244155883789, 2.8048131465911865, -2.1947834491729736
219, -11.934244155883789, 2.8048131465911865, -2.1947834491729736
220, -11.934244155883789, 2.8048131465911865, -2.1947834491729736
221, -11.810320854187012, 2.8048131465911865, -2.4119081497192383
222, -11.810320854187012, 2.8048131465911865, -2.4119081497192383
223, -11.811562538146973, 2.8048131465911865, -2.66190505027771
224, -11.812804222106934, 2.8048131465911865, -2.9119019508361816
225, -11.814045906066895, 2.8048131465911865, -3.1618988513946533
226, -11.814045906066895, 2.8048131465911865, -3.1618988513946533
227, -11.814045906066895, 2.8048131465911865, -3.1618988513946533
228, -11.814045906066895, 2.8048131465911865, -3.1618988513946533
229, -11.814045906066895, 2.8048131465911865, -3.1618988513946533
230, -11.814045906066895, 2.8048131465911865, -3.1618988513946533
231, -11.814045906066895, 2.8048131465911865, -3.1618988513946533
232, -11.814045906066895, 2.8048131465911865, -3.1618988513946533
233, -11.814045906066895, 2.8048131465911865, -3.1618988513946533
234, -11.815287590026855, 2.8048131465911865, -3.411895751953125
235, -11.815287590026855, 2.8048131465911865, -3.411895751953125
236, -11.815287590026855, 2.8048131465911865, -3.411895751953125
237, -11.815287590026855, 2.8048131465911865, -3.411895751953125
238, -11.815287590026855, 2.8048131465911865, -3.411895751953125
239, -11.815287590026855, 2.8048131465911865, -3.411895751953125
240, -11.815287590026855, 2.8048131465911865, -3.411895751953125
241, -11.815287590026855, 2.8048131465911865, -3.411895751953125
242, -11.815287590026855, 2.8048131465911865, -3.411895751953125
243, -11.816529273986816, 2.8048131465911865, -3.6618926525115967
244, -11.816529273986816, 2.8048131465911865, -3.6618926525115967
245, -11.816529273986816, 2.8048131465911865, -3.6618926525115967
246, -11.816529273986816, 2.8048131465911865, -3.6618926525115967
247, -11.816529273986816, 2.8048131465911865, -3.6618926525115967
248, -11.816529273986816, 2.8048131465911865, -3.6618926525115967
249, -11.816529273986816, 2.8048131465911865, -3.6618926525115967
250, -11.816529273986816, 2.8048131465911865, -3.6618926525115967
251, -11.816529273986816, 2.8048131465911865, -3.6618926525115967
252, -11.817770957946777, 2.8048131465911865, -3.9118895530700684
253, -11.817770957946777, 2.8048131465911865, -3.9118895530700684
254, -11.817770957946777, 2.8048131465911865, -3.9118895530700684
255, -11.817770957946777, 2.8048131465911865, -3.9118895530700684
256, -11.817770957946777, 2.8048131465911865, -3.9118895530700684
257, -11.817770957946777, 2.8048131465911865, -3.9118895530700684
258, -11.817770957946777, 2.8048131465911865, -3.9118895530700684
259, -11.817770957946777, 2.8048131465911865, -3.9118895530700684
260, -11.817770957946777, 2.8048131465911865, -3.9118895530700684
261, -11.817770957946777, 2.8048131465911865, -3.9118895530700684
262, -11.69384765625, 2.8048131465911865, -4.129014015197754
263, -11.69384765625, 2.8048131465911865, -4.129014015197754
264, -11.69384765625, 2.8048131465911865, -4.129014015197754
265, -11.69384765625, 2.8048131465911865, -4.129014015197754
266, -11.69384765625, 2.8048131465911865, -4.129014015197754
267, -11.69384765625, 2.8048131465911865, -4.129014015197754
268, -11.692605972290039, 2.8048131465911865, -3.8790171146392822
269, -11.691364288330078, 2.8048131465911865, -3.6290202140808105
270, -11.691364288330078, 2.8048131465911865, -3.6290202140808105
271, -11.691364288330078, 2.8048131465911865, -3.6290202140808105
272, -11.691364288330078, 2.8048131465911865, -3.6290202140808105
273, -11.691364288330078, 2.8048131465911865, -3.6290202140808105
274, -11.691364288330078, 2.8048131465911865, -3.6290202140808105
275, -11.691364288330078, 2.8048131465911865, -3.6290202140808105
276, -11.691364288330078, 2.8048131465911865, -3.6290202140808105
277, -11.817438125610352, 2.8048131465911865, -3.844902992248535
278, -11.943511962890625, 2.8048131465911865, -4.06078577041626
279, -11.943511962890625, 2.8048131465911865, -4.06078577041626
280, -11.943511962890625, 2.8048131465911865, -4.06078577041626
281, -11.943511962890625, 2.8048131465911865, -4.06078577041626
282, -11.943511962890625, 2.8048131465911865, -4.06078577041626
283, -11.943511962890625, 2.8048131465911865, -4.06078577041626
284, -11.943511962890625, 2.8048131465911865, -4.06078577041626
285, -11.943511962890625, 2.8048131465911865, -4.06078577041626
286, -11.943511962890625, 2.8048131465911865, -4.06078577041626
287, -11.943511962890625, 2.8048131465911865, -4.06078577041626
288, -11.943511962890625, 2.8048131465911865, -4.06078577041626
289, -11.819588661193848, 2.8048131465911865, -4.277910232543945
290, -11.819588661193848, 2.8048131465911865, -4.277910232543945
291, -11.819588661193848, 2.8048131465911865, -4.277910232543945
292, -11.945662498474121, 2.8048131465911865, -4.49379301071167
293, -12.071736335754395, 2.8048131465911865, -4.7096757888793945
294, -12.197810173034668, 2.8048131465911865, -4.925558567047119
295, -12.323884010314941, 2.8048131465911865, -5.141441345214844
296, -12.449957847595215, 2.8048131465911865, -5.357324123382568
297, -12.576031684875488, 2.8048131465911865, -5.573206901550293
298, -12.702105522155762, 2.8048131465911865, -5.789089679718018
299, -12.702105522155762, 2.8048131465911865, -5.789089679718018
300, -12.919230461120605, 2.8048131465911865, -5.913012504577637
301, -13.13635540008545, 2.8048131465911865, -6.036935329437256
302, -13.353480339050293, 2.8048131465911865, -6.160858154296875
303, -13.353480339050293, 2.8048131465911865, -6.160858154296875
304, -13.479554176330566, 2.8048131465911865, -6.3767409324646
305, -13.479554176330566, 2.8048131465911865, -6.3767409324646
306, -13.480795860290527, 2.8048131465911865, -6.62673807144165
307, -13.480795860290527, 2.8048131465911865, -6.62673807144165
308, -13.35687255859375, 2.8048131465911865, -6.843862533569336
309, -13.232949256896973, 2.8048131465911865, -7.0609869956970215
310, -13.232949256896973, 2.8048131465911865, -7.0609869956970215
311, -13.017066955566406, 2.8048131465911865, -7.187060832977295
312, -12.80118465423584, 2.8048131465911865, -7.313134670257568
313, -12.585302352905273, 2.8048131465911865, -7.439208507537842
314, -12.585302352905273, 2.8048131465911865, -7.439208507537842
315, -12.335305213928223, 2.8048131465911865, -7.440450191497803
316, -12.085308074951172, 2.8048131465911865, -7.441691875457764
317, -12.085308074951172, 2.8048131465911865, -7.441691875457764
318, -12.085308074951172, 2.8048131465911865, -7.441691875457764
319, -12.085308074951172, 2.8048131465911865, -7.441691875457764
320, -12.085308074951172, 2.8048131465911865, -7.441691875457764
321, -12.085308074951172, 2.8048131465911865, -7.441691875457764
322, -12.085308074951172, 2.8048131465911865, -7.441691875457764
323, -12.085308074951172, 2.8048131465911865, -7.441691875457764
324, -12.302433013916016, 2.8048131465911865, -7.565614700317383
325, -12.302433013916016, 2.8048131465911865, -7.565614700317383
326, -12.302433013916016, 2.8048131465911865, -7.565614700317383
327, -12.518315315246582, 2.8048131465911865, -7.439540863037109
328, -12.734197616577148, 2.8048131465911865, -7.313467025756836
329, -12.950079917907715, 2.8048131465911865, -7.1873931884765625
330, -13.165962219238281, 2.8048131465911865, -7.061319351196289
331, -13.165962219238281, 2.8048131465911865, -7.061319351196289
332, -13.289885520935059, 2.8048131465911865, -6.8441948890686035
333, -13.413808822631836, 2.8048131465911865, -6.627070426940918
334, -13.413808822631836, 2.8048131465911865, -6.627070426940918
335, -13.412567138671875, 2.8048131465911865, -6.377073287963867
336, -13.411325454711914, 2.8048131465911865, -6.127076148986816
337, -13.411325454711914, 2.8048131465911865, -6.127076148986816
338, -13.411325454711914, 2.8048131465911865, -6.127076148986816
339, -13.19420051574707, 2.8048131465911865, -6.003153324127197
340, -12.977075576782227, 2.8048131465911865, -5.879230499267578
341, -12.759950637817383, 2.8048131465911865, -5.755307674407959
342, -12.542825698852539, 2.8048131465911865, -5.63138484954834
343, -12.325700759887695, 2.8048131465911865, -5.507462024688721
344, -12.108575820922852, 2.8048131465911865, -5.383539199829102
345, -12.108575820922852, 2.8048131465911865, -5.383539199829102
346, -11.982501983642578, 2.8048131465911865, -5.167656421661377
347, -11.856428146362305, 2.8048131465911865, -4.951773643493652
348, -11.730354309082031, 2.8048131465911865, -4.735890865325928
349, -11.604280471801758, 2.8048131465911865, -4.520008087158203
350, -11.478206634521484, 2.8048131465911865, -4.3041253089904785
351, 2.734527111053467, -2.9951868057250977, 2.287851333618164
