1, 11.453298568725586, 0.07754743099212646, 3.24613881111145
2, 11.453298568725586, 0.07754743099212646, 3.24613881111145
3, 11.453298568725586, 0.07754743099212646, 3.24613881111145
4, 11.453298568725586, 0.07754743099212646, 3.24613881111145
5, 11.453298568725586, 0.07754743099212646, 3.24613881111145
6, 11.453298568725586, 0.07754743099212646, 3.24613881111145
7, 11.453298568725586, 0.07754743099212646, 3.24613881111145
8, 11.453298568725586, 0.07754743099212646, 3.24613881111145
9, 11.453298568725586, 0.07754743099212646, 3.24613881111145
10, 11.453298568725586, 0.07754743099212646, 3.24613881111145
11, 11.453298568725586, 0.07754743099212646, 3.24613881111145
12, 11.453298568725586, 0.07754743099212646, 3.24613881111145
13, 11.453298568725586, 0.07754743099212646, 3.24613881111145
14, 11.453298568725586, 0.07754743099212646, 3.24613881111145
15, 11.453298568725586, 0.07754743099212646, 3.24613881111145
16, 11.38287353515625, 0.07754743099212646, 3.006263256072998
17, 11.312448501586914, 0.07754743099212646, 2.766387462615967
18, 11.312448501586914, 0.07754743099212646, 2.766387462615967
19, 11.131521224975586, 0.07754743099212646, 2.5938615798950195
20, 11.131521224975586, 0.07754743099212646, 2.5938615798950195
21, 10.888570785522461, 0.07754743099212646, 2.5349135398864746
22, 10.645620346069336, 0.07754743099212646, 2.4759654998779297
23, 10.645620346069336, 0.07754743099212646, 2.4759654998779297
24, 10.405744552612305, 0.19963255524635315, 2.5463905334472656
25, 10.405744552612305, 0.19963255524635315, 2.5463905334472656
26, 10.405744552612305, 0.19963255524635315, 2.5463905334472656
27, 10.405744552612305, 0.19963255524635315, 2.5463905334472656
28, 10.405744552612305, 0.19963255524635315, 2.5463905334472656
29, 10.405744552612305, 0.19963255524635315, 2.5463905334472656
30, 10.35848331451416, 0.24468228220939636, 2.5349233150482178
31, 10.35848331451416, 0.24468228220939636, 2.5349233150482178
32, 10.35848331451416, 0.24468228220939636, 2.5349233150482178
33, 10.35848331451416, 0.24468228220939636, 2.5349233150482178
34, 10.185956954956055, 0.23016448318958282, 2.715850830078125
35, 10.185956954956055, 0.23016448318958282, 2.715850830078125
36, 10.185956954956055, 0.23016448318958282, 2.715850830078125
37, 10.185956954956055, 0.23016448318958282, 2.715850830078125
38, 10.185956954956055, 0.23016448318958282, 2.715850830078125
39, 10.185956954956055, 0.23016448318958282, 2.715850830078125
40, 10.005029678344727, 0.1616588532924652, 2.5433249473571777
41, 10.005029678344727, 0.1616588532924652, 2.5433249473571777
42, 9.93460464477539, 0.14185011386871338, 2.3034491539001465
43, 9.864179611206055, 0.0904710441827774, 2.0635733604431152
44, 9.793754577636719, 0.07754743099212646, 1.8236976861953735
45, 9.793754577636719, 0.07754743099212646, 1.8236976861953735
46, 9.793754577636719, 0.07754743099212646, 1.8236976861953735
47, 9.793754577636719, 0.07754743099212646, 1.8236976861953735
48, 9.793754577636719, 0.07754743099212646, 1.8236976861953735
49, 9.793754577636719, 0.07754743099212646, 1.8236976861953735
50, 9.61282730102539, 0.07754743099212646, 1.6511716842651367
51, 9.61282730102539, 0.07754743099212646, 1.6511716842651367
52, 9.427349090576172, 0.07754743099212646, 1.6061683893203735
53, 9.427349090576172, 0.07754743099212646, 1.6061683893203735
54, 9.427349090576172, 0.07754743099212646, 1.6061683893203735
55, 9.427349090576172, 0.07754743099212646, 1.6061683893203735
56, 9.427349090576172, 0.07754743099212646, 1.6061683893203735
57, 9.356924057006836, 0.07754743099212646, 1.3662927150726318
58, 9.356924057006836, 0.07754743099212646, 1.3662927150726318
59, 9.356924057006836, 0.07754743099212646, 1.3662927150726318
60, 9.356924057006836, 0.07754743099212646, 1.3662927150726318
61, 9.117048263549805, 0.07754743099212646, 1.4367176294326782
62, 8.877172470092773, 0.07754743099212646, 1.5071425437927246
63, 8.877172470092773, 0.07754743099212646, 1.5071425437927246
64, 8.783751487731934, 0.07754743099212646, 1.6051130294799805
65, 8.783751487731934, 0.07754743099212646, 1.6051130294799805
66, 8.783751487731934, 0.07754743099212646, 1.6051130294799805
67, 8.783751487731934, 0.07754743099212646, 1.6051130294799805
68, 8.783751487731934, 0.07754743099212646, 1.6051130294799805
69, 8.540801048278809, 0.07754743099212646, 1.5461649894714355
70, 8.540801048278809, 0.07754743099212646, 1.5461649894714355
71, 8.540801048278809, 0.07754743099212646, 1.5461649894714355
72, 8.368274688720703, 0.07754743099212646, 1.7270925045013428
73, 8.195748329162598, 0.07754743099212646, 1.90802001953125
74, 8.167402267456055, 0.07754743099212646, 1.9377464056015015
75, 8.167402267456055, 0.07754743099212646, 1.9377464056015015
76, 8.167402267456055, 0.07754743099212646, 1.9377464056015015
77, 8.167402267456055, 0.07754743099212646, 1.9377464056015015
78, 8.167402267456055, 0.07754743099212646, 1.9377464056015015
79, 8.167402267456055, 0.07754743099212646, 1.9377464056015015
80, 8.167402267456055, 0.07754743099212646, 1.9377464056015015
81, 8.167402267456055, 0.07754743099212646, 1.9377464056015015
82, 8.167402267456055, 0.07754743099212646, 1.9377464056015015
83, 8.167402267456055, 0.07754743099212646, 1.9377464056015015
84, 8.167402267456055, 0.07754743099212646, 1.9377464056015015
85, 8.167402267456055, 0.07754743099212646, 1.9377464056015015
86, 8.167402267456055, 0.07754743099212646, 1.9377464056015015
87, 8.167402267456055, 0.07754743099212646, 1.9377464056015015
88, 8.167402267456055, 0.07754743099212646, 1.9377464056015015
89, 8.167402267456055, 0.07754743099212646, 1.9377464056015015
90, 8.167402267456055, 0.07754743099212646, 1.9377464056015015
91, 8.23782730102539, 0.07754743099212646, 2.177622079849243
92, 8.23782730102539, 0.07754743099212646, 2.177622079849243
93, 8.178878784179688, 0.07754743099212646, 2.4205729961395264
94, 8.178878784179688, 0.07754743099212646, 2.4205729961395264
95, 8.006352424621582, 0.07754743099212646, 2.6015005111694336
96, 7.833826541900635, 0.07754743099212646, 2.782428026199341
97, 7.833826541900635, 0.07754743099212646, 2.782428026199341
98, 7.5939507484436035, 0.07754743099212646, 2.8528528213500977
99, 7.354074954986572, 0.07754743099212646, 2.9232778549194336
100, 7.114199161529541, 0.07754743099212646, 2.9937028884887695
101, 6.87432336807251, 0.07754743099212646, 3.0641279220581055
102, 6.6344475746154785, 0.07754743099212646, 3.1345529556274414
103, 6.394571781158447, 0.07754743099212646, 3.2049779891967773
104, 6.154695987701416, 0.07754743099212646, 3.2754030227661133
105, 5.914820194244385, 0.07754743099212646, 3.345828056335449
106, 5.914820194244385, 0.07754743099212646, 3.345828056335449
107, 5.671869277954102, 0.07754743099212646, 3.2868800163269043
108, 5.671869277954102, 0.07754743099212646, 3.2868800163269043
109, 5.43199348449707, 0.07754743099212646, 3.3573050498962402
110, 5.192117691040039, 0.07754743099212646, 3.427730083465576
111, 4.952241897583008, 0.07754743099212646, 3.498155117034912
112, 4.952241897583008, 0.07754743099212646, 3.498155117034912
113, 4.952241897583008, 0.07754743099212646, 3.498155117034912
114, 4.952241897583008, 0.07754743099212646, 3.498155117034912
115, 4.7797160148620605, 0.07754743099212646, 3.6790826320648193
116, 4.607190132141113, 0.07754743099212646, 3.8600101470947266
117, 4.434664249420166, 0.07754743099212646, 4.040937900543213
118, 4.434664249420166, 0.07754743099212646, 4.040937900543213
119, 4.434664249420166, 0.07754743099212646, 4.040937900543213
120, 4.434664249420166, 0.07754743099212646, 4.040937900543213
121, 4.194788455963135, 0.07754743099212646, 4.111362934112549
122, 3.9549126625061035, 0.07754743099212646, 4.181787967681885
123, 3.860275983810425, 0.07754743099212646, 4.2095723152160645
124, 3.860275983810425, 0.07754743099212646, 4.2095723152160645
125, 3.6173250675201416, 0.07754743099212646, 4.1506242752075195
126, 3.4481303691864014, 0.07754743099212646, 4.109571933746338
127, 3.4481303691864014, 0.07754743099212646, 4.109571933746338
128, 3.4481303691864014, 0.07754743099212646, 4.109571933746338
129, 3.4481303691864014, 0.07754743099212646, 4.109571933746338
130, 3.4481303691864014, 0.07754743099212646, 4.109571933746338
131, 3.20825457572937, 0.07754743099212646, 4.179996967315674
132, 3.20825457572937, 0.07754743099212646, 4.179996967315674
133, 3.20825457572937, 0.07754743099212646, 4.179996967315674
134, 3.027327060699463, 0.07754743099212646, 4.007471084594727
135, 2.8463995456695557, 0.07754743099212646, 3.8349452018737793
136, 2.6654720306396484, 0.07754743099212646, 3.662419319152832
137, 2.6654720306396484, 0.07754743099212646, 3.662419319152832
138, 2.5950472354888916, 0.07754743099212646, 3.422543525695801
139, 2.5246224403381348, 0.07754743099212646, 3.1826677322387695
140, 2.454197645187378, 0.07754743099212646, 2.9427919387817383
141, 2.454197645187378, 0.07754743099212646, 2.9427919387817383
142, 2.513145685195923, 0.07754743099212646, 2.699841022491455
143, 2.513145685195923, 0.07754743099212646, 2.699841022491455
144, 2.442720890045166, 0.07754743099212646, 2.459965229034424
145, 2.442720890045166, 0.07754743099212646, 2.459965229034424
146, 2.501668930053711, 0.07754743099212646, 2.2170143127441406
147, 2.560616970062256, 0.07754743099212646, 1.9740633964538574
148, 2.560616970062256, 0.07754743099212646, 1.9740633964538574
149, 2.7331430912017822, 0.07754743099212646, 1.7931358814239502
150, 2.9056692123413086, 0.07754743099212646, 1.612208366394043
151, 3.078195333480835, 0.07754743099212646, 1.4312808513641357
152, 3.2507214546203613, 0.07754743099212646, 1.2503533363342285
153, 3.2507214546203613, 0.07754743099212646, 1.2503533363342285
154, 3.4905972480773926, 0.07754743099212646, 1.1799285411834717
155, 3.4905972480773926, 0.07754743099212646, 1.1799285411834717
156, 3.733548164367676, 0.07754743099212646, 1.2388767004013062
157, 3.976499080657959, 0.07754743099212646, 1.2978248596191406
158, 3.976499080657959, 0.07754743099212646, 1.2978248596191406
159, 4.157426834106445, 0.07754743099212646, 1.4703508615493774
160, 4.338354587554932, 0.07754743099212646, 1.6428768634796143
161, 4.338354587554932, 0.07754743099212646, 1.6428768634796143
162, 4.338354587554932, 0.07754743099212646, 1.6428768634796143
163, 4.338354587554932, 0.07754743099212646, 1.6428768634796143
164, 4.338354587554932, 0.07754743099212646, 1.6428768634796143
165, 4.338354587554932, 0.07754743099212646, 1.6428768634796143
166, 4.338354587554932, 0.07754743099212646, 1.6428768634796143
167, 4.157426834106445, 0.07754743099212646, 1.4703508615493774
168, 3.976499319076538, 0.07754743099212646, 1.2978248596191406
169, 3.795571804046631, 0.07754743099212646, 1.1252988576889038
170, 3.795571804046631, 0.07754743099212646, 1.1252988576889038
171, 3.5526208877563477, 0.07754743099212646, 1.0663506984710693
172, 3.3096699714660645, 0.07754743099212646, 1.0074025392532349
173, 3.0667190551757812, 0.07754743099212646, 0.9484543204307556
174, 3.0667190551757812, 0.07754743099212646, 0.9484543204307556
175, 2.82684326171875, 0.07754743099212646, 1.0188791751861572
176, 2.5869674682617188, 0.07754743099212646, 1.089303970336914
177, 2.3470916748046875, 0.07754743099212646, 1.159728765487671
178, 2.1072158813476562, 0.07754743099212646, 1.2301535606384277
179, 1.8673402070999146, 0.07754743099212646, 1.3005783557891846
180, 1.6274645328521729, 0.07754743099212646, 1.3710031509399414
181, 1.3875888586044312, 0.07754743099212646, 1.4414279460906982
182, 1.1477131843566895, 0.07754743099212646, 1.511852741241455
183, 0.907837450504303, 0.07754743099212646, 1.582277536392212
184, 0.6679617166519165, 0.07754743099212646, 1.6527023315429688
185, 0.6679617166519165, 0.07754743099212646, 1.6527023315429688
186, 0.6679617166519165, 0.07754743099212646, 1.6527023315429688
187, 0.6679617166519165, 0.07754743099212646, 1.6527023315429688
188, 0.6679617166519165, 0.07754743099212646, 1.6527023315429688
189, 0.4870342016220093, 0.07754743099212646, 1.480176329612732
190, 0.30610668659210205, 0.07754743099212646, 1.3076503276824951
191, 0.30610668659210205, 0.07754743099212646, 1.3076503276824951
192, 0.30610668659210205, 0.07754743099212646, 1.3076503276824951
193, 0.30610668659210205, 0.07754743099212646, 1.3076503276824951
194, 0.30610668659210205, 0.07754743099212646, 1.3076503276824951
195, 0.30610668659210205, 0.07754743099212646, 1.3076503276824951
196, 0.30610668659210205, 0.07754743099212646, 1.3076503276824951
197, 0.24715854227542877, 0.07754743099212646, 1.5506012439727783
198, 0.24715854227542877, 0.07754743099212646, 1.5506012439727783
199, 0.3175833821296692, 0.07754743099212646, 1.79047691822052
200, 0.3880082368850708, 0.07754743099212646, 2.0303525924682617
201, 0.4584330916404724, 0.07754743099212646, 2.270228385925293
202, 0.4584330916404724, 0.07754743099212646, 2.270228385925293
203, 0.4584330916404724, 0.07754743099212646, 2.270228385925293
204, 0.4584330916404724, 0.07754743099212646, 2.270228385925293
205, 0.4584330916404724, 0.07754743099212646, 2.270228385925293
206, 0.4584330916404724, 0.07754743099212646, 2.270228385925293
207, 0.5173811912536621, 0.07754743099212646, 2.0272774696350098
208, 0.5173811912536621, 0.07754743099212646, 2.0272774696350098
209, 0.5173811912536621, 0.07754743099212646, 2.0272774696350098
210, 0.5173811912536621, 0.07754743099212646, 2.0272774696350098
211, 0.5173811912536621, 0.07754743099212646, 2.0272774696350098
212, 0.5173811912536621, 0.07754743099212646, 2.0272774696350098
213, 0.5173811912536621, 0.07754743099212646, 2.0272774696350098
214, 0.4584330916404724, 0.07754743099212646, 2.270228385925293
215, 0.3994849920272827, 0.07754743099212646, 2.513179302215576
216, 0.340536892414093, 0.07754743099212646, 2.7561302185058594
217, 0.2815887928009033, 0.07754743099212646, 2.9990811347961426
218, 0.22264067828655243, 0.07754743099212646, 3.242032051086426
219, 0.22264067828655243, 0.07754743099212646, 3.242032051086426
220, 0.22264067828655243, 0.07754743099212646, 3.242032051086426
221, 0.22264067828655243, 0.07754743099212646, 3.242032051086426
222, 0.22264067828655243, 0.07754743099212646, 3.242032051086426
223, 0.22264067828655243, 0.07754743099212646, 3.242032051086426
224, 0.39516669511795044, 0.07754743099212646, 3.0611045360565186
225, 0.39516669511795044, 0.07754743099212646, 3.0611045360565186
226, 0.45411479473114014, 0.07754743099212646, 2.8181536197662354
227, 0.5130628943443298, 0.07754743099212646, 2.575202703475952
228, 0.5720109939575195, 0.07754743099212646, 2.332251787185669
229, 0.6309590935707092, 0.07754743099212646, 2.0893008708953857
230, 0.6899071931838989, 0.07754743099212646, 1.8463499546051025
231, 0.6899071931838989, 0.07754743099212646, 1.8463499546051025
232, 0.8624331951141357, 0.07754743099212646, 1.6654224395751953
233, 1.0349591970443726, 0.07754743099212646, 1.484494924545288
234, 1.0349591970443726, 0.07754743099212646, 1.484494924545288
235, 1.2748348712921143, 0.07754743099212646, 1.4140701293945312
236, 1.514710545539856, 0.07754743099212646, 1.3436453342437744
237, 1.7545862197875977, 0.07754743099212646, 1.2732205390930176
238, 1.9944618940353394, 0.07754743099212646, 1.2027957439422607
239, 2.234337568283081, 0.07754743099212646, 1.132370948791504
240, 2.4742133617401123, 0.07754743099212646, 1.061946153640747
241, 2.7140891551971436, 0.07754743099212646, 0.9915212988853455
242, 2.7140891551971436, 0.07754743099212646, 0.9915212988853455
243, 2.9570400714874268, 0.07754743099212646, 1.0504693984985352
244, 3.19999098777771, 0.07754743099212646, 1.1094175577163696
245, 3.442941904067993, 0.07754743099212646, 1.168365716934204
246, 3.6858928203582764, 0.07754743099212646, 1.2273138761520386
247, 3.6858928203582764, 0.07754743099212646, 1.2273138761520386
248, 3.6858928203582764, 0.07754743099212646, 1.2273138761520386
249, 3.6858928203582764, 0.07754743099212646, 1.2273138761520386
250, 3.6858928203582764, 0.07754743099212646, 1.2273138761520386
251, 3.6858928203582764, 0.07754743099212646, 1.2273138761520386
252, 3.6858928203582764, 0.07754743099212646, 1.2273138761520386
253, 3.442941904067993, 0.07754743099212646, 1.168365716934204
254, 3.19999098777771, 0.07754743099212646, 1.1094175577163696
255, 2.9570400714874268, 0.07754743099212646, 1.0504693984985352
256, 2.7140891551971436, 0.07754743099212646, 0.9915212392807007
257, 2.4711382389068604, 0.07754743099212646, 0.9325730800628662
258, 2.228187322616577, 0.07754743099212646, 0.8736249208450317
259, 1.985236406326294, 0.07754743099212646, 0.8146767616271973
260, 1.7422854900360107, 0.07754743099212646, 0.7557286024093628
261, 1.7422854900360107, 0.07754743099212646, 0.7557286024093628
262, 1.5613579750061035, 0.07754743099212646, 0.583202600479126
263, 1.5613579750061035, 0.07754743099212646, 0.583202600479126
264, 1.5613579750061035, 0.07754743099212646, 0.583202600479126
265, 1.5613579750061035, 0.07754743099212646, 0.583202600479126
266, 1.5613579750061035, 0.07754743099212646, 0.583202600479126
267, 1.5613579750061035, 0.07754743099212646, 0.583202600479126
268, 1.6317827701568604, 0.07754743099212646, 0.8230782747268677
269, 1.6317827701568604, 0.07754743099212646, 0.8230782747268677
270, 1.6317827701568604, 0.07754743099212646, 0.8230782747268677
271, 1.8747336864471436, 0.07754743099212646, 0.8820264339447021
272, 2.1176846027374268, 0.07754743099212646, 0.9409745931625366
273, 2.36063551902771, 0.07754743099212646, 0.9999227523803711
274, 2.603586435317993, 0.07754743099212646, 1.0588709115982056
275, 2.8465373516082764, 0.07754743099212646, 1.11781907081604
276, 3.0894882678985596, 0.07754743099212646, 1.1767672300338745
277, 3.3324391841888428, 0.07754743099212646, 1.235715389251709
278, 3.575390100479126, 0.07754743099212646, 1.2946635484695435
279, 3.818341016769409, 0.07754743099212646, 1.353611707687378
280, 3.818341016769409, 0.07754743099212646, 1.353611707687378
281, 3.9992685317993164, 0.07754743099212646, 1.5261377096176147
282, 4.180196285247803, 0.07754743099212646, 1.6986637115478516
283, 4.180196285247803, 0.07754743099212646, 1.6986637115478516
284, 4.180196285247803, 0.07754743099212646, 1.6986637115478516
285, 4.180196285247803, 0.07754743099212646, 1.6986637115478516
286, 4.35272216796875, 0.07754743099212646, 1.5177361965179443
287, 4.525248050689697, 0.07754743099212646, 1.336808681488037
288, 4.6977739334106445, 0.07754743099212646, 1.1558811664581299
289, 4.6977739334106445, 0.07754743099212646, 1.1558811664581299
290, 4.7567219734191895, 0.07754743099212646, 0.9129303097724915
291, 4.7567219734191895, 0.07754743099212646, 0.9129303097724915
292, 4.7567219734191895, 0.07754743099212646, 0.9129303097724915
293, 4.575794219970703, 0.07754743099212646, 0.7404043674468994
294, 4.575794219970703, 0.07754743099212646, 0.7404043674468994
295, 4.33284330368042, 0.07754743099212646, 0.6814562678337097
296, 4.089892387390137, 0.07754743099212646, 0.62250816822052
297, 3.8469414710998535, 0.07754743099212646, 0.5635600686073303
298, 3.6039905548095703, 0.07754743099212646, 0.5046119689941406
299, 3.361039638519287, 0.07754743099212646, 0.4456638693809509
300, 3.118088722229004, 0.07754743099212646, 0.38671576976776123
301, 2.8751378059387207, 0.07754743099212646, 0.32776767015457153
302, 2.6321868896484375, 0.07754743099212646, 0.26881957054138184
303, 2.6321868896484375, 0.07754743099212646, 0.26881957054138184
304, 2.3923110961914062, 0.07754743099212646, 0.3392444849014282
305, 2.152435302734375, 0.07754743099212646, 0.4096693992614746
306, 2.152435302734375, 0.07754743099212646, 0.4096693992614746
307, 1.9094843864440918, 0.07754743099212646, 0.3507212996482849
308, 1.6665334701538086, 0.07754743099212646, 0.2917732000350952
309, 1.4235825538635254, 0.07754743099212646, 0.2328251153230667
310, 1.1806316375732422, 0.07754743099212646, 0.1738770306110382
311, 1.1806316375732422, 0.07754743099212646, 0.1738770306110382
312, 0.9997040629386902, 0.07754743099212646, 0.0013510435819625854
313, 0.8187764883041382, 0.07754743099212646, -0.17117494344711304
314, 0.6378489136695862, 0.07754743099212646, -0.34370094537734985
315, 0.6378489136695862, 0.07754743099212646, -0.34370094537734985
316, 0.5674240589141846, 0.07754743099212646, -0.5835766196250916
317, 0.49699920415878296, 0.07754743099212646, -0.8234522938728333
318, 0.42657434940338135, 0.07754743099212646, -1.0633280277252197
319, 0.35614949464797974, 0.07754743099212646, -1.3032037019729614
320, 0.2857246398925781, 0.07754743099212646, -1.5430793762207031
321, 0.2857246398925781, 0.07754743099212646, -1.5430793762207031
322, 0.2857246398925781, 0.07754743099212646, -1.5430793762207031
323, 0.2857246398925781, 0.07754743099212646, -1.5430793762207031
324, 0.2857246398925781, 0.07754743099212646, -1.5430793762207031
325, 0.2857246398925781, 0.07754743099212646, -1.5430793762207031
326, 0.2857246398925781, 0.07754743099212646, -1.5430793762207031
327, 0.2857246398925781, 0.07754743099212646, -1.5430793762207031
328, 0.2857246398925781, 0.07754743099212646, -1.5430793762207031
329, 0.2857246398925781, 0.07754743099212646, -1.5430793762207031
330, 0.2857246398925781, 0.07754743099212646, -1.5430793762207031
331, 0.2857246398925781, 0.07754743099212646, -1.5430793762207031
332, 0.2857246398925781, 0.07754743099212646, -1.5430793762207031
333, 0.2857246398925781, 0.07754743099212646, -1.5430793762207031
334, 0.2857246398925781, 0.07754743099212646, -1.5430793762207031
335, 0.35614949464797974, 0.07754743099212646, -1.3032037019729614
336, 0.42657434940338135, 0.07754743099212646, -1.0633280277252197
337, 0.49699920415878296, 0.07754743099212646, -0.823452353477478
338, 0.5674240589141846, 0.07754743099212646, -0.5835766792297363
339, 0.6378489136695862, 0.07754743099212646, -0.34370097517967224
340, 0.6378489136695862, 0.07754743099212646, -0.34370097517967224
341, 0.8187764883041382, 0.07754743099212646, -0.17117494344711304
342, 0.9997040033340454, 0.07754743099212646, 0.001351088285446167
343, 1.1806315183639526, 0.07754743099212646, 0.17387712001800537
344, 1.1806315183639526, 0.07754743099212646, 0.17387712001800537
345, 1.4235824346542358, 0.07754743099212646, 0.23282530903816223
346, 1.666533350944519, 0.07754743099212646, 0.2917734980583191
347, 1.9094842672348022, 0.07754743099212646, 0.35072168707847595
348, 2.152435064315796, 0.07754743099212646, 0.4096698760986328
349, 2.395385980606079, 0.07754743099212646, 0.4686180651187897
350, 2.6383368968963623, 0.07754743099212646, 0.5275662541389465
351, 2.8812878131866455, 0.07754743099212646, 0.5865144729614258
352, 3.1242387294769287, 0.07754743099212646, 0.6454626321792603
353, 3.1242387294769287, 0.07754743099212646, 0.6454626321792603
354, 3.305166244506836, 0.07754743099212646, 0.8179886937141418
355, 3.486093759536743, 0.07754743099212646, 0.9905147552490234
356, 3.6670212745666504, 0.07754743099212646, 1.1630408763885498
357, 3.8479487895965576, 0.07754743099212646, 1.3355669975280762
358, 4.028876304626465, 0.07754743099212646, 1.5080931186676025
359, 4.209804058074951, 0.07754743099212646, 1.680619239807129
360, 4.3907318115234375, 0.07754743099212646, 1.8531453609466553
361, 4.571659564971924, 0.07754743099212646, 2.0256714820861816
362, 4.571659564971924, 0.07754743099212646, 2.0256714820861816
363, 4.64208459854126, 0.07754743099212646, 2.265547275543213
364, 4.712509632110596, 0.07754743099212646, 2.505423069000244
365, 4.782934665679932, 0.07754743099212646, 2.7452988624572754
366, 4.782934665679932, 0.07754743099212646, 2.7452988624572754
367, 4.723986625671387, 0.07754743099212646, 2.9882497787475586
368, 4.665038585662842, 0.07754743099212646, 3.231200695037842
369, 4.606090545654297, 0.07754743099212646, 3.474151611328125
370, 4.606090545654297, 0.07754743099212646, 3.474151611328125
371, 4.43356466293335, 0.07754743099212646, 3.6550791263580322
372, 4.43356466293335, 0.07754743099212646, 3.6550791263580322
373, 4.43356466293335, 0.07754743099212646, 3.6550791263580322
374, 4.43356466293335, 0.07754743099212646, 3.6550791263580322
375, 4.43356466293335, 0.07754743099212646, 3.6550791263580322
376, 4.43356466293335, 0.07754743099212646, 3.6550791263580322
377, 4.4925127029418945, 0.07754743099212646, 3.412128210067749
378, 4.5514607429504395, 0.07754743099212646, 3.169177293777466
379, 4.610408782958984, 0.07754743099212646, 2.9262263774871826
380, 4.669356822967529, 0.07754743099212646, 2.6832754611968994
381, 4.669356822967529, 0.07754743099212646, 2.6832754611968994
382, 4.598931789398193, 0.07754743099212646, 2.443399667739868
383, 4.528506755828857, 0.07754743099212646, 2.203523874282837
384, 4.517402172088623, 0.07754743099212646, 2.1657004356384277
385, 4.517402172088623, 0.07754743099212646, 2.1657004356384277
386, 4.576350212097168, 0.07754743099212646, 1.922749638557434
387, 4.576350212097168, 0.07754743099212646, 1.922749638557434
388, 4.576350212097168, 0.07754743099212646, 1.922749638557434
389, 4.39542293548584, 0.07754743099212646, 1.7502236366271973
390, 4.214495658874512, 0.07754743099212646, 1.5776976346969604
391, 4.033568382263184, 0.07754743099212646, 1.4051716327667236
392, 4.033568382263184, 0.07754743099212646, 1.4051716327667236
393, 3.7906174659729004, 0.07754743099212646, 1.3462234735488892
394, 3.547666549682617, 0.07754743099212646, 1.2872753143310547
395, 3.304715633392334, 0.07754743099212646, 1.2283271551132202
396, 3.061764717102051, 0.07754743099212646, 1.1693789958953857
397, 2.8188138008117676, 0.07754743099212646, 1.1104308366775513
398, 2.8188138008117676, 0.07754743099212646, 1.1104308366775513
399, 2.5789380073547363, 0.07754743099212646, 1.1808557510375977
400, 2.339062213897705, 0.07754743099212646, 1.2512805461883545
401, 2.099186420440674, 0.07754743099212646, 1.3217053413391113
402, 1.8593107461929321, 0.07754743099212646, 1.3921301364898682
403, 1.6194350719451904, 0.07754743099212646, 1.462554931640625
404, 1.3795593976974487, 0.07754743099212646, 1.5329797267913818
405, 1.139683723449707, 0.07754743099212646, 1.6034045219421387
406, 0.8998080492019653, 0.07754743099212646, 1.6738293170928955
407, 0.8998080492019653, 0.07754743099212646, 1.6738293170928955
408, 0.7272820472717285, 0.07754743099212646, 1.8547568321228027
409, 0.7272820472717285, 0.07754743099212646, 1.8547568321228027
410, 0.668333888053894, 0.07754743099212646, 2.097707748413086
411, 0.6093857288360596, 0.07754743099212646, 2.340658664703369
412, 0.5504375696182251, 0.07754743099212646, 2.5836095809936523
413, 0.491489440202713, 0.07754743099212646, 2.8265604972839355
414, 0.4325413107872009, 0.07754743099212646, 3.0695114135742188
415, 0.37359318137168884, 0.07754743099212646, 3.312462329864502
416, 0.31464505195617676, 0.07754743099212646, 3.555413246154785
417, 0.2556969225406647, 0.07754743099212646, 3.7983641624450684
418, 0.2556969225406647, 0.07754743099212646, 3.7983641624450684
419, 0.3261217772960663, 0.07754743099212646, 4.0382399559021
420, 0.3261217772960663, 0.07754743099212646, 4.0382399559021
421, 0.3261217772960663, 0.07754743099212646, 4.0382399559021
422, 0.3261217772960663, 0.07754743099212646, 4.0382399559021
423, 0.3261217772960663, 0.07754743099212646, 4.0382399559021
424, 0.4986477792263031, 0.07754743099212646, 3.8573124408721924
425, 0.4986477792263031, 0.07754743099212646, 3.8573124408721924
426, 0.5575959086418152, 0.07754743099212646, 3.614361524581909
427, 0.6165440082550049, 0.07754743099212646, 3.371410608291626
428, 0.6754921078681946, 0.07754743099212646, 3.1284596920013428
429, 0.7344402074813843, 0.07754743099212646, 2.8855087757110596
430, 0.7344402074813843, 0.07754743099212646, 2.8855087757110596
431, 0.6640152931213379, 0.07754743099212646, 2.6456332206726074
432, 0.5935903787612915, 0.07754743099212646, 2.405757427215576
433, 0.5935903787612915, 0.07754743099212646, 2.405757427215576
434, 0.6525384783744812, 0.07754743099212646, 2.162806510925293
435, 0.7114865779876709, 0.07754743099212646, 1.9198555946350098
436, 0.7114865779876709, 0.07754743099212646, 1.9198555946350098
437, 0.8840125799179077, 0.07754743099212646, 1.7389280796051025
438, 1.0565385818481445, 0.07754743099212646, 1.5580005645751953
439, 1.0565385818481445, 0.07754743099212646, 1.5580005645751953
440, 1.2964142560958862, 0.07754743099212646, 1.4875757694244385
441, 1.536289930343628, 0.07754743099212646, 1.4171509742736816
442, 1.7761656045913696, 0.07754743099212646, 1.3467261791229248
443, 2.0160412788391113, 0.07754743099212646, 1.276301383972168
444, 2.2559170722961426, 0.07754743099212646, 1.2058765888214111
445, 2.495792865753174, 0.07754743099212646, 1.1354517936706543
446, 2.735668659210205, 0.07754743099212646, 1.0650269985198975
447, 2.9755444526672363, 0.07754743099212646, 0.9946021437644958
448, 3.2154202461242676, 0.07754743099212646, 0.9241772890090942
449, 3.455296039581299, 0.07754743099212646, 0.8537524342536926
450, 3.69517183303833, 0.07754743099212646, 0.783327579498291
451, 3.9350476264953613, 0.07754743099212646, 0.7129027247428894
452, 4.174923419952393, 0.07754743099212646, 0.6424778699874878
453, 4.174923419952393, 0.07754743099212646, 0.6424778699874878
454, 4.34744930267334, 0.07754743099212646, 0.4615502953529358
455, 4.519975185394287, 0.07754743099212646, 0.2806227207183838
456, 4.692501068115234, 0.07754743099212646, 0.09969516098499298
457, 4.865026950836182, 0.07754743099212646, -0.08123239874839783
458, 5.037552833557129, 0.07754743099212646, -0.26215994358062744
459, 5.210078716278076, 0.07754743099212646, -0.44308751821517944
460, 5.382604598999023, 0.07754743099212646, -0.6240150928497314
461, 5.555130481719971, 0.07754743099212646, -0.8049426674842834
462, 5.555130481719971, 0.07754743099212646, -0.8049426674842834
463, 5.795006275177002, 0.07754743099212646, -0.8753675222396851
464, 5.795006275177002, 0.07754743099212646, -0.8753675222396851
465, 5.795006275177002, 0.07754743099212646, -0.8753675222396851
466, 5.795006275177002, 0.07754743099212646, -0.8753675222396851
467, 5.795006275177002, 0.07754743099212646, -0.8753675222396851
468, 5.795006275177002, 0.07754743099212646, -0.8753675222396851
469, 5.622480392456055, 0.07754743099212646, -0.6944399476051331
470, 5.449954509735107, 0.07754743099212646, -0.513512372970581
471, 5.449954509735107, 0.07754743099212646, -0.513512372970581
472, 5.3910064697265625, 0.07754743099212646, -0.27056145668029785
473, 5.332058429718018, 0.07754743099212646, -0.02761054039001465
474, 5.273110389709473, 0.07754743099212646, 0.21534037590026855
475, 5.273110389709473, 0.07754743099212646, 0.21534037590026855
476, 5.343535423278809, 0.07754743099212646, 0.45521607995033264
477, 5.4139604568481445, 0.07754743099212646, 0.6950917840003967
478, 5.4139604568481445, 0.07754743099212646, 0.6950917840003967
479, 5.594888210296631, 0.07754743099212646, 0.8676178455352783
480, 5.594888210296631, 0.07754743099212646, 0.8676178455352783
481, 5.837839126586914, 0.07754743099212646, 0.9265660047531128
482, 5.837839126586914, 0.07754743099212646, 0.9265660047531128
483, 5.837839126586914, 0.07754743099212646, 0.9265660047531128
484, 5.90826416015625, 0.07754743099212646, 1.1664416790008545
485, 5.90826416015625, 0.07754743099212646, 1.1664416790008545
486, 5.849316120147705, 0.07754743099212646, 1.4093925952911377
487, 5.79036808013916, 0.07754743099212646, 1.652343511581421
488, 5.731420040130615, 0.07754743099212646, 1.895294427871704
489, 5.67247200012207, 0.07754743099212646, 2.1382453441619873
490, 5.613523960113525, 0.07754743099212646, 2.3811962604522705
491, 5.5545759201049805, 0.07754743099212646, 2.6241471767425537
492, 5.4956278800964355, 0.07754743099212646, 2.867098093032837
493, 5.436679840087891, 0.07754743099212646, 3.11004900932312
494, 5.377731800079346, 0.07754743099212646, 3.3529999256134033
495, 5.377731800079346, 0.07754743099212646, 3.3529999256134033
496, 5.448156833648682, 0.07754743099212646, 3.5928757190704346
497, 5.518581867218018, 0.07754743099212646, 3.832751512527466
498, 5.5890069007873535, 0.07754743099212646, 4.072627067565918
499, 5.6594319343566895, 0.07754743099212646, 4.312502861022949
