1, 2.093935489654541, 2.0644748210906982, -0.9514005780220032
2, 2.093935489654541, 2.0644748210906982, -0.9514005780220032
3, 2.093935489654541, 2.0644748210906982, -0.9514005780220032
4, 2.093935489654541, 2.0644748210906982, -0.9514005780220032
5, 2.093935489654541, 2.0644748210906982, -0.9514005780220032
6, 2.093935489654541, 2.0644748210906982, -0.9514005780220032
7, 2.093935489654541, 2.0644748210906982, -0.9514005780220032
8, 2.093935489654541, 2.0644748210906982, -0.9514005780220032
9, 2.093935489654541, 2.0644748210906982, -0.9514005780220032
10, 2.093935489654541, 2.0644748210906982, -0.9514005780220032
11, 2.093935489654541, 2.0644748210906982, -0.9514005780220032
12, 2.093935489654541, 2.0644748210906982, -0.9514005780220032
13, 2.093935489654541, 2.0644748210906982, -0.9514005780220032
14, 2.093935489654541, 2.0644748210906982, -0.9514005780220032
15, 2.093935489654541, 2.0644748210906982, -0.9514005780220032
16, 2.093935489654541, 2.0644748210906982, -0.9514005780220032
17, 2.093935489654541, 2.0644748210906982, -0.9514005780220032
18, 2.0144810676574707, 2.0644748210906982, -0.7143625617027283
19, 1.9350266456604004, 2.0644748210906982, -0.47732454538345337
20, 1.85557222366333, 2.0644748210906982, -0.24028652906417847
21, 1.85557222366333, 2.0644748210906982, -0.24028652906417847
22, 1.905281662940979, 2.0644748210906982, 0.004721641540527344
23, 1.954991102218628, 2.0644748210906982, 0.24972981214523315
24, 2.0047004222869873, 2.0644748210906982, 0.49473798274993896
25, 2.0544097423553467, 2.0644748210906982, 0.7397461533546448
26, 2.104119062423706, 2.0644748210906982, 0.9847543239593506
27, 2.1538283824920654, 2.0644748210906982, 1.2297625541687012
28, 2.203537702560425, 2.0644748210906982, 1.4747707843780518
29, 2.253247022628784, 2.0644748210906982, 1.7197790145874023
30, 2.3029563426971436, 2.0644748210906982, 1.964787244796753
31, 2.3029563426971436, 2.0644748210906982, 1.964787244796753
32, 2.2235019207000732, 2.0644748210906982, 2.2018251419067383
33, 2.144047498703003, 2.0644748210906982, 2.4388632774353027
34, 2.144047498703003, 2.0644748210906982, 2.4388632774353027
35, 2.1937568187713623, 2.0644748210906982, 2.6838715076446533
36, 2.2434661388397217, 2.0644748210906982, 2.928879737854004
37, 2.293175458908081, 2.0644748210906982, 3.1738879680633545
38, 2.293175458908081, 2.0644748210906982, 3.1738879680633545
39, 2.2137210369110107, 2.0644748210906982, 3.41092586517334
40, 2.1342666149139404, 2.0644748210906982, 3.6479640007019043
41, 2.1342666149139404, 2.0644748210906982, 3.6479640007019043
42, 2.1342666149139404, 2.0644748210906982, 3.6479640007019043
43, 2.1342666149139404, 2.0644748210906982, 3.6479640007019043
44, 2.1342666149139404, 2.0644748210906982, 3.6479640007019043
45, 2.1342666149139404, 2.0644748210906982, 3.6479640007019043
46, 2.3215951919555664, 2.0644748210906982, 3.482410430908203
47, 2.5089237689971924, 2.0644748210906982, 3.316856861114502
48, 2.6962523460388184, 2.0644748210906982, 3.151303291320801
49, 2.6962523460388184, 2.0644748210906982, 3.151303291320801
50, 2.941260576248169, 2.0644748210906982, 3.1015939712524414
51, 3.1862688064575195, 2.0644748210906982, 3.051884651184082
52, 3.43127703666687, 2.0644748210906982, 3.0021753311157227
53, 3.6762852668762207, 2.0644748210906982, 2.9524660110473633
54, 3.9212934970855713, 2.0644748210906982, 2.902756690979004
55, 3.9212934970855713, 2.0644748210906982, 2.902756690979004
56, 4.158331394195557, 2.0644748210906982, 2.982211112976074
57, 4.395369529724121, 2.0644748210906982, 3.0616655349731445
58, 4.6324076652526855, 2.0644748210906982, 3.141119956970215
59, 4.86944580078125, 2.0644748210906982, 3.220574378967285
60, 5.1064839363098145, 2.0644748210906982, 3.3000288009643555
61, 5.343522071838379, 2.0644748210906982, 3.379483222961426
62, 5.580560207366943, 2.0644748210906982, 3.458937644958496
63, 5.817598342895508, 2.0644748210906982, 3.5383920669555664
64, 6.054636478424072, 2.0644748210906982, 3.6178464889526367
65, 6.291674613952637, 2.0644748210906982, 3.697300910949707
66, 6.528712749481201, 2.0644748210906982, 3.7767553329467773
67, 6.765750885009766, 2.0644748210906982, 3.8562097549438477
68, 6.765750885009766, 2.0644748210906982, 3.8562097549438477
69, 6.931304454803467, 2.0644748210906982, 4.043538570404053
70, 7.096858024597168, 2.0644748210906982, 4.230867385864258
71, 7.262411594390869, 2.0644748210906982, 4.418196201324463
72, 7.42796516418457, 2.0644748210906982, 4.605525016784668
73, 7.42796516418457, 2.0644748210906982, 4.605525016784668
74, 7.665003299713135, 2.0644748210906982, 4.684979438781738
75, 7.665003299713135, 2.0644748210906982, 4.684979438781738
76, 7.665003299713135, 2.0644748210906982, 4.684979438781738
77, 7.665003299713135, 2.0644748210906982, 4.684979438781738
78, 7.665003299713135, 2.0644748210906982, 4.684979438781738
79, 7.665003299713135, 2.0644748210906982, 4.684979438781738
80, 7.419995307922363, 2.0644748210906982, 4.734688758850098
81, 7.419995307922363, 2.0644748210906982, 4.734688758850098
82, 7.182957172393799, 2.0644748210906982, 4.655234336853027
83, 7.182957172393799, 2.0644748210906982, 4.655234336853027
84, 7.017403602600098, 2.0644748210906982, 4.4679059982299805
85, 7.017403602600098, 2.0644748210906982, 4.4679059982299805
86, 7.017403602600098, 2.0644748210906982, 4.4679059982299805
87, 6.8518500328063965, 2.0644748210906982, 4.280577659606934
88, 6.686296463012695, 2.0644748210906982, 4.093249320983887
89, 6.520742893218994, 2.0644748210906982, 3.9059207439422607
90, 6.520742893218994, 2.0644748210906982, 3.9059207439422607
91, 6.28370475769043, 2.0644748210906982, 3.8264663219451904
92, 6.046666622161865, 2.0644748210906982, 3.74701189994812
93, 5.809628486633301, 2.0644748210906982, 3.66755747795105
94, 5.809628486633301, 2.0644748210906982, 3.66755747795105
95, 5.564620494842529, 2.0644748210906982, 3.7172670364379883
96, 5.319612503051758, 2.0644748210906982, 3.7669763565063477
97, 5.319612503051758, 2.0644748210906982, 3.7669763565063477
98, 5.319612503051758, 2.0644748210906982, 3.7669763565063477
99, 5.319612503051758, 2.0644748210906982, 3.7669763565063477
100, 5.082574367523193, 2.0644748210906982, 3.6875219345092773
101, 5.082574367523193, 2.0644748210906982, 3.6875219345092773
102, 4.917020797729492, 2.0644748210906982, 3.5001933574676514
103, 4.751467227935791, 2.0644748210906982, 3.3128647804260254
104, 4.751467227935791, 2.0644748210906982, 3.3128647804260254
105, 4.514429092407227, 2.0644748210906982, 3.233410358428955
106, 4.277390956878662, 2.0644748210906982, 3.1539559364318848
107, 4.277390956878662, 2.0644748210906982, 3.1539559364318848
108, 4.032382965087891, 2.0644748210906982, 3.203665256500244
109, 3.787374973297119, 2.0644748210906982, 3.2533745765686035
110, 3.5423669815063477, 2.0644748210906982, 3.303083896636963
111, 3.5423669815063477, 2.0644748210906982, 3.303083896636963
112, 3.5423669815063477, 2.0644748210906982, 3.303083896636963
113, 3.5423669815063477, 2.0644748210906982, 3.303083896636963
114, 3.5423669815063477, 2.0644748210906982, 3.303083896636963
115, 3.297358751296997, 2.0644748210906982, 3.3527932167053223
116, 3.297358751296997, 2.0644748210906982, 3.3527932167053223
117, 3.0603208541870117, 2.0644748210906982, 3.273338794708252
118, 2.8232829570770264, 2.0644748210906982, 3.1938843727111816
119, 2.8232829570770264, 2.0644748210906982, 3.1938843727111816
120, 2.578274726867676, 2.0644748210906982, 3.243593692779541
121, 2.578274726867676, 2.0644748210906982, 3.243593692779541
122, 2.39094614982605, 2.0644748210906982, 3.409147262573242
123, 2.203617572784424, 2.0644748210906982, 3.5747008323669434
124, 2.016288995742798, 2.0644748210906982, 3.7402544021606445
125, 2.016288995742798, 2.0644748210906982, 3.7402544021606445
126, 2.016288995742798, 2.0644748210906982, 3.7402544021606445
127, 2.016288995742798, 2.0644748210906982, 3.7402544021606445
128, 2.016288995742798, 2.0644748210906982, 3.7402544021606445
129, 2.016288995742798, 2.0644748210906982, 3.7402544021606445
130, 2.016288995742798, 2.0644748210906982, 3.7402544021606445
131, 2.203617572784424, 2.0644748210906982, 3.5747008323669434
132, 2.39094614982605, 2.0644748210906982, 3.409147262573242
133, 2.578274726867676, 2.0644748210906982, 3.243593692779541
134, 2.578274726867676, 2.0644748210906982, 3.243593692779541
135, 2.8232829570770264, 2.0644748210906982, 3.1938843727111816
136, 3.068291187286377, 2.0644748210906982, 3.1441750526428223
137, 3.3132994174957275, 2.0644748210906982, 3.094465732574463
138, 3.558307647705078, 2.0644748210906982, 3.0447564125061035
139, 3.8033158779144287, 2.0644748210906982, 2.995047092437744
140, 4.048324108123779, 2.0644748210906982, 2.9453377723693848
141, 4.048324108123779, 2.0644748210906982, 2.9453377723693848
142, 4.285362243652344, 2.0644748210906982, 3.024792194366455
143, 4.522400379180908, 2.0644748210906982, 3.1042466163635254
144, 4.759438514709473, 2.0644748210906982, 3.1837010383605957
145, 4.759438514709473, 2.0644748210906982, 3.1837010383605957
146, 5.004446506500244, 2.0644748210906982, 3.1339917182922363
147, 5.249454498291016, 2.0644748210906982, 3.084282398223877
148, 5.494462490081787, 2.0644748210906982, 3.0345730781555176
149, 5.494462490081787, 2.0644748210906982, 3.0345730781555176
150, 5.731500625610352, 2.0644748210906982, 3.114027500152588
151, 5.731500625610352, 2.0644748210906982, 3.114027500152588
152, 5.976508617401123, 2.0644748210906982, 3.0643181800842285
153, 6.2215166091918945, 2.0644748210906982, 3.014608860015869
154, 6.466524600982666, 2.0644748210906982, 2.9648995399475098
155, 6.7115325927734375, 2.0644748210906982, 2.9151902198791504
156, 6.7115325927734375, 2.0644748210906982, 2.9151902198791504
157, 6.898861408233643, 2.0644748210906982, 2.749636650085449
158, 7.086190223693848, 2.0644748210906982, 2.584083080291748
159, 7.273519039154053, 2.0644748210906982, 2.418529510498047
160, 7.460847854614258, 2.0644748210906982, 2.2529759407043457
161, 7.648176670074463, 2.0644748210906982, 2.0874223709106445
162, 7.835505485534668, 2.0644748210906982, 1.9218688011169434
163, 7.835505485534668, 2.0644748210906982, 1.9218688011169434
164, 7.835505485534668, 2.0644748210906982, 1.9218688011169434
165, 8.022833824157715, 2.0644748210906982, 1.7563152313232422
166, 8.210162162780762, 2.0644748210906982, 1.590761661529541
167, 8.210162162780762, 2.0644748210906982, 1.590761661529541
168, 8.210162162780762, 2.0644748210906982, 1.590761661529541
169, 8.210162162780762, 2.0644748210906982, 1.590761661529541
170, 8.210162162780762, 2.0644748210906982, 1.590761661529541
171, 8.210162162780762, 2.0644748210906982, 1.590761661529541
172, 8.210162162780762, 2.0644748210906982, 1.590761661529541
173, 8.210162162780762, 2.0644748210906982, 1.590761661529541
174, 8.210162162780762, 2.0644748210906982, 1.590761661529541
175, 8.022833824157715, 2.0644748210906982, 1.7563153505325317
176, 7.835505485534668, 2.0644748210906982, 1.9218690395355225
177, 7.648177146911621, 2.0644748210906982, 2.0874228477478027
178, 7.460848808288574, 2.0644748210906982, 2.252976417541504
179, 7.273520469665527, 2.0644748210906982, 2.418529987335205
180, 7.0861921310424805, 2.0644748210906982, 2.5840835571289062
181, 6.898863792419434, 2.0644748210906982, 2.7496371269226074
182, 6.711535453796387, 2.0644748210906982, 2.9151906967163086
183, 6.711535453796387, 2.0644748210906982, 2.9151906967163086
184, 6.466527462005615, 2.0644748210906982, 2.964900016784668
185, 6.221519470214844, 2.0644748210906982, 3.0146093368530273
186, 5.976511478424072, 2.0644748210906982, 3.0643186569213867
187, 5.976511478424072, 2.0644748210906982, 3.0643186569213867
188, 5.739473342895508, 2.0644748210906982, 2.9848642349243164
189, 5.739473342895508, 2.0644748210906982, 2.9848642349243164
190, 5.739473342895508, 2.0644748210906982, 2.9848642349243164
191, 5.739473342895508, 2.0644748210906982, 2.9848642349243164
192, 5.573919773101807, 2.0644748210906982, 2.7975356578826904
193, 5.4083662033081055, 2.033921003341675, 2.6102070808410645
194, 5.4083662033081055, 2.033921003341675, 2.6102070808410645
195, 5.4083662033081055, 2.033921003341675, 2.6102070808410645
196, 5.4083662033081055, 2.033921003341675, 2.6102070808410645
197, 5.4083662033081055, 2.033921003341675, 2.6102070808410645
198, 5.4083662033081055, 2.033921003341675, 2.6102070808410645
199, 5.4083662033081055, 2.033921003341675, 2.6102070808410645
200, 5.573919773101807, 2.0644748210906982, 2.7975356578826904
201, 5.739473342895508, 2.0644748210906982, 2.9848642349243164
202, 5.739473342895508, 2.0644748210906982, 2.9848642349243164
203, 5.976511478424072, 2.0644748210906982, 3.0643186569213867
204, 5.976511478424072, 2.0644748210906982, 3.0643186569213867
205, 6.221519470214844, 2.0644748210906982, 3.0146093368530273
206, 6.466527462005615, 2.0644748210906982, 2.964900016784668
207, 6.466527462005615, 2.0644748210906982, 2.964900016784668
208, 6.653855800628662, 2.0644748210906982, 2.799346446990967
209, 6.841184139251709, 2.0644748210906982, 2.6337928771972656
210, 7.028512477874756, 2.0644748210906982, 2.4682393074035645
211, 7.215840816497803, 2.0644748210906982, 2.3026857376098633
212, 7.40316915512085, 2.0644748210906982, 2.137132167816162
213, 7.5904974937438965, 2.0644748210906982, 1.9715784788131714
214, 7.777825832366943, 2.0644748210906982, 1.8060247898101807
215, 7.777825832366943, 2.0644748210906982, 1.8060247898101807
216, 7.857280254364014, 2.0644748210906982, 1.5689868927001953
217, 7.936734676361084, 2.0644748210906982, 1.33194899559021
218, 8.016189575195312, 2.0644748210906982, 1.0949110984802246
219, 8.016189575195312, 2.0644748210906982, 1.0949110984802246
220, 8.016189575195312, 2.0644748210906982, 1.0949110984802246
221, 8.016189575195312, 2.0644748210906982, 1.0949110984802246
222, 8.016189575195312, 2.0644748210906982, 1.0949110984802246
223, 8.016189575195312, 2.0644748210906982, 1.0949110984802246
224, 8.016189575195312, 2.0644748210906982, 1.0949110984802246
225, 7.936735153198242, 2.0644748210906982, 1.3319491147994995
226, 7.857280731201172, 2.0644748210906982, 1.5689871311187744
227, 7.777826309204102, 2.0644748210906982, 1.8060251474380493
228, 7.777826309204102, 2.0644748210906982, 1.8060251474380493
229, 7.590497970581055, 2.0644748210906982, 1.97157883644104
230, 7.403169631958008, 2.0644748210906982, 2.1371326446533203
231, 7.215841293334961, 2.0644748210906982, 2.3026864528656006
232, 7.028512954711914, 2.0644748210906982, 2.468240261077881
233, 6.841184616088867, 2.0644748210906982, 2.633794069290161
234, 6.65385627746582, 2.0644748210906982, 2.7993478775024414
235, 6.466527938842773, 2.0644748210906982, 2.9649016857147217
236, 6.466527938842773, 2.0644748210906982, 2.9649016857147217
237, 6.221519947052002, 2.0644748210906982, 3.014611005783081
238, 6.221519947052002, 2.0644748210906982, 3.014611005783081
239, 6.221519947052002, 2.0644748210906982, 3.014611005783081
240, 5.9765119552612305, 2.0644748210906982, 3.0643203258514404
241, 5.9765119552612305, 2.0644748210906982, 3.0643203258514404
242, 5.739473819732666, 2.0644748210906982, 2.98486590385437
243, 5.739473819732666, 2.0644748210906982, 2.98486590385437
244, 5.573920249938965, 2.0644748210906982, 2.797537326812744
245, 5.573920249938965, 2.0644748210906982, 2.797537326812744
246, 5.573920249938965, 2.0644748210906982, 2.797537326812744
247, 5.573920249938965, 2.0644748210906982, 2.797537326812744
248, 5.573920249938965, 2.0644748210906982, 2.797537326812744
249, 5.328912258148193, 2.0644748210906982, 2.8472466468811035
250, 5.083904266357422, 2.0644748210906982, 2.896955966949463
251, 4.83889627456665, 2.0644748210906982, 2.9466652870178223
252, 4.593888282775879, 2.0644748210906982, 2.9963746070861816
253, 4.348880290985107, 2.0644748210906982, 3.046083927154541
254, 4.103872299194336, 2.0644748210906982, 3.0957932472229004
255, 3.8588640689849854, 2.0644748210906982, 3.1455025672912598
256, 3.6138558387756348, 2.0644748210906982, 3.195211887359619
257, 3.368847608566284, 2.0644748210906982, 3.2449212074279785
258, 3.368847608566284, 2.0644748210906982, 3.2449212074279785
259, 3.131809711456299, 2.0644748210906982, 3.165466785430908
260, 2.8947718143463135, 2.0644748210906982, 3.086012363433838
261, 2.657733917236328, 2.0644748210906982, 3.0065579414367676
262, 2.4206960201263428, 2.0644748210906982, 2.9271035194396973
263, 2.4206960201263428, 2.0644748210906982, 2.9271035194396973
264, 2.2551422119140625, 2.0644748210906982, 2.7397749423980713
265, 2.2551422119140625, 2.0644748210906982, 2.7397749423980713
266, 2.2551422119140625, 2.0644748210906982, 2.7397749423980713
267, 2.2551422119140625, 2.0644748210906982, 2.7397749423980713
268, 2.2551422119140625, 2.0644748210906982, 2.7397749423980713
269, 2.2551422119140625, 2.0644748210906982, 2.7397749423980713
270, 2.2551422119140625, 2.0644748210906982, 2.7397749423980713
271, 2.4206960201263428, 2.0644748210906982, 2.9271035194396973
272, 2.4206960201263428, 2.0644748210906982, 2.9271035194396973
273, 2.657733917236328, 2.0644748210906982, 3.0065579414367676
274, 2.8947718143463135, 2.0644748210906982, 3.086012363433838
275, 3.131809711456299, 2.0644748210906982, 3.165466785430908
276, 3.368847608566284, 2.0644748210906982, 3.2449212074279785
277, 3.368847608566284, 2.0644748210906982, 3.2449212074279785
278, 3.6138558387756348, 2.0644748210906982, 3.19521164894104
279, 3.8588638305664062, 2.0644748210906982, 3.1455020904541016
280, 4.103871822357178, 2.0644748210906982, 3.095792531967163
281, 4.348879814147949, 2.0644748210906982, 3.0460829734802246
282, 4.593887805938721, 2.0644748210906982, 2.996373414993286
283, 4.838895797729492, 2.0644748210906982, 2.9466638565063477
284, 5.083903789520264, 2.0644748210906982, 2.896954298019409
285, 5.083903789520264, 2.0644748210906982, 2.896954298019409
286, 5.083903789520264, 2.0644748210906982, 2.896954298019409
287, 5.083903789520264, 2.0644748210906982, 2.896954298019409
288, 5.083903789520264, 2.0644748210906982, 2.896954298019409
289, 5.083903789520264, 2.0644748210906982, 2.896954298019409
290, 5.320941925048828, 2.0644748210906982, 2.9764087200164795
291, 5.557980060577393, 2.0644748210906982, 3.05586314201355
292, 5.795018196105957, 2.0644748210906982, 3.13531756401062
293, 5.795018196105957, 2.0644748210906982, 3.13531756401062
294, 6.0400261878967285, 2.0644748210906982, 3.0856080055236816
295, 6.2850341796875, 2.0644748210906982, 3.0358986854553223
296, 6.5300421714782715, 2.0644748210906982, 2.986189365386963
297, 6.5300421714782715, 2.0644748210906982, 2.986189365386963
298, 6.717370510101318, 2.0644748210906982, 2.8206357955932617
299, 6.904698848724365, 2.0644748210906982, 2.6550822257995605
300, 7.092027187347412, 2.0644748210906982, 2.4895286560058594
301, 7.279355525970459, 2.0644748210906982, 2.323975086212158
302, 7.466683864593506, 2.0644748210906982, 2.158421516418457
303, 7.654012203216553, 2.0644748210906982, 1.9928678274154663
304, 7.654012203216553, 2.0644748210906982, 1.9928678274154663
305, 7.733466625213623, 2.0644748210906982, 1.7558298110961914
306, 7.812921047210693, 2.0644748210906982, 1.518791913986206
307, 7.892375469207764, 2.0644748210906982, 1.2817540168762207
308, 7.971829891204834, 2.0644748210906982, 1.0447161197662354
309, 7.971829891204834, 2.0644748210906982, 1.0447161197662354
310, 7.971829891204834, 2.0644748210906982, 1.0447161197662354
311, 7.971829891204834, 2.0644748210906982, 1.0447161197662354
312, 7.971829891204834, 2.0644748210906982, 1.0447161197662354
313, 7.971829891204834, 2.0644748210906982, 1.0447161197662354
314, 7.971829891204834, 2.0644748210906982, 1.0447161197662354
315, 7.892375469207764, 2.0644748210906982, 1.2817541360855103
316, 7.812921047210693, 2.0644748210906982, 1.5187921524047852
317, 7.733466625213623, 2.0644748210906982, 1.75583016872406
318, 7.654012203216553, 2.0644748210906982, 1.992868185043335
319, 7.654012203216553, 2.0644748210906982, 1.992868185043335
320, 7.466683387756348, 2.0644748210906982, 2.1584219932556152
321, 7.466683387756348, 2.0644748210906982, 2.1584219932556152
322, 7.466683387756348, 2.0644748210906982, 2.1584219932556152
323, 7.279354572296143, 2.0644748210906982, 2.3239755630493164
324, 7.0920257568359375, 2.0644748210906982, 2.4895291328430176
325, 6.904696941375732, 2.0644748210906982, 2.6550827026367188
326, 6.717368125915527, 2.0644748210906982, 2.82063627243042
327, 6.717368125915527, 2.0644748210906982, 2.82063627243042
328, 6.472360134124756, 2.0644748210906982, 2.8703455924987793
329, 6.227352142333984, 2.0644748210906982, 2.9200549125671387
330, 5.982344150543213, 2.0644748210906982, 2.969764232635498
331, 5.982344150543213, 2.0644748210906982, 2.969764232635498
332, 5.745306015014648, 2.0644748210906982, 2.8903098106384277
333, 5.508267879486084, 2.0644748210906982, 2.8108553886413574
334, 5.508267879486084, 2.0644748210906982, 2.8108553886413574
335, 5.508267879486084, 2.0644748210906982, 2.8108553886413574
336, 5.508267879486084, 2.0644748210906982, 2.8108553886413574
337, 5.508267879486084, 2.0644748210906982, 2.8108553886413574
338, 5.508267879486084, 2.0644748210906982, 2.8108553886413574
339, 5.2632598876953125, 2.0644748210906982, 2.860564708709717
340, 5.018251895904541, 2.0644748210906982, 2.910274028778076
341, 4.7732439041137695, 2.0644748210906982, 2.9599833488464355
342, 4.528235912322998, 2.0644748210906982, 3.009692668914795
343, 4.283227920532227, 2.0644748210906982, 3.0594019889831543
344, 4.038219928741455, 2.0644748210906982, 3.1091113090515137
345, 3.7932116985321045, 2.0644748210906982, 3.158820629119873
346, 3.548203468322754, 2.0644748210906982, 3.2085299491882324
347, 3.3031952381134033, 2.0644748210906982, 3.258239269256592
348, 3.3031952381134033, 2.0644748210906982, 3.258239269256592
349, 3.066157341003418, 2.0644748210906982, 3.1787848472595215
350, 2.8291194438934326, 2.0644748210906982, 3.099330425262451
351, 2.5920815467834473, 2.0644748210906982, 3.019876003265381
352, 2.5920815467834473, 2.0644748210906982, 3.019876003265381
353, 2.426527976989746, 2.0644748210906982, 2.832547426223755
354, 2.260974407196045, 2.0644748210906982, 2.645218849182129
355, 2.260974407196045, 2.0644748210906982, 2.645218849182129
356, 2.260974407196045, 2.0644748210906982, 2.645218849182129
357, 2.260974407196045, 2.0644748210906982, 2.645218849182129
358, 2.260974407196045, 2.0644748210906982, 2.645218849182129
359, 2.260974407196045, 2.0644748210906982, 2.645218849182129
360, 2.260974407196045, 2.0644748210906982, 2.645218849182129
361, 2.426528215408325, 2.0644748210906982, 2.832547426223755
362, 2.5920820236206055, 2.0644748210906982, 3.019876003265381
363, 2.5920820236206055, 2.0644748210906982, 3.019876003265381
364, 2.829119920730591, 2.0644748210906982, 3.099330425262451
365, 3.066157817840576, 2.0644748210906982, 3.1787848472595215
366, 3.3031957149505615, 2.0644748210906982, 3.258239269256592
367, 3.3031957149505615, 2.0644748210906982, 3.258239269256592
368, 3.548203945159912, 2.0644748210906982, 3.2085297107696533
369, 3.7932119369506836, 2.0644748210906982, 3.158820152282715
370, 4.038219928741455, 2.0644748210906982, 3.1091105937957764
371, 4.283227920532227, 2.0644748210906982, 3.059401035308838
372, 4.283227920532227, 2.0644748210906982, 3.059401035308838
373, 4.520266056060791, 2.0644748210906982, 3.138855457305908
374, 4.520266056060791, 2.0644748210906982, 3.138855457305908
375, 4.7652740478515625, 2.0644748210906982, 3.0891458988189697
376, 4.7652740478515625, 2.0644748210906982, 3.0891458988189697
377, 4.952602386474609, 2.0644748210906982, 2.9235920906066895
378, 5.139930725097656, 2.0644748210906982, 2.758038282394409
379, 5.139930725097656, 2.0644748210906982, 2.758038282394409
380, 5.139930725097656, 2.0644748210906982, 2.758038282394409
381, 5.139930725097656, 2.0644748210906982, 2.758038282394409
382, 5.139930725097656, 2.0644748210906982, 2.758038282394409
383, 5.376968860626221, 2.0644748210906982, 2.8374927043914795
384, 5.614006996154785, 2.0644748210906982, 2.91694712638855
385, 5.85104513168335, 2.0644748210906982, 2.99640154838562
386, 6.088083267211914, 2.0644748210906982, 3.0758559703826904
387, 6.088083267211914, 2.0644748210906982, 3.0758559703826904
388, 6.3330912590026855, 2.0644748210906982, 3.026146411895752
389, 6.578099250793457, 2.0644748210906982, 2.9764368534088135
390, 6.578099250793457, 2.0644748210906982, 2.9764368534088135
391, 6.765427589416504, 2.0644748210906982, 2.810883045196533
392, 6.952755928039551, 2.0644748210906982, 2.645329236984253
393, 7.140084266662598, 2.0644748210906982, 2.4797754287719727
394, 7.3274126052856445, 2.0644748210906982, 2.3142216205596924
395, 7.514740943908691, 2.0644748210906982, 2.148667812347412
396, 7.702069282531738, 2.0644748210906982, 1.9831141233444214
397, 7.702069282531738, 2.0644748210906982, 1.9831141233444214
398, 7.781523704528809, 2.0644748210906982, 1.7460761070251465
399, 7.860978126525879, 2.0644748210906982, 1.5090380907058716
400, 7.940432548522949, 2.0644748210906982, 1.2720000743865967
401, 8.01988697052002, 2.0644748210906982, 1.0349620580673218
402, 8.01988697052002, 2.0644748210906982, 1.0349620580673218
403, 8.01988697052002, 2.0644748210906982, 1.0349620580673218
404, 8.01988697052002, 2.0644748210906982, 1.0349620580673218
405, 8.01988697052002, 2.0644748210906982, 1.0349620580673218
406, 8.01988697052002, 2.0644748210906982, 1.0349620580673218
407, 8.01988697052002, 2.0644748210906982, 1.0349620580673218
408, 7.940432548522949, 2.0644748210906982, 1.2720000743865967
409, 7.860978126525879, 2.0644748210906982, 1.5090380907058716
410, 7.781523704528809, 2.0644748210906982, 1.7460761070251465
411, 7.702069282531738, 2.0644748210906982, 1.9831141233444214
412, 7.702069282531738, 2.0644748210906982, 1.9831141233444214
413, 7.514740943908691, 2.0644748210906982, 2.148667812347412
414, 7.3274126052856445, 2.0644748210906982, 2.3142216205596924
415, 7.140084266662598, 2.0644748210906982, 2.4797754287719727
416, 6.952755928039551, 2.0644748210906982, 2.645329236984253
417, 6.765427589416504, 2.0644748210906982, 2.810883045196533
418, 6.765427589416504, 2.0644748210906982, 2.810883045196533
419, 6.520419597625732, 2.0644748210906982, 2.8605926036834717
420, 6.275411605834961, 2.0644748210906982, 2.91030216217041
421, 6.0304036140441895, 2.0644748210906982, 2.9600117206573486
422, 5.785395622253418, 2.0644748210906982, 3.009721279144287
423, 5.785395622253418, 2.0644748210906982, 3.009721279144287
424, 5.785395622253418, 2.0644748210906982, 3.009721279144287
425, 5.785395622253418, 2.0644748210906982, 3.009721279144287
426, 5.5483574867248535, 2.0644748210906982, 2.930266857147217
427, 5.5483574867248535, 2.0644748210906982, 2.930266857147217
428, 5.303349494934082, 2.0644748210906982, 2.9799764156341553
429, 5.0583415031433105, 2.0644748210906982, 3.0296859741210938
430, 4.813333511352539, 2.0644748210906982, 3.0793955326080322
431, 4.568325519561768, 2.0644748210906982, 3.1291050910949707
432, 4.323317527770996, 2.0644748210906982, 3.178814649581909
433, 4.078309535980225, 2.0644748210906982, 3.2285242080688477
434, 3.833301544189453, 2.0644748210906982, 3.278233766555786
435, 3.5882935523986816, 2.0644748210906982, 3.3279433250427246
436, 3.5882935523986816, 2.0644748210906982, 3.3279433250427246
437, 3.3512556552886963, 2.0644748210906982, 3.2484889030456543
438, 3.114217758178711, 2.0644748210906982, 3.169034481048584
439, 2.8771798610687256, 2.0644748210906982, 3.0895800590515137
440, 2.6401419639587402, 2.0644748210906982, 3.0101256370544434
441, 2.6401419639587402, 2.0644748210906982, 3.0101256370544434
442, 2.47458815574646, 2.0644748210906982, 2.8227970600128174
443, 2.3090343475341797, 2.0644748210906982, 2.6354684829711914
444, 2.3090343475341797, 2.0644748210906982, 2.6354684829711914
445, 2.3090343475341797, 2.0644748210906982, 2.6354684829711914
446, 2.3090343475341797, 2.0644748210906982, 2.6354684829711914
447, 2.259324789047241, 2.0644748210906982, 2.39046049118042
448, 2.2096152305603027, 2.0644748210906982, 2.1454524993896484
449, 2.2096152305603027, 2.0644748210906982, 2.1454524993896484
450, 2.2096152305603027, 2.0644748210906982, 2.1454524993896484
451, 2.2096152305603027, 2.0644748210906982, 2.1454524993896484
452, 2.2096152305603027, 2.0644748210906982, 2.1454524993896484
453, 2.2096152305603027, 2.0644748210906982, 2.1454524993896484
454, 2.2096152305603027, 2.0644748210906982, 2.1454524993896484
455, 2.259324789047241, 2.0644748210906982, 2.39046049118042
456, 2.3090343475341797, 2.0644748210906982, 2.6354684829711914
457, 2.3090343475341797, 2.0644748210906982, 2.6354684829711914
458, 2.47458815574646, 2.0644748210906982, 2.8227970600128174
459, 2.6401419639587402, 2.0644748210906982, 3.0101256370544434
460, 2.6401419639587402, 2.0644748210906982, 3.0101256370544434
461, 2.8771798610687256, 2.0644748210906982, 3.0895800590515137
462, 3.114217758178711, 2.0644748210906982, 3.169034481048584
463, 3.3512556552886963, 2.0644748210906982, 3.2484889030456543
464, 3.3512556552886963, 2.0644748210906982, 3.2484889030456543
465, 3.596263885498047, 2.0644748210906982, 3.198779344558716
466, 3.8412718772888184, 2.0644748210906982, 3.1490697860717773
467, 4.08627986907959, 2.0644748210906982, 3.099360227584839
468, 4.08627986907959, 2.0644748210906982, 3.099360227584839
469, 4.08627986907959, 2.0644748210906982, 3.099360227584839
470, 4.251833438873291, 2.0644748210906982, 3.286688804626465
471, 4.251833438873291, 2.0644748210906982, 3.286688804626465
472, 4.251833438873291, 2.0644748210906982, 3.286688804626465
473, 4.4968414306640625, 2.0644748210906982, 3.2369792461395264
474, 4.741849422454834, 2.0644748210906982, 3.187269687652588
475, 4.741849422454834, 2.0644748210906982, 3.187269687652588
476, 4.929177761077881, 2.0644748210906982, 3.0217158794403076
477, 5.116506099700928, 2.0644748210906982, 2.8561620712280273
478, 5.116506099700928, 2.0644748210906982, 2.8561620712280273
479, 5.116506099700928, 2.0644748210906982, 2.8561620712280273
480, 5.116506099700928, 2.0644748210906982, 2.8561620712280273
481, 5.116506099700928, 2.0644748210906982, 2.8561620712280273
482, 5.353544235229492, 2.0644748210906982, 2.9356164932250977
483, 5.590582370758057, 2.0644748210906982, 3.015070915222168
484, 5.827620506286621, 2.0644748210906982, 3.0945253372192383
485, 6.0646586418151855, 2.0644748210906982, 3.1739797592163086
486, 6.0646586418151855, 2.0644748210906982, 3.1739797592163086
487, 6.0646586418151855, 2.0644748210906982, 3.1739797592163086
488, 6.0646586418151855, 2.0644748210906982, 3.1739797592163086
489, 6.0646586418151855, 2.0644748210906982, 3.1739797592163086
490, 6.251986980438232, 2.0644748210906982, 3.0084261894226074
491, 6.439315319061279, 2.0644748210906982, 2.8428726196289062
492, 6.439315319061279, 2.0644748210906982, 2.8428726196289062
493, 6.439315319061279, 2.0644748210906982, 2.8428726196289062
494, 6.439315319061279, 2.0644748210906982, 2.8428726196289062
495, 6.439315319061279, 2.0644748210906982, 2.8428726196289062
496, 6.626643657684326, 2.0644748210906982, 2.677319049835205
497, 6.813971996307373, 2.0644748210906982, 2.511765480041504
498, 6.813971996307373, 2.0644748210906982, 2.511765480041504
499, 7.0589799880981445, 2.0644748210906982, 2.4620561599731445
