1, 13.537033081054688, 0.09943583607673645, 0.24922779202461243
2, 13.537033081054688, 0.09943583607673645, 0.24922779202461243
3, 13.537033081054688, 0.09943583607673645, 0.24922779202461243
4, 13.537033081054688, 0.09943583607673645, 0.24922779202461243
5, 13.537033081054688, 0.09943583607673645, 0.24922779202461243
6, 13.537033081054688, 0.09943583607673645, 0.24922779202461243
7, 13.537033081054688, 0.09943583607673645, 0.24922779202461243
8, 13.537033081054688, 0.09943583607673645, 0.24922779202461243
9, 13.537033081054688, 0.09943583607673645, 0.24922779202461243
10, 13.537033081054688, 0.09943583607673645, 0.24922779202461243
11, 13.537033081054688, 0.09943583607673645, 0.24922779202461243
12, 13.537033081054688, 0.09943583607673645, 0.24922779202461243
13, 13.488112449645996, 0.09943583607673645, 0.2667921185493469
14, 13.488112449645996, 0.09943583607673645, 0.2667921185493469
15, 13.24210262298584, 0.09943583607673645, 0.22230592370033264
16, 12.996092796325684, 0.09943583607673645, 0.17781972885131836
17, 12.996092796325684, 0.09943583607673645, 0.17781972885131836
18, 12.80528450012207, 0.09943583607673645, 0.01628848910331726
19, 12.80528450012207, 0.09943583607673645, 0.01628848910331726
20, 12.720805168151855, 0.09943583607673645, -0.21900562942028046
21, 12.720805168151855, 0.09943583607673645, -0.21900562942028046
22, 12.720805168151855, 0.09943583607673645, -0.21900562942028046
23, 12.720805168151855, 0.09943583607673645, -0.21900562942028046
24, 12.956099510192871, 0.09943583607673645, -0.3034844994544983
25, 12.956099510192871, 0.09943583607673645, -0.3034844994544983
26, 13.202109336853027, 0.09943583607673645, -0.2589982748031616
27, 13.448119163513184, 0.09943583607673645, -0.21451205015182495
28, 13.69412899017334, 0.09943583607673645, -0.17002582550048828
29, 13.940138816833496, 0.09943583607673645, -0.1255396008491516
30, 14.186148643493652, 0.09943583607673645, -0.08105337619781494
31, 14.432158470153809, 0.09943583607673645, -0.03656715154647827
32, 14.678168296813965, 0.09943583607673645, 0.007919073104858398
33, 14.924178123474121, 0.09943583607673645, 0.05240529775619507
34, 15.170187950134277, 0.09943583607673645, 0.09689152240753174
35, 15.416197776794434, 0.09943583607673645, 0.1413777470588684
36, 15.66220760345459, 0.09943583607673645, 0.18586397171020508
37, 15.908217430114746, 0.09943583607673645, 0.23035019636154175
38, 16.15422821044922, 0.09943583607673645, 0.2748364210128784
39, 16.15422821044922, 0.09943583607673645, 0.2748364210128784
40, 16.389522552490234, 0.09943583607673645, 0.1903575360774994
41, 16.62481689453125, 0.09943583607673645, 0.10587865114212036
42, 16.860111236572266, 0.09943583607673645, 0.021399766206741333
43, 17.09540557861328, 0.09943583607673645, -0.0630791187286377
44, 17.330699920654297, 0.09943583607673645, -0.14755800366401672
45, 17.565994262695312, 0.09943583607673645, -0.23203688859939575
46, 17.565994262695312, 0.09943583607673645, -0.23203688859939575
47, 17.565994262695312, 0.09943583607673645, -0.23203688859939575
48, 17.565994262695312, 0.09943583607673645, -0.23203688859939575
49, 17.565994262695312, 0.09943583607673645, -0.23203688859939575
50, 17.565994262695312, 0.09943583607673645, -0.23203688859939575
51, 17.565994262695312, 0.09943583607673645, -0.23203688859939575
52, 17.330699920654297, 0.09943583607673645, -0.14755794405937195
53, 17.09540557861328, 0.09943583607673645, -0.06307899951934814
54, 16.860111236572266, 0.09943583607673645, 0.02139994502067566
55, 16.62481689453125, 0.09943583607673645, 0.10587888956069946
56, 16.389522552490234, 0.09943583607673645, 0.19035783410072327
57, 16.15422821044922, 0.09943583607673645, 0.27483677864074707
58, 16.15422821044922, 0.09943583607673645, 0.27483677864074707
59, 15.908218383789062, 0.09943583607673645, 0.23035062849521637
60, 15.662208557128906, 0.09943583607673645, 0.18586447834968567
61, 15.41619873046875, 0.09943583607673645, 0.14137832820415497
62, 15.170188903808594, 0.09943583607673645, 0.09689217805862427
63, 14.924179077148438, 0.09943583607673645, 0.05240602791309357
64, 14.678169250488281, 0.09943583607673645, 0.007919877767562866
65, 14.432159423828125, 0.09943583607673645, -0.036566272377967834
66, 14.186149597167969, 0.09943583607673645, -0.08105242252349854
67, 13.940139770507812, 0.09943583607673645, -0.12553857266902924
68, 13.694129943847656, 0.09943583607673645, -0.17002472281455994
69, 13.4481201171875, 0.09943583607673645, -0.21451087296009064
70, 13.4481201171875, 0.09943583607673645, -0.21451087296009064
71, 13.212825775146484, 0.09943583607673645, -0.1300319880247116
72, 12.977531433105469, 0.09943583607673645, -0.04555310308933258
73, 12.742237091064453, 0.09943583607673645, 0.03892578184604645
74, 12.506942749023438, 0.09943583607673645, 0.12340466678142548
75, 12.271648406982422, 0.09943583607673645, 0.2078835517168045
76, 12.036354064941406, 0.09943583607673645, 0.2923624515533447
77, 11.80105972290039, 0.09943583607673645, 0.37684133648872375
78, 11.80105972290039, 0.09943583607673645, 0.37684133648872375
79, 11.555049896240234, 0.09943583607673645, 0.33235520124435425
80, 11.427189826965332, 0.09943583607673645, 0.3092341423034668
81, 11.427189826965332, 0.09943583607673645, 0.3092341423034668
82, 11.191895484924316, 0.09943583607673645, 0.3937130868434906
83, 11.009403228759766, 0.09943583607673645, 0.45923423767089844
84, 11.009403228759766, 0.09943583607673645, 0.45923423767089844
85, 10.76339340209961, 0.09943583607673645, 0.41474807262420654
86, 10.517383575439453, 0.09943583607673645, 0.37026190757751465
87, 10.271373748779297, 0.09943583607673645, 0.32577574253082275
88, 10.271373748779297, 0.09943583607673645, 0.32577574253082275
89, 10.036079406738281, 0.09943583607673645, 0.4102546274662018
90, 10.036079406738281, 0.09943583607673645, 0.4102546274662018
91, 10.036079406738281, 0.09943583607673645, 0.4102546274662018
92, 10.036079406738281, 0.09943583607673645, 0.4102546274662018
93, 9.790069580078125, 0.09943583607673645, 0.3657684922218323
94, 9.790069580078125, 0.09943583607673645, 0.3657684922218323
95, 9.599261283874512, 0.09943583607673645, 0.20423726737499237
96, 9.408452987670898, 0.09943583607673645, 0.042706042528152466
97, 9.408452987670898, 0.09943583607673645, 0.042706042528152466
98, 9.323973655700684, 0.09943583607673645, -0.19258806109428406
99, 9.239494323730469, 0.09943583607673645, -0.4278821647167206
100, 9.155014991760254, 0.09943583607673645, -0.6631762981414795
101, 9.155014991760254, 0.09943583607673645, -0.6631762981414795
102, 9.155014991760254, 0.09943583607673645, -0.6631762981414795
103, 8.909005165100098, 0.09943583607673645, -0.7076624631881714
104, 8.909005165100098, 0.09943583607673645, -0.7076624631881714
105, 8.718196868896484, 0.09943583607673645, -0.8691936731338501
106, 8.527388572692871, 0.09943583607673645, -1.0307248830795288
107, 8.527388572692871, 0.09943583607673645, -1.0307248830795288
108, 8.442909240722656, 0.09943583607673645, -1.2660189867019653
109, 8.358429908752441, 0.09943583607673645, -1.5013130903244019
110, 8.358429908752441, 0.09943583607673645, -1.5013130903244019
111, 8.167621612548828, 0.09943583607673645, -1.6628443002700806
112, 8.167621612548828, 0.09943583607673645, -1.6628443002700806
113, 7.921611309051514, 0.09943583607673645, -1.7073304653167725
114, 7.921611309051514, 0.09943583607673645, -1.7073304653167725
115, 7.921611309051514, 0.09943583607673645, -1.7073304653167725
116, 7.921611309051514, 0.09943583607673645, -1.7073304653167725
117, 7.921611309051514, 0.09943583607673645, -1.7073304653167725
118, 7.921611309051514, 0.09943583607673645, -1.7073304653167725
119, 7.921611309051514, 0.09943583607673645, -1.7073304653167725
120, 8.167621612548828, 0.09943583607673645, -1.662844181060791
121, 8.167621612548828, 0.09943583607673645, -1.662844181060791
122, 8.167621612548828, 0.09943583607673645, -1.662844181060791
123, 8.167621612548828, 0.09943583607673645, -1.662844181060791
124, 8.167621612548828, 0.09943583607673645, -1.662844181060791
125, 8.167621612548828, 0.09943583607673645, -1.662844181060791
126, 8.358429908752441, 0.09943583607673645, -1.5013129711151123
127, 8.358429908752441, 0.09943583607673645, -1.5013129711151123
128, 8.44290828704834, 0.09943583607673645, -1.2660188674926758
129, 8.527386665344238, 0.09943583607673645, -1.0307247638702393
130, 8.527386665344238, 0.09943583607673645, -1.0307247638702393
131, 8.527386665344238, 0.09943583607673645, -1.0307247638702393
132, 8.527386665344238, 0.09943583607673645, -1.0307247638702393
133, 8.527386665344238, 0.09943583607673645, -1.0307247638702393
134, 8.527386665344238, 0.09943583607673645, -1.0307247638702393
135, 8.527386665344238, 0.09943583607673645, -1.0307247638702393
136, 8.44290828704834, 0.09943583607673645, -1.2660188674926758
137, 8.358429908752441, 0.09943583607673645, -1.5013129711151123
138, 8.358429908752441, 0.09943583607673645, -1.5013129711151123
139, 8.167621612548828, 0.09943583607673645, -1.662844181060791
140, 8.167621612548828, 0.09943583607673645, -1.662844181060791
141, 7.921611309051514, 0.09943583607673645, -1.7073304653167725
142, 7.921611309051514, 0.09943583607673645, -1.7073304653167725
143, 7.921611309051514, 0.09943583607673645, -1.7073304653167725
144, 7.921611309051514, 0.09943583607673645, -1.7073304653167725
145, 7.921611309051514, 0.09943583607673645, -1.7073304653167725
146, 7.921611309051514, 0.09943583607673645, -1.7073304653167725
147, 7.921611309051514, 0.09943583607673645, -1.7073304653167725
148, 8.167621612548828, 0.09943583607673645, -1.662844181060791
149, 8.167621612548828, 0.09943583607673645, -1.662844181060791
150, 8.167621612548828, 0.09943583607673645, -1.662844181060791
151, 8.167621612548828, 0.09943583607673645, -1.662844181060791
152, 8.167621612548828, 0.09943583607673645, -1.662844181060791
153, 8.167621612548828, 0.09943583607673645, -1.662844181060791
154, 8.358429908752441, 0.09943583607673645, -1.5013128519058228
155, 8.358429908752441, 0.09943583607673645, -1.5013128519058228
156, 8.44290828704834, 0.09943583607673645, -1.2660186290740967
157, 8.527386665344238, 0.09943583607673645, -1.0307244062423706
158, 8.527386665344238, 0.09943583607673645, -1.0307244062423706
159, 8.527386665344238, 0.09943583607673645, -1.0307244062423706
160, 8.527386665344238, 0.09943583607673645, -1.0307244062423706
161, 8.527386665344238, 0.09943583607673645, -1.0307244062423706
162, 8.527386665344238, 0.09943583607673645, -1.0307244062423706
163, 8.527386665344238, 0.09943583607673645, -1.0307244062423706
164, 8.44290828704834, 0.09943583607673645, -1.2660185098648071
165, 8.358429908752441, 0.09943583607673645, -1.5013126134872437
166, 8.358429908752441, 0.09943583607673645, -1.5013126134872437
167, 8.167621612548828, 0.09943583607673645, -1.662843942642212
168, 8.167621612548828, 0.09943583607673645, -1.662843942642212
169, 7.921611309051514, 0.09943583607673645, -1.7073302268981934
170, 7.921611309051514, 0.09943583607673645, -1.7073302268981934
171, 7.921611309051514, 0.09943583607673645, -1.7073302268981934
172, 7.921611309051514, 0.09943583607673645, -1.7073302268981934
173, 7.921611309051514, 0.09943583607673645, -1.7073302268981934
174, 7.921611309051514, 0.09943583607673645, -1.7073302268981934
175, 7.921611309051514, 0.09943583607673645, -1.7073302268981934
176, 8.167621612548828, 0.09943583607673645, -1.662843942642212
177, 8.167621612548828, 0.09943583607673645, -1.662843942642212
178, 8.167621612548828, 0.09943583607673645, -1.662843942642212
179, 8.167621612548828, 0.09943583607673645, -1.662843942642212
180, 8.167621612548828, 0.09943583607673645, -1.662843942642212
181, 8.167621612548828, 0.09943583607673645, -1.662843942642212
182, 8.358429908752441, 0.09943583607673645, -1.5013126134872437
183, 8.358429908752441, 0.09943583607673645, -1.5013126134872437
184, 8.44290828704834, 0.09943583607673645, -1.2660183906555176
185, 8.527386665344238, 0.09943583607673645, -1.0307241678237915
186, 8.527386665344238, 0.09943583607673645, -1.0307241678237915
187, 8.527386665344238, 0.09943583607673645, -1.0307241678237915
188, 8.527386665344238, 0.09943583607673645, -1.0307241678237915
189, 8.527386665344238, 0.09943583607673645, -1.0307241678237915
190, 8.527386665344238, 0.09943583607673645, -1.0307241678237915
191, 8.527386665344238, 0.09943583607673645, -1.0307241678237915
192, 8.44290828704834, 0.09943583607673645, -1.266018271446228
193, 8.358429908752441, 0.09943583607673645, -1.5013123750686646
194, 8.358429908752441, 0.09943583607673645, -1.5013123750686646
195, 8.167621612548828, 0.09943583607673645, -1.6628437042236328
196, 8.167621612548828, 0.09943583607673645, -1.6628437042236328
197, 7.921611309051514, 0.09943583607673645, -1.7073299884796143
198, 7.921611309051514, 0.09943583607673645, -1.7073299884796143
199, 7.921611309051514, 0.09943583607673645, -1.7073299884796143
200, 7.921611309051514, 0.09943583607673645, -1.7073299884796143
201, 7.921611309051514, 0.09943583607673645, -1.7073299884796143
202, 7.921611309051514, 0.09943583607673645, -1.7073299884796143
203, 7.921611309051514, 0.09943583607673645, -1.7073299884796143
204, 8.167621612548828, 0.09943583607673645, -1.6628437042236328
205, 8.167621612548828, 0.09943583607673645, -1.6628437042236328
206, 8.167621612548828, 0.09943583607673645, -1.6628437042236328
207, 8.167621612548828, 0.09943583607673645, -1.6628437042236328
208, 8.167621612548828, 0.09943583607673645, -1.6628437042236328
209, 8.167621612548828, 0.09943583607673645, -1.6628437042236328
210, 8.358429908752441, 0.09943583607673645, -1.5013123750686646
211, 8.358429908752441, 0.09943583607673645, -1.5013123750686646
212, 8.44290828704834, 0.09943583607673645, -1.2660181522369385
213, 8.527386665344238, 0.09943583607673645, -1.0307239294052124
214, 8.527386665344238, 0.09943583607673645, -1.0307239294052124
215, 8.527386665344238, 0.09943583607673645, -1.0307239294052124
216, 8.527386665344238, 0.09943583607673645, -1.0307239294052124
217, 8.527386665344238, 0.09943583607673645, -1.0307239294052124
218, 8.527386665344238, 0.09943583607673645, -1.0307239294052124
219, 8.527386665344238, 0.09943583607673645, -1.0307239294052124
220, 8.44290828704834, 0.09943583607673645, -1.266018033027649
221, 8.358429908752441, 0.09943583607673645, -1.5013121366500854
222, 8.358429908752441, 0.09943583607673645, -1.5013121366500854
223, 8.167621612548828, 0.09943583607673645, -1.6628434658050537
224, 8.167621612548828, 0.09943583607673645, -1.6628434658050537
225, 7.921611309051514, 0.09943583607673645, -1.7073297500610352
226, 7.921611309051514, 0.09943583607673645, -1.7073297500610352
227, 7.921611309051514, 0.09943583607673645, -1.7073297500610352
228, 7.921611309051514, 0.09943583607673645, -1.7073297500610352
229, 7.921611309051514, 0.09943583607673645, -1.7073297500610352
230, 7.921611309051514, 0.09943583607673645, -1.7073297500610352
231, 7.921611309051514, 0.09943583607673645, -1.7073297500610352
232, 8.167621612548828, 0.09943583607673645, -1.6628434658050537
233, 8.167621612548828, 0.09943583607673645, -1.6628434658050537
234, 8.167621612548828, 0.09943583607673645, -1.6628434658050537
235, 8.167621612548828, 0.09943583607673645, -1.6628434658050537
236, 8.167621612548828, 0.09943583607673645, -1.6628434658050537
237, 8.167621612548828, 0.09943583607673645, -1.6628434658050537
238, 8.358429908752441, 0.09943583607673645, -1.5013121366500854
239, 8.358429908752441, 0.09943583607673645, -1.5013121366500854
240, 8.44290828704834, 0.09943583607673645, -1.2660179138183594
241, 8.527386665344238, 0.09943583607673645, -1.0307236909866333
242, 8.527386665344238, 0.09943583607673645, -1.0307236909866333
243, 8.527386665344238, 0.09943583607673645, -1.0307236909866333
244, 8.527386665344238, 0.09943583607673645, -1.0307236909866333
245, 8.527386665344238, 0.09943583607673645, -1.0307236909866333
246, 8.527386665344238, 0.09943583607673645, -1.0307236909866333
247, 8.527386665344238, 0.09943583607673645, -1.0307236909866333
248, 8.44290828704834, 0.09943583607673645, -1.2660177946090698
249, 8.358429908752441, 0.09943583607673645, -1.5013118982315063
250, 8.358429908752441, 0.09943583607673645, -1.5013118982315063
251, 8.167621612548828, 0.09943583607673645, -1.6628432273864746
252, 8.167621612548828, 0.09943583607673645, -1.6628432273864746
253, 7.921611309051514, 0.09943583607673645, -1.707329511642456
254, 7.921611309051514, 0.09943583607673645, -1.707329511642456
255, 7.921611309051514, 0.09943583607673645, -1.707329511642456
256, 7.921611309051514, 0.09943583607673645, -1.707329511642456
257, 7.921611309051514, 0.09943583607673645, -1.707329511642456
258, 7.921611309051514, 0.09943583607673645, -1.707329511642456
259, 7.921611309051514, 0.09943583607673645, -1.707329511642456
260, 8.167621612548828, 0.09943583607673645, -1.6628432273864746
261, 8.167621612548828, 0.09943583607673645, -1.6628432273864746
262, 8.167621612548828, 0.09943583607673645, -1.6628432273864746
263, 8.167621612548828, 0.09943583607673645, -1.6628432273864746
264, 8.167621612548828, 0.09943583607673645, -1.6628432273864746
265, 8.167621612548828, 0.09943583607673645, -1.6628432273864746
266, 8.358429908752441, 0.09943583607673645, -1.5013118982315063
267, 8.358429908752441, 0.09943583607673645, -1.5013118982315063
268, 8.44290828704834, 0.09943583607673645, -1.2660176753997803
269, 8.527386665344238, 0.09943583607673645, -1.0307234525680542
270, 8.527386665344238, 0.09943583607673645, -1.0307234525680542
271, 8.527386665344238, 0.09943583607673645, -1.0307234525680542
272, 8.527386665344238, 0.09943583607673645, -1.0307234525680542
273, 8.527386665344238, 0.09943583607673645, -1.0307234525680542
274, 8.527386665344238, 0.09943583607673645, -1.0307234525680542
275, 8.527386665344238, 0.09943583607673645, -1.0307234525680542
276, 8.44290828704834, 0.09943583607673645, -1.2660175561904907
277, 8.358429908752441, 0.09943583607673645, -1.5013116598129272
278, 8.358429908752441, 0.09943583607673645, -1.5013116598129272
279, 8.167621612548828, 0.09943583607673645, -1.6628429889678955
280, 8.167621612548828, 0.09943583607673645, -1.6628429889678955
281, 7.921611309051514, 0.09943583607673645, -1.707329273223877
282, 7.921611309051514, 0.09943583607673645, -1.707329273223877
283, 7.921611309051514, 0.09943583607673645, -1.707329273223877
284, 7.921611309051514, 0.09943583607673645, -1.707329273223877
285, 7.921611309051514, 0.09943583607673645, -1.707329273223877
286, 7.921611309051514, 0.09943583607673645, -1.707329273223877
287, 7.921611309051514, 0.09943583607673645, -1.707329273223877
288, 8.167621612548828, 0.09943583607673645, -1.6628429889678955
289, 8.167621612548828, 0.09943583607673645, -1.6628429889678955
290, 8.167621612548828, 0.09943583607673645, -1.6628429889678955
291, 8.167621612548828, 0.09943583607673645, -1.6628429889678955
292, 8.167621612548828, 0.09943583607673645, -1.6628429889678955
293, 8.167621612548828, 0.09943583607673645, -1.6628429889678955
294, 8.358429908752441, 0.09943583607673645, -1.5013116598129272
295, 8.358429908752441, 0.09943583607673645, -1.5013116598129272
296, 8.44290828704834, 0.09943583607673645, -1.2660174369812012
297, 8.527386665344238, 0.09943583607673645, -1.030723214149475
298, 8.527386665344238, 0.09943583607673645, -1.030723214149475
299, 8.527386665344238, 0.09943583607673645, -1.030723214149475
300, 8.527386665344238, 0.09943583607673645, -1.030723214149475
301, 8.527386665344238, 0.09943583607673645, -1.030723214149475
302, 8.527386665344238, 0.09943583607673645, -1.030723214149475
303, 8.527386665344238, 0.09943583607673645, -1.030723214149475
304, 8.44290828704834, 0.09943583607673645, -1.2660173177719116
305, 8.358429908752441, 0.09943583607673645, -1.5013114213943481
306, 8.358429908752441, 0.09943583607673645, -1.5013114213943481
307, 8.167621612548828, 0.09943583607673645, -1.6628427505493164
308, 8.167621612548828, 0.09943583607673645, -1.6628427505493164
309, 7.921611309051514, 0.09943583607673645, -1.7073290348052979
310, 7.921611309051514, 0.09943583607673645, -1.7073290348052979
311, 7.921611309051514, 0.09943583607673645, -1.7073290348052979
312, 7.921611309051514, 0.09943583607673645, -1.7073290348052979
313, 7.921611309051514, 0.09943583607673645, -1.7073290348052979
314, 7.921611309051514, 0.09943583607673645, -1.7073290348052979
315, 7.921611309051514, 0.09943583607673645, -1.7073290348052979
316, 8.167621612548828, 0.09943583607673645, -1.6628427505493164
317, 8.167621612548828, 0.09943583607673645, -1.6628427505493164
318, 8.167621612548828, 0.09943583607673645, -1.6628427505493164
319, 8.167621612548828, 0.09943583607673645, -1.6628427505493164
320, 8.167621612548828, 0.09943583607673645, -1.6628427505493164
321, 8.167621612548828, 0.09943583607673645, -1.6628427505493164
322, 8.358429908752441, 0.09943583607673645, -1.5013114213943481
323, 8.358429908752441, 0.09943583607673645, -1.5013114213943481
324, 8.44290828704834, 0.09943583607673645, -1.266017198562622
325, 8.527386665344238, 0.09943583607673645, -1.030722975730896
326, 8.527386665344238, 0.09943583607673645, -1.030722975730896
327, 8.527386665344238, 0.09943583607673645, -1.030722975730896
328, 8.527386665344238, 0.09943583607673645, -1.030722975730896
329, 8.527386665344238, 0.09943583607673645, -1.030722975730896
330, 8.527386665344238, 0.09943583607673645, -1.030722975730896
331, 8.527386665344238, 0.09943583607673645, -1.030722975730896
332, 8.44290828704834, 0.09943583607673645, -1.2660170793533325
333, 8.358429908752441, 0.09943583607673645, -1.501311182975769
334, 8.358429908752441, 0.09943583607673645, -1.501311182975769
335, 8.167621612548828, 0.09943583607673645, -1.6628425121307373
336, 8.167621612548828, 0.09943583607673645, -1.6628425121307373
337, 7.921611309051514, 0.09943583607673645, -1.7073287963867188
338, 7.921611309051514, 0.09943583607673645, -1.7073287963867188
339, 7.921611309051514, 0.09943583607673645, -1.7073287963867188
340, 7.921611309051514, 0.09943583607673645, -1.7073287963867188
341, 7.921611309051514, 0.09943583607673645, -1.7073287963867188
342, 7.921611309051514, 0.09943583607673645, -1.7073287963867188
343, 7.921611309051514, 0.09943583607673645, -1.7073287963867188
344, 8.167621612548828, 0.09943583607673645, -1.6628425121307373
345, 8.167621612548828, 0.09943583607673645, -1.6628425121307373
346, 8.167621612548828, 0.09943583607673645, -1.6628425121307373
347, 8.167621612548828, 0.09943583607673645, -1.6628425121307373
348, 8.167621612548828, 0.09943583607673645, -1.6628425121307373
349, 8.167621612548828, 0.09943583607673645, -1.6628425121307373
350, 8.358429908752441, 0.09943583607673645, -1.501311182975769
351, 8.358429908752441, 0.09943583607673645, -1.501311182975769
352, 8.44290828704834, 0.09943583607673645, -1.266016960144043
353, 8.527386665344238, 0.09943583607673645, -1.030722737312317
354, 8.527386665344238, 0.09943583607673645, -1.030722737312317
355, 8.527386665344238, 0.09943583607673645, -1.030722737312317
356, 8.527386665344238, 0.09943583607673645, -1.030722737312317
357, 8.527386665344238, 0.09943583607673645, -1.030722737312317
358, 8.527386665344238, 0.09943583607673645, -1.030722737312317
359, 8.527386665344238, 0.09943583607673645, -1.030722737312317
360, 8.44290828704834, 0.09943583607673645, -1.2660168409347534
361, 8.358429908752441, 0.09943583607673645, -1.50131094455719
362, 8.358429908752441, 0.09943583607673645, -1.50131094455719
363, 8.167621612548828, 0.09943583607673645, -1.6628422737121582
364, 8.167621612548828, 0.09943583607673645, -1.6628422737121582
365, 7.921611309051514, 0.09943583607673645, -1.7073285579681396
366, 7.921611309051514, 0.09943583607673645, -1.7073285579681396
367, 7.921611309051514, 0.09943583607673645, -1.7073285579681396
368, 7.921611309051514, 0.09943583607673645, -1.7073285579681396
369, 7.921611309051514, 0.09943583607673645, -1.7073285579681396
370, 7.921611309051514, 0.09943583607673645, -1.7073285579681396
371, 7.921611309051514, 0.09943583607673645, -1.7073285579681396
372, 8.167621612548828, 0.09943583607673645, -1.6628422737121582
373, 8.167621612548828, 0.09943583607673645, -1.6628422737121582
374, 8.167621612548828, 0.09943583607673645, -1.6628422737121582
375, 8.167621612548828, 0.09943583607673645, -1.6628422737121582
376, 8.167621612548828, 0.09943583607673645, -1.6628422737121582
377, 8.167621612548828, 0.09943583607673645, -1.6628422737121582
378, 8.358429908752441, 0.09943583607673645, -1.50131094455719
379, 8.358429908752441, 0.09943583607673645, -1.50131094455719
380, 8.44290828704834, 0.09943583607673645, -1.2660167217254639
381, 8.527386665344238, 0.09943583607673645, -1.0307224988937378
382, 8.527386665344238, 0.09943583607673645, -1.0307224988937378
383, 8.527386665344238, 0.09943583607673645, -1.0307224988937378
384, 8.527386665344238, 0.09943583607673645, -1.0307224988937378
385, 8.527386665344238, 0.09943583607673645, -1.0307224988937378
386, 8.527386665344238, 0.09943583607673645, -1.0307224988937378
387, 8.527386665344238, 0.09943583607673645, -1.0307224988937378
388, 8.44290828704834, 0.09943583607673645, -1.2660166025161743
389, 8.358429908752441, 0.09943583607673645, -1.5013107061386108
390, 8.358429908752441, 0.09943583607673645, -1.5013107061386108
391, 8.167621612548828, 0.09943583607673645, -1.662842035293579
392, 8.167621612548828, 0.09943583607673645, -1.662842035293579
393, 7.921611309051514, 0.09943583607673645, -1.7073283195495605
394, 7.921611309051514, 0.09943583607673645, -1.7073283195495605
395, 7.921611309051514, 0.09943583607673645, -1.7073283195495605
396, 7.921611309051514, 0.09943583607673645, -1.7073283195495605
397, 7.921611309051514, 0.09943583607673645, -1.7073283195495605
398, 7.921611309051514, 0.09943583607673645, -1.7073283195495605
399, 7.921611309051514, 0.09943583607673645, -1.7073283195495605
400, 8.167621612548828, 0.09943583607673645, -1.662842035293579
401, 8.167621612548828, 0.09943583607673645, -1.662842035293579
402, 8.167621612548828, 0.09943583607673645, -1.662842035293579
403, 8.167621612548828, 0.09943583607673645, -1.662842035293579
404, 8.167621612548828, 0.09943583607673645, -1.662842035293579
405, 8.167621612548828, 0.09943583607673645, -1.662842035293579
406, 8.358429908752441, 0.09943583607673645, -1.5013107061386108
407, 8.358429908752441, 0.09943583607673645, -1.5013107061386108
408, 8.44290828704834, 0.09943583607673645, -1.2660164833068848
409, 8.527386665344238, 0.09943583607673645, -1.0307222604751587
410, 8.527386665344238, 0.09943583607673645, -1.0307222604751587
411, 8.527386665344238, 0.09943583607673645, -1.0307222604751587
412, 8.527386665344238, 0.09943583607673645, -1.0307222604751587
413, 8.527386665344238, 0.09943583607673645, -1.0307222604751587
414, 8.527386665344238, 0.09943583607673645, -1.0307222604751587
415, 8.527386665344238, 0.09943583607673645, -1.0307222604751587
416, 8.44290828704834, 0.09943583607673645, -1.2660163640975952
417, 8.358429908752441, 0.09943583607673645, -1.5013104677200317
418, 8.358429908752441, 0.09943583607673645, -1.5013104677200317
419, 8.167621612548828, 0.09943583607673645, -1.662841796875
420, 8.167621612548828, 0.09943583607673645, -1.662841796875
421, 7.921611309051514, 0.09943583607673645, -1.7073280811309814
422, 7.921611309051514, 0.09943583607673645, -1.7073280811309814
423, 7.921611309051514, 0.09943583607673645, -1.7073280811309814
424, 7.921611309051514, 0.09943583607673645, -1.7073280811309814
425, 7.921611309051514, 0.09943583607673645, -1.7073280811309814
426, 7.921611309051514, 0.09943583607673645, -1.7073280811309814
427, 7.921611309051514, 0.09943583607673645, -1.7073280811309814
428, 8.167621612548828, 0.09943583607673645, -1.662841796875
429, 8.167621612548828, 0.09943583607673645, -1.662841796875
430, 8.167621612548828, 0.09943583607673645, -1.662841796875
431, 8.167621612548828, 0.09943583607673645, -1.662841796875
432, 8.167621612548828, 0.09943583607673645, -1.662841796875
433, 8.167621612548828, 0.09943583607673645, -1.662841796875
434, 8.358429908752441, 0.09943583607673645, -1.5013104677200317
435, 8.358429908752441, 0.09943583607673645, -1.5013104677200317
436, 8.44290828704834, 0.09943583607673645, -1.2660162448883057
437, 8.527386665344238, 0.09943583607673645, -1.0307220220565796
438, 8.527386665344238, 0.09943583607673645, -1.0307220220565796
439, 8.527386665344238, 0.09943583607673645, -1.0307220220565796
440, 8.527386665344238, 0.09943583607673645, -1.0307220220565796
441, 8.527386665344238, 0.09943583607673645, -1.0307220220565796
442, 8.527386665344238, 0.09943583607673645, -1.0307220220565796
443, 8.527386665344238, 0.09943583607673645, -1.0307220220565796
444, 8.44290828704834, 0.09943583607673645, -1.2660161256790161
445, 8.358429908752441, 0.09943583607673645, -1.5013102293014526
446, 8.358429908752441, 0.09943583607673645, -1.5013102293014526
447, 8.167621612548828, 0.09943583607673645, -1.662841558456421
448, 8.167621612548828, 0.09943583607673645, -1.662841558456421
449, 7.921611309051514, 0.09943583607673645, -1.7073278427124023
450, 7.921611309051514, 0.09943583607673645, -1.7073278427124023
451, 7.921611309051514, 0.09943583607673645, -1.7073278427124023
452, 7.921611309051514, 0.09943583607673645, -1.7073278427124023
453, 7.921611309051514, 0.09943583607673645, -1.7073278427124023
454, 7.921611309051514, 0.09943583607673645, -1.7073278427124023
455, 7.921611309051514, 0.09943583607673645, -1.7073278427124023
456, 8.167621612548828, 0.09943583607673645, -1.662841558456421
457, 8.167621612548828, 0.09943583607673645, -1.662841558456421
458, 8.167621612548828, 0.09943583607673645, -1.662841558456421
459, 8.167621612548828, 0.09943583607673645, -1.662841558456421
460, 8.167621612548828, 0.09943583607673645, -1.662841558456421
461, 8.167621612548828, 0.09943583607673645, -1.662841558456421
462, 8.358429908752441, 0.09943583607673645, -1.5013102293014526
463, 8.358429908752441, 0.09943583607673645, -1.5013102293014526
464, 8.44290828704834, 0.09943583607673645, -1.2660160064697266
465, 8.527386665344238, 0.09943583607673645, -1.0307217836380005
466, 8.527386665344238, 0.09943583607673645, -1.0307217836380005
467, 8.527386665344238, 0.09943583607673645, -1.0307217836380005
468, 8.527386665344238, 0.09943583607673645, -1.0307217836380005
469, 8.527386665344238, 0.09943583607673645, -1.0307217836380005
470, 8.527386665344238, 0.09943583607673645, -1.0307217836380005
471, 8.527386665344238, 0.09943583607673645, -1.0307217836380005
472, 8.44290828704834, 0.09943583607673645, -1.266015887260437
473, 8.358429908752441, 0.09943583607673645, -1.5013099908828735
474, 8.358429908752441, 0.09943583607673645, -1.5013099908828735
475, 8.167621612548828, 0.09943583607673645, -1.6628413200378418
476, 8.167621612548828, 0.09943583607673645, -1.6628413200378418
477, 7.921611309051514, 0.09943583607673645, -1.7073276042938232
478, 7.921611309051514, 0.09943583607673645, -1.7073276042938232
479, 7.921611309051514, 0.09943583607673645, -1.7073276042938232
480, 7.921611309051514, 0.09943583607673645, -1.7073276042938232
481, 7.921611309051514, 0.09943583607673645, -1.7073276042938232
482, 7.921611309051514, 0.09943583607673645, -1.7073276042938232
483, 7.921611309051514, 0.09943583607673645, -1.7073276042938232
484, 8.167621612548828, 0.09943583607673645, -1.6628413200378418
485, 8.167621612548828, 0.09943583607673645, -1.6628413200378418
486, 8.167621612548828, 0.09943583607673645, -1.6628413200378418
487, 8.167621612548828, 0.09943583607673645, -1.6628413200378418
488, 8.167621612548828, 0.09943583607673645, -1.6628413200378418
489, 8.167621612548828, 0.09943583607673645, -1.6628413200378418
490, 8.358429908752441, 0.09943583607673645, -1.5013099908828735
491, 8.358429908752441, 0.09943583607673645, -1.5013099908828735
492, 8.44290828704834, 0.09943583607673645, -1.2660157680511475
493, 8.527386665344238, 0.09943583607673645, -1.0307215452194214
494, 8.527386665344238, 0.09943583607673645, -1.0307215452194214
495, 8.527386665344238, 0.09943583607673645, -1.0307215452194214
496, 8.527386665344238, 0.09943583607673645, -1.0307215452194214
497, 8.527386665344238, 0.09943583607673645, -1.0307215452194214
498, 8.527386665344238, 0.09943583607673645, -1.0307215452194214
499, 8.527386665344238, 0.09943583607673645, -1.0307215452194214
