1, -4.511305332183838, 3.0721640586853027, 1.1899654865264893
2, -4.511305332183838, 3.0721640586853027, 1.1899654865264893
3, -4.511305332183838, 3.0721640586853027, 1.1899654865264893
4, -4.511305332183838, 3.0721640586853027, 1.1899654865264893
5, -4.511305332183838, 3.0721640586853027, 1.1899654865264893
6, -4.511305332183838, 3.0721640586853027, 1.1899654865264893
7, -4.511305332183838, 3.0721640586853027, 1.1899654865264893
8, -4.511305332183838, 3.0721640586853027, 1.1899654865264893
9, -4.511305332183838, 3.0721640586853027, 1.1899654865264893
10, -4.511305332183838, 3.0721640586853027, 1.1899654865264893
11, -4.511305332183838, 3.0721640586853027, 1.1899654865264893
12, -4.511305332183838, 3.0721640586853027, 1.1899654865264893
13, -4.511305332183838, 3.0721640586853027, 1.1899654865264893
14, -4.511305332183838, 3.0721640586853027, 1.1899654865264893
15, -4.511305332183838, 3.0721640586853027, 1.1899654865264893
16, -4.511305332183838, 3.0721640586853027, 1.1899654865264893
17, -4.511305332183838, 3.0721640586853027, 1.1899654865264893
18, -4.701955795288086, 3.0721640586853027, 1.0282481908798218
19, -4.701955795288086, 3.0721640586853027, 1.0282481908798218
20, -4.786205291748047, 3.0721640586853027, 0.7928718328475952
21, -4.870454788208008, 3.0721640586853027, 0.5574954748153687
22, -4.954704284667969, 3.0721640586853027, 0.3221190869808197
23, -4.954704284667969, 3.0721640586853027, 0.3221190869808197
24, -5.145354747772217, 3.0721640586853027, 0.1604018211364746
25, -5.145354747772217, 3.0721640586853027, 0.1604018211364746
26, -5.145354747772217, 3.0721640586853027, 0.1604018211364746
27, -5.145354747772217, 3.0721640586853027, 0.1604018211364746
28, -5.391321182250977, 3.0721640586853027, 0.11567571759223938
29, -5.637287616729736, 3.0721640586853027, 0.07094961404800415
30, -5.637287616729736, 3.0721640586853027, 0.07094961404800415
31, -5.637287616729736, 3.0721640586853027, 0.07094961404800415
32, -5.637287616729736, 3.0721640586853027, 0.07094961404800415
33, -5.637287616729736, 3.0721640586853027, 0.07094961404800415
34, -5.637287616729736, 3.0721640586853027, 0.07094961404800415
35, -5.637287616729736, 3.0721640586853027, 0.07094961404800415
36, -5.637287616729736, 3.0721640586853027, 0.07094961404800415
37, -5.40191125869751, 3.0721640586853027, -0.013299733400344849
38, -5.40191125869751, 3.0721640586853027, -0.013299733400344849
39, -5.15594482421875, 3.0721640586853027, 0.03142639994621277
40, -5.15594482421875, 3.0721640586853027, 0.03142639994621277
41, -4.965294361114502, 3.0721640586853027, 0.19314369559288025
42, -4.774643898010254, 3.0721640586853027, 0.35486099123954773
43, -4.583993434906006, 3.0721640586853027, 0.5165783166885376
44, -4.393342971801758, 3.0721640586853027, 0.6782956123352051
45, -4.20269250869751, 3.0721640586853027, 0.8400129079818726
46, -4.20269250869751, 3.0721640586853027, 0.8400129079818726
47, -4.118443012237549, 3.0721640586853027, 1.0753893852233887
48, -4.034193515777588, 3.0721640586853027, 1.3107658624649048
49, -3.949944257736206, 3.0721640586853027, 1.546142339706421
50, -3.865694999694824, 3.0721640586853027, 1.781518816947937
51, -3.865694999694824, 3.0721640586853027, 1.781518816947937
52, -3.865694999694824, 3.0721640586853027, 1.781518816947937
53, -3.865694999694824, 3.0721640586853027, 1.781518816947937
54, -3.865694999694824, 3.0721640586853027, 1.781518816947937
55, -3.865694999694824, 3.0721640586853027, 1.781518816947937
56, -3.8450374603271484, 3.0721640586853027, 1.667914628982544
57, -3.8450374603271484, 3.0721640586853027, 1.667914628982544
58, -3.8450374603271484, 3.0721640586853027, 1.667914628982544
59, -3.8450374603271484, 3.0721640586853027, 1.667914628982544
60, -3.8450374603271484, 3.0721640586853027, 1.667914628982544
61, -4.0356879234313965, 3.0721640586853027, 1.5061973333358765
62, -4.0356879234313965, 3.0721640586853027, 1.5061973333358765
63, -4.0356879234313965, 3.0721640586853027, 1.5061973333358765
64, -3.990961790084839, 3.0721640586853027, 1.2602307796478271
65, -3.990961790084839, 3.0721640586853027, 1.2602307796478271
66, -3.829244613647461, 3.0721640586853027, 1.0695805549621582
67, -3.667527437210083, 3.0721640586853027, 0.8789303302764893
68, -3.667527437210083, 3.0721640586853027, 0.8789303302764893
69, -3.4321510791778564, 3.0721640586853027, 0.7946810126304626
70, -3.19677472114563, 3.0721640586853027, 0.710431694984436
71, -3.19677472114563, 3.0721640586853027, 0.710431694984436
72, -2.950808048248291, 3.0721640586853027, 0.7551578283309937
73, -2.950808048248291, 3.0721640586853027, 0.7551578283309937
74, -2.7154316902160645, 3.0721640586853027, 0.670908510684967
75, -2.480055332183838, 3.0721640586853027, 0.5866591930389404
76, -2.480055332183838, 3.0721640586853027, 0.5866591930389404
77, -2.4696807861328125, 3.0721640586853027, 0.574428379535675
78, -2.4696807861328125, 3.0721640586853027, 0.574428379535675
79, -2.4696807861328125, 3.0721640586853027, 0.574428379535675
80, -2.2237141132354736, 3.0721640586853027, 0.6191545128822327
81, -2.2237141132354736, 3.0721640586853027, 0.6191545128822327
82, -2.2237141132354736, 3.0721640586853027, 0.6191545128822327
83, -2.2237141132354736, 3.0721640586853027, 0.6191545128822327
84, -2.2237141132354736, 3.0721640586853027, 0.6191545128822327
85, -2.2237141132354736, 3.0721640586853027, 0.6191545128822327
86, -2.178987979888916, 3.0721640586853027, 0.3731878995895386
87, -2.178987979888916, 3.0721640586853027, 0.3731878995895386
88, -2.1834654808044434, 3.0721640586853027, 0.3606782555580139
89, -2.1834654808044434, 3.0721640586853027, 0.3606782555580139
90, -2.1834654808044434, 3.0721640586853027, 0.3606782853603363
91, -2.1834654808044434, 3.0721640586853027, 0.3606782853603363
92, -2.1834654808044434, 3.0721640586853027, 0.3606782555580139
93, -2.1834654808044434, 3.0721640586853027, 0.3606782555580139
94, -2.1834654808044434, 3.0721640586853027, 0.3606782555580139
95, -2.3451826572418213, 3.0721640586853027, 0.5513285398483276
96, -2.506899833679199, 3.0721640586853027, 0.7419788837432861
97, -2.506899833679199, 3.0721640586853027, 0.7419788837432861
98, -2.506899833679199, 3.0721640586853027, 0.7419788837432861
99, -2.506899833679199, 3.0721640586853027, 0.7419788837432861
100, -2.506899833679199, 3.0721640586853027, 0.7419788837432861
101, -2.506899833679199, 3.0721640586853027, 0.7419788837432861
102, -2.506899833679199, 3.0721640586853027, 0.7419788837432861
103, -2.345182418823242, 3.0721640586853027, 0.5513286590576172
104, -2.345182418823242, 3.0721640586853027, 0.5513286590576172
105, -2.3445351123809814, 3.0721640586853027, 0.5477691292762756
106, -2.3445351123809814, 3.0721640586853027, 0.5477691292762756
107, -2.3445351123809814, 3.0721640586853027, 0.5477691292762756
108, -2.3445351123809814, 3.0721640586853027, 0.5477691292762756
109, -2.3445351123809814, 3.0721640586853027, 0.5477691292762756
110, -2.1855432987213135, 3.0721640586853027, 0.3603319525718689
111, -2.1855432987213135, 3.0721640586853027, 0.3603319525718689
112, -2.1855432987213135, 3.0721640586853027, 0.3603319525718689
113, -2.1855432987213135, 3.0721640586853027, 0.3603319823741913
114, -2.1855432987213135, 3.0721640586853027, 0.3603319823741913
115, -2.1855432987213135, 3.0721640586853027, 0.3603319823741913
116, -2.1855432987213135, 3.0721640586853027, 0.3603319823741913
117, -2.1855432987213135, 3.0721640586853027, 0.3603319823741913
118, -2.1855432987213135, 3.0721640586853027, 0.3603319823741913
119, -2.1855432987213135, 3.0721640586853027, 0.3603319823741913
120, -2.1855432987213135, 3.0721640586853027, 0.3603319823741913
121, -2.1855432987213135, 3.0721640586853027, 0.3603319823741913
122, -2.1855432987213135, 3.0721640586853027, 0.3603319823741913
123, -2.1855432987213135, 3.0721640586853027, 0.3603319823741913
124, -2.1855432987213135, 3.0721640586853027, 0.3603319823741913
125, -2.1855432987213135, 3.0721640586853027, 0.3603319823741913
126, -2.1855432987213135, 3.0721640586853027, 0.3603319525718689
127, -2.1855432987213135, 3.0721640586853027, 0.3603319525718689
128, -2.210714101791382, 3.0721640586853027, 0.36934149265289307
129, -2.210714101791382, 3.0721640586853027, 0.36934149265289307
130, -2.210714101791382, 3.0721640586853027, 0.36934149265289307
131, -2.210714101791382, 3.0721640586853027, 0.36934149265289307
132, -2.210714101791382, 3.0721640586853027, 0.36934149265289307
133, -2.210714101791382, 3.0721640586853027, 0.36934149265289307
134, -2.210714101791382, 3.0721640586853027, 0.36934149265289307
135, -2.210714101791382, 3.0721640586853027, 0.36934149265289307
136, -2.210714101791382, 3.0721640586853027, 0.36934149265289307
137, -2.210714101791382, 3.0721640586853027, 0.36934149265289307
138, -2.210714101791382, 3.0721640586853027, 0.36934149265289307
139, -2.2554402351379395, 3.0721640586853027, 0.6153081059455872
140, -2.2554402351379395, 3.0721640586853027, 0.6153081059455872
141, -2.4171574115753174, 3.0721640586853027, 0.8059583902359009
142, -2.4171574115753174, 3.0721640586853027, 0.8059583902359009
143, -2.652533769607544, 3.0721640586853027, 0.8902077674865723
144, -2.652533769607544, 3.0721640586853027, 0.8902077674865723
145, -2.652533769607544, 3.0721640586853027, 0.8902077674865723
146, -2.652533769607544, 3.0721640586853027, 0.8902077674865723
147, -2.652533769607544, 3.0721640586853027, 0.8902077674865723
148, -2.652533769607544, 3.0721640586853027, 0.8902077674865723
149, -2.652533769607544, 3.0721640586853027, 0.8902077674865723
150, -2.652533769607544, 3.0721640586853027, 0.8902077674865723
151, -2.652533769607544, 3.0721640586853027, 0.8902077674865723
152, -2.652533769607544, 3.0721640586853027, 0.8902077674865723
153, -2.898500442504883, 3.0721640586853027, 0.8454816341400146
154, -3.1444671154022217, 3.0721640586853027, 0.800755500793457
155, -3.3904337882995605, 3.0721640586853027, 0.7560293674468994
156, -3.6364004611968994, 3.0721640586853027, 0.7113032341003418
157, -3.8823671340942383, 3.0721640586853027, 0.6665771007537842
158, -4.128333568572998, 3.0721640586853027, 0.6218509674072266
159, -4.374300003051758, 3.0721640586853027, 0.577124834060669
160, -4.374300003051758, 3.0721640586853027, 0.577124834060669
161, -4.397647857666016, 3.0721640586853027, 0.5573201179504395
162, -4.397647857666016, 3.0721640586853027, 0.5573201179504395
163, -4.397647857666016, 3.0721640586853027, 0.5573201179504395
164, -4.397647857666016, 3.0721640586853027, 0.5573201179504395
165, -4.633024215698242, 3.0721640586853027, 0.6415694355964661
166, -4.633024215698242, 3.0721640586853027, 0.6415694355964661
167, -4.633024215698242, 3.0721640586853027, 0.6415694355964661
168, -4.82367467880249, 3.0721640586853027, 0.4798521399497986
169, -4.82367467880249, 3.0721640586853027, 0.4798521399497986
170, -4.907924175262451, 3.0721640586853027, 0.24447572231292725
171, -4.907924175262451, 3.0721640586853027, 0.24447572231292725
172, -4.907924175262451, 3.0721640586853027, 0.24447572231292725
173, -4.907924175262451, 3.0721640586853027, 0.24447572231292725
174, -4.907924175262451, 3.0721640586853027, 0.24447572231292725
175, -4.907924175262451, 3.0721640586853027, 0.24447572231292725
176, -4.717273712158203, 3.0721640586853027, 0.4061930179595947
177, -4.526623249053955, 3.0721640586853027, 0.5679103136062622
178, -4.335972785949707, 3.0721640586853027, 0.7296276092529297
179, -4.335972785949707, 3.0721640586853027, 0.7296276092529297
180, -4.090006351470947, 3.0721640586853027, 0.7743538022041321
181, -3.8440396785736084, 3.0721640586853027, 0.8190799951553345
182, -3.8440396785736084, 3.0721640586853027, 0.8190799951553345
183, -3.8440396785736084, 3.0721640586853027, 0.8190799951553345
184, -3.8440396785736084, 3.0721640586853027, 0.8190799951553345
185, -3.608663320541382, 3.0721640586853027, 0.7348306775093079
186, -3.608663320541382, 3.0721640586853027, 0.7348306775093079
187, -3.362696647644043, 3.0721640586853027, 0.7795568108558655
188, -3.116729974746704, 3.0721640586853027, 0.8242829442024231
189, -3.116729974746704, 3.0721640586853027, 0.8242829442024231
190, -2.8813536167144775, 3.0721640586853027, 0.7400336265563965
191, -2.645977258682251, 3.0721640586853027, 0.6557843089103699
192, -2.4106009006500244, 3.0721640586853027, 0.5715349912643433
193, -2.4106009006500244, 3.0721640586853027, 0.5715349912643433
194, -2.405247449874878, 3.0721640586853027, 0.5652236938476562
195, -2.405247449874878, 3.0721640586853027, 0.5652236938476562
196, -2.405247449874878, 3.0721640586853027, 0.5652236938476562
197, -2.159280776977539, 3.0721640586853027, 0.6099498271942139
198, -2.159280776977539, 3.0721640586853027, 0.6099498271942139
199, -2.159280776977539, 3.0721640586853027, 0.6099498271942139
200, -2.159280776977539, 3.0721640586853027, 0.6099498271942139
201, -2.159280776977539, 3.0721640586853027, 0.6099498271942139
202, -2.234196186065674, 3.0721640586853027, 0.4006507396697998
203, -2.234196186065674, 3.0721640586853027, 0.4006507396697998
204, -2.234196186065674, 3.0721640586853027, 0.4006507396697998
205, -2.234196186065674, 3.0721640586853027, 0.4006507396697998
206, -2.234196186065674, 3.0721640586853027, 0.4006507396697998
207, -2.234196186065674, 3.0721640586853027, 0.4006507396697998
208, -2.234196186065674, 3.0721640586853027, 0.4006507396697998
209, -2.1982059478759766, 3.0721640586853027, 0.35822153091430664
210, -2.1982059478759766, 3.0721640586853027, 0.35822153091430664
211, -2.1982059478759766, 3.0721640586853027, 0.35822153091430664
212, -2.1982059478759766, 3.0721640586853027, 0.35822153091430664
213, -2.1982059478759766, 3.0721640586853027, 0.35822153091430664
214, -2.1982059478759766, 3.0721640586853027, 0.35822153091430664
215, -2.1982059478759766, 3.0721640586853027, 0.35822153091430664
216, -2.234196186065674, 3.0721640586853027, 0.4006507396697998
217, -2.234196186065674, 3.0721640586853027, 0.4006507396697998
218, -2.2789223194122314, 3.0721640586853027, 0.6466174125671387
219, -2.2789223194122314, 3.0721640586853027, 0.6466174125671387
220, -2.4406394958496094, 3.0721640586853027, 0.8372677564620972
221, -2.4406394958496094, 3.0721640586853027, 0.8372677564620972
222, -2.676015853881836, 3.0721640586853027, 0.9215171337127686
223, -2.9113922119140625, 3.0721640586853027, 1.00576651096344
224, -3.146768569946289, 3.0721640586853027, 1.0900158882141113
225, -3.3821449279785156, 3.0721640586853027, 1.1742652654647827
226, -3.617521286010742, 3.0721640586853027, 1.258514642715454
227, -3.8528976440429688, 3.0721640586853027, 1.3427640199661255
228, -3.8528976440429688, 3.0721640586853027, 1.3427640199661255
229, -4.014615058898926, 3.0721640586853027, 1.5334142446517944
230, -4.014615058898926, 3.0721640586853027, 1.5334142446517944
231, -4.0593414306640625, 3.0721640586853027, 1.7793807983398438
232, -4.0593414306640625, 3.0721640586853027, 1.7793807983398438
233, -3.9750921726226807, 3.0721640586853027, 2.0147571563720703
234, -3.890842914581299, 3.0721640586853027, 2.250133514404297
235, -3.806593656539917, 3.0721640586853027, 2.4855098724365234
236, -3.806593656539917, 3.0721640586853027, 2.4855098724365234
237, -3.615943431854248, 3.0721640586853027, 2.6472272872924805
238, -3.425293207168579, 3.0721640586853027, 2.8089447021484375
239, -3.23464298248291, 3.0721640586853027, 2.9706621170043945
240, -3.043992757797241, 3.0721640586853027, 3.1323795318603516
241, -2.8533425331115723, 3.0721640586853027, 3.2940969467163086
242, -2.6626923084259033, 3.0721640586853027, 3.4558143615722656
243, -2.4720420837402344, 3.0721640586853027, 3.6175317764282227
244, -2.2813918590545654, 3.0721640586853027, 3.7792491912841797
245, -2.0907416343688965, 3.0721640586853027, 3.9409666061401367
246, -1.9000914096832275, 3.0721640586853027, 4.102684020996094
247, -1.7094411849975586, 3.0721640586853027, 4.264401435852051
248, -1.7094411849975586, 3.0721640586853027, 4.264401435852051
249, -1.7094411849975586, 3.0721640586853027, 4.264401435852051
250, -1.7094411849975586, 3.0721640586853027, 4.264401435852051
251, -1.7094411849975586, 3.0721640586853027, 4.264401435852051
252, -1.7094411849975586, 3.0721640586853027, 4.264401435852051
253, -1.79369056224823, 3.0721640586853027, 4.029025077819824
254, -1.8779399394989014, 3.0721640586853027, 3.7936487197875977
255, -1.8779399394989014, 3.0721640586853027, 3.7936487197875977
256, -1.8332138061523438, 3.0721640586853027, 3.547682046890259
257, -1.8332138061523438, 3.0721640586853027, 3.547682046890259
258, -1.8332138061523438, 3.0721640586853027, 3.547682046890259
259, -1.8332138061523438, 3.0721640586853027, 3.547682046890259
260, -1.8332138061523438, 3.0721640586853027, 3.547682046890259
261, -1.5978374481201172, 3.0721640586853027, 3.463432788848877
262, -1.5978374481201172, 3.0721640586853027, 3.463432788848877
263, -1.3518707752227783, 2.957855224609375, 3.5081589221954346
264, -1.3518707752227783, 2.957855224609375, 3.5081589221954346
265, -1.3518707752227783, 2.957855224609375, 3.5081589221954346
266, -1.3518707752227783, 2.957855224609375, 3.5081589221954346
267, -1.1164944171905518, 2.793710708618164, 3.4239096641540527
268, -0.8811179995536804, 2.6308035850524902, 3.339660406112671
269, -0.6457415819168091, 2.4667766094207764, 3.255411148071289
270, -0.6457415819168091, 2.4667766094207764, 3.255411148071289
271, -0.6457415819168091, 2.4667766094207764, 3.255411148071289
272, -0.6457415819168091, 2.4667766094207764, 3.255411148071289
273, -0.6457415819168091, 2.4667766094207764, 3.255411148071289
274, -0.4277970790863037, 2.2762231826782227, 3.177401542663574
275, -0.4277970790863037, 2.2762231826782227, 3.177401542663574
276, -0.42779695987701416, 2.2762231826782227, 3.177401542663574
277, -0.42779695987701416, 2.2762231826782227, 3.177401542663574
278, -0.42779695987701416, 2.2762231826782227, 3.177401542663574
279, -0.42779695987701416, 2.2762231826782227, 3.177401542663574
280, -0.23714669048786163, 2.2177486419677734, 3.3391189575195312
281, -0.23714669048786163, 2.2177486419677734, 3.3391189575195312
282, -0.23714669048786163, 2.2177486419677734, 3.3391189575195312
283, -0.0017702877521514893, 2.0119540691375732, 3.2548696994781494
284, -0.0017702877521514893, 2.0119540691375732, 3.2548696994781494
285, -0.0017702877521514893, 2.0119540691375732, 3.2548696994781494
286, -0.0017702877521514893, 2.0119540691375732, 3.2548696994781494
287, -0.0017702877521514893, 2.0119540691375732, 3.2548696994781494
288, -0.0017702877521514893, 2.0119540691375732, 3.2548696994781494
289, -0.0017702877521514893, 2.0119540691375732, 3.2548696994781494
290, -0.0017702877521514893, 2.0119540691375732, 3.2548696994781494
291, -0.0017702877521514893, 2.0119540691375732, 3.2548696994781494
292, -0.0017702877521514893, 2.0119540691375732, 3.2548696994781494
293, -0.0017702877521514893, 2.0119540691375732, 3.2548696994781494
294, -0.0017702877521514893, 2.0119540691375732, 3.2548696994781494
295, -0.0017702877521514893, 2.0119540691375732, 3.2548696994781494
296, -0.0017702877521514893, 2.0119540691375732, 3.2548696994781494
297, -0.0017702877521514893, 2.0119540691375732, 3.2548696994781494
298, -0.0017702877521514893, 2.0119540691375732, 3.2548696994781494
299, -0.0017702877521514893, 2.0119540691375732, 3.2548696994781494
300, 0.15820756554603577, 1.872081995010376, 3.197608232498169
301, 0.15820756554603577, 1.872081995010376, 3.197608232498169
302, 0.40417417883872986, 1.719506025314331, 3.2423343658447266
303, 0.40417417883872986, 1.719506025314331, 3.2423343658447266
304, 0.5948244333267212, 1.672163963317871, 3.4040517807006836
305, 0.5948244333267212, 1.672163963317871, 3.4040517807006836
306, 0.5948244333267212, 1.672163963317871, 3.4040517807006836
307, 0.5948244333267212, 1.672163963317871, 3.4040517807006836
308, 0.5948244333267212, 1.672163963317871, 3.4040517807006836
309, 0.6395505666732788, 1.672163963317871, 3.1580851078033447
310, 0.6842767000198364, 1.6168920993804932, 2.912118434906006
311, 0.729002833366394, 1.4692246913909912, 2.666151762008667
312, 0.729002833366394, 1.4692246913909912, 2.666151762008667
313, 0.6458150148391724, 1.2721638679504395, 2.433741331100464
314, 0.6458150148391724, 1.2721638679504395, 2.433741331100464
315, 0.6458150148391724, 1.2721638679504395, 2.433741331100464
316, 0.6458150148391724, 1.2721638679504395, 2.433741331100464
317, 0.6458150148391724, 1.2721638679504395, 2.433741331100464
318, 0.6458150148391724, 1.2721638679504395, 2.433741331100464
319, 0.6458150148391724, 1.2721638679504395, 2.433741331100464
320, 0.6458150148391724, 1.2721638679504395, 2.433741331100464
321, 0.6458150148391724, 1.2721638679504395, 2.433741331100464
322, 0.6458150148391724, 1.2721638679504395, 2.433741331100464
323, 0.6458150148391724, 1.2721638679504395, 2.433741331100464
324, 0.6458150148391724, 1.2721638679504395, 2.433741331100464
325, 0.6458150148391724, 1.2721638679504395, 2.433741331100464
326, 0.6458150148391724, 1.2721638679504395, 2.433741331100464
327, 0.6458150148391724, 1.2721638679504395, 2.433741331100464
328, 0.6458150148391724, 1.2721638679504395, 2.433741331100464
329, 0.6458150148391724, 1.2721638679504395, 2.433741331100464
330, 0.6458150148391724, 1.2721638679504395, 2.433741331100464
331, 0.6458150148391724, 1.2721638679504395, 2.433741331100464
332, 0.6458150148391724, 1.2721638679504395, 2.433741331100464
333, 0.6458149552345276, 1.2721638679504395, 2.433741331100464
334, 0.6458149552345276, 1.2721638679504395, 2.433741331100464
335, 0.6458148956298828, 1.2721638679504395, 2.433741331100464
336, 0.6458148956298828, 1.2721638679504395, 2.433741331100464
337, 0.6458148956298828, 1.2721638679504395, 2.433741331100464
338, 0.6458148956298828, 1.2721638679504395, 2.433741331100464
339, 0.6458148956298828, 1.2721638679504395, 2.433741331100464
340, 0.6458148956298828, 1.2721638679504395, 2.433741331100464
341, 0.6458148956298828, 1.2721638679504395, 2.433741331100464
342, 0.8811913132667542, 1.2893621921539307, 2.349492073059082
343, 0.8811913132667542, 1.2893621921539307, 2.349492073059082
344, 0.8811913132667542, 1.2893621921539307, 2.349492073059082
345, 0.9259174466133118, 1.091289758682251, 2.103525400161743
346, 0.9706435799598694, 0.896030843257904, 1.8575587272644043
347, 1.0153696537017822, 0.7163544297218323, 1.6115920543670654
348, 1.0600957870483398, 0.517640233039856, 1.3656253814697266
349, 1.1048219203948975, 0.28287914395332336, 1.1196587085723877
350, 1.149548053741455, 0.22760918736457825, 0.8736920952796936
351, 1.149548053741455, 0.22760918736457825, 0.8736920952796936
352, 1.3112653493881226, 0.10580693185329437, 0.6830418109893799
353, 1.3112653493881226, 0.10580693185329437, 0.6830418109893799
354, 1.5466418266296387, 0.07216382026672363, 0.5987924933433533
355, 1.5466418266296387, 0.07216382026672363, 0.5987924933433533
356, 1.7926084995269775, 0.07216382026672363, 0.6435186266899109
357, 2.0385751724243164, 0.07216382026672363, 0.6882447600364685
358, 2.2845418453216553, 0.07216382026672363, 0.7329708933830261
359, 2.530508518218994, 0.07216382026672363, 0.7776970267295837
360, 2.776475191116333, 0.07216382026672363, 0.8224231600761414
361, 2.776475191116333, 0.07216382026672363, 0.8224231600761414
362, 2.967125415802002, 0.07216382026672363, 0.9841404557228088
363, 2.967125415802002, 0.07216382026672363, 0.9841404557228088
364, 3.051374673843384, 0.07216382026672363, 1.2195168733596802
365, -7.586700916290283, 3.0721640586853027, -3.353029251098633
