1, -11.989028930664062, 2.8048131465911865, -5.281318187713623
2, -11.989028930664062, 2.8048131465911865, -5.281318187713623
3, -11.989028930664062, 2.8048131465911865, -5.281318187713623
4, -11.989028930664062, 2.8048131465911865, -5.281318187713623
5, -11.989028930664062, 2.8048131465911865, -5.281318187713623
6, -11.989028930664062, 2.8048131465911865, -5.281318187713623
7, -11.989028930664062, 2.8048131465911865, -5.281318187713623
8, -11.989028930664062, 2.8048131465911865, -5.281318187713623
9, -11.989028930664062, 2.8048131465911865, -5.281318187713623
10, -11.989028930664062, 2.8048131465911865, -5.281318187713623
11, -11.989028930664062, 2.8048131465911865, -5.281318187713623
12, -11.989028930664062, 2.8048131465911865, -5.281318187713623
13, -11.989028930664062, 2.8048131465911865, -5.281318187713623
14, -11.989028930664062, 2.8048131465911865, -5.281318187713623
15, -11.989028930664062, 2.8048131465911865, -5.281318187713623
16, -12.234180450439453, 2.8048131465911865, -5.330313205718994
17, -12.479331970214844, 2.8048131465911865, -5.379308223724365
18, -12.479331970214844, 2.8048131465911865, -5.379308223724365
19, -12.667141914367676, 2.8048131465911865, -5.544315338134766
20, -12.854951858520508, 2.8048131465911865, -5.709322452545166
21, -13.04276180267334, 2.8048131465911865, -5.874329566955566
22, -13.230571746826172, 2.8048131465911865, -6.039336681365967
23, -13.418381690979004, 2.8048131465911865, -6.204343795776367
24, -13.606191635131836, 2.8048131465911865, -6.369350910186768
25, -13.794001579284668, 2.8048131465911865, -6.534358024597168
26, -13.9818115234375, 2.8048131465911865, -6.699365139007568
27, -14.169621467590332, 2.8048131465911865, -6.864372253417969
28, -14.169621467590332, 2.8048131465911865, -6.864372253417969
29, -14.169621467590332, 2.8048131465911865, -6.864372253417969
30, -14.120626449584961, 2.8048131465911865, -7.109524250030518
31, -14.120626449584961, 2.8048131465911865, -7.109524250030518
32, -14.120626449584961, 2.8048131465911865, -7.109524250030518
33, -14.120626449584961, 2.8048131465911865, -7.109524250030518
34, -14.120626449584961, 2.8048131465911865, -7.109524250030518
35, -14.308436393737793, 2.8048131465911865, -7.274531364440918
36, -14.496246337890625, 2.8048131465911865, -7.439538478851318
37, -14.496246337890625, 2.8048131465911865, -7.439538478851318
38, -14.496246337890625, 2.8048131465911865, -7.439538478851318
39, -14.496246337890625, 2.8048131465911865, -7.439538478851318
40, -14.496246337890625, 2.8048131465911865, -7.439538478851318
41, -14.496246337890625, 2.8048131465911865, -7.439538478851318
42, -14.496246337890625, 2.8048131465911865, -7.439538478851318
43, -14.496246337890625, 2.8048131465911865, -7.439538478851318
44, -14.496246337890625, 2.8048131465911865, -7.439538478851318
45, -14.496246337890625, 2.8048131465911865, -7.439538478851318
46, -14.496246337890625, 2.8048131465911865, -7.439538478851318
47, -14.496246337890625, 2.8048131465911865, -7.439538478851318
48, -14.496246337890625, 2.8048131465911865, -7.439538478851318
49, -14.259441375732422, 2.8048131465911865, -7.519683361053467
50, -14.022636413574219, 2.8048131465911865, -7.599828243255615
51, -13.785831451416016, 2.8048131465911865, -7.679973125457764
52, -13.785831451416016, 2.8048131465911865, -7.679973125457764
53, -13.540679931640625, 2.8048131465911865, -7.630978107452393
54, -13.540679931640625, 2.8048131465911865, -7.630978107452393
55, -13.303874969482422, 2.8048131465911865, -7.711122989654541
56, -13.067070007324219, 2.8048131465911865, -7.7912678718566895
57, -13.067070007324219, 2.8048131465911865, -7.7912678718566895
58, -13.025799751281738, 2.8048131465911865, -7.838242053985596
59, -13.025799751281738, 2.8048131465911865, -7.838242053985596
60, -13.025799751281738, 2.8048131465911865, -7.838242053985596
61, -13.025799751281738, 2.8048131465911865, -7.838242053985596
62, -13.025799751281738, 2.8048131465911865, -7.838242053985596
63, -12.780648231506348, 2.8048131465911865, -7.789247035980225
64, -12.780648231506348, 2.8048131465911865, -7.789247035980225
65, -12.780648231506348, 2.8048131465911865, -7.789247035980225
66, -12.615641593933105, 2.8048131465911865, -7.977057456970215
67, -12.615641593933105, 2.8048131465911865, -7.977057456970215
68, -12.615641593933105, 2.8048131465911865, -7.977057456970215
69, -12.615641593933105, 2.8048131465911865, -7.977057456970215
70, -12.615641593933105, 2.8048131465911865, -7.977057456970215
71, -12.615641593933105, 2.8048131465911865, -7.977057456970215
72, -12.852446556091309, 2.8048131465911865, -7.896912574768066
73, -12.998177528381348, 2.8048131465911865, -7.847590923309326
74, -12.998178482055664, 2.8048131465911865, -7.847590923309326
75, -12.998178482055664, 2.8048131465911865, -7.847590923309326
76, -13.163185119628906, 2.8048131465911865, -7.659780502319336
77, -13.163185119628906, 2.8048131465911865, -7.659780502319336
78, -13.39999008178711, 2.8048131465911865, -7.5796356201171875
79, -13.636795043945312, 2.8048131465911865, -7.499490737915039
80, -13.636795043945312, 2.8048131465911865, -7.499490737915039
81, -13.881946563720703, 2.8048131465911865, -7.54848575592041
82, -14.127098083496094, 2.8048131465911865, -7.597480773925781
83, -14.372249603271484, 2.8048131465911865, -7.646475791931152
84, -14.617401123046875, 2.8048131465911865, -7.695470809936523
85, -14.617401123046875, 2.8048131465911865, -7.695470809936523
86, -14.617401123046875, 2.8048131465911865, -7.695470809936523
87, -14.617401123046875, 2.8048131465911865, -7.695470809936523
88, -14.617401123046875, 2.8048131465911865, -7.695470809936523
89, -14.697546005249023, 2.811610698699951, -7.932276248931885
90, -14.697546005249023, 2.811610698699951, -7.932276248931885
91, -14.697546005249023, 2.811610698699951, -7.932276248931885
92, -14.697546005249023, 2.811610698699951, -7.932276248931885
93, -14.697546005249023, 2.811610698699951, -7.932276248931885
94, -14.660767555236816, 2.8048131465911865, -7.924925804138184
95, -14.660767555236816, 2.8048131465911865, -7.924925804138184
96, -14.472957611083984, 2.8048131465911865, -7.759918689727783
97, -14.285147666931152, 2.8048131465911865, -7.594911575317383
98, -14.09733772277832, 2.8048131465911865, -7.429904460906982
99, -13.909527778625488, 2.8048131465911865, -7.264897346496582
100, -13.721717834472656, 2.8048131465911865, -7.099890232086182
101, -13.721717834472656, 2.8048131465911865, -7.099890232086182
102, -13.641572952270508, 2.8048131465911865, -6.86308479309082
103, -13.56142807006836, 2.8048131465911865, -6.626279354095459
104, -13.481283187866211, 2.8048131465911865, -6.389473915100098
105, -13.481283187866211, 2.8048131465911865, -6.389473915100098
106, -13.293473243713379, 2.8048131465911865, -6.224466800689697
107, -13.105663299560547, 2.8048131465911865, -6.059459686279297
108, -13.105663299560547, 2.8048131465911865, -6.059459686279297
109, -13.105663299560547, 2.8048131465911865, -6.059459686279297
110, -12.917853355407715, 2.8048131465911865, -5.8944525718688965
111, -12.730043411254883, 2.8048131465911865, -5.729445457458496
112, -12.730043411254883, 2.8048131465911865, -5.729445457458496
113, -12.730043411254883, 2.8048131465911865, -5.729445457458496
114, -12.54223346710205, 2.8048131465911865, -5.564438343048096
115, -12.354423522949219, 2.8048131465911865, -5.399431228637695
116, -12.166613578796387, 2.8048131465911865, -5.234424114227295
117, -11.978803634643555, 2.8048131465911865, -5.0694169998168945
118, -11.790993690490723, 2.8048131465911865, -4.904409885406494
119, -11.790993690490723, 2.8048131465911865, -4.904409885406494
120, -11.710848808288574, 2.8048131465911865, -4.667604446411133
121, -11.710848808288574, 2.8048131465911865, -4.667604446411133
122, -11.710848808288574, 2.8048131465911865, -4.667604446411133
123, -11.710848808288574, 2.8048131465911865, -4.667604446411133
124, -11.710848808288574, 2.8048131465911865, -4.667604446411133
125, -11.710848808288574, 2.8048131465911865, -4.667604446411133
126, -11.710848808288574, 2.8048131465911865, -4.667604446411133
127, -11.710848808288574, 2.8048131465911865, -4.667604446411133
128, -11.898658752441406, 2.8048131465911865, -4.832611560821533
129, -12.086468696594238, 2.8048131465911865, -4.997618675231934
130, -12.27427864074707, 2.8048131465911865, -5.162625789642334
131, -12.462088584899902, 2.8048131465911865, -5.327632904052734
132, -12.649898529052734, 2.8048131465911865, -5.492640018463135
133, -12.837708473205566, 2.8048131465911865, -5.657647132873535
134, -12.837708473205566, 2.8048131465911865, -5.657647132873535
135, -12.837708473205566, 2.8048131465911865, -5.657647132873535
136, -13.025518417358398, 2.8048131465911865, -5.8226542472839355
137, -13.21332836151123, 2.8048131465911865, -5.987661361694336
138, -13.401138305664062, 2.8048131465911865, -6.152668476104736
139, -13.401138305664062, 2.8048131465911865, -6.152668476104736
140, -13.481283187866211, 2.8048131465911865, -6.389473915100098
141, -13.481283187866211, 2.8048131465911865, -6.389473915100098
142, -13.43228816986084, 2.8048131465911865, -6.6346259117126465
143, -13.43228816986084, 2.8048131465911865, -6.6346259117126465
144, -13.267281532287598, 2.8048131465911865, -6.822436332702637
145, -13.102274894714355, 2.8048131465911865, -7.010246276855469
146, -12.937268257141113, 2.8048131465911865, -7.198056221008301
147, -12.937268257141113, 2.8048131465911865, -7.198056221008301
148, -12.937268257141113, 2.8048131465911865, -7.198056221008301
149, -12.937268257141113, 2.8048131465911865, -7.198056221008301
150, -12.937268257141113, 2.8048131465911865, -7.198056221008301
151, -12.937268257141113, 2.8048131465911865, -7.198056221008301
152, -12.937268257141113, 2.8048131465911865, -7.198056221008301
153, -13.102274894714355, 2.8048131465911865, -7.0102458000183105
154, -13.267281532287598, 2.8048131465911865, -6.82243537902832
155, -13.43228816986084, 2.8048131465911865, -6.63462495803833
156, -13.43228816986084, 2.8048131465911865, -6.63462495803833
157, -13.481283187866211, 2.8048131465911865, -6.389472961425781
158, -13.481283187866211, 2.8048131465911865, -6.389472961425781
159, -13.401138305664062, 2.8048131465911865, -6.15266752243042
160, -13.401138305664062, 2.8048131465911865, -6.15266752243042
161, -13.21332836151123, 2.8048131465911865, -5.9876604080200195
162, -13.025518417358398, 2.8048131465911865, -5.822653293609619
163, -12.837708473205566, 2.8048131465911865, -5.657646179199219
164, -12.649898529052734, 2.8048131465911865, -5.492639064788818
165, -12.462088584899902, 2.8048131465911865, -5.327631950378418
166, -12.27427864074707, 2.8048131465911865, -5.162624835968018
167, -12.086468696594238, 2.8048131465911865, -4.997617721557617
168, -11.898658752441406, 2.8048131465911865, -4.832610607147217
169, -11.898658752441406, 2.8048131465911865, -4.832610607147217
170, -11.898658752441406, 2.8048131465911865, -4.832610607147217
171, -11.710848808288574, 2.8048131465911865, -4.667603492736816
172, -11.710848808288574, 2.8048131465911865, -4.667603492736816
173, -11.710848808288574, 2.8048131465911865, -4.667603492736816
174, -11.710848808288574, 2.8048131465911865, -4.667603492736816
175, -11.710848808288574, 2.8048131465911865, -4.667603492736816
176, -11.710848808288574, 2.8048131465911865, -4.667603492736816
177, -11.710848808288574, 2.8048131465911865, -4.667603492736816
178, -11.710848808288574, 2.8048131465911865, -4.667603492736816
179, -11.630703926086426, 2.8048131465911865, -4.430798053741455
180, -11.550559043884277, 2.8048131465911865, -4.193992614746094
181, -11.550559043884277, 2.8048131465911865, -4.193992614746094
182, -11.599554061889648, 2.8048131465911865, -3.948840618133545
183, -11.64854907989502, 2.8048131465911865, -3.703688621520996
184, -11.64854907989502, 2.8048131465911865, -3.703688621520996
185, -11.64854907989502, 2.8048131465911865, -3.703688621520996
186, -11.64854907989502, 2.8048131465911865, -3.703688621520996
187, -11.64854907989502, 2.8048131465911865, -3.703688621520996
188, -11.64854907989502, 2.8048131465911865, -3.703688621520996
189, -11.64854907989502, 2.8048131465911865, -3.703688621520996
190, -11.64854907989502, 2.8048131465911865, -3.703688621520996
191, -11.728693962097168, 2.8048131465911865, -3.9404940605163574
192, -11.728693962097168, 2.8048131465911865, -3.9404940605163574
193, -11.728693962097168, 2.8048131465911865, -3.9404940605163574
194, -11.728693962097168, 2.8048131465911865, -3.9404940605163574
195, -11.728693962097168, 2.8048131465911865, -3.9404940605163574
196, -11.728693962097168, 2.8048131465911865, -3.9404940605163574
197, -11.728693962097168, 2.8048131465911865, -3.9404940605163574
198, -11.728693962097168, 2.8048131465911865, -3.9404940605163574
199, -11.728693962097168, 2.8048131465911865, -3.9404940605163574
200, -11.728693962097168, 2.8048131465911865, -3.9404940605163574
201, -11.679698944091797, 2.8048131465911865, -4.185646057128906
202, -11.679698944091797, 2.8048131465911865, -4.185646057128906
203, -11.759843826293945, 2.8048131465911865, -4.422451496124268
204, -11.839988708496094, 2.8048131465911865, -4.659256935119629
205, -11.920133590698242, 2.8048131465911865, -4.89606237411499
206, -11.920133590698242, 2.8048131465911865, -4.89606237411499
207, -12.107943534851074, 2.8048131465911865, -5.061069488525391
208, -12.295753479003906, 2.8048131465911865, -5.226076602935791
209, -12.483563423156738, 2.8048131465911865, -5.391083717346191
210, -12.67137336730957, 2.8048131465911865, -5.556090831756592
211, -12.859183311462402, 2.8048131465911865, -5.721097946166992
212, -13.046993255615234, 2.8048131465911865, -5.886105060577393
213, -13.234803199768066, 2.8048131465911865, -6.051112174987793
214, -13.422613143920898, 2.8048131465911865, -6.216119289398193
215, -13.422613143920898, 2.8048131465911865, -6.216119289398193
216, -13.502758026123047, 2.8048131465911865, -6.452924728393555
217, -13.502758026123047, 2.8048131465911865, -6.452924728393555
218, -13.453763008117676, 2.8048131465911865, -6.6980767250061035
219, -13.453763008117676, 2.8048131465911865, -6.6980767250061035
220, -13.288756370544434, 2.8048131465911865, -6.885887145996094
221, -13.123749732971191, 2.8048131465911865, -7.073697090148926
222, -12.95874309539795, 2.8048131465911865, -7.261507034301758
223, -12.95874309539795, 2.8048131465911865, -7.261507034301758
224, -12.95874309539795, 2.8048131465911865, -7.261507034301758
225, -12.95874309539795, 2.8048131465911865, -7.261507034301758
226, -12.95874309539795, 2.8048131465911865, -7.261507034301758
227, -12.95874309539795, 2.8048131465911865, -7.261507034301758
228, -12.95874309539795, 2.8048131465911865, -7.261507034301758
229, -13.123749732971191, 2.8048131465911865, -7.073696613311768
230, -13.288756370544434, 2.8048131465911865, -6.885886192321777
231, -13.288756370544434, 2.8048131465911865, -6.885886192321777
232, -13.337751388549805, 2.8048131465911865, -6.6407341957092285
233, -13.386746406555176, 2.8048131465911865, -6.39558219909668
234, -13.386746406555176, 2.8048131465911865, -6.39558219909668
235, -13.306601524353027, 2.8048131465911865, -6.158776760101318
236, -13.306601524353027, 2.8048131465911865, -6.158776760101318
237, -13.118791580200195, 2.8048131465911865, -5.993769645690918
238, -12.930981636047363, 2.8048131465911865, -5.828762531280518
239, -12.743171691894531, 2.8048131465911865, -5.663755416870117
240, -12.5553617477417, 2.8048131465911865, -5.498748302459717
241, -12.367551803588867, 2.8048131465911865, -5.333741188049316
242, -12.179741859436035, 2.8048131465911865, -5.168734073638916
243, -11.991931915283203, 2.8048131465911865, -5.003726959228516
244, -11.991931915283203, 2.8048131465911865, -5.003726959228516
245, -11.991931915283203, 2.8048131465911865, -5.003726959228516
246, -11.804121971130371, 2.8048131465911865, -4.838719844818115
247, -11.804121971130371, 2.8048131465911865, -4.838719844818115
248, -11.804121971130371, 2.8048131465911865, -4.838719844818115
249, -11.804121971130371, 2.8048131465911865, -4.838719844818115
250, -11.804121971130371, 2.8048131465911865, -4.838719844818115
251, -11.804121971130371, 2.8048131465911865, -4.838719844818115
252, -11.804121971130371, 2.8048131465911865, -4.838719844818115
253, -11.804121971130371, 2.8048131465911865, -4.838719844818115
254, -11.723977088928223, 2.8048131465911865, -4.601914405822754
255, -11.643832206726074, 2.8048131465911865, -4.365108966827393
256, -11.643832206726074, 2.8048131465911865, -4.365108966827393
257, -11.692827224731445, 2.8048131465911865, -4.119956970214844
258, -11.741822242736816, 2.8048131465911865, -3.874804973602295
259, -11.790817260742188, 2.8048131465911865, -3.629652976989746
260, -11.790817260742188, 2.8048131465911865, -3.629652976989746
261, -11.790817260742188, 2.8048131465911865, -3.629652976989746
262, -11.790817260742188, 2.8048131465911865, -3.629652976989746
263, -11.790817260742188, 2.8048131465911865, -3.629652976989746
264, -11.790817260742188, 2.8048131465911865, -3.629652976989746
265, -11.790817260742188, 2.8048131465911865, -3.629652976989746
266, -11.741822242736816, 2.8048131465911865, -3.874804973602295
267, -11.741822242736816, 2.8048131465911865, -3.874804973602295
268, -11.741822242736816, 2.8048131465911865, -3.874804973602295
269, -11.741822242736816, 2.8048131465911865, -3.874804973602295
270, -11.741822242736816, 2.8048131465911865, -3.874804973602295
271, -11.741822242736816, 2.8048131465911865, -3.874804973602295
272, -11.741822242736816, 2.8048131465911865, -3.874804973602295
273, -11.741822242736816, 2.8048131465911865, -3.874804973602295
274, -11.741822242736816, 2.8048131465911865, -3.874804973602295
275, -11.692827224731445, 2.8048131465911865, -4.119956970214844
276, -11.692827224731445, 2.8048131465911865, -4.119956970214844
277, -11.692827224731445, 2.8048131465911865, -4.119956970214844
278, -11.692827224731445, 2.8048131465911865, -4.119956970214844
279, -11.692827224731445, 2.8048131465911865, -4.119956970214844
280, -11.692827224731445, 2.8048131465911865, -4.119956970214844
281, -11.692827224731445, 2.8048131465911865, -4.119956970214844
282, -11.692827224731445, 2.8048131465911865, -4.119956970214844
283, -11.692827224731445, 2.8048131465911865, -4.119956970214844
284, -11.692827224731445, 2.8048131465911865, -4.119956970214844
285, -11.772972106933594, 2.8048131465911865, -4.356762409210205
286, -11.853116989135742, 2.8048131465911865, -4.593567848205566
287, -11.93326187133789, 2.8048131465911865, -4.830373287200928
288, -12.013406753540039, 2.8048131465911865, -5.067178726196289
289, -12.013406753540039, 2.8048131465911865, -5.067178726196289
290, -12.201216697692871, 2.8048131465911865, -5.2321858406066895
291, -12.389026641845703, 2.8048131465911865, -5.39719295501709
292, -12.576836585998535, 2.8048131465911865, -5.56220006942749
293, -12.764646530151367, 2.8048131465911865, -5.727207183837891
294, -12.9524564743042, 2.8048131465911865, -5.892214298248291
295, -13.140266418457031, 2.8048131465911865, -6.057221412658691
296, -13.328076362609863, 2.8048131465911865, -6.222228527069092
297, -13.328076362609863, 2.8048131465911865, -6.222228527069092
298, -13.408221244812012, 2.8048131465911865, -6.459033966064453
299, -13.48836612701416, 2.8048131465911865, -6.6958394050598145
300, -13.48836612701416, 2.8048131465911865, -6.6958394050598145
301, -13.439371109008789, 2.8048131465911865, -6.940991401672363
302, -13.439371109008789, 2.8048131465911865, -6.940991401672363
303, -13.274364471435547, 2.8048131465911865, -7.128801345825195
304, -13.274364471435547, 2.8048131465911865, -7.128801345825195
305, -13.274364471435547, 2.8048131465911865, -7.128801345825195
306, -13.274364471435547, 2.8048131465911865, -7.128801345825195
307, -13.274364471435547, 2.8048131465911865, -7.128801345825195
308, -13.274364471435547, 2.8048131465911865, -7.128801345825195
309, -13.323359489440918, 2.8048131465911865, -6.8836493492126465
310, -13.372354507446289, 2.8048131465911865, -6.638497352600098
311, -13.42134952545166, 2.8048131465911865, -6.393345355987549
312, -13.42134952545166, 2.8048131465911865, -6.393345355987549
313, -13.341204643249512, 2.8048131465911865, -6.1565399169921875
314, -13.341204643249512, 2.8048131465911865, -6.1565399169921875
315, -13.15339469909668, 2.8048131465911865, -5.991532802581787
316, -12.965584754943848, 2.8048131465911865, -5.826525688171387
317, -12.777774810791016, 2.8048131465911865, -5.661518573760986
318, -12.589964866638184, 2.8048131465911865, -5.496511459350586
319, -12.402154922485352, 2.8048131465911865, -5.3315043449401855
320, -12.21434497833252, 2.8048131465911865, -5.166497230529785
321, -12.026535034179688, 2.8048131465911865, -5.001490116119385
322, -11.838725090026855, 2.8048131465911865, -4.836483001708984
323, -11.838725090026855, 2.8048131465911865, -4.836483001708984
324, -11.758580207824707, 2.8048131465911865, -4.599677562713623
325, -11.758580207824707, 2.8048131465911865, -4.599677562713623
326, -11.758580207824707, 2.8048131465911865, -4.599677562713623
327, -11.758580207824707, 2.8048131465911865, -4.599677562713623
328, -11.758580207824707, 2.8048131465911865, -4.599677562713623
329, -11.758580207824707, 2.8048131465911865, -4.599677562713623
330, -11.758580207824707, 2.8048131465911865, -4.599677562713623
331, -11.758580207824707, 2.8048131465911865, -4.599677562713623
332, -11.758580207824707, 2.8048131465911865, -4.599677562713623
333, -11.758580207824707, 2.8048131465911865, -4.599677562713623
334, -11.758580207824707, 2.8048131465911865, -4.599677562713623
335, -11.758580207824707, 2.8048131465911865, -4.599677562713623
336, -11.758580207824707, 2.8048131465911865, -4.599677562713623
337, -11.758580207824707, 2.8048131465911865, -4.599677562713623
338, -11.758580207824707, 2.8048131465911865, -4.599677562713623
339, -11.758580207824707, 2.8048131465911865, -4.599677562713623
340, -11.758580207824707, 2.8048131465911865, -4.599677562713623
341, -11.758580207824707, 2.8048131465911865, -4.599677562713623
342, -11.758580207824707, 2.8048131465911865, -4.599677562713623
343, -11.758580207824707, 2.8048131465911865, -4.599677562713623
344, -11.758580207824707, 2.8048131465911865, -4.599677562713623
345, -11.758580207824707, 2.8048131465911865, -4.599677562713623
346, -11.758580207824707, 2.8048131465911865, -4.599677562713623
347, -11.758580207824707, 2.8048131465911865, -4.599677562713623
348, -11.758580207824707, 2.8048131465911865, -4.599677562713623
349, -11.758580207824707, 2.8048131465911865, -4.599677562713623
350, -11.807575225830078, 2.8048131465911865, -4.354525566101074
351, -11.85657024383545, 2.8048131465911865, -4.109373569488525
352, -11.90556526184082, 2.8048131465911865, -3.8642215728759766
353, -11.90556526184082, 2.8048131465911865, -3.8642215728759766
354, -11.90556526184082, 2.8048131465911865, -3.8642215728759766
355, -11.90556526184082, 2.8048131465911865, -3.8642215728759766
356, -11.90556526184082, 2.8048131465911865, -3.8642215728759766
357, -11.90556526184082, 2.8048131465911865, -3.8642215728759766
358, -11.740558624267578, 2.8048131465911865, -4.052031517028809
359, -11.740558624267578, 2.8048131465911865, -4.052031517028809
360, -11.740558624267578, 2.8048131465911865, -4.052031517028809
361, -11.740558624267578, 2.8048131465911865, -4.052031517028809
362, -11.740558624267578, 2.8048131465911865, -4.052031517028809
363, -11.740558624267578, 2.8048131465911865, -4.052031517028809
364, -11.740558624267578, 2.8048131465911865, -4.052031517028809
365, -11.740558624267578, 2.8048131465911865, -4.052031517028809
366, -11.691563606262207, 2.8048131465911865, -4.297183513641357
367, -11.691563606262207, 2.8048131465911865, -4.297183513641357
368, -11.771708488464355, 2.8048131465911865, -4.533988952636719
369, -11.851853370666504, 2.8048131465911865, -4.77079439163208
370, -11.851853370666504, 2.8048131465911865, -4.77079439163208
371, -12.039663314819336, 2.8048131465911865, -4.9358015060424805
372, -12.227473258972168, 2.8048131465911865, -5.100808620452881
373, -12.415283203125, 2.8048131465911865, -5.265815734863281
374, -12.603093147277832, 2.8048131465911865, -5.430822849273682
375, -12.790903091430664, 2.8048131465911865, -5.595829963684082
376, -12.978713035583496, 2.8048131465911865, -5.760837078094482
377, -13.166522979736328, 2.8048131465911865, -5.925844192504883
378, -13.35433292388916, 2.8048131465911865, -6.090851306915283
379, -13.35433292388916, 2.8048131465911865, -6.090851306915283
380, -13.434477806091309, 2.8048131465911865, -6.3276567459106445
381, -13.434477806091309, 2.8048131465911865, -6.3276567459106445
382, -13.385482788085938, 2.8048131465911865, -6.572808742523193
383, -13.336487770080566, 2.8048131465911865, -6.817960739135742
384, -13.336487770080566, 2.8048131465911865, -6.817960739135742
385, -13.171481132507324, 2.8048131465911865, -7.005770683288574
386, -13.006474494934082, 2.8048131465911865, -7.193580627441406
387, -13.006474494934082, 2.8048131465911865, -7.193580627441406
388, -13.006474494934082, 2.8048131465911865, -7.193580627441406
389, -13.006474494934082, 2.8048131465911865, -7.193580627441406
390, -13.006474494934082, 2.8048131465911865, -7.193580627441406
391, -13.006474494934082, 2.8048131465911865, -7.193580627441406
392, -13.006474494934082, 2.8048131465911865, -7.193580627441406
393, -13.006474494934082, 2.8048131465911865, -7.193580627441406
394, -13.006474494934082, 2.8048131465911865, -7.193580627441406
395, -13.006474494934082, 2.8048131465911865, -7.193580627441406
396, -13.006474494934082, 2.8048131465911865, -7.193580627441406
397, -13.006474494934082, 2.8048131465911865, -7.193580627441406
398, -12.769669532775879, 2.8048131465911865, -7.273725509643555
399, -12.769669532775879, 2.8048131465911865, -7.273725509643555
400, -12.769669532775879, 2.8048131465911865, -7.273725509643555
401, -12.769669532775879, 2.8048131465911865, -7.273725509643555
402, -12.769669532775879, 2.8048131465911865, -7.273725509643555
403, -12.769669532775879, 2.8048131465911865, -7.273725509643555
404, -12.934676170349121, 2.8048131465911865, -7.0859150886535645
405, -13.099682807922363, 2.8048131465911865, -6.898104667663574
406, -13.264689445495605, 2.8048131465911865, -6.710294246673584
407, -13.429696083068848, 2.8048131465911865, -6.522483825683594
408, -13.429696083068848, 2.8048131465911865, -6.522483825683594
409, -13.478691101074219, 2.8048131465911865, -6.277331829071045
410, -13.478691101074219, 2.8048131465911865, -6.277331829071045
411, -13.478691101074219, 2.8048131465911865, -6.277331829071045
412, -13.290881156921387, 2.8048131465911865, -6.1123247146606445
413, -13.103071212768555, 2.8048131465911865, -5.947317600250244
414, -12.915261268615723, 2.8048131465911865, -5.782310485839844
415, -12.72745132446289, 2.8048131465911865, -5.617303371429443
416, -12.539641380310059, 2.8048131465911865, -5.452296257019043
417, -12.351831436157227, 2.8048131465911865, -5.287289142608643
418, -12.164021492004395, 2.8048131465911865, -5.122282028198242
419, -11.976211547851562, 2.8048131465911865, -4.957274913787842
420, -11.78840160369873, 2.8048131465911865, -4.792267799377441
421, -11.78840160369873, 2.8048131465911865, -4.792267799377441
422, -11.708256721496582, 2.8048131465911865, -4.55546236038208
423, -11.708256721496582, 2.8048131465911865, -4.55546236038208
424, -11.708256721496582, 2.8048131465911865, -4.55546236038208
425, -11.708256721496582, 2.8048131465911865, -4.55546236038208
426, -11.708256721496582, 2.8048131465911865, -4.55546236038208
427, -11.708256721496582, 2.8048131465911865, -4.55546236038208
428, -11.708256721496582, 2.8048131465911865, -4.55546236038208
429, -11.708256721496582, 2.8048131465911865, -4.55546236038208
430, -11.708256721496582, 2.8048131465911865, -4.55546236038208
431, -11.708256721496582, 2.8048131465911865, -4.55546236038208
432, -11.708256721496582, 2.8048131465911865, -4.55546236038208
433, -11.708256721496582, 2.8048131465911865, -4.55546236038208
434, -11.708256721496582, 2.8048131465911865, -4.55546236038208
435, -11.708256721496582, 2.8048131465911865, -4.55546236038208
436, -11.708256721496582, 2.8048131465911865, -4.55546236038208
437, -11.708256721496582, 2.8048131465911865, -4.55546236038208
438, -11.708256721496582, 2.8048131465911865, -4.55546236038208
439, -11.708256721496582, 2.8048131465911865, -4.55546236038208
440, -11.757251739501953, 2.8048131465911865, -4.310310363769531
441, -11.806246757507324, 2.8048131465911865, -4.065158367156982
442, -11.855241775512695, 2.8048131465911865, -3.8200063705444336
443, -11.855241775512695, 2.8048131465911865, -3.8200063705444336
444, -11.855241775512695, 2.8048131465911865, -3.8200063705444336
445, -11.855241775512695, 2.8048131465911865, -3.8200063705444336
446, -11.855241775512695, 2.8048131465911865, -3.8200063705444336
447, -11.855241775512695, 2.8048131465911865, -3.8200063705444336
448, -11.690235137939453, 2.8048131465911865, -4.007816314697266
449, -11.690235137939453, 2.8048131465911865, -4.007816314697266
450, -11.690235137939453, 2.8048131465911865, -4.007816314697266
451, -11.690235137939453, 2.8048131465911865, -4.007816314697266
452, -11.690235137939453, 2.8048131465911865, -4.007816314697266
453, -11.690235137939453, 2.8048131465911865, -4.007816314697266
454, -11.690235137939453, 2.8048131465911865, -4.007816314697266
455, -11.690235137939453, 2.8048131465911865, -4.007816314697266
456, -11.641240119934082, 2.8048131465911865, -4.2529683113098145
457, -11.641240119934082, 2.8048131465911865, -4.2529683113098145
458, -11.72138500213623, 2.8048131465911865, -4.489773750305176
459, -11.801529884338379, 2.8048131465911865, -4.726579189300537
460, -11.801529884338379, 2.8048131465911865, -4.726579189300537
461, -11.989339828491211, 2.8048131465911865, -4.8915863037109375
462, -12.177149772644043, 2.8048131465911865, -5.056593418121338
463, -12.364959716796875, 2.8048131465911865, -5.221600532531738
464, -12.552769660949707, 2.8048131465911865, -5.386607646942139
465, -12.552769660949707, 2.8048131465911865, -5.386607646942139
466, -12.552769660949707, 2.8048131465911865, -5.386607646942139
467, -12.552769660949707, 2.8048131465911865, -5.386607646942139
468, -12.552769660949707, 2.8048131465911865, -5.386607646942139
469, -12.740579605102539, 2.8048131465911865, -5.551614761352539
470, -12.928389549255371, 2.8048131465911865, -5.7166218757629395
471, -13.116199493408203, 2.8048131465911865, -5.88162899017334
472, -13.304009437561035, 2.8048131465911865, -6.04663610458374
473, -13.304009437561035, 2.8048131465911865, -6.04663610458374
474, -13.384154319763184, 2.8048131465911865, -6.283441543579102
475, -13.464299201965332, 2.8048131465911865, -6.520246982574463
476, -13.464299201965332, 2.8048131465911865, -6.520246982574463
477, -13.415304183959961, 2.8048131465911865, -6.765398979187012
478, -13.415304183959961, 2.8048131465911865, -6.765398979187012
479, -13.250297546386719, 2.8048131465911865, -6.953209400177002
480, -13.085290908813477, 2.8048131465911865, -7.141019821166992
481, -13.085290908813477, 2.8048131465911865, -7.141019821166992
482, -13.085290908813477, 2.8048131465911865, -7.141019821166992
483, -13.085290908813477, 2.8048131465911865, -7.141019821166992
484, -13.085290908813477, 2.8048131465911865, -7.141019821166992
485, -13.085290908813477, 2.8048131465911865, -7.141019821166992
486, -13.085290908813477, 2.8048131465911865, -7.141019821166992
487, -13.085290908813477, 2.8048131465911865, -7.141019821166992
488, -13.085290908813477, 2.8048131465911865, -7.141019821166992
489, -13.085290908813477, 2.8048131465911865, -7.141019821166992
490, -13.085290908813477, 2.8048131465911865, -7.141019821166992
491, -13.085290908813477, 2.8048131465911865, -7.141019821166992
492, -13.085290908813477, 2.8048131465911865, -7.141019821166992
493, -12.920284271240234, 2.8048131465911865, -7.328829765319824
494, -12.920284271240234, 2.8048131465911865, -7.328829765319824
495, -12.920284271240234, 2.8048131465911865, -7.328829765319824
496, -12.920284271240234, 2.8048131465911865, -7.328829765319824
497, -12.920284271240234, 2.8048131465911865, -7.328829765319824
498, -12.920284271240234, 2.8048131465911865, -7.328829765319824
499, -12.920284271240234, 2.8048131465911865, -7.328829765319824
