1, 7.880403518676758, 0.07754743099212646, -2.2956137657165527
2, 7.880403518676758, 0.07754743099212646, -2.2956137657165527
3, 7.880403518676758, 0.07754743099212646, -2.2956137657165527
4, 7.880403518676758, 0.07754743099212646, -2.2956137657165527
5, 7.880403518676758, 0.07754743099212646, -2.2956137657165527
6, 7.880403518676758, 0.07754743099212646, -2.2956137657165527
7, 7.880403518676758, 0.07754743099212646, -2.2956137657165527
8, 7.880403518676758, 0.07754743099212646, -2.2956137657165527
9, 7.880403518676758, 0.07754743099212646, -2.2956137657165527
10, 7.880403518676758, 0.07754743099212646, -2.2956137657165527
11, 7.880403518676758, 0.07754743099212646, -2.2956137657165527
12, 7.880403518676758, 0.07754743099212646, -2.2956137657165527
13, 7.880403518676758, 0.07754743099212646, -2.2956137657165527
14, 7.880403518676758, 0.07754743099212646, -2.2956137657165527
15, 7.880403518676758, 0.07754743099212646, -2.2956137657165527
16, 7.880403518676758, 0.07754743099212646, -2.2956137657165527
17, 7.880403518676758, 0.07754743099212646, -2.2956137657165527
18, 7.695582389831543, 0.07754743099212646, -2.127265214920044
19, 7.695582389831543, 0.07754743099212646, -2.127265214920044
20, 7.619697093963623, 0.07754743099212646, -1.889060616493225
21, 7.619697093963623, 0.07754743099212646, -1.889060616493225
22, 7.619697093963623, 0.07754743099212646, -1.889060616493225
23, 7.619697093963623, 0.07754743099212646, -1.889060616493225
24, 7.619697093963623, 0.07754743099212646, -1.889060616493225
25, 7.543811798095703, 0.07754743099212646, -1.6508560180664062
26, 7.543811798095703, 0.07754743099212646, -1.6508560180664062
27, 7.358990669250488, 0.07754743099212646, -1.4825074672698975
28, 7.174169540405273, 0.07754743099212646, -1.3141589164733887
29, 6.989348411560059, 0.07754743099212646, -1.1458103656768799
30, 6.989348411560059, 0.07754743099212646, -1.1458103656768799
31, 6.745114326477051, 0.07754743099212646, -1.0924267768859863
32, 6.500880241394043, 0.07754743099212646, -1.0390431880950928
33, 6.256646156311035, 0.07754743099212646, -0.9856595993041992
34, 6.012412071228027, 0.07754743099212646, -0.9322760105133057
35, 5.7681779861450195, 0.07754743099212646, -0.8788924217224121
36, 5.7681779861450195, 0.07754743099212646, -0.8788924217224121
37, 5.583356857299805, 0.07754743099212646, -0.7105439305305481
38, 5.39853572845459, 0.07754743099212646, -0.5421954393386841
39, 5.39853572845459, 0.07754743099212646, -0.5421954393386841
40, 5.32265043258667, 0.07754743099212646, -0.30399090051651
41, 5.24676513671875, 0.07754743099212646, -0.06578636169433594
42, 5.17087984085083, 0.07754743099212646, 0.17241817712783813
43, 5.09499454498291, 0.07754743099212646, 0.4106227159500122
44, 5.01910924911499, 0.07754743099212646, 0.6488272547721863
45, 4.94322395324707, 0.07754743099212646, 0.8870317935943604
46, 4.86733865737915, 0.07754743099212646, 1.1252362728118896
47, 4.7914533615112305, 0.07754743099212646, 1.363440752029419
48, 4.7155680656433105, 0.07754743099212646, 1.6016452312469482
49, 4.639682769775391, 0.07754743099212646, 1.8398497104644775
50, 4.639682769775391, 0.07754743099212646, 1.8398497104644775
51, 4.454861640930176, 0.07754743099212646, 2.0081982612609863
52, 4.454861640930176, 0.07754743099212646, 2.0081982612609863
53, 4.426834583282471, 0.07754743099212646, 2.096174955368042
54, 4.426834583282471, 0.07754743099212646, 2.096174955368042
55, 4.426834583282471, 0.07754743099212646, 2.096174955368042
56, 4.426834583282471, 0.07754743099212646, 2.096174955368042
57, 4.426834583282471, 0.07754743099212646, 2.096174955368042
58, 4.426834583282471, 0.07754743099212646, 2.096174955368042
59, 4.6650390625, 0.07754743099212646, 2.172060251235962
60, 4.6650390625, 0.07754743099212646, 2.172060251235962
61, 4.83338737487793, 0.07754743099212646, 2.3568811416625977
62, 4.83338737487793, 0.07754743099212646, 2.3568811416625977
63, 4.83338737487793, 0.07754743099212646, 2.3568811416625977
64, 4.83338737487793, 0.07754743099212646, 2.3568811416625977
65, 4.83338737487793, 0.07754743099212646, 2.3568811416625977
66, 4.589153289794922, 0.07754743099212646, 2.410264730453491
67, 4.510857582092285, 0.07754743099212646, 2.4273781776428223
68, 4.510857582092285, 0.07754743099212646, 2.4273781776428223
69, 4.510857582092285, 0.07754743099212646, 2.4273781776428223
70, 4.510857582092285, 0.07754743099212646, 2.4273781776428223
71, 4.510857582092285, 0.07754743099212646, 2.427377939224243
72, 4.510857582092285, 0.07754743099212646, 2.427377939224243
73, 4.510857582092285, 0.07754743099212646, 2.427377939224243
74, 4.510857582092285, 0.07754743099212646, 2.427377939224243
75, 4.510857582092285, 0.07754743099212646, 2.427377939224243
76, 4.510857105255127, 0.07754743099212646, 2.4273786544799805
77, 4.510857105255127, 0.07754743099212646, 2.4273786544799805
78, 4.564240455627441, 0.07754743099212646, 2.671612501144409
79, 4.564240455627441, 0.07754743099212646, 2.671612501144409
80, 4.564240455627441, 0.07754743099212646, 2.671612501144409
81, 4.564240455627441, 0.07754743099212646, 2.671612501144409
82, 4.564240455627441, 0.07754743099212646, 2.671612501144409
83, 4.498453140258789, 0.07754743099212646, 2.6506543159484863
84, 4.498453140258789, 0.07754743099212646, 2.6506543159484863
85, 4.498453140258789, 0.07754743099212646, 2.6506543159484863
86, 4.498453140258789, 0.07754743099212646, 2.6506543159484863
87, 4.498453140258789, 0.07754743099212646, 2.6506540775299072
88, -11.989028930664062, 2.8048131465911865, -5.281318187713623
