1, 1.0229631662368774, 2.0644748210906982, -0.2873844802379608
2, 1.0229631662368774, 2.0644748210906982, -0.2873844802379608
3, 1.0229631662368774, 2.0644748210906982, -0.2873844802379608
4, 1.0229631662368774, 2.0644748210906982, -0.2873844802379608
5, 1.0229631662368774, 2.0644748210906982, -0.2873844802379608
6, 1.0229631662368774, 2.0644748210906982, -0.2873844802379608
7, 1.0229631662368774, 2.0644748210906982, -0.2873844802379608
8, 1.0229631662368774, 2.0644748210906982, -0.2873844802379608
9, 1.0229631662368774, 2.0644748210906982, -0.2873844802379608
10, 1.0229631662368774, 2.0644748210906982, -0.2873844802379608
11, 1.0229631662368774, 2.0644748210906982, -0.2873844802379608
12, 1.0229631662368774, 2.0644748210906982, -0.2873844802379608
13, 1.0229631662368774, 2.0644748210906982, -0.2873844802379608
14, 1.0229631662368774, 2.0644748210906982, -0.2873844802379608
15, 1.0229631662368774, 2.0644748210906982, -0.2873844802379608
16, 1.0229631662368774, 2.0644748210906982, -0.2873844802379608
17, 1.0229631662368774, 2.0644748210906982, -0.2873844802379608
18, 1.0229631662368774, 2.0644748210906982, -0.2873844802379608
19, 1.2635276317596436, 2.0644748210906982, -0.21934983134269714
20, 1.5040922164916992, 2.0644748210906982, -0.15131518244743347
21, 1.7446568012237549, 2.0644748210906982, -0.0832805335521698
22, 1.7446568012237549, 2.0644748210906982, -0.0832805335521698
23, 1.91897451877594, 2.0644748210906982, 0.09592148661613464
24, 1.91897451877594, 2.0644748210906982, 0.09592148661613464
25, 1.9803370237350464, 2.0644748210906982, 0.338273823261261
26, 2.0416996479034424, 2.0644748210906982, 0.5806261301040649
27, 2.103062152862549, 2.0644748210906982, 0.8229784965515137
28, 2.1644246578216553, 2.0644748210906982, 1.0653308629989624
29, 2.2257871627807617, 2.0644748210906982, 1.3076832294464111
30, 2.287149667739868, 2.0644748210906982, 1.5500355958938599
31, 2.3485121726989746, 2.0644748210906982, 1.7923879623413086
32, 2.3485121726989746, 2.0644748210906982, 1.7923879623413086
33, 2.280477523803711, 2.0644748210906982, 2.0329525470733643
34, 2.2124428749084473, 2.0644748210906982, 2.27351713180542
35, 2.2124428749084473, 2.0644748210906982, 2.27351713180542
36, 2.2738053798675537, 2.0644748210906982, 2.515869379043579
37, 2.2738053798675537, 2.0644748210906982, 2.515869379043579
38, 2.2738053798675537, 2.0644748210906982, 2.515869379043579
39, 2.33516788482666, 2.0644748210906982, 2.7582216262817383
40, 2.33516788482666, 2.0644748210906982, 2.7582216262817383
41, 2.33516788482666, 2.0644748210906982, 2.7582216262817383
42, 2.33516788482666, 2.0644748210906982, 2.7582216262817383
43, 2.5094854831695557, 2.0644748210906982, 2.9374237060546875
44, 2.5094854831695557, 2.0644748210906982, 2.9374237060546875
45, 2.7500500679016113, 2.0644748210906982, 3.005458354949951
46, 2.990614652633667, 2.0644748210906982, 3.073493003845215
47, 3.2311792373657227, 2.0644748210906982, 3.1415276527404785
48, 3.2311792373657227, 2.0644748210906982, 3.1415276527404785
49, 3.2311792373657227, 2.0644748210906982, 3.1415276527404785
50, 3.4717438220977783, 2.0644748210906982, 3.209562301635742
51, 3.4717438220977783, 2.0644748210906982, 3.209562301635742
52, 3.7140960693359375, 2.0644748210906982, 3.1481997966766357
53, 3.9564483165740967, 2.0644748210906982, 3.0868372917175293
54, 4.198800563812256, 2.0644748210906982, 3.025474786758423
55, 4.198800563812256, 2.0644748210906982, 3.025474786758423
56, 4.439364910125732, 2.0644748210906982, 3.0935094356536865
57, 4.679929256439209, 2.0644748210906982, 3.16154408454895
58, 4.679929256439209, 2.0644748210906982, 3.16154408454895
59, 4.854247093200684, 2.0644748210906982, 3.3407461643218994
60, 4.854247093200684, 2.0644748210906982, 3.3407461643218994
61, 4.915609836578369, 2.0644748210906982, 3.5830984115600586
62, 4.915609836578369, 2.0644748210906982, 3.5830984115600586
63, 4.915609836578369, 2.0644748210906982, 3.5830984115600586
64, 5.156174182891846, 2.0644748210906982, 3.6511330604553223
65, 5.156174182891846, 2.0644748210906982, 3.6511330604553223
66, 5.398526668548584, 2.0644748210906982, 3.589770555496216
67, 5.640879154205322, 2.0644748210906982, 3.5284080505371094
68, 5.640879154205322, 2.0644748210906982, 3.5284080505371094
69, 5.881443500518799, 2.0644748210906982, 3.596442699432373
70, 6.122007846832275, 2.0644748210906982, 3.6644773483276367
71, 6.362572193145752, 2.0644748210906982, 3.7325119972229004
72, 6.6031365394592285, 2.0644748210906982, 3.800546646118164
73, 6.6031365394592285, 2.0644748210906982, 3.800546646118164
74, 6.777454376220703, 2.0644748210906982, 3.9797487258911133
75, 6.951772212982178, 2.0644748210906982, 4.1589508056640625
76, 7.126090049743652, 2.0644748210906982, 4.338152885437012
77, 7.300407886505127, 2.0644748210906982, 4.517354965209961
78, 7.474725723266602, 2.0644748210906982, 4.69655704498291
79, 7.474725723266602, 2.0644748210906982, 4.69655704498291
80, 7.474725723266602, 2.0644748210906982, 4.69655704498291
81, 7.474725723266602, 2.0644748210906982, 4.69655704498291
82, 7.474725723266602, 2.0644748210906982, 4.69655704498291
83, 7.474725723266602, 2.0644748210906982, 4.69655704498291
84, 7.474725723266602, 2.0644748210906982, 4.69655704498291
85, 7.300407886505127, 2.0644748210906982, 4.517354965209961
86, 7.300407886505127, 2.0644748210906982, 4.517354965209961
87, 7.239045143127441, 2.0644748210906982, 4.275002479553223
88, 7.177682399749756, 2.0644748210906982, 4.032649993896484
89, 7.11631965637207, 2.0644748210906982, 3.790297746658325
90, 7.054956912994385, 2.0644748210906982, 3.547945499420166
91, 6.993594169616699, 2.0644748210906982, 3.305593252182007
92, 6.993594169616699, 2.0644748210906982, 3.305593252182007
93, 7.061628818511963, 2.0644748210906982, 3.065028667449951
94, 7.129663467407227, 2.0644748210906982, 2.8244640827178955
95, 7.19769811630249, 2.0644748210906982, 2.58389949798584
96, 7.19769811630249, 2.0644748210906982, 2.58389949798584
97, 7.3769001960754395, 2.0644748210906982, 2.4095818996429443
98, 7.556102275848389, 2.0644748210906982, 2.235264301300049
99, 7.735304355621338, 2.0644748210906982, 2.0609467029571533
100, 7.914506435394287, 2.0644748210906982, 1.8866291046142578
101, 7.914506435394287, 2.0644748210906982, 1.8866291046142578
102, 8.156858444213867, 2.0644748210906982, 1.8252665996551514
103, 8.210872650146484, 2.0644748210906982, 1.8115904331207275
104, 8.210872650146484, 2.0644748210906982, 1.811590552330017
105, 8.210872650146484, 2.0644748210906982, 1.811590552330017
106, 8.210872650146484, 2.0644748210906982, 1.811590313911438
107, 8.210872650146484, 2.0644748210906982, 1.811590313911438
108, 8.278907775878906, 2.0644748210906982, 1.5710258483886719
109, 8.278907775878906, 2.0644748210906982, 1.5710258483886719
110, 8.278907775878906, 2.0644748210906982, 1.5710258483886719
111, 8.278907775878906, 2.0644748210906982, 1.5710258483886719
112, 8.278907775878906, 2.0644748210906982, 1.5710258483886719
113, 8.278907775878906, 2.0644748210906982, 1.5710258483886719
114, 8.278907775878906, 2.0644748210906982, 1.5710258483886719
115, 8.278907775878906, 2.0644748210906982, 1.5710258483886719
116, 8.278907775878906, 2.0644748210906982, 1.5710258483886719
117, 8.278907775878906, 2.0644748210906982, 1.5710258483886719
118, 8.099705696105957, 2.0644748210906982, 1.745343565940857
119, 7.920503616333008, 2.0644748210906982, 1.919661283493042
120, 7.741301536560059, 2.0644748210906982, 2.0939788818359375
121, 7.562099456787109, 2.0644748210906982, 2.268296718597412
122, 7.38289737701416, 2.0644748210906982, 2.4426145553588867
123, 7.203695297241211, 2.0644748210906982, 2.6169323921203613
124, 7.024493217468262, 2.0644748210906982, 2.791250228881836
125, 7.024493217468262, 2.0644748210906982, 2.791250228881836
126, 6.782140731811523, 2.0644748210906982, 2.8526127338409424
127, 6.539788246154785, 2.0644748210906982, 2.913975238800049
128, 6.297435760498047, 2.0644748210906982, 2.9753377437591553
129, 6.055083274841309, 2.0644748210906982, 3.0367002487182617
130, 5.81273078918457, 2.0644748210906982, 3.098062753677368
131, 5.570378303527832, 2.0644748210906982, 3.1594252586364746
132, 5.328025817871094, 2.0644748210906982, 3.220787763595581
133, 5.0856733322143555, 2.0644748210906982, 3.2821502685546875
134, 5.0856733322143555, 2.0644748210906982, 3.2821502685546875
135, 4.845108985900879, 2.0644748210906982, 3.214115619659424
136, 4.604544639587402, 2.0644748210906982, 3.14608097076416
137, 4.363980293273926, 2.0644748210906982, 3.0780463218688965
138, 4.363980293273926, 2.0644748210906982, 3.0780463218688965
139, 4.1216278076171875, 2.0644748210906982, 3.139408826828003
140, 3.8792755603790283, 2.0644748210906982, 3.2007713317871094
141, 3.8792755603790283, 2.0644748210906982, 3.2007713317871094
142, 3.700073480606079, 2.0644748210906982, 3.375088930130005
143, 3.700073480606079, 2.0644748210906982, 3.375088930130005
144, 3.700073480606079, 2.0644748210906982, 3.375088930130005
145, 3.700073480606079, 2.0644748210906982, 3.375088930130005
146, 3.700073480606079, 2.0644748210906982, 3.375088930130005
147, 3.700073480606079, 2.0644748210906982, 3.375088930130005
148, 3.700073480606079, 2.0644748210906982, 3.375088930130005
149, 3.700073480606079, 2.0644748210906982, 3.375088930130005
150, 3.9424257278442383, 2.0644748210906982, 3.3137264251708984
151, 4.184778213500977, 2.0644748210906982, 3.252363920211792
152, 4.427130699157715, 2.0644748210906982, 3.1910014152526855
153, 4.669483184814453, 2.0644748210906982, 3.129638910293579
154, 4.911835670471191, 2.0644748210906982, 3.0682764053344727
155, 4.911835670471191, 2.0644748210906982, 3.0682764053344727
156, 4.911835670471191, 2.0644748210906982, 3.0682764053344727
157, 4.911835670471191, 2.0644748210906982, 3.0682764053344727
158, 5.091037750244141, 2.0644748210906982, 2.893958806991577
159, 5.091037750244141, 2.0644748210906982, 2.893958806991577
160, 5.091037750244141, 2.0644748210906982, 2.893958806991577
161, 5.091037750244141, 2.0644748210906982, 2.893958806991577
162, 5.091037750244141, 2.0644748210906982, 2.893958806991577
163, 5.331602096557617, 2.0644748210906982, 2.961993455886841
164, 5.572166442871094, 2.0644748210906982, 3.0300281047821045
165, 5.81273078918457, 2.0644748210906982, 3.098062753677368
166, 5.81273078918457, 2.0644748210906982, 3.098062753677368
167, 6.055083274841309, 2.0644748210906982, 3.0367002487182617
168, 6.297435760498047, 2.0644748210906982, 2.9753377437591553
169, 6.539788246154785, 2.0644748210906982, 2.913975238800049
170, 6.782140731811523, 2.0644748210906982, 2.8526127338409424
171, 6.782140731811523, 2.0644748210906982, 2.8526127338409424
172, 6.961342811584473, 2.0644748210906982, 2.678295135498047
173, 7.140544891357422, 2.0644748210906982, 2.5039775371551514
174, 7.319746971130371, 2.0644748210906982, 2.329659938812256
175, 7.49894905090332, 2.0644748210906982, 2.1553423404693604
176, 7.6781511306762695, 2.0644748210906982, 1.9810247421264648
177, 7.6781511306762695, 2.0644748210906982, 1.9810247421264648
178, 7.6781511306762695, 2.0644748210906982, 1.9810247421264648
179, 7.6781511306762695, 2.0644748210906982, 1.9810247421264648
180, 7.6781511306762695, 2.0644748210906982, 1.9810247421264648
181, 7.6781511306762695, 2.0644748210906982, 1.9810247421264648
182, 7.6781511306762695, 2.0644748210906982, 1.9810247421264648
183, 7.49894905090332, 2.0644748210906982, 2.1553425788879395
184, 7.319746971130371, 2.0644748210906982, 2.329660415649414
185, 7.140544891357422, 2.0644748210906982, 2.5039782524108887
186, 6.961342811584473, 2.0644748210906982, 2.6782960891723633
187, 6.782140731811523, 2.0644748210906982, 2.852613925933838
188, 6.782140731811523, 2.0644748210906982, 2.852613925933838
189, 6.539788246154785, 2.0644748210906982, 2.9139764308929443
190, 6.297435760498047, 2.0644748210906982, 2.975338935852051
191, 6.055083274841309, 2.0644748210906982, 3.0367014408111572
192, 6.055083274841309, 2.0644748210906982, 3.0367014408111572
193, 5.814518928527832, 2.0644748210906982, 2.9686667919158936
194, 5.5739545822143555, 2.0644748210906982, 2.90063214302063
195, 5.5739545822143555, 2.0644748210906982, 2.90063214302063
196, 5.5739545822143555, 2.0644748210906982, 2.90063214302063
197, 5.5739545822143555, 2.0644748210906982, 2.90063214302063
198, 5.5739545822143555, 2.0644748210906982, 2.90063214302063
199, 5.5739545822143555, 2.0644748210906982, 2.90063214302063
200, 5.5739545822143555, 2.0644748210906982, 2.90063214302063
201, 5.814518928527832, 2.0644748210906982, 2.9686667919158936
202, 6.055083274841309, 2.0644748210906982, 3.0367014408111572
203, 6.055083274841309, 2.0644748210906982, 3.0367014408111572
204, 6.297435760498047, 2.0644748210906982, 2.975338935852051
205, 6.539788246154785, 2.0644748210906982, 2.9139764308929443
206, 6.782140731811523, 2.0644748210906982, 2.852613925933838
207, 6.782140731811523, 2.0644748210906982, 2.852613925933838
208, 6.961342811584473, 2.0644748210906982, 2.6782963275909424
209, 7.140544891357422, 2.0644748210906982, 2.503978729248047
210, 7.319746971130371, 2.0644748210906982, 2.3296611309051514
211, 7.49894905090332, 2.0644748210906982, 2.155343532562256
212, 7.6781511306762695, 2.0644748210906982, 1.9810259342193604
213, 7.6781511306762695, 2.0644748210906982, 1.9810259342193604
214, 7.6781511306762695, 2.0644748210906982, 1.9810259342193604
215, 7.6781511306762695, 2.0644748210906982, 1.9810259342193604
216, 7.6781511306762695, 2.0644748210906982, 1.9810259342193604
217, 7.6781511306762695, 2.0644748210906982, 1.9810259342193604
218, 7.6781511306762695, 2.0644748210906982, 1.9810259342193604
219, 7.49894905090332, 2.0644748210906982, 2.155343532562256
220, 7.319746971130371, 2.0644748210906982, 2.3296611309051514
221, 7.140544891357422, 2.0644748210906982, 2.503978729248047
222, 6.961342811584473, 2.0644748210906982, 2.6782963275909424
223, 6.782140731811523, 2.0644748210906982, 2.852613925933838
224, 6.782140731811523, 2.0644748210906982, 2.852613925933838
225, 6.539788246154785, 2.0644748210906982, 2.9139764308929443
226, 6.297435760498047, 2.0644748210906982, 2.975338935852051
227, 6.055083274841309, 2.0644748210906982, 3.0367014408111572
228, 6.055083274841309, 2.0644748210906982, 3.0367014408111572
229, 5.814518928527832, 2.0644748210906982, 2.9686667919158936
230, 5.5739545822143555, 2.0644748210906982, 2.90063214302063
231, 5.5739545822143555, 2.0644748210906982, 2.90063214302063
232, 5.5739545822143555, 2.0644748210906982, 2.90063214302063
233, 5.5739545822143555, 2.0644748210906982, 2.90063214302063
234, 5.5739545822143555, 2.0644748210906982, 2.90063214302063
235, 5.5739545822143555, 2.0644748210906982, 2.90063214302063
236, 5.331602096557617, 2.0644748210906982, 2.9619946479797363
237, 5.089249610900879, 2.0644748210906982, 3.0233571529388428
238, 4.846897125244141, 2.0644748210906982, 3.084719657897949
239, 4.604544639587402, 2.0644748210906982, 3.1460821628570557
240, 4.362192153930664, 2.0644748210906982, 3.207444667816162
241, 4.119839668273926, 2.0644748210906982, 3.2688071727752686
242, 3.8774874210357666, 2.0644748210906982, 3.330169677734375
243, 3.6351351737976074, 2.0644748210906982, 3.3915321826934814
244, 3.6351351737976074, 2.0644748210906982, 3.3915321826934814
245, 3.3945705890655518, 2.0644748210906982, 3.3234975337982178
246, 3.154006004333496, 2.0644748210906982, 3.255462884902954
247, 2.9134414196014404, 2.0644748210906982, 3.1874282360076904
248, 2.6728768348693848, 2.0644748210906982, 3.1193935871124268
249, 2.6728768348693848, 2.0644748210906982, 3.1193935871124268
250, 2.4985592365264893, 2.0644748210906982, 2.9401915073394775
251, 2.3242416381835938, 2.0644748210906982, 2.7609894275665283
252, 2.3242416381835938, 2.0644748210906982, 2.7609894275665283
253, 2.2628791332244873, 2.0644748210906982, 2.518637180328369
254, 2.2628791332244873, 2.0644748210906982, 2.518637180328369
255, 2.2628791332244873, 2.0644748210906982, 2.518637180328369
256, 2.2628791332244873, 2.0644748210906982, 2.518637180328369
257, 2.2628791332244873, 2.0644748210906982, 2.518637180328369
258, 2.2628791332244873, 2.0644748210906982, 2.518637180328369
259, 2.2628791332244873, 2.0644748210906982, 2.518637180328369
260, 2.3242416381835938, 2.0644748210906982, 2.7609894275665283
261, 2.3242416381835938, 2.0644748210906982, 2.7609894275665283
262, 2.4985592365264893, 2.0644748210906982, 2.9401915073394775
263, 2.4985592365264893, 2.0644748210906982, 2.9401915073394775
264, 2.739123821258545, 2.0644748210906982, 3.008226156234741
265, 2.9796884059906006, 2.0644748210906982, 3.076260805130005
266, 3.2202529907226562, 2.0644748210906982, 3.1442954540252686
267, 3.460817575454712, 2.0644748210906982, 3.2123301029205322
268, 3.7013821601867676, 2.0644748210906982, 3.280364751815796
269, 3.7013821601867676, 2.0644748210906982, 3.280364751815796
270, 3.9437344074249268, 2.0644748210906982, 3.2190022468566895
271, 4.186086654663086, 2.0644748210906982, 3.157639741897583
272, 4.428439140319824, 2.0644748210906982, 3.0962772369384766
273, 4.6707916259765625, 2.0644748210906982, 3.03491473197937
274, 4.913144111633301, 2.0644748210906982, 2.9735522270202637
275, 4.913144111633301, 2.0644748210906982, 2.9735522270202637
276, 5.09234619140625, 2.0644748210906982, 2.799234628677368
277, 5.271548271179199, 2.0266902446746826, 2.6249170303344727
278, 5.271548271179199, 2.0266902446746826, 2.6249170303344727
279, 5.339582920074463, 1.8970003128051758, 2.384352445602417
280, 5.339582920074463, 1.8970003128051758, 2.384352445602417
281, 5.2782206535339355, 1.7515003681182861, 2.142000198364258
282, 5.216858386993408, 1.6060006618499756, 1.899647831916809
283, 5.155496120452881, 1.460500717163086, 1.6572954654693604
284, 5.155496120452881, 1.460500717163086, 1.6572954654693604
285, 5.2235307693481445, 1.3299676179885864, 1.4167309999465942
286, 5.291565418243408, 1.1924612522125244, 1.1761665344238281
287, 5.291565418243408, 1.1924612522125244, 1.1761665344238281
288, 5.230203151702881, 1.043517827987671, 0.9338142275810242
289, 5.230203151702881, 1.043517827987671, 0.9338142275810242
290, 5.230203151702881, 1.043517827987671, 0.9338142275810242
291, 5.1688408851623535, 0.8724218010902405, 0.6914619207382202
292, 5.1688408851623535, 0.8724218010902405, 0.6914619207382202
293, 4.994523048400879, 0.6988650560379028, 0.5122599005699158
294, 4.994523048400879, 0.6988650560379028, 0.5122599005699158
295, 4.994523048400879, 0.6988650560379028, 0.5122599005699158
296, 4.994523048400879, 0.6988650560379028, 0.5122599005699158
297, 4.943802356719971, 0.6822471022605896, 0.49791544675827026
298, 4.943802356719971, 0.6822471022605896, 0.49791544675827026
299, 4.943802356719971, 0.6822471022605896, 0.49791544675827026
300, 4.943802356719971, 0.6822471022605896, 0.49791544675827026
301, 4.943802356719971, 0.6822471022605896, 0.49791544675827026
302, 4.769484519958496, 0.6644748449325562, 0.3187134265899658
303, 4.769484519958496, 0.6644748449325562, 0.3187134265899658
304, 4.5289201736450195, 0.6644748449325562, 0.2506787180900574
305, 4.5289201736450195, 0.6644748449325562, 0.2506787180900574
306, 4.5289201736450195, 0.6644748449325562, 0.2506787180900574
307, 4.5289201736450195, 0.6644748449325562, 0.2506787180900574
308, 4.5289201736450195, 0.6644748449325562, 0.2506787180900574
309, 4.5289201736450195, 0.6644748449325562, 0.2506787180900574
310, 4.5289201736450195, 0.6644748449325562, 0.2506787180900574
311, 4.5289201736450195, 0.6644748449325562, 0.2506787180900574
312, 4.5289201736450195, 0.6644748449325562, 0.2506787180900574
313, 4.5289201736450195, 0.6644748449325562, 0.2506787180900574
314, 4.5289201736450195, 0.6644748449325562, 0.2506787180900574
315, 4.5289201736450195, 0.6644748449325562, 0.2506787180900574
316, 4.5289201736450195, 0.6644748449325562, 0.2506787180900574
317, 4.5289201736450195, 0.6644748449325562, 0.2506787180900574
318, 4.5289201736450195, 0.6644748449325562, 0.2506787180900574
319, 4.769484519958496, 0.6644748449325562, 0.3187134265899658
320, 5.010048866271973, 0.6644748449325562, 0.38674813508987427
321, 5.010048866271973, 0.6644748449325562, 0.38674813508987427
322, 5.010048866271973, 0.6644748449325562, 0.38674813508987427
323, 5.010048866271973, 0.6644748449325562, 0.38674813508987427
324, 5.010048866271973, 0.6644748449325562, 0.38674813508987427
325, 4.948686599731445, 0.6644748449325562, 0.14439581334590912
326, 4.948686599731445, 0.6644748449325562, 0.14439581334590912
327, 4.948686599731445, 0.6644748449325562, 0.14439581334590912
328, 4.948686599731445, 0.6644748449325562, 0.14439581334590912
329, 4.706334114074707, 0.6644748449325562, 0.20575831830501556
330, 4.706334114074707, 0.6644748449325562, 0.20575831830501556
331, 4.527132034301758, 0.6644748449325562, 0.38007593154907227
332, 4.347929954528809, 0.6644748449325562, 0.5543935298919678
333, 4.168727874755859, 0.6644748449325562, 0.7287111282348633
334, 4.168727874755859, 0.6644748449325562, 0.7287111282348633
335, 4.168727874755859, 0.6644748449325562, 0.7287111282348633
336, 4.168727874755859, 0.6644748449325562, 0.7287111282348633
337, 4.168727874755859, 0.6644748449325562, 0.7287111282348633
338, 4.168727874755859, 0.6644748449325562, 0.7287111282348633
339, 4.168727874755859, 0.6644748449325562, 0.7287111282348633
340, 4.347929954528809, 0.6644748449325562, 0.5543935298919678
341, 4.527132034301758, 0.6644748449325562, 0.38007593154907227
342, 4.527132034301758, 0.6644748449325562, 0.38007593154907227
343, 4.769484519958496, 0.6644748449325562, 0.3187134861946106
344, 4.769484519958496, 0.6644748449325562, 0.3187134861946106
345, 4.769484519958496, 0.6644748449325562, 0.3187134861946106
346, 7.612753868103027, -0.5355252027511597, -0.39716699719429016
