1, 19.606393814086914, 0.09943583607673645, -0.9405426383018494
2, 19.606393814086914, 0.09943583607673645, -0.9405426383018494
3, 19.606393814086914, 0.09943583607673645, -0.9405426383018494
4, 19.606393814086914, 0.09943583607673645, -0.9405426383018494
5, 19.606393814086914, 0.09943583607673645, -0.9405426383018494
6, 19.606393814086914, 0.09943583607673645, -0.9405426383018494
7, 19.606393814086914, 0.09943583607673645, -0.9405426383018494
8, 19.606393814086914, 0.09943583607673645, -0.9405426383018494
9, 19.606393814086914, 0.09943583607673645, -0.9405426383018494
10, 19.606393814086914, 0.09943583607673645, -0.9405426383018494
11, 19.606393814086914, 0.09943583607673645, -0.9405426383018494
12, 19.606393814086914, 0.09943583607673645, -0.9405426383018494
13, 19.606393814086914, 0.09943583607673645, -0.9405426383018494
14, 19.606393814086914, 0.09943583607673645, -0.9405426383018494
15, 19.59634780883789, 0.09943583607673645, -0.6907446384429932
16, 19.586301803588867, 0.09943583607673645, -0.4409466087818146
17, 19.586301803588867, 0.09943583607673645, -0.4409466087818146
18, 19.586301803588867, 0.09943583607673645, -0.4409466087818146
19, 19.797609329223633, 0.09943583607673645, -0.3073468506336212
20, 19.797609329223633, 0.09943583607673645, -0.3073468506336212
21, 20.047407150268555, 0.09943583607673645, -0.2973001003265381
22, 20.297204971313477, 0.09943583607673645, -0.28725335001945496
23, 20.297204971313477, 0.09943583607673645, -0.28725335001945496
24, 20.5185604095459, 0.09943583607673645, -0.4034516215324402
25, 20.5185604095459, 0.09943583607673645, -0.4034516215324402
26, 20.76835823059082, 0.09943583607673645, -0.39340487122535706
27, 21.018156051635742, 0.09943583607673645, -0.3833581209182739
28, 21.018156051635742, 0.09943583607673645, -0.3833581209182739
29, 21.229463577270508, 0.09943583607673645, -0.24975836277008057
30, 21.229463577270508, 0.09943583607673645, -0.24975836277008057
31, 21.290590286254883, 0.09943583607673645, -0.2472998946905136
32, 21.290590286254883, 0.09943583607673645, -0.2472998946905136
33, 21.290590286254883, 0.09943583607673645, -0.2472998946905136
34, 21.290590286254883, 0.09943583607673645, -0.2472998946905136
35, 21.290590286254883, 0.09943583607673645, -0.2472998946905136
36, 21.384920120239258, 0.09943583607673645, -0.06760275363922119
37, 21.384920120239258, 0.09943583607673645, -0.06760275363922119
38, 21.384920120239258, 0.09943583607673645, -0.06760275363922119
39, 21.384920120239258, 0.09943583607673645, -0.06760275363922119
40, 21.384920120239258, 0.09943583607673645, -0.06760275363922119
41, 21.63471794128418, 0.09943583607673645, -0.057555973529815674
42, 21.81537628173828, 0.09943583607673645, -0.05028993636369705
43, 21.81537628173828, 0.09943583607673645, -0.05028993636369705
44, 21.909523010253906, 0.09943583607673645, 0.009234428405761719
45, 21.909523010253906, 0.09943583607673645, 0.009234428405761719
46, 21.909523010253906, 0.09943583607673645, 0.009234428405761719
47, 22.130878448486328, 0.09943583607673645, -0.10696382820606232
48, 22.35223388671875, 0.09943583607673645, -0.22316208481788635
49, 22.573589324951172, 0.09943583607673645, -0.3393603563308716
50, 22.573589324951172, 0.09943583607673645, -0.3393603563308716
51, 22.707189559936523, 0.09943583607673645, -0.5506684184074402
52, 22.840789794921875, 0.09943583607673645, -0.7619764804840088
53, 22.840789794921875, 0.09943583607673645, -0.7619764804840088
54, 23.062145233154297, 0.09943583607673645, -0.8781747221946716
55, 23.28350067138672, 0.09943583607673645, -0.9943729639053345
56, 23.50485610961914, 0.09943583607673645, -1.1105711460113525
57, 23.50485610961914, 0.09943583607673645, -1.1105711460113525
58, 23.754653930664062, 0.09943583607673645, -1.1005244255065918
59, 24.004451751708984, 0.09943583607673645, -1.090477705001831
60, 24.004451751708984, 0.09943583607673645, -1.090477705001831
61, 24.004451751708984, 0.09943583607673645, -1.090477705001831
62, 24.004451751708984, 0.09943583607673645, -1.090477705001831
63, 24.004451751708984, 0.09943583607673645, -1.090477705001831
64, 24.004451751708984, 0.09943583607673645, -1.090477705001831
65, 23.783096313476562, 0.09943583607673645, -0.974279522895813
66, 23.783096313476562, 0.09943583607673645, -0.974279522895813
67, 23.53329849243164, 0.09943583607673645, -0.9843263626098633
68, 23.28350067138672, 0.09943583607673645, -0.9943732023239136
69, 23.28350067138672, 0.09943583607673645, -0.9943732023239136
70, 23.28350067138672, 0.09943583607673645, -0.9943732023239136
71, 23.28350067138672, 0.09943583607673645, -0.9943732023239136
72, 23.28350067138672, 0.09943583607673645, -0.9943732023239136
73, 23.28350067138672, 0.09943583607673645, -0.9943732023239136
74, 23.28350067138672, 0.09943583607673645, -0.9943732023239136
75, 23.28350067138672, 0.09943583607673645, -0.9943732023239136
76, 23.50485610961914, 0.09943583607673645, -1.1105713844299316
77, 23.50485610961914, 0.09943583607673645, -1.1105713844299316
78, 23.754653930664062, 0.09943583607673645, -1.1005245447158813
79, 24.004451751708984, 0.09943583607673645, -1.090477705001831
80, 24.004451751708984, 0.09943583607673645, -1.090477705001831
81, 24.21575927734375, 0.09943583607673645, -0.9568778276443481
82, 24.21575927734375, 0.09943583607673645, -0.9568778276443481
83, 24.21575927734375, 0.09943583607673645, -0.9568778276443481
84, 24.21575927734375, 0.09943583607673645, -0.9568778276443481
85, 24.21575927734375, 0.09943583607673645, -0.9568778276443481
86, 24.21575927734375, 0.09943583607673645, -0.9568778276443481
87, 23.965961456298828, 0.09943583607673645, -0.9669246673583984
88, 23.716163635253906, 0.09943583607673645, -0.9769715070724487
89, 23.466365814208984, 0.09943583607673645, -0.987018346786499
90, 23.466365814208984, 0.09943583607673645, -0.987018346786499
91, 23.466365814208984, 0.09943583607673645, -0.987018346786499
92, 23.466365814208984, 0.09943583607673645, -0.987018346786499
93, 23.466365814208984, 0.09943583607673645, -0.987018346786499
94, 23.466365814208984, 0.09943583607673645, -0.987018346786499
95, 23.466365814208984, 0.09943583607673645, -0.987018346786499
96, 23.466365814208984, 0.09943583607673645, -0.987018346786499
97, 23.687721252441406, 0.09943583607673645, -1.1032164096832275
98, 23.909076690673828, 0.09943583607673645, -1.219414472579956
99, 23.909076690673828, 0.09943583607673645, -1.219414472579956
100, 24.15887451171875, 0.09943583607673645, -1.2093675136566162
101, 24.15887451171875, 0.09943583607673645, -1.2093675136566162
102, 24.15887451171875, 0.09943583607673645, -1.2093675136566162
103, 24.15887451171875, 0.09943583607673645, -1.2093675136566162
104, 24.15887451171875, 0.09943583607673645, -1.2093675136566162
105, 24.15887451171875, 0.09943583607673645, -1.2093675136566162
106, 24.15887451171875, 0.09943583607673645, -1.2093675136566162
107, 23.909076690673828, 0.09943583607673645, -1.2194143533706665
108, 23.659278869628906, 0.09943583607673645, -1.2294611930847168
109, 23.659278869628906, 0.09943583607673645, -1.2294611930847168
110, 23.437923431396484, 0.09943583607673645, -1.1132630109786987
111, 23.437923431396484, 0.09943583607673645, -1.1132630109786987
112, 23.188125610351562, 0.09943583607673645, -1.123309850692749
113, 23.188125610351562, 0.09943583607673645, -1.123309850692749
114, 23.188125610351562, 0.09943583607673645, -1.123309850692749
115, 23.188125610351562, 0.09943583607673645, -1.123309850692749
116, 23.188125610351562, 0.09943583607673645, -1.123309850692749
117, 22.93832778930664, 0.09943583607673645, -1.1333566904067993
118, 22.68852996826172, 0.09943583607673645, -1.1434035301208496
119, 22.68852996826172, 0.09943583607673645, -1.1434035301208496
120, 22.68852996826172, 0.09943583607673645, -1.1434035301208496
121, 22.68852996826172, 0.09943583607673645, -1.1434035301208496
122, 22.68852996826172, 0.09943583607673645, -1.1434035301208496
123, 22.68852996826172, 0.09943583607673645, -1.1434035301208496
124, 22.68852996826172, 0.09943583607673645, -1.1434035301208496
125, 22.93832778930664, 0.09943583607673645, -1.1333565711975098
126, 23.188125610351562, 0.09943583607673645, -1.12330961227417
127, 23.437923431396484, 0.09943583607673645, -1.11326265335083
128, 23.687721252441406, 0.09943583607673645, -1.1032156944274902
129, 23.937519073486328, 0.09943583607673645, -1.0931687355041504
130, 24.18731689453125, 0.09943583607673645, -1.0831217765808105
131, 24.18731689453125, 0.09943583607673645, -1.0831217765808105
132, 24.18731689453125, 0.09943583607673645, -1.0831217765808105
133, 24.18731689453125, 0.09943583607673645, -1.0831217765808105
134, 24.18731689453125, 0.09943583607673645, -1.0831217765808105
135, 24.18731689453125, 0.09943583607673645, -1.0831217765808105
136, 24.18731689453125, 0.09943583607673645, -1.0831217765808105
137, 23.937519073486328, 0.09943583607673645, -1.0931686162948608
138, 23.687721252441406, 0.09943583607673645, -1.1032154560089111
139, 23.687721252441406, 0.09943583607673645, -1.1032154560089111
140, 23.466365814208984, 0.09943583607673645, -0.9870172739028931
141, 23.466365814208984, 0.09943583607673645, -0.9870172739028931
142, 23.216567993164062, 0.09943583607673645, -0.9970641136169434
143, 23.216567993164062, 0.09943583607673645, -0.9970641136169434
144, 23.216567993164062, 0.09943583607673645, -0.9970641136169434
145, 23.216567993164062, 0.09943583607673645, -0.9970641136169434
146, 23.216567993164062, 0.09943583607673645, -0.9970641136169434
147, 23.216567993164062, 0.09943583607673645, -0.9970641136169434
148, 23.216567993164062, 0.09943583607673645, -0.9970641136169434
149, 23.216567993164062, 0.09943583607673645, -0.9970641136169434
150, 23.216567993164062, 0.09943583607673645, -0.9970641136169434
151, 23.216567993164062, 0.09943583607673645, -0.9970641136169434
152, 23.437923431396484, 0.09943583607673645, -1.1132621765136719
153, 23.437923431396484, 0.09943583607673645, -1.1132621765136719
154, 23.687721252441406, 0.09943583607673645, -1.103215217590332
155, 23.937519073486328, 0.09943583607673645, -1.0931682586669922
156, 24.18731689453125, 0.09943583607673645, -1.0831212997436523
157, 24.18731689453125, 0.09943583607673645, -1.0831212997436523
158, 24.18731689453125, 0.09943583607673645, -1.0831212997436523
159, 24.18731689453125, 0.09943583607673645, -1.0831212997436523
160, 24.18731689453125, 0.09943583607673645, -1.0831212997436523
161, 24.18731689453125, 0.09943583607673645, -1.0831212997436523
162, 24.18731689453125, 0.09943583607673645, -1.0831212997436523
163, 23.937519073486328, 0.09943583607673645, -1.0931681394577026
164, 23.687721252441406, 0.09943583607673645, -1.103214979171753
165, 23.687721252441406, 0.09943583607673645, -1.103214979171753
166, 23.466365814208984, 0.09943583607673645, -0.9870167970657349
167, 23.466365814208984, 0.09943583607673645, -0.9870167970657349
168, 23.216567993164062, 0.09943583607673645, -0.9970636367797852
169, 23.216567993164062, 0.09943583607673645, -0.9970636367797852
170, 23.216567993164062, 0.09943583607673645, -0.9970636367797852
171, 23.216567993164062, 0.09943583607673645, -0.9970636367797852
172, 23.216567993164062, 0.09943583607673645, -0.9970636367797852
173, 23.216567993164062, 0.09943583607673645, -0.9970636367797852
174, 23.216567993164062, 0.09943583607673645, -0.9970636367797852
175, 23.216567993164062, 0.09943583607673645, -0.9970636367797852
176, 23.216567993164062, 0.09943583607673645, -0.9970636367797852
177, 23.216567993164062, 0.09943583607673645, -0.9970636367797852
178, 23.437923431396484, 0.09943583607673645, -1.1132616996765137
179, 23.659278869628906, 0.09943583607673645, -1.2294597625732422
180, 23.659278869628906, 0.09943583607673645, -1.2294597625732422
181, 23.909076690673828, 0.09943583607673645, -1.2194128036499023
182, 23.909076690673828, 0.09943583607673645, -1.2194128036499023
183, 23.909076690673828, 0.09943583607673645, -1.2194128036499023
184, 23.909076690673828, 0.09943583607673645, -1.2194128036499023
185, 23.909076690673828, 0.09943583607673645, -1.2194128036499023
186, 23.909076690673828, 0.09943583607673645, -1.2194128036499023
187, 23.687721252441406, 0.09943583607673645, -1.1032146215438843
188, 23.466365814208984, 0.09943583607673645, -0.9870164394378662
189, 23.466365814208984, 0.09943583607673645, -0.9870164394378662
190, 23.466365814208984, 0.09943583607673645, -0.9870164394378662
191, 23.466365814208984, 0.09943583607673645, -0.9870164394378662
192, 23.466365814208984, 0.09943583607673645, -0.9870164394378662
193, 23.466365814208984, 0.09943583607673645, -0.9870164394378662
194, 23.466365814208984, 0.09943583607673645, -0.9870164394378662
195, 23.687721252441406, 0.09943583607673645, -1.1032145023345947
196, 23.909076690673828, 0.09943583607673645, -1.2194125652313232
197, 23.909076690673828, 0.09943583607673645, -1.2194125652313232
198, 24.15887451171875, 0.09943583607673645, -1.2093656063079834
199, 24.15887451171875, 0.09943583607673645, -1.2093656063079834
200, 24.15887451171875, 0.09943583607673645, -1.2093656063079834
201, 24.15887451171875, 0.09943583607673645, -1.2093656063079834
202, 24.15887451171875, 0.09943583607673645, -1.2093656063079834
203, 24.15887451171875, 0.09943583607673645, -1.2093656063079834
204, 23.937519073486328, 0.09943583607673645, -1.0931674242019653
205, 23.937519073486328, 0.09943583607673645, -1.0931674242019653
206, 23.687721252441406, 0.09943583607673645, -1.1032142639160156
207, 23.437923431396484, 0.09943583607673645, -1.113261103630066
208, 23.437923431396484, 0.09943583607673645, -1.113261103630066
209, 23.216567993164062, 0.09943583607673645, -0.9970629215240479
210, 23.216567993164062, 0.09943583607673645, -0.9970629215240479
211, 23.08296775817871, 0.09943583607673645, -0.785754919052124
212, 23.08296775817871, 0.09943583607673645, -0.785754919052124
213, 23.08296775817871, 0.09943583607673645, -0.785754919052124
214, 23.08296775817871, 0.09943583607673645, -0.785754919052124
215, 23.08296775817871, 0.09943583607673645, -0.785754919052124
216, 23.08296775817871, 0.09943583607673645, -0.785754919052124
217, 23.08296775817871, 0.09943583607673645, -0.785754919052124
218, 23.08296775817871, 0.09943583607673645, -0.785754919052124
219, 23.304323196411133, 0.09943583607673645, -0.9019530415534973
220, 23.525678634643555, 0.09943583607673645, -1.0181511640548706
221, 23.525678634643555, 0.09943583607673645, -1.0181511640548706
222, 23.525678634643555, 0.09943583607673645, -1.0181511640548706
223, 23.747034072875977, 0.09943583607673645, -1.1343493461608887
224, 23.747034072875977, 0.09943583607673645, -1.1343493461608887
225, 23.9968318939209, 0.09943583607673645, -1.1243023872375488
226, 23.9968318939209, 0.09943583607673645, -1.1243023872375488
227, 23.9968318939209, 0.09943583607673645, -1.1243023872375488
228, 23.9968318939209, 0.09943583607673645, -1.1243023872375488
229, 23.9968318939209, 0.09943583607673645, -1.1243023872375488
230, 23.9968318939209, 0.09943583607673645, -1.1243023872375488
231, 23.775476455688477, 0.09943583607673645, -1.0081043243408203
232, 23.775476455688477, 0.09943583607673645, -1.0081043243408203
233, 23.525678634643555, 0.09943583607673645, -1.0181512832641602
234, 23.275880813598633, 0.09943583607673645, -1.0281982421875
235, 23.275880813598633, 0.09943583607673645, -1.0281982421875
236, 23.05452537536621, 0.09943583607673645, -0.9120001196861267
237, 23.05452537536621, 0.09943583607673645, -0.9120001196861267
238, 23.05452537536621, 0.09943583607673645, -0.9120001196861267
239, 23.05452537536621, 0.09943583607673645, -0.9120001196861267
240, 23.05452537536621, 0.09943583607673645, -0.9120001196861267
241, 22.83316993713379, 0.09943583607673645, -0.7958019971847534
242, 22.611814498901367, 0.09943583607673645, -0.6796038746833801
243, 22.611814498901367, 0.09943583607673645, -0.6796038746833801
244, 22.478214263916016, 0.09943583607673645, -0.4682958722114563
245, 22.344614028930664, 0.09943583607673645, -0.25698786973953247
246, 22.344614028930664, 0.09943583607673645, -0.25698786973953247
247, 22.123258590698242, 0.09943583607673645, -0.14078974723815918
248, 21.90190315246582, 0.09943583607673645, -0.02459162473678589
249, 21.90190315246582, 0.09943583607673645, -0.02459162473678589
250, 21.6521053314209, 0.09943583607673645, -0.03463853895664215
251, 21.6521053314209, 0.09943583607673645, -0.03463853895664215
252, 21.457576751708984, 0.09943583607673645, -0.15763017535209656
253, 21.457576751708984, 0.09943583607673645, -0.1576300412416458
254, 21.457576751708984, 0.09943583607673645, -0.1576300412416458
255, 21.259902954101562, 0.09943583607673645, -0.16558054089546204
256, 21.259902954101562, 0.09943583607673645, -0.16558054089546204
257, 21.259902954101562, 0.09943583607673645, -0.16558054089546204
258, 21.143705368041992, 0.09943583607673645, -0.3869354724884033
259, 21.143705368041992, 0.09943583607673645, -0.3869354724884033
260, 21.143705368041992, 0.09943583607673645, -0.3869354724884033
261, 20.89390754699707, 0.09943583607673645, -0.39698243141174316
262, 20.64410972595215, 0.09943583607673645, -0.407029390335083
263, 20.394311904907227, 0.09943583607673645, -0.41707634925842285
264, 20.144514083862305, 0.09943583607673645, -0.4271233081817627
265, 19.894716262817383, 0.09943583607673645, -0.43717026710510254
266, 19.64491844177246, 0.09943583607673645, -0.4472172260284424
267, 19.39512062072754, 0.09943583607673645, -0.4572641849517822
268, 19.145322799682617, 0.09943583607673645, -0.46731114387512207
269, 18.895524978637695, 0.09943583607673645, -0.4773581027984619
270, 18.645727157592773, 0.09943583607673645, -0.48740506172180176
271, 18.56217384338379, 0.09943583607673645, -0.4907655715942383
272, 18.56217384338379, 0.09943583607673645, -0.4907655715942383
273, 18.340818405151367, 0.09943583607673645, -0.37456750869750977
274, 18.340818405151367, 0.09943583607673645, -0.37456750869750977
275, 18.091020584106445, 0.09943583607673645, -0.3846145272254944
276, 17.841222763061523, 0.09943583607673645, -0.394661545753479
277, 17.841222763061523, 0.09943583607673645, -0.394661545753479
278, 17.841222763061523, 0.09943583607673645, -0.394661545753479
279, 17.841222763061523, 0.09943583607673645, -0.394661545753479
280, 17.6198673248291, 0.09943583607673645, -0.2784634828567505
281, 17.39851188659668, 0.09943583607673645, -0.16226541996002197
282, 17.177156448364258, 0.09943583607673645, -0.04606735706329346
283, 16.955801010131836, 0.09943583607673645, 0.07013070583343506
284, 16.734445571899414, 0.09943583607673645, 0.18632876873016357
285, 16.513090133666992, 0.09943583607673645, 0.3025268316268921
286, 16.513090133666992, 0.09943583607673645, 0.3025268316268921
287, 16.26329231262207, 0.09943583607673645, 0.29247981309890747
288, 16.01349449157715, 0.09943583607673645, 0.28243279457092285
289, 15.763696670532227, 0.09943583607673645, 0.27238577604293823
290, 15.513898849487305, 0.09943583607673645, 0.2623387575149536
291, 15.264101028442383, 0.09943583607673645, 0.252291738986969
292, 15.014303207397461, 0.09943583607673645, 0.24224473536014557
293, 14.764505386352539, 0.09943583607673645, 0.23219773173332214
294, 14.764505386352539, 0.09943583607673645, 0.23219773173332214
295, 14.553197860717773, 0.09943583607673645, 0.09859773516654968
296, 14.341890335083008, 0.09943583607673645, -0.03500226140022278
297, 14.341890335083008, 0.09943583607673645, -0.03500226140022278
298, 14.092092514038086, 0.09943583607673645, -0.045049265027046204
299, 13.842294692993164, 0.09943583607673645, -0.05509626865386963
300, 13.592496871948242, 0.09943583607673645, -0.06514327228069305
301, 13.34269905090332, 0.09943583607673645, -0.07519027590751648
302, 13.34269905090332, 0.09943583607673645, -0.07519027590751648
303, 13.131391525268555, 0.09943583607673645, -0.20879027247428894
304, 13.131391525268555, 0.09943583607673645, -0.20879027247428894
305, 13.015193939208984, 0.09943583607673645, -0.4301452338695526
306, 13.015193939208984, 0.09943583607673645, -0.4301452338695526
307, 13.015193939208984, 0.09943583607673645, -0.4301452338695526
308, 13.015193939208984, 0.09943583607673645, -0.4301452338695526
309, 12.793838500976562, 0.09943583607673645, -0.3139472007751465
310, 12.57248306274414, 0.09943583607673645, -0.19774916768074036
311, 12.351127624511719, 0.09943583607673645, -0.08155113458633423
312, 12.129772186279297, 0.09943583607673645, 0.0346468985080719
313, 11.908416748046875, 0.09943583607673645, 0.15084493160247803
314, 11.687061309814453, 0.09943583607673645, 0.26704296469688416
315, 11.465705871582031, 0.09943583607673645, 0.3832409977912903
316, 11.465705871582031, 0.09943583607673645, 0.3832409977912903
317, 11.21590805053711, 0.09943583607673645, 0.3731939494609833
318, 10.966110229492188, 0.09943583607673645, 0.36314690113067627
319, 10.716312408447266, 0.09943583607673645, 0.35309985280036926
320, 10.466514587402344, 0.09943583607673645, 0.34305280447006226
321, 10.216716766357422, 0.09943583607673645, 0.33300575613975525
322, 9.9669189453125, 0.09943583607673645, 0.32295870780944824
323, 9.9669189453125, 0.09943583607673645, 0.32295870780944824
324, 9.945211410522461, 0.09943583607673645, 0.3092341423034668
325, 9.945211410522461, 0.09943583607673645, 0.3092341423034668
326, 9.945211410522461, 0.09943583607673645, 0.3092341423034668
327, 9.945211410522461, 0.09943583607673645, 0.3092341423034668
328, 9.723855972290039, 0.09943583607673645, 0.42543211579322815
329, 9.723855972290039, 0.09943583607673645, 0.42543211579322815
330, 9.723855972290039, 0.09943583607673645, 0.42543211579322815
331, 9.512548446655273, 0.09943583607673645, 0.2918320596218109
332, 9.512548446655273, 0.09943583607673645, 0.2918320596218109
333, 9.396350860595703, 0.09943583607673645, 0.07047706842422485
334, 9.280153274536133, 0.09943583607673645, -0.1508779227733612
335, 9.163955688476562, 0.09943583607673645, -0.37223291397094727
336, 9.047758102416992, 0.09943583607673645, -0.5935878753662109
337, 9.047758102416992, 0.09943583607673645, -0.5935878753662109
338, 8.836450576782227, 0.09943583607673645, -0.7271879315376282
339, 8.836450576782227, 0.09943583607673645, -0.7271879315376282
340, 8.720252990722656, 0.09943583607673645, -0.9485429525375366
341, 8.604055404663086, 0.09943583607673645, -1.1698979139328003
342, 8.487857818603516, 0.09943583607673645, -1.391252875328064
343, 8.487857818603516, 0.09943583607673645, -1.391252875328064
344, 8.27655029296875, 0.09943583607673645, -1.524852991104126
345, 8.065242767333984, 0.09943583607673645, -1.6584529876708984
346, 8.065242767333984, 0.09943583607673645, -1.6584529876708984
347, 7.8154449462890625, 0.09943583607673645, -1.6685000658035278
348, 7.8154449462890625, 0.09943583607673645, -1.6685000658035278
349, 7.604136943817139, 0.09943583607673645, -1.8021001815795898
350, 7.392828941345215, 0.09943583607673645, -1.9357001781463623
351, 7.181520938873291, 0.09943583607673645, -2.0693001747131348
352, 7.181520938873291, 0.09943583607673645, -2.0693001747131348
353, 7.181520938873291, 0.09943583607673645, -2.0693001747131348
354, 7.181520938873291, 0.09943583607673645, -2.0693001747131348
355, 7.181520938873291, 0.09943583607673645, -2.0693001747131348
356, 7.181520938873291, 0.09943583607673645, -2.0693001747131348
357, 7.181520938873291, 0.09943583607673645, -2.0693001747131348
358, 7.392828941345215, 0.09943583607673645, -1.9356999397277832
359, 7.604136943817139, 0.09943583607673645, -1.8020997047424316
360, 7.604136943817139, 0.09943583607673645, -1.8020997047424316
361, 7.8539347648620605, 0.09943583607673645, -1.7920525074005127
362, 8.10373306274414, 0.09943583607673645, -1.7820053100585938
363, 8.353530883789062, 0.09943583607673645, -1.7719581127166748
364, 8.603328704833984, 0.09943583607673645, -1.7619109153747559
365, 8.853126525878906, 0.09943583607673645, -1.751863718032837
366, 8.853126525878906, 0.09943583607673645, -1.751863718032837
367, 8.853126525878906, 0.09943583607673645, -1.751863718032837
368, 8.853126525878906, 0.09943583607673645, -1.751863718032837
369, 8.853126525878906, 0.09943583607673645, -1.751863718032837
370, 8.853126525878906, 0.09943583607673645, -1.751863718032837
371, 8.853126525878906, 0.09943583607673645, -1.751863718032837
372, 8.603328704833984, 0.09943583607673645, -1.7619109153747559
373, 8.353530883789062, 0.09943583607673645, -1.7719581127166748
374, 8.10373306274414, 0.09943583607673645, -1.7820053100585938
375, 7.853935241699219, 0.09943583607673645, -1.7920525074005127
376, 7.604137420654297, 0.09943583607673645, -1.8020997047424316
377, 7.604137420654297, 0.09943583607673645, -1.8020997047424316
378, 7.392829418182373, 0.09943583607673645, -1.9356998205184937
379, 7.392829418182373, 0.09943583607673645, -1.9356998205184937
380, 7.2766313552856445, 0.09943583607673645, -2.157054901123047
381, 7.160433292388916, 0.09943583607673645, -2.3784098625183105
382, 7.160433292388916, 0.09943583607673645, -2.3784098625183105
383, 7.170480251312256, 0.09943583607673645, -2.6282079219818115
384, 7.170480251312256, 0.09943583607673645, -2.6282079219818115
385, 7.170480251312256, 0.09943583607673645, -2.6282079219818115
386, 7.170480251312256, 0.09943583607673645, -2.6282079219818115
387, 7.170480251312256, 0.09943583607673645, -2.6282079219818115
388, 7.170480251312256, 0.09943583607673645, -2.6282079219818115
389, 7.170480251312256, 0.09943583607673645, -2.6282079219818115
390, 7.160432815551758, 0.09943583607673645, -2.3784098625183105
391, 7.15038537979126, 0.09943583607673645, -2.1286118030548096
392, 7.15038537979126, 0.09943583607673645, -2.1286118030548096
393, 7.016785144805908, 0.09943583607673645, -1.9173040390014648
394, 7.016785144805908, 0.09943583607673645, -1.9173040390014648
395, 6.7954301834106445, 0.09943583607673645, -1.8011060953140259
396, 6.715510845184326, 0.09943583607673645, -1.7591532468795776
397, 6.715510845184326, 0.09943583607673645, -1.759153127670288
398, 6.715510845184326, 0.09943583607673645, -1.759153127670288
399, 6.581910610198975, 0.09943583607673645, -1.5478452444076538
400, 6.581910610198975, 0.09943583607673645, -1.5478452444076538
401, 6.581910610198975, 0.09943583607673645, -1.5478452444076538
402, 6.581910610198975, 0.09943583607673645, -1.5478452444076538
403, 6.581910610198975, 0.09943583607673645, -1.5478452444076538
404, 6.581910610198975, 0.09943583607673645, -1.5478452444076538
405, 6.581910610198975, 0.09943583607673645, -1.5478452444076538
406, 6.8317084312438965, 0.09943583607673645, -1.5377980470657349
407, 6.8317084312438965, 0.09943583607673645, -1.5377980470657349
408, 7.05306339263916, 0.09943583607673645, -1.6539958715438843
409, 7.05306339263916, 0.09943583607673645, -1.6539958715438843
410, 7.302861213684082, 0.09943583607673645, -1.6439485549926758
411, 7.552659034729004, 0.09943583607673645, -1.6339013576507568
412, 7.802456855773926, 0.09943583607673645, -1.623854160308838
413, 8.052254676818848, 0.09943583607673645, -1.613806962966919
414, 8.30205249786377, 0.09943583607673645, -1.603759765625
415, 8.30205249786377, 0.09943583607673645, -1.603759765625
416, 8.30205249786377, 0.09943583607673645, -1.603759765625
417, 8.41825008392334, 0.09943583607673645, -1.3824046850204468
418, 8.53444766998291, 0.09943583607673645, -1.1610496044158936
419, 8.53444766998291, 0.09943583607673645, -1.1610496044158936
420, 8.53444766998291, 0.09943583607673645, -1.1610496044158936
421, 8.53444766998291, 0.09943583607673645, -1.1610496044158936
422, 8.52440071105957, 0.09943583607673645, -0.9112515449523926
423, 8.52440071105957, 0.09943583607673645, -0.9112515449523926
424, 8.52440071105957, 0.09943583607673645, -0.9112515449523926
425, 8.52440071105957, 0.09943583607673645, -0.9112515449523926
426, 8.390800476074219, 0.09943583607673645, -0.6999437808990479
427, 8.390800476074219, 0.09943583607673645, -0.6999437808990479
428, 8.169445037841797, 0.09943583607673645, -0.5837459564208984
429, 7.948090076446533, 0.09943583607673645, -0.467548131942749
430, 7.8345441818237305, 0.09943583607673645, -0.40794339776039124
431, 7.8345441818237305, 0.09943583607673645, -0.40794339776039124
432, 7.584746360778809, 0.09943583607673645, -0.41799062490463257
433, 7.334948539733887, 0.09943583607673645, -0.4280378818511963
434, 7.085150718688965, 0.09943583607673645, -0.43808513879776
435, 6.835352897644043, 0.09943583607673645, -0.44813239574432373
436, 6.585555076599121, 0.09943583607673645, -0.45817965269088745
437, 6.335757255554199, 0.09943583607673645, -0.46822690963745117
438, 6.085959434509277, 0.09943583607673645, -0.4782741665840149
439, 5.8361616134643555, 0.09943583607673645, -0.4883214235305786
440, 5.586363792419434, 0.09943583607673645, -0.49836868047714233
441, 5.336565971374512, 0.09943583607673645, -0.508415937423706
442, 5.08676815032959, 0.09943583607673645, -0.5184631943702698
443, 4.836970329284668, 0.09943583607673645, -0.5285104513168335
444, 4.587172508239746, 0.09943583607673645, -0.5385577082633972
445, 4.587172508239746, 0.09943583607673645, -0.5385577082633972
446, 4.365817546844482, 0.09943583607673645, -0.4223598837852478
447, 4.144462585449219, 0.09943583607673645, -0.3061620593070984
448, 4.144462585449219, 0.09943583607673645, -0.3061620593070984
449, 3.8946645259857178, 0.09943583607673645, -0.3162093162536621
450, 3.8946645259857178, 0.09943583607673645, -0.3162093162536621
451, 3.8946645259857178, 0.09943583607673645, -0.3162093162536621
452, 3.8946645259857178, 0.09943583607673645, -0.3162093162536621
453, 3.8946645259857178, 0.09943583607673645, -0.3162093162536621
454, 3.8946645259857178, 0.09943583607673645, -0.3162093162536621
455, 3.8946645259857178, 0.09943583607673645, -0.3162093162536621
456, 3.8946645259857178, 0.09943583607673645, -0.3162093162536621
457, 3.8946645259857178, 0.09943583607673645, -0.3162093162536621
458, 3.644866466522217, 0.09943583607673645, -0.32625657320022583
459, 3.395068407058716, 0.09943583607673645, -0.33630383014678955
460, 3.145270347595215, 0.09943583607673645, -0.34635108709335327
461, 2.895472288131714, 0.09943583607673645, -0.356398344039917
462, 2.645674228668213, 0.09943583607673645, -0.3664456009864807
463, 2.395876169204712, 0.09943583607673645, -0.37649285793304443
464, 2.146078109741211, 0.09943583607673645, -0.38654011487960815
465, 1.89628005027771, 0.09943583607673645, -0.3965873718261719
466, 1.646481990814209, 0.09943583607673645, -0.4066346287727356
467, 1.646481990814209, 0.09943583607673645, -0.4066346287727356
468, 1.646481990814209, 0.09943583607673645, -0.4066346287727356
469, 1.396683931350708, 0.09943583607673645, -0.4166818857192993
470, 1.396683931350708, 0.09943583607673645, -0.4166818857192993
471, 1.1753288507461548, 0.09943583607673645, -0.3004840612411499
472, 0.9539737701416016, 0.09943583607673645, -0.1842862367630005
473, 0.9539737701416016, 0.09943583607673645, -0.1842862367630005
474, 0.9539737701416016, 0.09943583607673645, -0.1842862367630005
475, 0.9539737701416016, 0.09943583607673645, -0.1842862367630005
476, 0.9539737701416016, 0.09943583607673645, -0.1842862367630005
477, 0.9539737701416016, 0.09943583607673645, -0.1842862367630005
478, 0.9539737701416016, 0.09943583607673645, -0.1842862367630005
479, 0.9539737701416016, 0.09943583607673645, -0.1842862367630005
480, 0.9539737701416016, 0.09943583607673645, -0.1842862367630005
481, 0.9539737701416016, 0.09943583607673645, -0.1842862367630005
482, 0.9539737701416016, 0.09943583607673645, -0.1842862367630005
483, 1.1753288507461548, 0.09943583607673645, -0.3004840612411499
484, 1.396683931350708, 0.09943583607673645, -0.4166818857192993
485, 1.396683931350708, 0.09943583607673645, -0.4166818857192993
486, 1.646481990814209, 0.09943583607673645, -0.4066346287727356
487, 1.89628005027771, 0.09943583607673645, -0.3965873718261719
488, 2.146078109741211, 0.09943583607673645, -0.38654011487960815
489, 2.395876169204712, 0.09943583607673645, -0.37649285793304443
490, 2.645674228668213, 0.09943583607673645, -0.3664456009864807
491, 2.895472288131714, 0.09943583607673645, -0.356398344039917
492, 3.145270347595215, 0.09943583607673645, -0.34635108709335327
493, 3.395068407058716, 0.09943583607673645, -0.33630383014678955
494, 3.644866466522217, 0.09943583607673645, -0.32625657320022583
495, 3.8946645259857178, 0.09943583607673645, -0.3162093162536621
496, 3.8946645259857178, 0.09943583607673645, -0.3162093162536621
497, 4.1160197257995605, 0.09943583607673645, -0.4324071407318115
498, 4.337374687194824, 0.09943583607673645, -0.5486049652099609
499, 4.558729648590088, 0.09943583607673645, -0.6648027896881104
