1, -1.336832046508789, 2.949261426925659, 3.1726834774017334
2, -1.336832046508789, 2.949261426925659, 3.1726834774017334
3, -1.336832046508789, 2.949261426925659, 3.1726834774017334
4, -1.336832046508789, 2.949261426925659, 3.1726834774017334
5, -1.336832046508789, 2.949261426925659, 3.1726834774017334
6, -1.336832046508789, 2.949261426925659, 3.1726834774017334
7, -1.336832046508789, 2.949261426925659, 3.1726834774017334
8, -1.336832046508789, 2.949261426925659, 3.1726834774017334
9, -1.336832046508789, 2.949261426925659, 3.1726834774017334
10, -1.336832046508789, 2.949261426925659, 3.1726834774017334
11, -1.336832046508789, 2.949261426925659, 3.1726834774017334
12, -1.336832046508789, 2.949261426925659, 3.1726834774017334
13, -1.5868220329284668, 3.0721640586853027, 3.170437812805176
14, -1.5868220329284668, 3.0721640586853027, 3.170437812805176
15, -1.5868220329284668, 3.0721640586853027, 3.170437812805176
16, -1.5868220329284668, 3.0721640586853027, 3.170437812805176
17, -1.5868220329284668, 3.0721640586853027, 3.170437812805176
18, -1.5868220329284668, 3.0721640586853027, 3.170437812805176
19, -1.5868220329284668, 3.0721640586853027, 3.170437812805176
20, -1.5868220329284668, 3.0721640586853027, 3.170437812805176
21, -1.5868220329284668, 3.0721640586853027, 3.170437812805176
22, -1.5868220329284668, 3.0721640586853027, 3.170437812805176
23, -1.5868220329284668, 3.0721640586853027, 3.170437812805176
24, -1.713761806488037, 3.0721640586853027, 3.385812759399414
25, -1.8407015800476074, 3.0721640586853027, 3.6011877059936523
26, -1.8407015800476074, 3.0721640586853027, 3.6011877059936523
27, -1.842947244644165, 3.0721640586853027, 3.85117769241333
28, -1.8451929092407227, 3.0721640586853027, 4.101167678833008
29, -1.8451929092407227, 3.0721640586853027, 4.101167678833008
30, -1.7221426963806152, 3.0721640586853027, 4.318788051605225
31, -1.7221426963806152, 3.0721640586853027, 4.318788051605225
32, -1.5067678689956665, 3.0721640586853027, 4.445727825164795
33, -1.5067678689956665, 3.0721640586853027, 4.445727825164795
34, -1.2567780017852783, 3.0721640586853027, 4.447973251342773
35, -1.0067880153656006, 3.0721640586853027, 4.450218677520752
36, -0.7567980885505676, 3.0721640586853027, 4.4524641036987305
37, -0.5068081617355347, 3.0721640586853027, 4.454709529876709
38, -0.2568182349205017, 3.0721640586853027, 4.4569549560546875
39, -0.00682830810546875, 3.0721640586853027, 4.459200382232666
40, 0.2431616187095642, 3.0721640586853027, 4.4614458084106445
41, 0.49315154552459717, 3.0721640586853027, 4.463691234588623
42, 0.7431414723396301, 3.0721640586853027, 4.465936660766602
43, 0.9931313991546631, 3.0721640586853027, 4.46818208694458
44, 1.2431213855743408, 3.0721640586853027, 4.470427513122559
45, 1.4931113719940186, 3.0721640586853027, 4.472672939300537
46, 1.4931113719940186, 3.0721640586853027, 4.472672939300537
47, 1.7084861993789673, 3.0721640586853027, 4.599612712860107
48, 1.923861026763916, 3.0721640586853027, 4.726552486419678
49, 2.139235734939575, 3.0721640586853027, 4.853492259979248
50, 2.3546104431152344, 3.0721640586853027, 4.980432033538818
51, 2.5699851512908936, 3.0721640586853027, 5.107371807098389
52, 2.5699851512908936, 3.0721640586853027, 5.107371807098389
53, 2.5699851512908936, 3.0721640586853027, 5.107371807098389
54, 2.5699851512908936, 3.0721640586853027, 5.107371807098389
55, 2.5699851512908936, 3.0721640586853027, 5.107371807098389
56, 2.5699851512908936, 3.0721640586853027, 5.107371807098389
57, 2.446934938430786, 3.0721640586853027, 4.889751434326172
58, 2.446934938430786, 3.0721640586853027, 4.889751434326172
59, 2.231560230255127, 3.0721640586853027, 4.762811660766602
60, 2.0161852836608887, 3.0721640586853027, 4.635871887207031
61, 2.0161852836608887, 3.0721640586853027, 4.635871887207031
62, 1.766195297241211, 3.0721640586853027, 4.633626461029053
63, 1.5162053108215332, 3.0721640586853027, 4.631381034851074
64, 1.2662153244018555, 3.0721640586853027, 4.629135608673096
65, 1.0162253379821777, 3.0721640586853027, 4.626890182495117
66, 0.7662354111671448, 3.0721640586853027, 4.624644756317139
67, 0.5162454843521118, 3.0721640586853027, 4.62239933013916
68, 0.26625555753707886, 3.0721640586853027, 4.620153903961182
69, 0.0162656307220459, 3.0721640586853027, 4.617908477783203
70, -0.23372429609298706, 3.0721640586853027, 4.615663051605225
71, -0.48371422290802, 3.0721640586853027, 4.613417625427246
72, -0.733704149723053, 3.0721640586853027, 4.611172199249268
73, -0.9836940765380859, 3.0721640586853027, 4.608926773071289
74, -0.9836940765380859, 3.0721640586853027, 4.608926773071289
75, -1.1990689039230347, 3.0721640586853027, 4.481986999511719
76, -1.4144437313079834, 3.0721640586853027, 4.355047225952148
77, -1.6298185586929321, 3.0721640586853027, 4.228107452392578
78, -1.8451933860778809, 3.0721640586853027, 4.101167678833008
79, -1.8451933860778809, 3.0721640586853027, 4.101167678833008
80, -1.9682435989379883, 3.0721640586853027, 3.883547306060791
81, -1.9682435989379883, 3.0721640586853027, 3.883547306060791
82, -1.9659980535507202, 3.0721640586853027, 3.6335573196411133
83, -1.9659980535507202, 3.0721640586853027, 3.6335573196411133
84, -1.9659980535507202, 3.0721640586853027, 3.6335573196411133
85, -1.9659980535507202, 3.0721640586853027, 3.6335573196411133
86, -1.9659980535507202, 3.0721640586853027, 3.6335573196411133
87, -1.9659980535507202, 3.0721640586853027, 3.6335573196411133
88, -2.089048385620117, 3.0721640586853027, 3.4159369468688965
89, -2.2120985984802246, 3.0721640586853027, 3.1983165740966797
90, -2.335148811340332, 3.0721640586853027, 2.980696201324463
91, -2.4581990242004395, 3.0721640586853027, 2.763075828552246
92, -2.4581990242004395, 3.0721640586853027, 2.763075828552246
93, -2.4581990242004395, 3.0721640586853027, 2.763075828552246
94, -2.4581990242004395, 3.0721640586853027, 2.763075828552246
95, -2.4581990242004395, 3.0721640586853027, 2.763075828552246
96, -2.4581990242004395, 3.0721640586853027, 2.763075828552246
97, -2.6735739707946777, 3.0721640586853027, 2.636136054992676
98, -2.888948917388916, 3.0721640586853027, 2.5091962814331055
99, -3.1043238639831543, 3.0721640586853027, 2.382256507873535
100, -3.3196988105773926, 3.0721640586853027, 2.255316734313965
101, -3.535073757171631, 3.0721640586853027, 2.1283769607543945
102, -3.750448703765869, 3.0721640586853027, 2.001437187194824
103, -3.750448703765869, 3.0721640586853027, 2.001437187194824
104, -3.8734989166259766, 3.0721640586853027, 1.7838168144226074
105, -3.8734989166259766, 3.0721640586853027, 1.7838168144226074
106, -3.871253490447998, 3.0721640586853027, 1.5338269472122192
107, -3.8690080642700195, 3.0721640586853027, 1.283837080001831
108, -3.8690080642700195, 3.0721640586853027, 1.283837080001831
109, -3.742068290710449, 3.0721640586853027, 1.0684622526168823
110, -3.742068290710449, 3.0721640586853027, 1.0684622526168823
111, -3.742068290710449, 3.0721640586853027, 1.0684622526168823
112, -3.742068290710449, 3.0721640586853027, 1.0684622526168823
113, -3.742068290710449, 3.0721640586853027, 1.0684622526168823
114, -3.742068290710449, 3.0721640586853027, 1.0684622526168823
115, -3.742068290710449, 3.0721640586853027, 1.0684622526168823
116, -3.8690080642700195, 3.0721640586853027, 1.283837080001831
117, -3.99594783782959, 3.0721640586853027, 1.4992119073867798
118, -3.99594783782959, 3.0721640586853027, 1.4992119073867798
119, -3.9981935024261475, 3.0721640586853027, 1.749201774597168
120, -3.9981935024261475, 3.0721640586853027, 1.749201774597168
121, -3.87514328956604, 3.0721640586853027, 1.9668221473693848
122, -3.7520930767059326, 3.0721640586853027, 2.1844425201416016
123, -3.7520930767059326, 3.0721640586853027, 2.1844425201416016
124, -3.5367181301116943, 3.0721640586853027, 2.311382293701172
125, -3.321343183517456, 3.0721640586853027, 2.438322067260742
126, -3.1059682369232178, 3.0721640586853027, 2.5652618408203125
127, -2.8905932903289795, 3.0721640586853027, 2.692201614379883
128, -2.675218343734741, 3.0721640586853027, 2.819141387939453
129, -2.675218343734741, 3.0721640586853027, 2.819141387939453
130, -2.552168130874634, 3.0721640586853027, 3.03676176071167
131, -2.4291179180145264, 3.0721640586853027, 3.2543821334838867
132, -2.306067705154419, 3.0721640586853027, 3.4720025062561035
133, -2.1830174922943115, 3.0721640586853027, 3.6896228790283203
134, -2.059967279434204, 3.0721640586853027, 3.907243251800537
135, -1.9369170665740967, 3.0721640586853027, 4.124863624572754
136, -1.9369170665740967, 3.0721640586853027, 4.124863624572754
137, -1.721542239189148, 3.0721640586853027, 4.251803398132324
138, -1.5061674118041992, 3.0721640586853027, 4.3787431716918945
139, -1.5061674118041992, 3.0721640586853027, 4.3787431716918945
140, -1.2561774253845215, 3.0721640586853027, 4.380988597869873
141, -1.0061874389648438, 3.0721640586853027, 4.383234024047852
142, -0.7561975121498108, 3.0721640586853027, 4.38547945022583
143, -0.5062075853347778, 3.0721640586853027, 4.387724876403809
144, -0.2562176585197449, 3.0721640586853027, 4.389970302581787
145, -0.006227731704711914, 3.0721640586853027, 4.392215728759766
146, 0.24376219511032104, 3.0721640586853027, 4.394461154937744
147, 0.493752121925354, 3.0721640586853027, 4.396706581115723
148, 0.743742048740387, 3.0721640586853027, 4.398952007293701
149, 0.9937319755554199, 3.0721640586853027, 4.40119743347168
150, 0.9937319755554199, 3.0721640586853027, 4.40119743347168
151, 1.2091068029403687, 3.0721640586853027, 4.52813720703125
152, 1.2091068029403687, 3.0721640586853027, 4.52813720703125
153, 1.4590966701507568, 3.0721640586853027, 4.5303826332092285
154, 1.7090866565704346, 3.0721640586853027, 4.532628059387207
155, 1.7090866565704346, 3.0721640586853027, 4.532628059387207
156, 1.9244614839553833, 3.0721640586853027, 4.659567832946777
157, 2.139836311340332, 3.0721640586853027, 4.786507606506348
158, 2.3552112579345703, 3.0721640586853027, 4.913447380065918
159, 2.5705862045288086, 3.0721640586853027, 5.040387153625488
160, 2.785961151123047, 3.0721640586853027, 5.167326927185059
161, 2.785961151123047, 3.0721640586853027, 5.167326927185059
162, 2.785961151123047, 3.0721640586853027, 5.167326927185059
163, 2.785961151123047, 3.0721640586853027, 5.167326927185059
164, 2.785961151123047, 3.0721640586853027, 5.167326927185059
165, 2.785961151123047, 3.0721640586853027, 5.167326927185059
166, 2.785961151123047, 3.0721640586853027, 5.167326927185059
167, 2.5705862045288086, 3.0721640586853027, 5.040387153625488
168, 2.5705862045288086, 3.0721640586853027, 5.040387153625488
169, 2.447535991668701, 3.0721640586853027, 4.8227667808532715
170, 2.447535991668701, 3.0721640586853027, 4.8227667808532715
171, 2.232161045074463, 3.0721640586853027, 4.695827007293701
172, 2.0167860984802246, 3.0721640586853027, 4.568887233734131
173, 2.0167860984802246, 3.0721640586853027, 4.568887233734131
174, 1.7667961120605469, 3.0721640586853027, 4.566641807556152
175, 1.5168061256408691, 3.0721640586853027, 4.564396381378174
176, 1.2668161392211914, 3.0721640586853027, 4.562150955200195
177, 1.0168261528015137, 3.0721640586853027, 4.559905529022217
178, 0.7668362259864807, 3.0721640586853027, 4.557660102844238
179, 0.5168462991714478, 3.0721640586853027, 4.55541467666626
180, 0.2668563723564148, 3.0721640586853027, 4.553169250488281
181, 0.016866445541381836, 3.0721640586853027, 4.550923824310303
182, -0.23312348127365112, 3.0721640586853027, 4.548678398132324
183, -0.4831134080886841, 3.0721640586853027, 4.546432971954346
184, -0.733103334903717, 3.0721640586853027, 4.544187545776367
185, -0.98309326171875, 3.0721640586853027, 4.541942119598389
186, -1.2330832481384277, 3.0721640586853027, 4.53969669342041
187, -1.2330832481384277, 3.0721640586853027, 4.53969669342041
188, -1.4484580755233765, 3.0721640586853027, 4.41275691986084
189, -1.6638329029083252, 3.0721640586853027, 4.2858171463012695
190, -1.6638329029083252, 3.0721640586853027, 4.2858171463012695
191, -1.7868831157684326, 3.0721640586853027, 4.068196773529053
192, -1.90993332862854, 3.0721640586853027, 3.850576400756836
193, -2.0329835414886475, 3.0721640586853027, 3.632956027984619
194, -2.156033754348755, 3.0721640586853027, 3.4153356552124023
195, -2.2790839672088623, 3.0721640586853027, 3.1977152824401855
196, -2.4021341800689697, 3.0721640586853027, 2.9800949096679688
197, -2.525184392929077, 3.0721640586853027, 2.762474536895752
198, -2.525184392929077, 3.0721640586853027, 2.762474536895752
199, -2.5229387283325195, 3.0721640586853027, 2.512484550476074
200, -2.520693063735962, 3.0721640586853027, 2.2624945640563965
201, -2.520693063735962, 3.0721640586853027, 2.2624945640563965
202, -2.520693063735962, 3.0721640586853027, 2.2624945640563965
203, -2.520693063735962, 3.0721640586853027, 2.2624945640563965
204, -2.520693063735962, 3.0721640586853027, 2.2624945640563965
205, -2.736067771911621, 3.0721640586853027, 2.135554790496826
206, -2.736067771911621, 3.0721640586853027, 2.135554790496826
207, -2.986057758331299, 3.0721640586853027, 2.1333093643188477
208, -3.2360477447509766, 3.0721640586853027, 2.131063938140869
209, -3.4860377311706543, 3.0721640586853027, 2.1288185119628906
210, -3.4860377311706543, 3.0721640586853027, 2.1288185119628906
211, -3.7014126777648926, 3.0721640586853027, 2.0018787384033203
212, -3.7014126777648926, 3.0721640586853027, 2.0018787384033203
213, -3.824462890625, 3.0721640586853027, 1.7842583656311035
214, -3.9475131034851074, 3.0721640586853027, 1.5666379928588867
215, -3.9475131034851074, 3.0721640586853027, 1.5666379928588867
216, -3.94526743888855, 3.0721640586853027, 1.3166481256484985
217, -3.94526743888855, 3.0721640586853027, 1.3166481256484985
218, -3.8183276653289795, 3.0721640586853027, 1.1012732982635498
219, -3.8183276653289795, 3.0721640586853027, 1.1012732982635498
220, -3.8183276653289795, 3.0721640586853027, 1.1012732982635498
221, -3.8183276653289795, 3.0721640586853027, 1.1012732982635498
222, -3.8183276653289795, 3.0721640586853027, 1.1012732982635498
223, -3.8183276653289795, 3.0721640586853027, 1.1012732982635498
224, -3.8183276653289795, 3.0721640586853027, 1.1012732982635498
225, -3.94526743888855, 3.0721640586853027, 1.3166481256484985
226, -3.94526743888855, 3.0721640586853027, 1.3166481256484985
227, -3.9475131034851074, 3.0721640586853027, 1.5666379928588867
228, -3.949758768081665, 3.0721640586853027, 1.8166279792785645
229, -3.949758768081665, 3.0721640586853027, 1.8166279792785645
230, -3.8267085552215576, 3.0721640586853027, 2.0342483520507812
231, -3.70365834236145, 3.0721640586853027, 2.251868724822998
232, -3.70365834236145, 3.0721640586853027, 2.251868724822998
233, -3.488283395767212, 3.0721640586853027, 2.3788084983825684
234, -3.2729084491729736, 3.0721640586853027, 2.5057482719421387
235, -3.0575335025787354, 3.0721640586853027, 2.632688045501709
236, -2.842158555984497, 3.0721640586853027, 2.7596278190612793
237, -2.842158555984497, 3.0721640586853027, 2.7596278190612793
238, -2.7191083431243896, 3.0721640586853027, 2.977248191833496
239, -2.5960581302642822, 3.0721640586853027, 3.194868564605713
240, -2.473007917404175, 3.0721640586853027, 3.4124889373779297
241, -2.3499577045440674, 3.0721640586853027, 3.6301093101501465
242, -2.22690749168396, 3.0721640586853027, 3.8477296829223633
243, -2.1038572788238525, 3.0721640586853027, 4.06535005569458
244, -2.1038572788238525, 3.0721640586853027, 4.06535005569458
245, -1.8884824514389038, 3.0721640586853027, 4.19228982925415
246, -1.673107624053955, 3.0721640586853027, 4.319229602813721
247, -1.4577327966690063, 3.0721640586853027, 4.446169376373291
248, -1.4577327966690063, 3.0721640586853027, 4.446169376373291
249, -1.2077429294586182, 3.0721640586853027, 4.4484148025512695
250, -0.9577530026435852, 3.0721640586853027, 4.450660228729248
251, -0.7077630758285522, 3.0721640586853027, 4.452905654907227
252, -0.4577731490135193, 3.0721640586853027, 4.455151081085205
253, -0.20778322219848633, 3.0721640586853027, 4.457396507263184
254, 0.04220670461654663, 3.0721640586853027, 4.459641933441162
255, 0.2921966314315796, 3.0721640586853027, 4.461887359619141
256, 0.5421865582466125, 3.0721640586853027, 4.464132785797119
257, 0.7921764850616455, 3.0721640586853027, 4.466378211975098
258, 1.0421664714813232, 3.0721640586853027, 4.468623638153076
259, 1.292156457901001, 3.0721640586853027, 4.470869064331055
260, 1.292156457901001, 3.0721640586853027, 4.470869064331055
261, 1.5075312852859497, 3.0721640586853027, 4.597808837890625
262, 1.7229061126708984, 3.0721640586853027, 4.724748611450195
263, 1.9382809400558472, 3.0721640586853027, 4.851688385009766
264, 2.153655767440796, 3.0721640586853027, 4.978628158569336
265, 2.369030714035034, 3.0721640586853027, 5.105567932128906
266, 2.369030714035034, 3.0721640586853027, 5.105567932128906
267, 2.369030714035034, 3.0721640586853027, 5.105567932128906
268, 2.369030714035034, 3.0721640586853027, 5.105567932128906
269, 2.369030714035034, 3.0721640586853027, 5.105567932128906
270, 2.369030714035034, 3.0721640586853027, 5.105567932128906
271, 2.369030714035034, 3.0721640586853027, 5.105567932128906
272, 2.153656005859375, 3.0721640586853027, 4.978628158569336
273, 1.9382811784744263, 3.0721640586853027, 4.851688385009766
274, 1.7229063510894775, 3.0721640586853027, 4.724748611450195
275, 1.5075315237045288, 3.0721640586853027, 4.597808837890625
276, 1.5075315237045288, 3.0721640586853027, 4.597808837890625
277, 1.2575416564941406, 3.0721640586853027, 4.5955634117126465
278, 1.007551670074463, 3.0721640586853027, 4.593317985534668
279, 0.7575617432594299, 3.0721640586853027, 4.5910725593566895
280, 0.507571816444397, 3.0721640586853027, 4.588827133178711
281, 0.257581889629364, 3.0721640586853027, 4.586581707000732
282, 0.007591962814331055, 3.0721640586853027, 4.584336280822754
283, -0.2423979640007019, 3.0721640586853027, 4.582090854644775
284, -0.49238789081573486, 3.0721640586853027, 4.579845428466797
285, -0.7423778176307678, 3.0721640586853027, 4.577600002288818
286, -0.9923677444458008, 3.0721640586853027, 4.57535457611084
287, -1.2423577308654785, 3.0721640586853027, 4.573109149932861
288, -1.2423577308654785, 3.0721640586853027, 4.573109149932861
289, -1.4577325582504272, 3.0721640586853027, 4.446169376373291
290, -1.673107385635376, 3.0721640586853027, 4.319229602813721
291, -1.673107385635376, 3.0721640586853027, 4.319229602813721
292, -1.7961575984954834, 3.0721640586853027, 4.101609230041504
293, -1.9192078113555908, 3.0721640586853027, 3.883988857269287
294, -2.0422580242156982, 3.0721640586853027, 3.6663684844970703
295, -2.1653082370758057, 3.0721640586853027, 3.4487481117248535
296, -2.288358449935913, 3.0721640586853027, 3.2311277389526367
297, -2.4114086627960205, 3.0721640586853027, 3.01350736618042
298, -2.534458875656128, 3.0721640586853027, 2.795886993408203
299, -2.534458875656128, 3.0721640586853027, 2.795886993408203
300, -2.5322132110595703, 3.0721640586853027, 2.5458970069885254
301, -2.5299675464630127, 3.0721640586853027, 2.2959070205688477
302, -2.5299675464630127, 3.0721640586853027, 2.2959070205688477
303, -2.5299675464630127, 3.0721640586853027, 2.2959070205688477
304, -2.5299675464630127, 3.0721640586853027, 2.2959070205688477
305, -2.5299675464630127, 3.0721640586853027, 2.2959070205688477
306, -2.745342254638672, 3.0721640586853027, 2.1689672470092773
307, -2.745342254638672, 3.0721640586853027, 2.1689672470092773
308, -2.9953322410583496, 3.0721640586853027, 2.166721820831299
309, -3.2453222274780273, 3.0721640586853027, 2.1644763946533203
310, -3.495312213897705, 3.0721640586853027, 2.162230968475342
311, -3.495312213897705, 3.0721640586853027, 2.162230968475342
312, -3.7106871604919434, 3.0721640586853027, 2.0352911949157715
313, -3.7106871604919434, 3.0721640586853027, 2.0352911949157715
314, -3.833737373352051, 3.0721640586853027, 1.8176708221435547
315, -3.956787586212158, 3.0721640586853027, 1.600050449371338
316, -3.956787586212158, 3.0721640586853027, 1.600050449371338
317, -3.9545419216156006, 3.0721640586853027, 1.3500605821609497
318, -3.9545419216156006, 3.0721640586853027, 1.3500605821609497
319, -3.8276021480560303, 3.0721640586853027, 1.134685754776001
320, -3.8276021480560303, 3.0721640586853027, 1.134685754776001
321, -3.8276021480560303, 3.0721640586853027, 1.134685754776001
322, -3.8276021480560303, 3.0721640586853027, 1.134685754776001
323, -3.8276021480560303, 3.0721640586853027, 1.134685754776001
324, -3.8276021480560303, 3.0721640586853027, 1.134685754776001
325, -3.8276021480560303, 3.0721640586853027, 1.134685754776001
326, -3.9545419216156006, 3.0721640586853027, 1.3500605821609497
327, -3.9545419216156006, 3.0721640586853027, 1.3500605821609497
328, -3.956787586212158, 3.0721640586853027, 1.600050449371338
329, -3.959033250808716, 3.0721640586853027, 1.8500404357910156
330, -3.959033250808716, 3.0721640586853027, 1.8500404357910156
331, -3.8359830379486084, 3.0721640586853027, 2.0676608085632324
332, -3.712932825088501, 3.0721640586853027, 2.285281181335449
333, -3.712932825088501, 3.0721640586853027, 2.285281181335449
334, -3.4975578784942627, 3.0721640586853027, 2.4122209548950195
335, -3.2821829319000244, 3.0721640586853027, 2.53916072845459
336, -3.066807985305786, 3.0721640586853027, 2.66610050201416
337, -2.851433038711548, 3.0721640586853027, 2.7930402755737305
338, -2.851433038711548, 3.0721640586853027, 2.7930402755737305
339, -2.7283828258514404, 3.0721640586853027, 3.0106606483459473
340, -2.605332612991333, 3.0721640586853027, 3.228281021118164
341, -2.4822824001312256, 3.0721640586853027, 3.445901393890381
342, -2.359232187271118, 3.0721640586853027, 3.6635217666625977
343, -2.2361819744110107, 3.0721640586853027, 3.8811421394348145
344, -2.1131317615509033, 3.0721640586853027, 4.098762512207031
345, -2.1131317615509033, 3.0721640586853027, 4.098762512207031
346, -1.8977569341659546, 3.0721640586853027, 4.225702285766602
347, -1.6823821067810059, 3.0721640586853027, 4.352642059326172
348, -1.4670072793960571, 3.0721640586853027, 4.479581832885742
349, -1.4670072793960571, 3.0721640586853027, 4.479581832885742
350, -1.217017412185669, 3.0721640586853027, 4.481827259063721
351, -0.967027485370636, 3.0721640586853027, 4.484072685241699
352, -0.717037558555603, 3.0721640586853027, 4.486318111419678
353, -0.46704763174057007, 3.0721640586853027, 4.488563537597656
354, -0.2170577049255371, 3.0721640586853027, 4.490808963775635
355, 0.03293222188949585, 3.0721640586853027, 4.493054389953613
356, 0.2829221487045288, 3.0721640586853027, 4.495299816131592
357, 0.5329120755195618, 3.0721640586853027, 4.49754524230957
358, 0.7829020023345947, 3.0721640586853027, 4.499790668487549
359, 1.0328919887542725, 3.0721640586853027, 4.502036094665527
360, 1.2828819751739502, 3.0721640586853027, 4.504281520843506
361, 1.532871961593628, 3.0721640586853027, 4.506526947021484
362, 1.532871961593628, 3.0721640586853027, 4.506526947021484
363, 1.7482467889785767, 3.0721640586853027, 4.633466720581055
364, 1.9636216163635254, 3.0721640586853027, 4.760406494140625
365, 2.1789965629577637, 3.0721640586853027, 4.887346267700195
366, 2.394371509552002, 3.0721640586853027, 5.014286041259766
367, 2.6097464561462402, 3.0721640586853027, 5.141225814819336
368, 2.6097464561462402, 3.0721640586853027, 5.141225814819336
369, 2.6097464561462402, 3.0721640586853027, 5.141225814819336
370, 2.6097464561462402, 3.0721640586853027, 5.141225814819336
371, 2.6097464561462402, 3.0721640586853027, 5.141225814819336
372, 2.6097464561462402, 3.0721640586853027, 5.141225814819336
373, 2.486696243286133, 3.0721640586853027, 4.923605442047119
374, 2.3636460304260254, 3.0721640586853027, 4.705985069274902
375, 2.3636460304260254, 3.0721640586853027, 4.705985069274902
376, 2.3636460304260254, 3.0721640586853027, 4.705985069274902
377, 2.1136560440063477, 3.0721640586853027, 4.703739643096924
378, 2.1136560440063477, 3.0721640586853027, 4.703739643096924
379, 1.898281216621399, 3.0721640586853027, 4.5767998695373535
380, 1.898281216621399, 3.0721640586853027, 4.5767998695373535
381, 1.6482913494110107, 3.0721640586853027, 4.574554443359375
382, 1.398301362991333, 3.0721640586853027, 4.5723090171813965
383, 1.398301362991333, 3.0721640586853027, 4.5723090171813965
384, 1.398301362991333, 3.0721640586853027, 4.5723090171813965
385, 1.1483113765716553, 3.0721640586853027, 4.570063591003418
386, 0.8983214497566223, 3.0721640586853027, 4.5678181648254395
387, 0.6483315229415894, 3.0721640586853027, 4.565572738647461
388, 0.3983415961265564, 3.0721640586853027, 4.563327312469482
389, 0.14835166931152344, 3.0721640586853027, 4.561081886291504
390, -0.10163825750350952, 3.0721640586853027, 4.558836460113525
391, -0.3516281843185425, 3.0721640586853027, 4.556591033935547
392, -0.6016181111335754, 3.0721640586853027, 4.554345607757568
393, -0.8516080379486084, 3.0721640586853027, 4.55210018157959
394, -1.1015980243682861, 3.0721640586853027, 4.549854755401611
395, -1.1015980243682861, 3.0721640586853027, 4.549854755401611
396, -1.3169728517532349, 3.0721640586853027, 4.422914981842041
397, -1.5323476791381836, 3.0721640586853027, 4.295975208282471
398, -1.7477225065231323, 3.0721640586853027, 4.1690354347229
399, -1.7477225065231323, 3.0721640586853027, 4.1690354347229
400, -1.8707727193832397, 3.0721640586853027, 3.9514150619506836
401, -1.9938229322433472, 3.0721640586853027, 3.733794689178467
402, -2.116873264312744, 3.0721640586853027, 3.51617431640625
403, -2.2399234771728516, 3.0721640586853027, 3.298553943634033
404, -2.362973690032959, 3.0721640586853027, 3.0809335708618164
405, -2.4860239028930664, 3.0721640586853027, 2.8633131980895996
406, -2.4860239028930664, 3.0721640586853027, 2.8633131980895996
407, -2.483778238296509, 3.0721640586853027, 2.613323211669922
408, -2.481532573699951, 3.0721640586853027, 2.363333225250244
409, -2.481532573699951, 3.0721640586853027, 2.363333225250244
410, -2.481532573699951, 3.0721640586853027, 2.363333225250244
411, -2.481532573699951, 3.0721640586853027, 2.363333225250244
412, -2.481532573699951, 3.0721640586853027, 2.363333225250244
413, -2.6969075202941895, 3.0721640586853027, 2.236393451690674
414, -2.6969075202941895, 3.0721640586853027, 2.236393451690674
415, -2.946897506713867, 3.0721640586853027, 2.2341480255126953
416, -3.196887493133545, 3.0721640586853027, 2.231902599334717
417, -3.196887493133545, 3.0721640586853027, 2.231902599334717
418, -3.412262439727783, 3.0721640586853027, 2.1049628257751465
419, -3.6276373863220215, 3.0721640586853027, 1.9780231714248657
420, -3.8430123329162598, 3.0721640586853027, 1.851083517074585
421, -3.8430123329162598, 3.0721640586853027, 1.851083517074585
422, -3.966062545776367, 3.0721640586853027, 1.6334631443023682
423, -3.966062545776367, 3.0721640586853027, 1.6334631443023682
424, -3.9638168811798096, 3.0721640586853027, 1.38347327709198
425, -3.961571216583252, 3.0721640586853027, 1.1334834098815918
426, -3.961571216583252, 3.0721640586853027, 1.1334834098815918
427, -3.961571216583252, 3.0721640586853027, 1.1334834098815918
428, -3.961571216583252, 3.0721640586853027, 1.1334834098815918
429, -3.961571216583252, 3.0721640586853027, 1.1334834098815918
430, -3.961571216583252, 3.0721640586853027, 1.1334834098815918
431, -3.961571216583252, 3.0721640586853027, 1.1334834098815918
432, -3.9638168811798096, 3.0721640586853027, 1.3834733963012695
433, -3.966062545776367, 3.0721640586853027, 1.6334633827209473
434, -3.966062545776367, 3.0721640586853027, 1.6334633827209473
435, -3.8430123329162598, 3.0721640586853027, 1.851083755493164
436, -3.7199621200561523, 3.0721640586853027, 2.068704128265381
437, -3.596911907196045, 3.0721640586853027, 2.2863245010375977
438, -3.4738616943359375, 3.0721640586853027, 2.5039448738098145
439, -3.4738616943359375, 3.0721640586853027, 2.5039448738098145
440, -3.258486747741699, 3.0721640586853027, 2.6308846473693848
441, -3.043111801147461, 3.0721640586853027, 2.757824420928955
442, -2.8277368545532227, 3.0721640586853027, 2.8847641944885254
443, -2.8277368545532227, 3.0721640586853027, 2.8847641944885254
444, -2.7046866416931152, 3.0721640586853027, 3.102384567260742
445, -2.581636428833008, 3.0721640586853027, 3.320004940032959
446, -2.4585862159729004, 3.0721640586853027, 3.537625312805176
447, -2.335536003112793, 3.0721640586853027, 3.7552456855773926
448, -2.2124857902526855, 3.0721640586853027, 3.9728660583496094
449, -2.089435577392578, 3.0721640586853027, 4.190486431121826
450, -2.089435577392578, 3.0721640586853027, 4.190486431121826
451, -1.8740607500076294, 3.0721640586853027, 4.3174262046813965
452, -1.6586859226226807, 3.0721640586853027, 4.444365978240967
453, -1.6586859226226807, 3.0721640586853027, 4.444365978240967
454, -1.408695936203003, 3.0721640586853027, 4.446611404418945
455, -1.1587059497833252, 3.0721640586853027, 4.448856830596924
456, -0.9087160229682922, 3.0721640586853027, 4.451102256774902
457, -0.6587260961532593, 3.0721640586853027, 4.453347682952881
458, -0.4087361693382263, 3.0721640586853027, 4.455593109130859
459, -0.15874624252319336, 3.0721640586853027, 4.457838535308838
460, 0.0912436842918396, 3.0721640586853027, 4.460083961486816
461, 0.34123361110687256, 3.0721640586853027, 4.462329387664795
462, 0.5912235379219055, 3.0721640586853027, 4.464574813842773
463, 0.8412134647369385, 3.0721640586853027, 4.466820240020752
464, 1.0912034511566162, 3.0721640586853027, 4.4690656661987305
465, 1.341193437576294, 3.0721640586853027, 4.471311092376709
466, 1.341193437576294, 3.0721640586853027, 4.471311092376709
467, 1.5565682649612427, 3.0721640586853027, 4.598250865936279
468, 1.7719430923461914, 3.0721640586853027, 4.72519063949585
469, 1.9873179197311401, 3.0721640586853027, 4.85213041305542
470, 2.202692747116089, 3.0721640586853027, 4.97907018661499
471, 2.418067693710327, 3.0721640586853027, 5.1060099601745605
472, 2.418067693710327, 3.0721640586853027, 5.1060099601745605
473, 2.418067693710327, 3.0721640586853027, 5.1060099601745605
474, 2.418067693710327, 3.0721640586853027, 5.1060099601745605
475, 2.418067693710327, 3.0721640586853027, 5.1060099601745605
476, 2.4203133583068848, 3.0721640586853027, 4.856019973754883
477, 2.4203133583068848, 3.0721640586853027, 4.856019973754883
478, 2.4203133583068848, 3.0721640586853027, 4.856019973754883
479, 2.2049384117126465, 3.0721640586853027, 4.7290802001953125
480, 1.9895635843276978, 3.0721640586853027, 4.602140426635742
481, 1.9895635843276978, 3.0721640586853027, 4.602140426635742
482, 1.7395737171173096, 3.0721640586853027, 4.599895000457764
483, 1.4895837306976318, 3.0721640586853027, 4.597649574279785
484, 1.4895837306976318, 3.0721640586853027, 4.597649574279785
485, 1.274208903312683, 3.0721640586853027, 4.470709800720215
486, 1.274208903312683, 3.0721640586853027, 4.470709800720215
487, 1.024219036102295, 3.0721640586853027, 4.468464374542236
488, 0.774229109287262, 3.0721640586853027, 4.466218948364258
489, 0.524239182472229, 3.0721640586853027, 4.463973522186279
490, 0.27424925565719604, 3.0721640586853027, 4.461728096008301
491, 0.024259328842163086, 3.0721640586853027, 4.459482669830322
492, -0.22573059797286987, 3.0721640586853027, 4.457237243652344
493, -0.47572052478790283, 3.0721640586853027, 4.454991817474365
494, -0.7257104516029358, 3.0721640586853027, 4.452746391296387
495, -0.9757003784179688, 3.0721640586853027, 4.450500965118408
496, -1.2256903648376465, 3.0721640586853027, 4.44825553894043
497, -1.4756803512573242, 3.0721640586853027, 4.446010112762451
498, -1.4756803512573242, 3.0721640586853027, 4.446010112762451
499, -1.691055178642273, 3.0721640586853027, 4.319070339202881
