1, 2.734527111053467, -2.9951868057250977, 2.287851333618164
2, 2.734527111053467, -2.9951868057250977, 2.287851333618164
3, 2.734527111053467, -2.9951868057250977, 2.287851333618164
4, 2.734527111053467, -2.9951868057250977, 2.287851333618164
5, 2.734527111053467, -2.9951868057250977, 2.287851333618164
6, 2.734527111053467, -2.9951868057250977, 2.287851333618164
7, 2.734527111053467, -2.9951868057250977, 2.287851333618164
8, 2.734527111053467, -2.9951868057250977, 2.287851333618164
9, 2.734527111053467, -2.9951868057250977, 2.287851333618164
10, 2.734527111053467, -2.9951868057250977, 2.287851333618164
11, 2.734527111053467, -2.9951868057250977, 2.287851333618164
12, 2.734527111053467, -2.9951868057250977, 2.287851333618164
13, 2.734527111053467, -2.9951868057250977, 2.287851333618164
14, 2.734527111053467, -2.9951868057250977, 2.287851333618164
15, 2.734527111053467, -2.9951868057250977, 2.287851333618164
16, 2.734527111053467, -2.9951868057250977, 2.287851333618164
17, 2.734527111053467, -2.9951868057250977, 2.287851333618164
18, 2.734527111053467, -2.9951868057250977, 2.287851333618164
19, 2.4859619140625, -2.9951868057250977, 2.3145980834960938
20, 2.237396717071533, -2.9951868057250977, 2.3413448333740234
21, 1.988831639289856, -2.9951868057250977, 2.368091583251953
22, 1.7402665615081787, -2.9951868057250977, 2.394838333129883
23, 1.4917014837265015, -2.9951868057250977, 2.4215850830078125
24, 1.2431364059448242, -2.9951868057250977, 2.448331832885742
25, 0.994571328163147, -2.9951868057250977, 2.475078582763672
26, 0.7460062503814697, -2.9951868057250977, 2.5018253326416016
27, 0.4974411427974701, -2.9951868057250977, 2.5285720825195312
28, 0.24887603521347046, -2.9951868057250977, 2.555318832397461
29, 0.0003109276294708252, -2.9951868057250977, 2.5820655822753906
30, -0.2482541799545288, -2.9951868057250977, 2.6088123321533203
31, -0.2482541799545288, -2.9951868057250977, 2.6088123321533203
32, -0.2482541799545288, -2.9951868057250977, 2.6088123321533203
33, -0.2482541799545288, -2.9951868057250977, 2.6088123321533203
34, -0.2482541799545288, -2.9951868057250977, 2.6088123321533203
35, -0.2482541799545288, -2.9951868057250977, 2.6088123321533203
36, -0.2482541799545288, -2.9951868057250977, 2.6088123321533203
37, -0.2482541799545288, -2.9951868057250977, 2.6088123321533203
38, -0.2482541799545288, -2.9951868057250977, 2.6088123321533203
39, -0.2482541799545288, -2.9951868057250977, 2.6088123321533203
40, -0.2482541799545288, -2.9951868057250977, 2.6088123321533203
41, 0.0003109276294708252, -2.9951868057250977, 2.5820655822753906
42, 0.24887603521347046, -2.9951868057250977, 2.555318832397461
43, 0.4974411427974701, -2.9951868057250977, 2.5285720825195312
44, 0.4974411427974701, -2.9951868057250977, 2.5285720825195312
45, 0.4974411427974701, -2.9951868057250977, 2.5285720825195312
46, 0.4974411427974701, -2.9951868057250977, 2.5285720825195312
47, 0.4974411427974701, -2.9951868057250977, 2.5285720825195312
48, 0.4974411427974701, -2.9951868057250977, 2.5285720825195312
49, 0.4974411427974701, -2.9951868057250977, 2.5285720825195312
50, 0.24887606501579285, -2.9951868057250977, 2.555318832397461
51, 0.24887606501579285, -2.9951868057250977, 2.555318832397461
52, 0.04698580503463745, -2.9951868057250977, 2.7027647495269775
53, 0.04698580503463745, -2.9951868057250977, 2.7027647495269775
54, 0.04698580503463745, -2.9951868057250977, 2.7027647495269775
55, 0.07373268157243729, -2.9951868057250977, 2.9513299465179443
56, 0.08875083923339844, -2.9951868057250977, 3.09089732170105
57, 0.08875083923339844, -2.9951868057250977, 3.09089732170105
58, 0.08875083923339844, -2.9951868057250977, 3.09089732170105
59, -0.012368239462375641, -2.9951868057250977, 3.3195345401763916
60, -0.11348731815814972, -2.9951868057250977, 3.5481717586517334
61, -0.16124916076660156, -2.9951868057250977, 3.6561646461486816
62, -0.16124916076660156, -2.9951868057250977, 3.6561646461486816
63, -0.13450229167938232, -2.9951868057250977, 3.9047298431396484
64, -0.10775542259216309, -2.9951868057250977, 4.153295040130615
65, -0.08100855350494385, -2.9951868057250977, 4.401860237121582
66, -0.08100855350494385, -2.9951868057250977, 4.401860237121582
67, -0.08100855350494385, -2.9951868057250977, 4.401860237121582
68, -0.05426167696714401, -2.9951868057250977, 4.650425434112549
69, -0.027514800429344177, -2.9951868057250977, 4.898990631103516
70, -0.000767923891544342, -2.9951868057250977, 5.147555828094482
71, -0.000767923891544342, -2.9951868057250977, 5.147555828094482
72, -0.000767923891544342, -2.9951868057250977, 5.147555828094482
73, -0.000767923891544342, -2.9951868057250977, 5.147555828094482
74, -0.000767923891544342, -2.9951868057250977, 5.147555828094482
75, -0.000767923891544342, -2.9951868057250977, 5.147555828094482
76, -0.000767923891544342, -2.9951868057250977, 5.147555828094482
77, -0.000767923891544342, -2.9951868057250977, 5.147555828094482
78, 0.10035114735364914, -2.9951868057250977, 4.918918609619141
79, 0.10035114735364914, -2.9951868057250977, 4.918918609619141
80, 0.07360424846410751, -2.9951868057250977, 4.670353412628174
81, 0.04685734957456589, -2.9951868057250977, 4.421788215637207
82, 0.02011045068502426, -2.9951868057250977, 4.17322301864624
83, -0.0066364482045173645, -2.9951868057250977, 3.9246578216552734
84, -0.03338334709405899, -2.9951868057250977, 3.6760926246643066
85, -0.060130245983600616, -2.9951868057250977, 3.42752742767334
86, -0.08687714487314224, -2.9951868057250977, 3.178962230682373
87, -0.08687714487314224, -2.9951868057250977, 3.178962230682373
88, 0.014241918921470642, -2.9951868057250977, 2.9503250122070312
89, 0.11536098271608353, -2.9951868057250977, 2.7216877937316895
90, 0.11536098271608353, -2.9951868057250977, 2.7216877937316895
91, 0.3172512352466583, -2.9951868057250977, 2.574241876602173
92, 0.3172512352466583, -2.9951868057250977, 2.574241876602173
93, 0.565816342830658, -2.9951868057250977, 2.547494888305664
94, 0.81438148021698, -2.9951868057250977, 2.5207479000091553
95, 1.0629465579986572, -2.9951868057250977, 2.4940009117126465
96, 1.3115116357803345, -2.9951868057250977, 2.4672539234161377
97, 1.5600767135620117, -2.9951868057250977, 2.440506935119629
98, 1.5600767135620117, -2.9951868057250977, 2.440506935119629
99, 1.788713812828064, -2.9951868057250977, 2.5416259765625
100, 2.017350912094116, -2.9951868057250977, 2.642745018005371
101, 2.017350912094116, -2.9951868057250977, 2.642745018005371
102, 2.164797067642212, -2.9951868057250977, 2.844635248184204
103, 2.3122432231903076, -2.9951868057250977, 3.046525478363037
104, 2.3122432231903076, -2.9951868057250977, 3.046525478363037
105, 2.3389902114868164, -2.9951868057250977, 3.295090675354004
106, 2.365737199783325, -2.9951868057250977, 3.5436558723449707
107, 2.392484188079834, -2.9951868057250977, 3.7922210693359375
108, 2.4192311763763428, -2.9951868057250977, 4.040786266326904
109, 2.4459781646728516, -2.9951868057250977, 4.289351463317871
110, 2.4727251529693604, -2.9951868057250977, 4.537916660308838
111, 2.499472141265869, -2.9951868057250977, 4.786481857299805
112, 2.526219129562378, -2.9951868057250977, 5.0350470542907715
113, 2.5529661178588867, -2.9951868057250977, 5.283612251281738
114, 2.5797131061553955, -2.9951868057250977, 5.532177448272705
115, 2.6064600944519043, -2.9951868057250977, 5.780742645263672
116, 2.6064600944519043, -2.9951868057250977, 5.780742645263672
117, 2.505341053009033, -2.9951868057250977, 6.009379863739014
118, 2.404222011566162, -2.9951868057250977, 6.2380170822143555
119, 2.303102970123291, -2.9951868057250977, 6.466654300689697
120, 2.303102970123291, -2.9951868057250977, 6.466654300689697
121, 2.101212739944458, -2.9951868057250977, 6.614100456237793
122, 2.101212739944458, -2.9951868057250977, 6.614100456237793
123, 2.101212739944458, -2.9951868057250977, 6.614100456237793
124, 2.101212739944458, -2.9951868057250977, 6.614100456237793
125, 2.101212739944458, -2.9951868057250977, 6.614100456237793
126, 2.101212739944458, -2.9951868057250977, 6.614100456237793
127, 2.11259126663208, -2.9951868057250977, 6.588372707366943
128, 2.11259126663208, -2.9951868057250977, 6.588372707366943
129, 2.314481496810913, -2.9951868057250977, 6.440926551818848
130, 2.314481496810913, -2.9951868057250977, 6.440926551818848
131, 2.415600538253784, -2.9951868057250977, 6.212289333343506
132, 2.5167195796966553, -2.9951868057250977, 5.983652114868164
133, 2.5167195796966553, -2.9951868057250977, 5.983652114868164
134, 2.4899725914001465, -2.9951868057250977, 5.735086917877197
135, 2.4632256031036377, -2.9951868057250977, 5.4865217208862305
136, 2.436478614807129, -2.9951868057250977, 5.237956523895264
137, 2.40973162651062, -2.9951868057250977, 4.989391326904297
138, 2.3829846382141113, -2.9951868057250977, 4.74082612991333
139, 2.3562376499176025, -2.9951868057250977, 4.492260932922363
140, 2.3294906616210938, -2.9951868057250977, 4.2436957359313965
141, 2.302743673324585, -2.9951868057250977, 3.9951305389404297
142, 2.275996685028076, -2.9951868057250977, 3.746565341949463
143, 2.2492496967315674, -2.9951868057250977, 3.498000144958496
144, 2.2492496967315674, -2.9951868057250977, 3.498000144958496
145, 2.3503687381744385, -2.9951868057250977, 3.2693629264831543
146, 2.3503687381744385, -2.9951868057250977, 3.2693629264831543
147, 2.3236217498779297, -2.9951868057250977, 3.0207977294921875
148, 2.296874761581421, -2.9951868057250977, 2.7722325325012207
149, 2.296874761581421, -2.9951868057250977, 2.7722325325012207
150, 2.149428606033325, -2.9951868057250977, 2.5703423023223877
151, 2.149428606033325, -2.9951868057250977, 2.5703423023223877
152, 1.920791506767273, -2.9951868057250977, 2.4692232608795166
153, 1.920791506767273, -2.9951868057250977, 2.4692232608795166
154, 1.6722264289855957, -2.9951868057250977, 2.4959702491760254
155, 1.6722264289855957, -2.9951868057250977, 2.4959702491760254
156, 1.4435893297195435, -2.9951868057250977, 2.3948512077331543
157, 1.4435893297195435, -2.9951868057250977, 2.3948512077331543
158, 1.1950242519378662, -2.9951868057250977, 2.421598196029663
159, 0.946459174156189, -2.9951868057250977, 2.448345184326172
160, 0.6978940963745117, -2.9951868057250977, 2.4750921726226807
161, 0.4493289887905121, -2.9951868057250977, 2.5018391609191895
162, 0.4493289887905121, -2.9951868057250977, 2.5018391609191895
163, 0.2474387288093567, -2.9951868057250977, 2.649285316467285
164, 0.045548468828201294, -2.9951868057250977, 2.796731472015381
165, 0.045548468828201294, -2.9951868057250977, 2.796731472015381
166, -0.05557060241699219, -2.9951868057250977, 3.0253686904907227
167, -0.15668967366218567, -2.9951868057250977, 3.2540059089660645
168, -0.15668967366218567, -2.9951868057250977, 3.2540059089660645
169, -0.12994277477264404, -2.9951868057250977, 3.5025711059570312
170, -0.10319587588310242, -2.9951868057250977, 3.751136302947998
171, -0.07644897699356079, -2.9951868057250977, 3.999701499938965
172, -0.049702078104019165, -2.9951868057250977, 4.248266696929932
173, -0.02295517921447754, -2.9951868057250977, 4.496831893920898
174, 0.003791719675064087, -2.9951868057250977, 4.745397090911865
175, 0.030538618564605713, -2.9951868057250977, 4.993962287902832
176, 0.05728551745414734, -2.9951868057250977, 5.242527484893799
177, 0.05728551745414734, -2.9951868057250977, 5.242527484893799
178, -0.043833546340465546, -2.9951868057250977, 5.471164703369141
179, -0.14495261013507843, -2.9951868057250977, 5.699801921844482
180, -0.24607166647911072, -2.9951868057250977, 5.928439140319824
181, -0.24607166647911072, -2.9951868057250977, 5.928439140319824
182, -0.2193247675895691, -2.9951868057250977, 6.177004337310791
183, -0.19257786870002747, -2.940290689468384, 6.425569534301758
184, -0.16583096981048584, -2.93441104888916, 6.674134731292725
185, -0.16583096981048584, -2.93441104888916, 6.674134731292725
186, -0.0183849036693573, -2.8866255283355713, 6.876025199890137
187, -0.0183849036693573, -2.8866255283355713, 6.876025199890137
188, -0.0183849036693573, -2.8866255283355713, 6.876025199890137
189, -0.0183849036693573, -2.8866255283355713, 6.876025199890137
190, -0.0183849036693573, -2.8866255283355713, 6.876025199890137
191, 0.08273416757583618, -2.8490235805511475, 6.647387981414795
192, 0.08273416757583618, -2.8490235805511475, 6.647387981414795
193, 0.08273416757583618, -2.8490235805511475, 6.647387981414795
194, 0.08273416757583618, -2.8490235805511475, 6.647387981414795
195, 0.3113712966442108, -2.825474500656128, 6.748507022857666
196, -8.86913013458252, -2.9951868057250977, 2.188028573989868
