1, 11.581306457519531, 0.07754743099212646, 0.8211311101913452
2, 11.581306457519531, 0.07754743099212646, 0.8211311101913452
3, 11.581306457519531, 0.07754743099212646, 0.8211311101913452
4, 11.581306457519531, 0.07754743099212646, 0.8211311101913452
5, 11.581306457519531, 0.07754743099212646, 0.8211311101913452
6, 11.581306457519531, 0.07754743099212646, 0.8211311101913452
7, 11.581306457519531, 0.07754743099212646, 0.8211311101913452
8, 11.581306457519531, 0.07754743099212646, 0.8211311101913452
9, 11.581306457519531, 0.07754743099212646, 0.8211311101913452
10, 11.581306457519531, 0.07754743099212646, 0.8211311101913452
11, 11.581306457519531, 0.07754743099212646, 0.8211311101913452
12, 11.581306457519531, 0.07754743099212646, 0.8211311101913452
13, 11.756613731384277, 0.07754743099212646, 0.6428971290588379
14, 11.756613731384277, 0.07754743099212646, 0.6428971290588379
15, 11.756613731384277, 0.07754743099212646, 0.6428971290588379
16, 11.756613731384277, 0.07754743099212646, 0.6428971290588379
17, 11.756613731384277, 0.07754743099212646, 0.6428971290588379
18, 11.514604568481445, 0.07754743099212646, 0.5801935195922852
19, 11.514604568481445, 0.07754743099212646, 0.5801935195922852
20, 11.514604568481445, 0.07754743099212646, 0.5801935195922852
21, 11.3392972946167, 0.07754743099212646, 0.7584275007247925
22, 11.3392972946167, 0.07754743099212646, 0.7584275007247925
23, 11.276593208312988, 0.07754743099212646, 1.0004363059997559
24, 11.213889122009277, 0.07754743099212646, 1.2424451112747192
25, 11.151185035705566, 0.07754743099212646, 1.4844539165496826
26, 11.088480949401855, 0.07754743099212646, 1.726462721824646
27, 11.025776863098145, 0.07754743099212646, 1.9684715270996094
28, 10.963072776794434, 0.07754743099212646, 2.210480213165283
29, 10.963072776794434, 0.07754743099212646, 2.210480213165283
30, 10.787765502929688, 0.07754743099212646, 2.388714075088501
31, 10.612458229064941, 0.07754743099212646, 2.5669479370117188
32, 10.612458229064941, 0.07754743099212646, 2.5669479370117188
33, 10.612458229064941, 0.07754743099212646, 2.5669479370117188
34, 10.39780330657959, 0.21322627365589142, 2.511331558227539
35, 10.39780330657959, 0.21322627365589142, 2.511331558227539
36, 10.39780330657959, 0.21322627365589142, 2.511331558227539
37, 10.39780330657959, 0.21322627365589142, 2.511331558227539
38, 10.39780330657959, 0.21322627365589142, 2.511331558227539
39, 10.397802352905273, 0.2132270187139511, 2.511331796646118
40, 10.397802352905273, 0.2132270187139511, 2.511331796646118
41, 10.397802352905273, 0.2132270187139511, 2.511331796646118
42, 10.397802352905273, 0.2132270187139511, 2.511331796646118
43, 10.397802352905273, 0.2132270187139511, 2.511331796646118
44, 10.397802352905273, 0.2132270187139511, 2.511331796646118
45, 10.397802352905273, 0.2132270187139511, 2.511331796646118
46, 10.397802352905273, 0.2132270187139511, 2.511331796646118
47, 10.397802352905273, 0.2132270187139511, 2.511331796646118
48, 10.222495079040527, 0.2509605288505554, 2.689565658569336
49, 10.222495079040527, 0.2509605288505554, 2.689565658569336
50, 10.087199211120605, 0.1473446935415268, 2.7270212173461914
51, 10.087199211120605, 0.1473446935415268, 2.7270212173461914
52, 10.087199211120605, 0.1473446935415268, 2.7270212173461914
53, 9.845190048217773, 0.07754743099212646, 2.6643176078796387
54, 9.845190048217773, 0.07754743099212646, 2.6643176078796387
55, 9.845190048217773, 0.07754743099212646, 2.6643176078796387
56, 9.669882774353027, 0.07754743099212646, 2.8425514698028564
57, 9.669882774353027, 0.07754743099212646, 2.8425514698028564
58, 9.428945541381836, 0.07754743099212646, 2.909252882003784
59, 9.188008308410645, 0.07754743099212646, 2.975954294204712
60, 8.947071075439453, 0.07754743099212646, 3.0426557064056396
61, 8.706133842468262, 0.07754743099212646, 3.1093571186065674
62, 8.46519660949707, 0.07754743099212646, 3.176058530807495
63, 8.224259376525879, 0.07754743099212646, 3.242759943008423
64, 8.224259376525879, 0.07754743099212646, 3.242759943008423
65, 7.982250690460205, 0.07754743099212646, 3.18005633354187
66, 7.740242004394531, 0.07754743099212646, 3.1173527240753174
67, 7.498233318328857, 0.07754743099212646, 3.0546491146087646
68, 7.916562080383301, 0.07754743099212646, 4.6195526123046875
