1, 7.819910526275635, 2.0644748210906982, 0.5710276365280151
2, 7.819910526275635, 2.0644748210906982, 0.5710276365280151
3, 7.819910526275635, 2.0644748210906982, 0.5710276365280151
4, 7.819910526275635, 2.0644748210906982, 0.5710276365280151
5, 7.819910526275635, 2.0644748210906982, 0.5710276365280151
6, 7.819910526275635, 2.0644748210906982, 0.5710276365280151
7, 7.819910526275635, 2.0644748210906982, 0.5710276365280151
8, 7.819910526275635, 2.0644748210906982, 0.5710276365280151
9, 7.819910526275635, 2.0644748210906982, 0.5710276365280151
10, 7.819910526275635, 2.0644748210906982, 0.5710276365280151
11, 7.819910526275635, 2.0644748210906982, 0.5710276365280151
12, 7.819910526275635, 2.0644748210906982, 0.5710276365280151
13, 7.819910526275635, 2.0644748210906982, 0.5710276365280151
14, 7.819910526275635, 2.0644748210906982, 0.5710276365280151
15, 7.859576225280762, 2.0644748210906982, 0.32419443130493164
16, 7.899241924285889, 2.0644748210906982, 0.07736122608184814
17, 7.899241924285889, 2.0644748210906982, 0.07736122608184814
18, 7.899241924285889, 2.0644748210906982, 0.07736122608184814
19, 7.899241924285889, 2.0644748210906982, 0.07736122608184814
20, 7.899241924285889, 2.0644748210906982, 0.07736122608184814
21, 7.899241924285889, 2.0644748210906982, 0.07736122608184814
22, 7.899241924285889, 2.0644748210906982, 0.07736122608184814
23, 7.859576225280762, 2.0644748210906982, 0.32419446110725403
24, 7.819910526275635, 2.0644748210906982, 0.5710276961326599
25, 7.780244827270508, 2.0644748210906982, 0.8178609609603882
26, 7.740579128265381, 2.0644748210906982, 1.0646941661834717
27, 7.700913429260254, 2.0644748210906982, 1.3115273714065552
28, 7.661247730255127, 2.0644748210906982, 1.5583605766296387
29, 7.62158203125, 2.0644748210906982, 1.8051937818527222
30, 7.581916332244873, 2.0644748210906982, 2.0520269870758057
31, 7.542250633239746, 2.0644748210906982, 2.2988603115081787
32, 7.502584934234619, 2.0644748210906982, 2.5456936359405518
33, 7.462919235229492, 2.0644748210906982, 2.792526960372925
34, 7.423253536224365, 2.0644748210906982, 3.039360284805298
35, 7.423253536224365, 2.0644748210906982, 3.039360284805298
36, 7.2654852867126465, 2.0644748210906982, 3.2332913875579834
37, 7.107717037200928, 2.0644748210906982, 3.427222490310669
38, 7.107717037200928, 2.0644748210906982, 3.427222490310669
39, 7.068051338195801, 2.0644748210906982, 3.674055814743042
40, 7.068051338195801, 2.0644748210906982, 3.674055814743042
41, 7.157116413116455, 2.0644748210906982, 3.9076523780822754
42, 7.246181488037109, 2.0644748210906982, 4.141249179840088
43, 7.335246562957764, 2.0644748210906982, 4.3748459815979
44, 7.335246562957764, 2.0644748210906982, 4.3748459815979
45, 7.429667949676514, 2.0644748210906982, 4.45166015625
46, 7.429667949676514, 2.0644748210906982, 4.45166015625
47, 7.429667949676514, 2.0644748210906982, 4.45166015625
48, 7.518733024597168, 2.0644748210906982, 4.6852569580078125
49, 7.518733024597168, 2.0644748210906982, 4.6852569580078125
50, 7.518733024597168, 2.0644748210906982, 4.6852569580078125
51, 7.518733024597168, 2.0644748210906982, 4.6852569580078125
52, 7.518733024597168, 2.0644748210906982, 4.6852569580078125
53, 7.518733024597168, 2.0644748210906982, 4.6852569580078125
54, 7.518733024597168, 2.0644748210906982, 4.6852569580078125
55, 7.518733024597168, 2.0644748210906982, 4.6852569580078125
56, 7.324801921844482, 2.0644748210906982, 4.527488708496094
57, 7.130870819091797, 2.0644748210906982, 4.369720458984375
58, 6.936939716339111, 2.0644748210906982, 4.211952209472656
59, 6.743008613586426, 2.0644748210906982, 4.0541839599609375
60, 6.54907751083374, 2.0644748210906982, 3.896415948867798
61, 6.355146408081055, 2.0644748210906982, 3.738647937774658
62, 6.161215305328369, 2.0644748210906982, 3.5808799266815186
63, 5.967284202575684, 2.0644748210906982, 3.423111915588379
64, 5.773353099822998, 2.0644748210906982, 3.2653439044952393
65, 5.5794219970703125, 2.0644748210906982, 3.1075758934020996
66, 5.385490894317627, 2.0644748210906982, 2.94980788230896
67, 5.385490894317627, 2.0644748210906982, 2.94980788230896
68, 5.385490894317627, 2.0644748210906982, 2.94980788230896
69, 5.385490894317627, 2.0644748210906982, 2.94980788230896
70, 5.138657569885254, 2.0644748210906982, 2.910142183303833
71, 5.138657569885254, 2.0644748210906982, 2.910142183303833
72, 4.905060768127441, 2.0644748210906982, 2.9992072582244873
73, 4.671463966369629, 2.0644748210906982, 3.0882723331451416
74, 4.437867164611816, 2.0644748210906982, 3.177337408065796
75, 4.204270362854004, 2.0644748210906982, 3.26640248298645
76, 4.204270362854004, 2.0644748210906982, 3.26640248298645
77, 3.957437038421631, 2.0644748210906982, 3.2267367839813232
78, 3.710603713989258, 2.0644748210906982, 3.1870710849761963
79, 3.4637703895568848, 2.0644748210906982, 3.1474053859710693
80, 3.2169370651245117, 2.0644748210906982, 3.1077396869659424
81, 2.9701037406921387, 2.0644748210906982, 3.0680739879608154
82, 2.7232704162597656, 2.0644748210906982, 3.0284082889556885
83, 2.4764370918273926, 2.0644748210906982, 2.9887425899505615
84, 2.4764370918273926, 2.0644748210906982, 2.9887425899505615
85, 2.4764370918273926, 2.0644748210906982, 2.9887425899505615
86, 2.4764370918273926, 2.0644748210906982, 2.9887425899505615
87, 2.4764370918273926, 2.0644748210906982, 2.9887425899505615
88, 2.4764370918273926, 2.0644748210906982, 2.9887425899505615
89, 2.670368194580078, 2.0644748210906982, 3.146510601043701
90, 2.670368194580078, 2.0644748210906982, 3.146510601043701
91, 2.917201519012451, 2.0644748210906982, 3.186176300048828
92, 3.164034843444824, 2.0644748210906982, 3.225841999053955
93, 3.164034843444824, 2.0644748210906982, 3.225841999053955
94, 3.164034843444824, 2.0644748210906982, 3.225841999053955
95, 3.164034843444824, 2.0644748210906982, 3.225841999053955
96, 3.164034843444824, 2.0644748210906982, 3.225841999053955
97, 3.164034843444824, 2.0644748210906982, 3.225841999053955
98, 3.164034843444824, 2.0644748210906982, 3.225841999053955
99, 3.2530999183654785, 2.0644748210906982, 3.4594388008117676
100, 3.342164993286133, 2.0644748210906982, 3.69303560256958
101, 3.342164993286133, 2.0644748210906982, 3.69303560256958
102, 3.342164993286133, 2.0644748210906982, 3.69303560256958
103, 3.342164993286133, 2.0644748210906982, 3.69303560256958
104, 3.342164993286133, 2.0644748210906982, 3.69303560256958
105, 3.342164993286133, 2.0644748210906982, 3.69303560256958
106, 3.342164993286133, 2.0644748210906982, 3.69303560256958
107, 3.2530999183654785, 2.0644748210906982, 3.4594388008117676
108, 3.2530999183654785, 2.0644748210906982, 3.4594388008117676
109, 3.059168815612793, 2.0644748210906982, 3.301670789718628
110, 3.059168815612793, 2.0644748210906982, 3.301670789718628
111, 2.81233549118042, 2.0644748210906982, 3.262005090713501
112, 2.565502166748047, 2.0644748210906982, 3.222339391708374
113, 2.565502166748047, 2.0644748210906982, 3.222339391708374
114, 2.3319053649902344, 2.0644748210906982, 3.3114044666290283
115, 2.3319053649902344, 2.0644748210906982, 3.3114044666290283
116, 2.1741373538970947, 2.0644748210906982, 3.505335569381714
117, 2.016369342803955, 2.0644748210906982, 3.6992666721343994
118, 2.016369342803955, 2.0644748210906982, 3.6992666721343994
119, 1.9767036437988281, 2.0644748210906982, 3.9460999965667725
120, 1.9767036437988281, 2.0644748210906982, 3.9460999965667725
121, 1.9767036437988281, 2.0644748210906982, 3.9460999965667725
122, 1.9767036437988281, 2.0644748210906982, 3.9460999965667725
123, 1.9767036437988281, 2.0644748210906982, 3.9460999965667725
124, 1.9767036437988281, 2.0644748210906982, 3.9460999965667725
125, 1.9767036437988281, 2.0644748210906982, 3.9460999965667725
126, 1.9767036437988281, 2.0644748210906982, 3.9460999965667725
127, 2.1344716548919678, 2.0644748210906982, 3.752169132232666
128, 2.2922396659851074, 2.0644748210906982, 3.5582380294799805
129, 2.2922396659851074, 2.0644748210906982, 3.5582380294799805
130, 2.3319053649902344, 2.0644748210906982, 3.3114047050476074
131, 2.3715710639953613, 2.0644748210906982, 3.0645713806152344
132, 2.3715710639953613, 2.0644748210906982, 3.0645713806152344
133, 2.282505989074707, 2.0644748210906982, 2.830974578857422
134, 2.1934409141540527, 2.0644748210906982, 2.5973777770996094
135, 2.1043758392333984, 2.0644748210906982, 2.363780975341797
136, 2.1043758392333984, 2.0644748210906982, 2.363780975341797
137, 1.9104448556900024, 2.0644748210906982, 2.2060129642486572
138, 1.9104448556900024, 2.0644748210906982, 2.2060129642486572
139, 1.9104448556900024, 2.0644748210906982, 2.2060129642486572
140, 1.9104448556900024, 2.0644748210906982, 2.2060129642486572
141, 1.9104448556900024, 2.0644748210906982, 2.2060129642486572
142, 1.9104448556900024, 2.0644748210906982, 2.2060129642486572
143, 1.9104448556900024, 2.0644748210906982, 2.2060129642486572
144, 1.9104448556900024, 2.0644748210906982, 2.2060129642486572
145, 1.9104448556900024, 2.0644748210906982, 2.2060129642486572
146, 2.1043758392333984, 2.0644748210906982, 2.363780975341797
147, 2.1043758392333984, 2.0644748210906982, 2.363780975341797
148, 2.1934409141540527, 2.0644748210906982, 2.5973777770996094
149, 2.282505989074707, 2.0644748210906982, 2.830974578857422
150, 2.282505989074707, 2.0644748210906982, 2.830974578857422
151, 2.4764370918273926, 2.0644748210906982, 2.9887428283691406
152, 2.4764370918273926, 2.0644748210906982, 2.9887428283691406
153, 2.7232704162597656, 2.0644748210906982, 3.0284085273742676
154, 2.9701037406921387, 2.0644748210906982, 3.0680742263793945
155, 3.2169370651245117, 2.0644748210906982, 3.1077399253845215
156, 3.4637703895568848, 2.0644748210906982, 3.1474056243896484
157, 3.710603713989258, 2.0644748210906982, 3.1870713233947754
158, 3.957437038421631, 2.0644748210906982, 3.2267370223999023
159, 4.204270362854004, 2.0644748210906982, 3.2664027214050293
160, 4.204270362854004, 2.0644748210906982, 3.2664027214050293
161, 4.437867164611816, 2.0644748210906982, 3.177337646484375
162, 4.671463966369629, 2.0644748210906982, 3.0882725715637207
163, 4.905060768127441, 2.0644748210906982, 2.9992074966430664
164, 4.905060768127441, 2.0644748210906982, 2.9992074966430664
165, 5.06282901763916, 2.0644748210906982, 2.805276393890381
166, 5.220597267150879, 2.0131120681762695, 2.6113452911376953
167, 5.220597267150879, 2.0131120681762695, 2.6113452911376953
168, 5.220597267150879, 2.0131120681762695, 2.6113452911376953
169, 5.220597267150879, 2.0131120681762695, 2.6113452911376953
170, 5.220597267150879, 2.0131120681762695, 2.6113452911376953
171, 5.220597267150879, 2.0131120681762695, 2.6113452911376953
172, 5.4145283699035645, 2.0644748210906982, 2.769113540649414
173, 5.60845947265625, 2.0644748210906982, 2.926881790161133
174, 5.60845947265625, 2.0644748210906982, 2.926881790161133
175, 5.855292797088623, 2.0644748210906982, 2.9665474891662598
176, 6.102126121520996, 2.0644748210906982, 3.0062131881713867
177, 6.102126121520996, 2.0644748210906982, 3.0062131881713867
178, 6.335722923278809, 2.0644748210906982, 2.9171481132507324
179, 6.569319725036621, 2.0644748210906982, 2.828083038330078
180, 6.802916526794434, 2.0644748210906982, 2.739017963409424
181, 7.036513328552246, 2.0644748210906982, 2.6499528884887695
182, 7.036513328552246, 2.0644748210906982, 2.6499528884887695
183, 7.194281578063965, 2.0644748210906982, 2.456021785736084
184, 7.352049827575684, 2.0644748210906982, 2.2620906829833984
185, 7.509818077087402, 2.0644748210906982, 2.068159580230713
186, 7.667586326599121, 2.0644748210906982, 1.874228596687317
187, 7.667586326599121, 2.0644748210906982, 1.874228596687317
188, 7.667586326599121, 2.0644748210906982, 1.874228596687317
189, 7.667586326599121, 2.0644748210906982, 1.874228596687317
190, 7.667586326599121, 2.0644748210906982, 1.874228596687317
191, 7.667586326599121, 2.0644748210906982, 1.874228596687317
192, 7.667586326599121, 2.0644748210906982, 1.874228596687317
193, 7.509818077087402, 2.0644748210906982, 2.068159580230713
194, 7.352049827575684, 2.0644748210906982, 2.2620906829833984
195, 7.194281578063965, 2.0644748210906982, 2.456021785736084
196, 7.036513328552246, 2.0644748210906982, 2.6499528884887695
197, 7.036513328552246, 2.0644748210906982, 2.6499528884887695
198, 6.802916526794434, 2.0644748210906982, 2.739017963409424
199, 6.569319725036621, 2.0644748210906982, 2.828083038330078
200, 6.335722923278809, 2.0644748210906982, 2.9171481132507324
201, 6.102126121520996, 2.0644748210906982, 3.0062131881713867
202, 6.102126121520996, 2.0644748210906982, 3.0062131881713867
203, 5.855292797088623, 2.0644748210906982, 2.9665474891662598
204, 5.855292797088623, 2.0644748210906982, 2.9665474891662598
205, 5.6613616943359375, 2.0644748210906982, 2.80877947807312
206, 5.6613616943359375, 2.0644748210906982, 2.80877947807312
207, 5.6613616943359375, 2.0644748210906982, 2.80877947807312
208, 5.6613616943359375, 2.0644748210906982, 2.80877947807312
209, 5.4145283699035645, 2.0644748210906982, 2.769113779067993
210, 5.4145283699035645, 2.0644748210906982, 2.769113779067993
211, 5.180931568145752, 2.0644748210906982, 2.8581788539886475
212, 4.9473347663879395, 2.0644748210906982, 2.9472439289093018
213, 4.713737964630127, 2.0644748210906982, 3.036309003829956
214, 4.4801411628723145, 2.0644748210906982, 3.1253740787506104
215, 4.246544361114502, 2.0644748210906982, 3.2144391536712646
216, 4.0129475593566895, 2.0644748210906982, 3.303504228591919
217, 4.0129475593566895, 2.0644748210906982, 3.303504228591919
218, 3.7661142349243164, 2.0644748210906982, 3.263838529586792
219, 3.5192809104919434, 2.0644748210906982, 3.224172830581665
220, 3.2724475860595703, 2.0644748210906982, 3.184507131576538
221, 3.0256142616271973, 2.0644748210906982, 3.144841432571411
222, 2.778780937194824, 2.0644748210906982, 3.105175733566284
223, 2.778780937194824, 2.0644748210906982, 3.105175733566284
224, 2.5848498344421387, 2.0644748210906982, 2.9474077224731445
225, 2.390918731689453, 2.0644748210906982, 2.789639711380005
226, 2.390918731689453, 2.0644748210906982, 2.789639711380005
227, 2.301853656768799, 2.0644748210906982, 2.5560431480407715
228, 2.2127885818481445, 2.0644748210906982, 2.322446346282959
229, 2.2127885818481445, 2.0644748210906982, 2.322446346282959
230, 2.2127885818481445, 2.0644748210906982, 2.322446346282959
231, 2.2127885818481445, 2.0644748210906982, 2.322446346282959
232, 2.2127885818481445, 2.0644748210906982, 2.322446346282959
233, 2.2127885818481445, 2.0644748210906982, 2.322446346282959
234, 2.2127885818481445, 2.0644748210906982, 2.322446346282959
235, 2.301853656768799, 2.0644748210906982, 2.5560431480407715
236, 2.390918731689453, 2.0644748210906982, 2.789639949798584
237, 2.390918731689453, 2.0644748210906982, 2.789639949798584
238, 2.5848498344421387, 2.0644748210906982, 2.9474081993103027
239, 2.778780937194824, 2.0644748210906982, 3.1051764488220215
240, 2.778780937194824, 2.0644748210906982, 3.1051764488220215
241, 3.0256142616271973, 2.0644748210906982, 3.1448421478271484
242, 3.2724475860595703, 2.0644748210906982, 3.1845078468322754
243, 3.5192809104919434, 2.0644748210906982, 3.2241735458374023
244, 3.7661142349243164, 2.0644748210906982, 3.2638392448425293
245, 4.0129475593566895, 2.0644748210906982, 3.3035049438476562
246, 4.0129475593566895, 2.0644748210906982, 3.3035049438476562
247, 4.246544361114502, 2.0644748210906982, 3.214439868927002
248, 4.4801411628723145, 2.0644748210906982, 3.1253747940063477
249, 4.713737964630127, 2.0644748210906982, 3.0363097190856934
250, 4.9473347663879395, 2.0644748210906982, 2.947244644165039
251, 4.9473347663879395, 2.0644748210906982, 2.947244644165039
252, 5.105103015899658, 2.0644748210906982, 2.7533135414123535
253, 5.105103015899658, 2.0644748210906982, 2.7533135414123535
254, 5.105103015899658, 2.0644748210906982, 2.7533135414123535
255, 5.105103015899658, 2.0644748210906982, 2.7533135414123535
256, 5.105103015899658, 2.0644748210906982, 2.7533135414123535
257, 5.105103015899658, 2.0644748210906982, 2.7533135414123535
258, 5.299034118652344, 2.0644748210906982, 2.9110817909240723
259, 5.492965221405029, 2.0644748210906982, 3.068850040435791
260, 5.492965221405029, 2.0644748210906982, 3.068850040435791
261, 5.492965221405029, 2.0644748210906982, 3.068850040435791
262, 5.492965221405029, 2.0644748210906982, 3.068850040435791
263, 5.739798545837402, 2.0644748210906982, 3.108515739440918
264, 5.986631870269775, 2.0644748210906982, 3.148181438446045
265, 5.986631870269775, 2.0644748210906982, 3.148181438446045
266, 6.220228672027588, 2.0644748210906982, 3.0591163635253906
267, 6.4538254737854, 2.0644748210906982, 2.9700512886047363
268, 6.687422275543213, 2.0644748210906982, 2.880986213684082
269, 6.921019077301025, 2.0644748210906982, 2.7919211387634277
270, 6.921019077301025, 2.0644748210906982, 2.7919211387634277
271, 7.078787326812744, 2.0644748210906982, 2.597990036010742
272, 7.236555576324463, 2.0644748210906982, 2.4040589332580566
273, 7.394323825836182, 2.0644748210906982, 2.210127830505371
274, 7.5520920753479, 2.0644748210906982, 2.0161967277526855
275, 7.709860324859619, 2.0644748210906982, 1.8222657442092896
276, 7.709860324859619, 2.0644748210906982, 1.8222657442092896
277, 7.709860324859619, 2.0644748210906982, 1.8222657442092896
278, 7.709860324859619, 2.0644748210906982, 1.8222657442092896
279, 7.749526023864746, 2.0644748210906982, 1.575432538986206
280, 7.789191722869873, 2.0644748210906982, 1.3285993337631226
281, 7.828857421875, 2.0644748210906982, 1.081766128540039
282, 7.868523120880127, 2.0644748210906982, 0.8349329233169556
283, 7.908188819885254, 2.0644748210906982, 0.5880997180938721
284, 7.947854518890381, 2.0644748210906982, 0.3412665128707886
285, 7.947854518890381, 2.0644748210906982, 0.3412665128707886
286, 7.947854518890381, 2.0644748210906982, 0.3412665128707886
287, 7.947854518890381, 2.0644748210906982, 0.3412665128707886
288, 7.947854518890381, 2.0644748210906982, 0.3412665128707886
289, 7.753923416137695, 2.0644748210906982, 0.18349841237068176
290, 7.753923416137695, 2.0644748210906982, 0.18349841237068176
291, 7.664858341217041, 2.0644748210906982, -0.050098270177841187
292, 7.575793266296387, 2.0644748210906982, -0.28369495272636414
293, 7.575793266296387, 2.0644748210906982, -0.28369495272636414
294, 7.389463424682617, 2.0644748210906982, -0.4352792501449585
295, 7.389463424682617, 2.0644748210906982, -0.43527933955192566
296, 7.389463424682617, 2.0644748210906982, -0.43527933955192566
297, 7.300398349761963, 2.0644748210906982, -0.668876051902771
298, 7.300398349761963, 2.0644748210906982, -0.668876051902771
299, 7.300398349761963, 2.0644748210906982, -0.668876051902771
300, 7.300398349761963, 2.0644748210906982, -0.668876051902771
301, 7.06680154800415, 2.0644748210906982, -0.5798108577728271
302, 6.909555912017822, 2.0644748210906982, -0.5198566913604736
303, 6.909555912017822, 2.0644748210906982, -0.5198566913604736
304, 6.909555912017822, 2.0644748210906982, -0.5198566913604736
305, 6.909555912017822, 2.0644748210906982, -0.5198566913604736
306, 6.8883514404296875, 2.0644748210906982, -0.537106990814209
307, 6.8883514404296875, 2.0644748210906982, -0.537106990814209
308, 6.8883514404296875, 2.0644748210906982, -0.537106990814209
309, 6.8883514404296875, 2.0644748210906982, -0.537106990814209
310, 6.8883514404296875, 2.0644748210906982, -0.537106990814209
311, 6.8883514404296875, 2.0644748210906982, -0.537106990814209
312, 6.8883514404296875, 2.0644748210906982, -0.537106990814209
313, 6.8883514404296875, 2.0644748210906982, -0.537106990814209
314, 6.8883514404296875, 2.0644748210906982, -0.537106990814209
315, 6.8883514404296875, 2.0644748210906982, -0.537106990814209
316, 6.8855791091918945, 2.0644748210906982, -0.5198566913604736
317, 6.8855791091918945, 2.0644748210906982, -0.5198566913604736
318, 6.8855791091918945, 2.0644748210906982, -0.5198566913604736
319, 6.8855791091918945, 2.0644748210906982, -0.5198566913604736
320, 6.8855791091918945, 2.0644748210906982, -0.5198566913604736
321, 6.8855791091918945, 2.0644748210906982, -0.5198566913604736
322, 7.119175910949707, 2.0644748210906982, -0.6089217662811279
323, 7.119175910949707, 2.0644748210906982, -0.6089217662811279
324, 7.36600923538208, 2.0644748210906982, -0.569256067276001
325, 7.36600923538208, 2.0644748210906982, -0.569256067276001
326, 7.559940338134766, 2.0644748210906982, -0.4114879369735718
327, 7.559940338134766, 2.0644748210906982, -0.4114879369735718
328, 7.64900541305542, 2.0644748210906982, -0.17789125442504883
329, 7.738070487976074, 2.0644748210906982, 0.05570542812347412
330, 7.8271355628967285, 2.0644748210906982, 0.28930211067199707
331, 7.8271355628967285, 2.0644748210906982, 0.28930211067199707
332, 7.787469863891602, 2.0644748210906982, 0.5361353158950806
333, 7.747804164886475, 2.0644748210906982, 0.7829685211181641
334, 7.708138465881348, 2.0644748210906982, 1.0298017263412476
335, 7.668472766876221, 2.0644748210906982, 1.276634931564331
336, 7.628807067871094, 2.0644748210906982, 1.5234681367874146
337, 7.589141368865967, 2.0644748210906982, 1.770301342010498
338, 7.54947566986084, 2.0644748210906982, 2.017134666442871
339, 7.54947566986084, 2.0644748210906982, 2.017134666442871
340, 7.391707420349121, 2.0644748210906982, 2.2110657691955566
341, 7.233939170837402, 2.0644748210906982, 2.404996871948242
342, 7.076170921325684, 2.0644748210906982, 2.5989279747009277
343, 7.076170921325684, 2.0644748210906982, 2.5989279747009277
344, 7.076170921325684, 2.0644748210906982, 2.5989279747009277
345, 7.076170921325684, 2.0644748210906982, 2.5989279747009277
346, 6.842574119567871, 2.0644748210906982, 2.687993049621582
347, 6.608977317810059, 2.0644748210906982, 2.7770581245422363
348, 6.375380516052246, 2.0644748210906982, 2.8661231994628906
349, 6.141783714294434, 2.0644748210906982, 2.955188274383545
350, 6.141783714294434, 2.0644748210906982, 2.955188274383545
351, 6.141783714294434, 2.0644748210906982, 2.955188274383545
352, 6.141783714294434, 2.0644748210906982, 2.955188274383545
353, 5.8949503898620605, 2.0644748210906982, 2.915522575378418
354, 5.6481170654296875, 2.0644748210906982, 2.875856876373291
355, 5.6481170654296875, 2.0644748210906982, 2.875856876373291
356, 5.454185962677002, 2.0644748210906982, 2.7180888652801514
357, 5.454185962677002, 2.0644748210906982, 2.7180888652801514
358, 5.365120887756348, 1.957141637802124, 2.484492301940918
359, 5.276055812835693, 1.813478946685791, 2.2508955001831055
360, 5.276055812835693, 1.813478946685791, 2.2508955001831055
361, 5.31572151184082, 1.676964521408081, 2.0040621757507324
362, 5.355387210845947, 1.5380167961120605, 1.757228970527649
363, 5.395052909851074, 1.3951541185379028, 1.5103957653045654
364, 5.434718608856201, 1.2522914409637451, 1.263562560081482
365, 5.434718608856201, 1.2522914409637451, 1.263562560081482
366, 5.345653533935547, 1.109642505645752, 1.029965877532959
367, 5.345653533935547, 1.109642505645752, 1.029965877532959
368, 5.345653533935547, 1.109642505645752, 1.029965877532959
369, 5.256588459014893, 0.9521235227584839, 0.796369194984436
370, 5.256588459014893, 0.9521235227584839, 0.796369194984436
371, 5.124560356140137, 0.8703532814979553, 0.6889607906341553
372, 5.124560356140137, 0.8703532814979553, 0.6889607906341553
373, 5.124560356140137, 0.8703532814979553, 0.6889607906341553
374, 5.124560356140137, 0.8703532814979553, 0.6889607906341553
375, 5.124560356140137, 0.8703532814979553, 0.6889607906341553
376, 5.124560356140137, 0.8703532814979553, 0.6889607906341553
377, 5.124560356140137, 0.8703532814979553, 0.6889607906341553
378, 5.2823286056518555, 0.7006996870040894, 0.4950298070907593
379, 5.2823286056518555, 0.7006996870040894, 0.4950298070907593
380, 5.2823286056518555, 0.7006996870040894, 0.4950298070907593
381, 5.193263530731201, 0.6644748449325562, 0.26143312454223633
382, 5.193263530731201, 0.6644748449325562, 0.26143312454223633
383, 5.193263530731201, 0.6644748449325562, 0.26143312454223633
384, 5.193263530731201, 0.6644748449325562, 0.26143312454223633
385, 4.959666728973389, 0.6644748449325562, 0.3504982888698578
386, 4.959666728973389, 0.6644748449325562, 0.3504982888698578
387, 4.712833404541016, 0.6644748449325562, 0.3108326196670532
388, 4.712833404541016, 0.6644748449325562, 0.3108326196670532
389, 8.8812894821167, 2.0644748210906982, 0.668457567691803
