1, 7.409048080444336, 0.09943583607673645, -3.801513195037842
2, 7.409048080444336, 0.09943583607673645, -3.801513195037842
3, 7.409048080444336, 0.09943583607673645, -3.801513195037842
4, 7.409048080444336, 0.09943583607673645, -3.801513195037842
5, 7.409048080444336, 0.09943583607673645, -3.801513195037842
6, 7.409048080444336, 0.09943583607673645, -3.801513195037842
7, 7.409048080444336, 0.09943583607673645, -3.801513195037842
8, 7.409048080444336, 0.09943583607673645, -3.801513195037842
9, 7.409048080444336, 0.09943583607673645, -3.801513195037842
10, 7.409048080444336, 0.09943583607673645, -3.801513195037842
11, 7.409048080444336, 0.09943583607673645, -3.801513195037842
12, 7.409048080444336, 0.09943583607673645, -3.801513195037842
13, 7.409048080444336, 0.09943583607673645, -3.801513195037842
14, 7.409048080444336, 0.09943583607673645, -3.801513195037842
15, 7.409048080444336, 0.09943583607673645, -3.801513195037842
16, 7.409048080444336, 0.09943583607673645, -3.801513195037842
17, 7.409048080444336, 0.09943583607673645, -3.801513195037842
18, 7.409048080444336, 0.09943583607673645, -3.801513195037842
19, 7.260163307189941, 0.09943583607673645, -3.6006815433502197
20, 7.260163307189941, 0.09943583607673645, -3.6006815433502197
21, 7.2316412925720215, 0.09943583607673645, -3.352313995361328
22, 7.203119277954102, 0.09943583607673645, -3.1039464473724365
23, 7.174597263336182, 0.09943583607673645, -2.855578899383545
24, 7.146075248718262, 0.09943583607673645, -2.6072113513946533
25, 7.117553234100342, 0.09943583607673645, -2.3588438034057617
26, 7.089031219482422, 0.09943583607673645, -2.11047625541687
27, 7.060509204864502, 0.09943583607673645, -1.862108588218689
28, 7.060509204864502, 0.09943583607673645, -1.862108588218689
29, 7.060509204864502, 0.09943583607673645, -1.862108588218689
30, 7.060509204864502, 0.09943583607673645, -1.862108588218689
31, 6.911624431610107, 0.09943583607673645, -1.661276936531067
32, 6.911624431610107, 0.09943583607673645, -1.661276936531067
33, 6.682270526885986, 0.09943583607673645, -1.5617940425872803
34, 6.682270526885986, 0.09943583607673645, -1.5617940425872803
35, 6.682270526885986, 0.09943583607673645, -1.5617940425872803
36, 6.452916622161865, 0.09943583607673645, -1.462311029434204
37, 6.452916622161865, 0.09943583607673645, -1.462311029434204
38, 6.2045488357543945, 0.09943583607673645, -1.4908331632614136
39, 5.956181049346924, 0.09943583607673645, -1.519355297088623
40, 5.956181049346924, 0.09943583607673645, -1.519355297088623
41, 5.956181049346924, 0.09943583607673645, -1.519355297088623
42, 5.707813262939453, 0.09943583607673645, -1.5478774309158325
43, 5.707813262939453, 0.09943583607673645, -1.5478774309158325
44, 5.515070915222168, 0.09943583607673645, -1.690765619277954
45, 5.515070915222168, 0.09943583607673645, -1.690765619277954
46, 5.515070915222168, 0.09943583607673645, -1.690765619277954
47, 5.515070915222168, 0.09943583607673645, -1.690765619277954
48, 5.515070915222168, 0.09943583607673645, -1.690765619277954
49, 5.515070915222168, 0.09943583607673645, -1.690765619277954
50, 5.515070915222168, 0.09943583607673645, -1.690765619277954
51, 5.515070915222168, 0.09943583607673645, -1.690765619277954
52, 5.515070915222168, 0.09943583607673645, -1.690765619277954
53, 5.515070915222168, 0.09943583607673645, -1.690765619277954
54, 5.515070915222168, 0.09943583607673645, -1.690765619277954
55, 5.515070915222168, 0.09943583607673645, -1.690765619277954
56, 5.515070915222168, 0.09943583607673645, -1.690765619277954
57, 5.297122955322266, 0.09943583607673645, -1.5962300300598145
58, 5.297122955322266, 0.09943583607673645, -1.5962300300598145
59, 5.297122955322266, 0.09943583607673645, -1.5962300300598145
60, 5.297122955322266, 0.09943583607673645, -1.5962300300598145
61, 5.297122955322266, 0.09943583607673645, -1.5962300300598145
62, 5.297122955322266, 0.09943583607673645, -1.5962300300598145
63, 5.297122955322266, 0.09943583607673645, -1.5962300300598145
64, 5.297122955322266, 0.09943583607673645, -1.5962300300598145
65, 5.297122955322266, 0.09943583607673645, -1.5962300300598145
66, 5.297122955322266, 0.09943583607673645, -1.5962300300598145
67, 5.297122955322266, 0.09943583607673645, -1.5962300300598145
68, 5.297122955322266, 0.09943583607673645, -1.5962300300598145
69, 5.297122955322266, 0.09943583607673645, -1.5962300300598145
70, 5.297122955322266, 0.09943583607673645, -1.5962300300598145
71, 5.297122955322266, 0.09943583607673645, -1.5962300300598145
72, 5.322312355041504, 0.09943583607673645, -1.8155765533447266
73, 5.322312355041504, 0.09943583607673645, -1.8155765533447266
74, 5.322312355041504, 0.09943583607673645, -1.8155765533447266
75, 5.322312355041504, 0.09943583607673645, -1.8155765533447266
76, 5.1528520584106445, 0.09943583607673645, -1.835037112236023
77, 5.1528520584106445, 0.09943583607673645, -1.835037112236023
78, 5.1528520584106445, 0.09943583607673645, -1.835037112236023
79, 5.1528520584106445, 0.09943583607673645, -1.835037112236023
80, 5.152851581573486, 0.09943583607673645, -1.8350374698638916
81, 5.152851581573486, 0.09943583607673645, -1.8350374698638916
82, 5.05336856842041, 0.09943583607673645, -2.0643911361694336
83, 5.05336856842041, 0.09943583607673645, -2.0643911361694336
84, 5.05336856842041, 0.09943583607673645, -2.0643911361694336
85, 5.05336856842041, 0.09943583607673645, -2.0643911361694336
86, 5.08189058303833, 0.09943583607673645, -2.312758684158325
87, 5.11041259765625, 0.09943583607673645, -2.561126232147217
88, 5.13893461227417, 0.09943583607673645, -2.8094937801361084
89, 5.16745662689209, 0.09943583607673645, -3.057861328125
90, 5.16745662689209, 0.09943583607673645, -3.057861328125
91, 5.089796543121338, 0.09943583607673645, -3.236903667449951
92, 14.302559852600098, 0.09943583607673645, 0.10105058550834656
