1, -2.451910972595215, 3.0721640586853027, 4.112856864929199
2, -2.451910972595215, 3.0721640586853027, 4.112856864929199
3, -2.451910972595215, 3.0721640586853027, 4.112856864929199
4, -2.451910972595215, 3.0721640586853027, 4.112856864929199
5, -2.451910972595215, 3.0721640586853027, 4.112856864929199
6, -2.451910972595215, 3.0721640586853027, 4.112856864929199
7, -2.451910972595215, 3.0721640586853027, 4.112856864929199
8, -2.451910972595215, 3.0721640586853027, 4.112856864929199
9, -2.451910972595215, 3.0721640586853027, 4.112856864929199
10, -2.451910972595215, 3.0721640586853027, 4.112856864929199
11, -2.451910972595215, 3.0721640586853027, 4.112856864929199
12, -2.451910972595215, 3.0721640586853027, 4.112856864929199
13, -2.451910972595215, 3.0721640586853027, 4.112856864929199
14, -2.451910972595215, 3.0721640586853027, 4.112856864929199
15, -2.318708896636963, 3.0721640586853027, 4.324416160583496
16, -2.185506820678711, 3.0721640586853027, 4.535975456237793
17, -2.185506820678711, 3.0721640586853027, 4.535975456237793
18, -2.1759300231933594, 3.0721640586853027, 4.785791873931885
19, -2.166353225708008, 3.0721640586853027, 5.035608291625977
20, -2.1567764282226562, 3.0721640586853027, 5.285424709320068
21, -2.1567764282226562, 3.0721640586853027, 5.285424709320068
22, -2.0235743522644043, 3.0721640586853027, 5.496984004974365
23, -1.890372395515442, 3.0721640586853027, 5.708543300628662
24, -1.7571704387664795, 3.0721640586853027, 5.920102596282959
25, -1.7571704387664795, 3.0721640586853027, 5.920102596282959
26, -1.747593641281128, 3.0721640586853027, 6.169919013977051
27, -1.7380168437957764, 3.0721640586853027, 6.419735431671143
28, -1.7284400463104248, 3.0721640586853027, 6.669551849365234
29, -1.7188632488250732, 3.0721640586853027, 6.919368267059326
30, -1.7092864513397217, 3.0721640586853027, 7.169184684753418
31, -1.6997096538543701, 3.0721640586853027, 7.41900110244751
32, -1.6997096538543701, 3.0721640586853027, 7.41900110244751
33, -1.6997096538543701, 3.0721640586853027, 7.41900110244751
34, -1.6997096538543701, 3.0721640586853027, 7.41900110244751
35, -1.6997096538543701, 3.0721640586853027, 7.41900110244751
36, -1.6997096538543701, 3.0721640586853027, 7.41900110244751
37, -1.6997096538543701, 3.0721640586853027, 7.41900110244751
38, -1.7092864513397217, 3.0721640586853027, 7.169184684753418
39, -1.7188632488250732, 3.0721640586853027, 6.919368267059326
40, -1.7284400463104248, 3.0721640586853027, 6.669551849365234
41, -1.7380168437957764, 3.0721640586853027, 6.419735431671143
42, -1.747593641281128, 3.0721640586853027, 6.169919013977051
43, -1.7571704387664795, 3.0721640586853027, 5.920102596282959
44, -1.7571704387664795, 3.0721640586853027, 5.920102596282959
45, -1.890372395515442, 3.0721640586853027, 5.70854377746582
46, -2.0235743522644043, 3.0721640586853027, 5.496984958648682
47, -2.0235743522644043, 3.0721640586853027, 5.496984958648682
48, -2.0235743522644043, 3.0721640586853027, 5.496984958648682
49, -2.273390769958496, 3.0721640586853027, 5.506561756134033
50, -2.273390769958496, 3.0721640586853027, 5.506561756134033
51, -2.273390769958496, 3.0721640586853027, 5.506561756134033
52, -2.523207187652588, 3.0721640586853027, 5.516138553619385
53, -2.523207187652588, 3.0721640586853027, 5.516138553619385
54, -2.523207187652588, 3.0721640586853027, 5.516138553619385
55, -2.523207187652588, 3.0721640586853027, 5.516138553619385
56, -2.523207187652588, 3.0721640586853027, 5.516138553619385
57, -2.4816598892211914, 3.0721640586853027, 5.437352657318115
58, -2.4816598892211914, 3.0721640586853027, 5.437352657318115
59, -2.2701008319854736, 3.0721640586853027, 5.304150581359863
60, -2.2701008319854736, 3.0721640586853027, 5.304150581359863
61, -2.2701008319854736, 3.0721640586853027, 5.304150581359863
62, -2.279677629470825, 3.0721640586853027, 5.0543341636657715
63, -2.2892544269561768, 3.0721640586853027, 4.80451774597168
64, -2.2988312244415283, 3.0721640586853027, 4.554701328277588
65, -2.30840802192688, 3.0721640586853027, 4.304884910583496
66, -2.3179848194122314, 3.0721640586853027, 4.055068492889404
67, -2.327561616897583, 3.0721640586853027, 3.8052520751953125
68, -2.327561616897583, 3.0721640586853027, 3.8052520751953125
69, -2.460763692855835, 3.0721640586853027, 3.5936930179595947
70, -2.460763692855835, 3.0721640586853027, 3.5936930179595947
71, -2.460763692855835, 3.0721640586853027, 3.5936930179595947
72, -2.460763692855835, 3.0721640586853027, 3.5936930179595947
73, -2.460763692855835, 3.0721640586853027, 3.5936930179595947
74, -2.460763692855835, 3.0721640586853027, 3.5936930179595947
75, -2.460763692855835, 3.0721640586853027, 3.5936930179595947
76, -2.327561616897583, 3.0721640586853027, 3.8052520751953125
77, -2.194359540939331, 3.0721640586853027, 4.016810894012451
78, -2.194359540939331, 3.0721640586853027, 4.016810894012451
79, -2.1847827434539795, 3.0721640586853027, 4.266627311706543
80, -2.175205945968628, 3.0721640586853027, 4.516443729400635
81, -2.1656291484832764, 3.0721640586853027, 4.766260147094727
82, -2.156052350997925, 3.0721640586853027, 5.016076564788818
83, -2.1464755535125732, 3.0721640586853027, 5.26589298248291
84, -2.1464755535125732, 3.0721640586853027, 5.26589298248291
85, -2.0132734775543213, 3.0721640586853027, 5.477452278137207
86, -1.8800715208053589, 3.0721640586853027, 5.689011573791504
87, -1.8800715208053589, 3.0721640586853027, 5.689011573791504
88, -1.8800715208053589, 3.0721640586853027, 5.689011573791504
89, -1.8800715208053589, 3.0721640586853027, 5.689011573791504
90, -1.8800715208053589, 3.0721640586853027, 5.689011573791504
91, -1.8800715208053589, 3.0721640586853027, 5.689011573791504
92, -1.8800715208053589, 3.0721640586853027, 5.689011573791504
93, -2.0132734775543213, 3.0721640586853027, 5.477452754974365
94, -2.1464755535125732, 3.0721640586853027, 5.265893936157227
95, -2.1464755535125732, 3.0721640586853027, 5.265893936157227
96, -2.156052350997925, 3.0721640586853027, 5.016077518463135
97, -2.1656291484832764, 3.0721640586853027, 4.766261100769043
98, -2.175205945968628, 3.0721640586853027, 4.516444683074951
99, -2.1847827434539795, 3.0721640586853027, 4.266628265380859
100, -2.194359540939331, 3.0721640586853027, 4.016811847686768
101, -2.194359540939331, 3.0721640586853027, 4.016811847686768
102, -2.327561616897583, 3.0721640586853027, 3.80525279045105
103, -2.460763692855835, 3.0721640586853027, 3.593693733215332
104, -2.460763692855835, 3.0721640586853027, 3.593693733215332
105, -2.6818995475769043, 3.0721640586853027, 3.477079153060913
106, -2.9030354022979736, 3.0721640586853027, 3.360464572906494
107, -3.124171257019043, 3.0721640586853027, 3.243849992752075
108, -3.3453071117401123, 3.0721640586853027, 3.1272354125976562
109, -3.3453071117401123, 3.0721640586853027, 3.1272354125976562
110, -3.595123767852783, 3.0721640586853027, 3.136812210083008
111, -3.844940185546875, 3.0721640586853027, 3.1463890075683594
112, -4.094756603240967, 3.0721640586853027, 3.155965805053711
113, -4.344573020935059, 3.0721640586853027, 3.1655426025390625
114, -4.59438943862915, 3.0721640586853027, 3.175119400024414
115, -4.59438943862915, 3.0721640586853027, 3.175119400024414
116, -4.59438943862915, 3.0721640586853027, 3.175119400024414
117, -4.59438943862915, 3.0721640586853027, 3.175119400024414
118, -4.805948257446289, 3.0721640586853027, 3.308321475982666
119, -5.017507553100586, 3.0721640586853027, 3.441523551940918
120, -5.229066848754883, 3.0721640586853027, 3.57472562789917
121, -5.44062614440918, 3.0721640586853027, 3.707927703857422
122, -5.652185440063477, 3.0721640586853027, 3.841129779815674
123, -5.863744735717773, 3.0721640586853027, 3.974331855773926
124, -6.07530403137207, 3.0721640586853027, 4.107533931732178
125, -6.286863327026367, 3.0721640586853027, 4.24073600769043
126, -6.498422622680664, 3.0721640586853027, 4.373938083648682
127, -6.709981918334961, 3.0721640586853027, 4.507140159606934
128, -6.709981918334961, 3.0721640586853027, 4.507140159606934
129, -6.709981918334961, 3.0721640586853027, 4.507140159606934
130, -6.9215407371521, 3.0721640586853027, 4.6403422355651855
131, -6.9215407371521, 3.0721640586853027, 4.6403422355651855
132, -7.0381550788879395, 3.0721640586853027, 4.861477851867676
133, -7.154769420623779, 3.0721640586853027, 5.082613945007324
134, -7.271383762359619, 3.0721640586853027, 5.303750038146973
135, -7.271383762359619, 3.0721640586853027, 5.303750038146973
136, -7.261806964874268, 3.0721640586853027, 5.5535664558410645
137, -7.252230167388916, 3.0721640586853027, 5.803382873535156
138, -7.2426533699035645, 3.0721640586853027, 6.053199291229248
139, -7.233076572418213, 3.0721640586853027, 6.30301570892334
140, -7.223499774932861, 3.0721640586853027, 6.552832126617432
141, -7.21392297744751, 3.0721640586853027, 6.802648544311523
142, -7.204346179962158, 3.0721640586853027, 7.052464962005615
143, -7.194769382476807, 3.0721640586853027, 7.302281379699707
144, -7.194769382476807, 3.0721640586853027, 7.302281379699707
145, -7.061567306518555, 3.0721640586853027, 7.513840675354004
146, -7.061567306518555, 3.0721640586853027, 7.513840675354004
147, -7.061567306518555, 3.0721640586853027, 7.513840675354004
148, -7.061567306518555, 3.0721640586853027, 7.513840675354004
149, -7.061567306518555, 3.0721640586853027, 7.513840675354004
150, -7.061567306518555, 3.0721640586853027, 7.513840675354004
151, -7.071144104003906, 3.0721640586853027, 7.264024257659912
152, -7.071144104003906, 3.0721640586853027, 7.264024257659912
153, -7.204346179962158, 3.0721640586853027, 7.052465438842773
154, -7.204346179962158, 3.0721640586853027, 7.052465438842773
155, -7.21392297744751, 3.0721640586853027, 6.802649021148682
156, -7.223499774932861, 3.0721640586853027, 6.55283260345459
157, -7.233076572418213, 3.0721640586853027, 6.303016185760498
158, -7.2426533699035645, 3.0721640586853027, 6.053199768066406
159, -7.252230167388916, 3.0721640586853027, 5.8033833503723145
160, -7.261806964874268, 3.0721640586853027, 5.553566932678223
161, -7.271383762359619, 3.0721640586853027, 5.303750514984131
162, -7.271383762359619, 3.0721640586853027, 5.303750514984131
163, -7.154769420623779, 3.0721640586853027, 5.082614898681641
164, -7.0381550788879395, 3.0721640586853027, 4.86147928237915
165, -6.9215407371521, 3.0721640586853027, 4.64034366607666
166, -6.80492639541626, 3.0721640586853027, 4.41920804977417
167, -6.80492639541626, 3.0721640586853027, 4.41920804977417
168, -6.593367576599121, 3.0721640586853027, 4.286005973815918
169, -6.381808280944824, 3.0721640586853027, 4.152803897857666
170, -6.170248985290527, 3.0721640586853027, 4.019601821899414
171, -5.9586896896362305, 3.0721640586853027, 3.886399745941162
172, -5.747130393981934, 3.0721640586853027, 3.75319766998291
173, -5.535571098327637, 3.0721640586853027, 3.619995594024658
174, -5.32401180267334, 3.0721640586853027, 3.4867935180664062
175, -5.112452507019043, 3.0721640586853027, 3.3535914421081543
176, -4.900893211364746, 3.0721640586853027, 3.2203893661499023
177, -4.689333915710449, 3.0721640586853027, 3.0871872901916504
178, -4.689333915710449, 3.0721640586853027, 3.0871872901916504
179, -4.572719573974609, 3.0721640586853027, 2.866051435470581
180, -4.4561052322387695, 3.0721640586853027, 2.6449155807495117
181, -4.33949089050293, 3.0721640586853027, 2.4237797260284424
182, -4.22287654876709, 3.0721640586853027, 2.202643871307373
183, -4.10626220703125, 3.0721640586853027, 1.9815080165863037
184, -3.989647626876831, 3.0721640586853027, 1.7603721618652344
185, -3.873033046722412, 3.0721640586853027, 1.539236307144165
186, -3.873033046722412, 3.0721640586853027, 1.539236307144165
187, -3.680999517440796, 3.0721640586853027, 1.4183279275894165
188, -3.680999517440796, 3.0721640586853027, 1.4183279275894165
189, -3.564384937286377, 3.0721640586853027, 1.1971920728683472
190, -3.447770357131958, 3.0721640586853027, 0.9760562181472778
191, -3.447770357131958, 3.0721640586853027, 0.9760562181472778
192, -3.2362112998962402, 3.0721640586853027, 0.8428542613983154
193, -3.0246522426605225, 3.0721640586853027, 0.709652304649353
194, -3.0246522426605225, 3.0721640586853027, 0.709652304649353
195, -2.7748358249664307, 3.0721640586853027, 0.7000755667686462
196, -2.525019407272339, 3.0721640586853027, 0.6904988288879395
197, -2.525019407272339, 3.0721640586853027, 0.6904988288879395
198, -2.313460350036621, 3.0721640586853027, 0.557296872138977
199, -2.313460350036621, 3.0721640586853027, 0.557296872138977
200, -2.313460350036621, 3.0721640586853027, 0.557296872138977
201, -2.313460350036621, 3.0721640586853027, 0.557296872138977
202, -2.313460350036621, 3.0721640586853027, 0.557296872138977
203, -2.313460350036621, 3.0721640586853027, 0.557296872138977
204, -2.313460350036621, 3.0721640586853027, 0.557296872138977
205, -2.525019407272339, 3.0721640586853027, 0.6904988288879395
206, -2.525019407272339, 3.0721640586853027, 0.6904988288879395
207, -2.7748360633850098, 3.0721640586853027, 0.700075626373291
208, -3.0246524810791016, 3.0721640586853027, 0.7096524238586426
209, -3.2744688987731934, 3.0721640586853027, 0.7192292213439941
210, -3.524285316467285, 3.0721640586853027, 0.7288060188293457
211, -3.774101734161377, 3.0721640586853027, 0.7383828163146973
212, -4.023918151855469, 3.0721640586853027, 0.7479596138000488
213, -4.023918151855469, 3.0721640586853027, 0.7479596138000488
214, -4.245054244995117, 3.0721640586853027, 0.6313451528549194
215, -4.386799335479736, 3.0721640586853027, 0.5565968751907349
216, -4.386799335479736, 3.0721640586853027, 0.5565968751907349
217, -4.386799335479736, 3.0721640586853027, 0.5565968751907349
218, -4.386799335479736, 3.0721640586853027, 0.5565968751907349
219, -4.386799335479736, 3.0721640586853027, 0.5565968751907349
220, -4.386799335479736, 3.0721640586853027, 0.5565968751907349
221, -4.386800289154053, 3.0721640586853027, 0.5565969347953796
222, -4.386800289154053, 3.0721640586853027, 0.5565969347953796
223, -4.598359107971191, 3.0721640586853027, 0.6897989511489868
224, -4.598359107971191, 3.0721640586853027, 0.6897989511489868
225, -4.598359107971191, 3.0721640586853027, 0.6897989511489868
226, -4.598359107971191, 3.0721640586853027, 0.6897989511489868
227, -4.731561183929443, 3.0721640586853027, 0.47823989391326904
228, -4.731561183929443, 3.0721640586853027, 0.47823989391326904
229, -4.731561183929443, 3.0721640586853027, 0.47823989391326904
230, -4.731561183929443, 3.0721640586853027, 0.47823989391326904
231, -4.731561183929443, 3.0721640586853027, 0.47823989391326904
232, -4.731561183929443, 3.0721640586853027, 0.47823989391326904
233, -4.510425567626953, 3.0721640586853027, 0.5948544144630432
234, -4.289289474487305, 3.0721640586853027, 0.7114689350128174
235, -4.068153381347656, 3.0721640586853027, 0.8280834555625916
236, -4.068153381347656, 3.0721640586853027, 0.8280834555625916
237, -3.8183369636535645, 3.0721640586853027, 0.8185067176818848
238, -3.8183369636535645, 3.0721640586853027, 0.8185067176818848
239, -3.8183369636535645, 3.0721640586853027, 0.8185067176818848
240, -3.8183369636535645, 3.0721640586853027, 0.8185067176818848
241, -3.8183369636535645, 3.0721640586853027, 0.8185067176818848
242, -3.5685205459594727, 3.0721640586853027, 0.808929979801178
243, -3.318704128265381, 3.0721640586853027, 0.7993532419204712
244, -3.068887710571289, 3.0721640586853027, 0.7897765040397644
245, -2.8190712928771973, 3.0721640586853027, 0.7801997661590576
246, -2.5692548751831055, 3.0721640586853027, 0.7706230282783508
247, -2.5692548751831055, 3.0721640586853027, 0.7706230282783508
248, -2.3576958179473877, 3.0721640586853027, 0.6374210119247437
249, -2.3576958179473877, 3.0721640586853027, 0.6374210119247437
250, -2.3576958179473877, 3.0721640586853027, 0.6374210119247437
251, -2.3576958179473877, 3.0721640586853027, 0.6374210119247437
252, -2.3576958179473877, 3.0721640586853027, 0.6374210119247437
253, -2.3576958179473877, 3.0721640586853027, 0.6374210119247437
254, -2.6075124740600586, 3.0721640586853027, 0.6469978094100952
255, -2.8573288917541504, 3.0721640586853027, 0.6565746068954468
256, -3.107145309448242, 3.0721640586853027, 0.6661514043807983
257, -3.356961727142334, 3.0721640586853027, 0.6757282018661499
258, -3.606778144836426, 3.0721640586853027, 0.6853049993515015
259, -3.8565945625305176, 3.0721640586853027, 0.694881796836853
260, -4.106410980224609, 3.0721640586853027, 0.7044585943222046
261, -4.106410980224609, 3.0721640586853027, 0.7044585943222046
262, -4.327547073364258, 3.0721640586853027, 0.5878441333770752
263, -4.386801242828369, 3.0721640586853027, 0.5565969944000244
264, -4.386801242828369, 3.0721640586853027, 0.5565969944000244
265, -4.3868021965026855, 3.0721640586853027, 0.5565970540046692
266, -4.3868021965026855, 3.0721640586853027, 0.5565970540046692
267, -4.598361015319824, 3.0721640586853027, 0.6897990703582764
268, -4.598361015319824, 3.0721640586853027, 0.6897990703582764
269, -4.598361015319824, 3.0721640586853027, 0.6897990703582764
270, -4.598361015319824, 3.0721640586853027, 0.6897990703582764
271, -4.731563091278076, 3.0721640586853027, 0.4782400131225586
272, -4.731563091278076, 3.0721640586853027, 0.4782400131225586
273, -4.731563091278076, 3.0721640586853027, 0.4782400131225586
274, -4.731563091278076, 3.0721640586853027, 0.4782400131225586
275, -4.741139888763428, 3.0721640586853027, 0.22842350602149963
276, -4.750716686248779, 3.0721640586853027, -0.021393001079559326
277, -4.750716686248779, 3.0721640586853027, -0.021393001079559326
278, -4.750716686248779, 3.0721640586853027, -0.021393001079559326
279, -4.750716686248779, 3.0721640586853027, -0.021393001079559326
280, -4.750716686248779, 3.0721640586853027, -0.021393001079559326
281, -4.750716686248779, 3.0721640586853027, -0.021393001079559326
282, -4.617514610290527, 3.0721640586853027, 0.19016608595848083
283, -4.551911354064941, 3.0721640586853027, 0.294360876083374
284, -4.551911354064941, 3.0721640586853027, 0.294360876083374
285, -4.551911354064941, 3.0721640586853027, 0.294360876083374
286, -4.551911354064941, 3.0721640586853027, 0.294360876083374
287, -4.551911354064941, 3.0721640586853027, 0.294360876083374
288, -4.668525695800781, 3.0721640586853027, 0.5154967308044434
289, -4.668525695800781, 3.0721640586853027, 0.5154967308044434
290, -4.668525695800781, 3.0721640586853027, 0.5154967308044434
291, -4.668525695800781, 3.0721640586853027, 0.5154967308044434
292, -4.447389602661133, 3.0721640586853027, 0.6321112513542175
293, -4.226253509521484, 3.0721640586853027, 0.7487257719039917
294, -4.226253509521484, 3.0721640586853027, 0.7487257719039917
295, -3.9764370918273926, 3.0721640586853027, 0.7391490340232849
296, -3.726620674133301, 3.0721640586853027, 0.7295722961425781
297, -3.476804256439209, 3.0721640586853027, 0.7199955582618713
298, -3.226987838745117, 3.0721640586853027, 0.7104188203811646
299, -2.9771714210510254, 3.0721640586853027, 0.7008420825004578
300, -2.7273550033569336, 3.0721640586853027, 0.691265344619751
301, -2.477538585662842, 3.0721640586853027, 0.6816886067390442
302, -2.477538585662842, 3.0721640586853027, 0.6816886067390442
303, -2.265979528427124, 3.0721640586853027, 0.548486590385437
304, -2.265979528427124, 3.0721640586853027, 0.548486590385437
305, -2.265979528427124, 3.0721640586853027, 0.548486590385437
306, -2.2698256969451904, 3.0721640586853027, 0.44815677404403687
307, -2.2698256969451904, 3.0721640586853027, 0.44815677404403687
308, -2.2698256969451904, 3.0721640586853027, 0.44815677404403687
309, -2.2698256969451904, 3.0721640586853027, 0.44815677404403687
310, -2.2698256969451904, 3.0721640586853027, 0.44815677404403687
311, -2.2698256969451904, 3.0721640586853027, 0.44815677404403687
312, -2.2698256969451904, 3.0721640586853027, 0.44815677404403687
313, -2.2698256969451904, 3.0721640586853027, 0.44815677404403687
314, -2.141892194747925, 3.0721640586853027, 0.3676071763038635
315, -2.141892194747925, 3.0721640586853027, 0.3676071763038635
316, -2.141892194747925, 3.0721640586853027, 0.3676071763038635
317, -2.141892194747925, 3.0721640586853027, 0.3676071763038635
318, -2.141892194747925, 3.0721640586853027, 0.3676071763038635
319, -2.141892194747925, 3.0721640586853027, 0.3676071763038635
320, -2.141892194747925, 3.0721640586853027, 0.3676071763038635
321, -2.141892194747925, 3.0721640586853027, 0.3676071763038635
322, -2.211412191390991, 3.0721640586853027, 0.3702722489833832
323, -2.211412191390991, 3.0721640586853027, 0.3702722489833832
324, -2.211412191390991, 3.0721640586853027, 0.3702722489833832
325, -2.211412191390991, 3.0721640586853027, 0.3702722489833832
326, -2.211412191390991, 3.0721640586853027, 0.3702722489833832
327, -2.211412191390991, 3.0721640586853027, 0.3702722489833832
328, -2.211412191390991, 3.0721640586853027, 0.3702722489833832
329, -2.193514347076416, 3.0721640586853027, 0.3590034544467926
330, -2.193514347076416, 3.0721640586853027, 0.3590034544467926
331, -2.193514347076416, 3.0721640586853027, 0.359003484249115
332, -2.193514347076416, 3.0721640586853027, 0.359003484249115
333, -2.193514347076416, 3.0721640586853027, 0.359003484249115
334, -2.193514347076416, 3.0721640586853027, 0.359003484249115
335, -2.193514347076416, 3.0721640586853027, 0.359003484249115
336, -2.193514347076416, 3.0721640586853027, 0.359003484249115
337, -2.193514347076416, 3.0721640586853027, 0.359003484249115
338, -2.193514347076416, 3.0721640586853027, 0.359003484249115
339, -2.193514347076416, 3.0721640586853027, 0.359003484249115
340, -2.193514347076416, 3.0721640586853027, 0.359003484249115
341, -2.203240156173706, 3.0721640586853027, 0.35937634110450745
342, -2.203240156173706, 3.0721640586853027, 0.35937634110450745
343, -2.203240156173706, 3.0721640586853027, 0.3593764007091522
344, -2.203240156173706, 3.0721640586853027, 0.3593764007091522
345, -2.319854736328125, 3.0721640586853027, 0.580512285232544
346, -2.436469316482544, 3.0721640586853027, 0.8016481399536133
347, -2.436469316482544, 3.0721640586853027, 0.8016481399536133
348, -2.6480283737182617, 3.0721640586853027, 0.9348502159118652
349, -2.6480283737182617, 3.0721640586853027, 0.9348502159118652
350, -2.8978447914123535, 3.0721640586853027, 0.9444270133972168
351, -3.1476612091064453, 3.0721640586853027, 0.9540038108825684
352, -3.397477626800537, 3.0721640586853027, 0.9635806083679199
353, -3.647294044494629, 3.0721640586853027, 0.9731574058532715
354, -3.647294044494629, 3.0721640586853027, 0.9731574058532715
355, -3.8684298992156982, 3.0721640586853027, 0.8565429449081421
356, -4.089565753936768, 3.0721640586853027, 0.7399284839630127
357, -4.310701370239258, 3.0721640586853027, 0.6233140230178833
358, -4.310701370239258, 3.0721640586853027, 0.6233140230178833
359, -4.354081153869629, 3.0721640586853027, 0.5544156432151794
360, -4.354081153869629, 3.0721640586853027, 0.5544156432151794
361, -4.354081153869629, 3.0721640586853027, 0.5544156432151794
362, -4.354081153869629, 3.0721640586853027, 0.5544156432151794
363, -4.354081153869629, 3.0721640586853027, 0.5544156432151794
364, -4.354081630706787, 3.0721640586853027, 0.5544156432151794
365, -4.354081630706787, 3.0721640586853027, 0.5544156432151794
366, -4.565640449523926, 3.0721640586853027, 0.6876176595687866
367, -4.565640449523926, 3.0721640586853027, 0.6876176595687866
368, -4.565640449523926, 3.0721640586853027, 0.6876176595687866
369, -4.786776542663574, 3.0721640586853027, 0.5710031986236572
370, -4.786776542663574, 3.0721640586853027, 0.5710031986236572
371, -4.919978618621826, 3.0721640586853027, 0.35944414138793945
372, -4.919978618621826, 3.0721640586853027, 0.35944414138793945
373, -4.929555416107178, 3.0721640586853027, 0.1096276342868805
374, -4.939132213592529, 3.0721640586853027, -0.14018887281417847
375, -4.939132213592529, 3.0721640586853027, -0.14018887281417847
376, -4.939132213592529, 3.0721640586853027, -0.14018887281417847
377, -4.939132213592529, 3.0721640586853027, -0.14018887281417847
378, -4.939132213592529, 3.0721640586853027, -0.14018887281417847
379, -4.948709011077881, 3.0721640586853027, -0.3900053799152374
380, -4.958285808563232, 3.0721640586853027, -0.6398218870162964
381, -4.958285808563232, 3.0721640586853027, -0.6398218870162964
382, -4.958285808563232, 3.0721640586853027, -0.6398218870162964
383, -4.958285808563232, 3.0721640586853027, -0.6398218870162964
384, -4.958285808563232, 3.0721640586853027, -0.6398218870162964
385, -4.958285808563232, 3.0721640586853027, -0.6398218870162964
386, -4.8250837326049805, 3.0721640586853027, -0.4282627999782562
387, -4.8250837326049805, 3.0721640586853027, -0.4282627999782562
388, -4.815506935119629, 3.0721640586853027, -0.1784462332725525
389, -4.805930137634277, 3.0721640586853027, 0.07137033343315125
390, -4.805930137634277, 3.0721640586853027, 0.07137033343315125
391, -4.672728061676025, 3.0721640586853027, 0.2829294204711914
392, -4.539525985717773, 3.0721640586853027, 0.49448850750923157
393, -4.539525985717773, 3.0721640586853027, 0.49448850750923157
394, -4.318390369415283, 3.0721640586853027, 0.6111030578613281
395, -4.097254753112793, 3.0721640586853027, 0.7277176380157471
396, -4.097254753112793, 3.0721640586853027, 0.7277176380157471
397, -3.847438335418701, 3.0721640586853027, 0.7181409597396851
398, -3.5976219177246094, 3.0721640586853027, 0.708564281463623
399, -3.3478055000305176, 3.0721640586853027, 0.698987603187561
400, -3.097989082336426, 3.0721640586853027, 0.689410924911499
401, -2.848172664642334, 3.0721640586853027, 0.679834246635437
402, -2.598356246948242, 3.0721640586853027, 0.670257568359375
403, -2.598356246948242, 3.0721640586853027, 0.670257568359375
404, -2.4392504692077637, 3.0721640586853027, 0.5700812339782715
405, -2.4392504692077637, 3.0721640586853027, 0.5700812339782715
406, -2.4392504692077637, 3.0721640586853027, 0.5700812339782715
407, -2.189434051513672, 3.0721640586853027, 0.5605044960975647
408, -2.189434051513672, 3.0721640586853027, 0.5605044960975647
409, -2.189434051513672, 3.0721640586853027, 0.5605044960975647
410, -2.189434051513672, 3.0721640586853027, 0.5605044960975647
411, -2.1971821784973145, 3.0721640586853027, 0.3583921790122986
412, -2.1971821784973145, 3.0721640586853027, 0.3583921790122986
413, -2.1971821784973145, 3.0721640586853027, 0.3583921790122986
414, -2.1971821784973145, 3.0721640586853027, 0.3583921492099762
415, -2.1971821784973145, 3.0721640586853027, 0.3583921492099762
416, -2.1971821784973145, 3.0721640586853027, 0.3583921492099762
417, -2.1971821784973145, 3.0721640586853027, 0.3583921492099762
418, -2.1971821784973145, 3.0721640586853027, 0.3583921492099762
419, -2.1971821784973145, 3.0721640586853027, 0.3583921492099762
420, -2.1971821784973145, 3.0721640586853027, 0.3583921492099762
421, -2.1971821784973145, 3.0721640586853027, 0.3583921790122986
422, -2.1971821784973145, 3.0721640586853027, 0.3583921790122986
423, -2.1971821784973145, 3.0721640586853027, 0.3583921790122986
424, -2.1971821784973145, 3.0721640586853027, 0.3583921790122986
425, -2.1971821784973145, 3.0721640586853027, 0.3583921790122986
426, -2.1971821784973145, 3.0721640586853027, 0.3583921790122986
427, -2.1971821784973145, 3.0721640586853027, 0.3583921790122986
428, -2.1971821784973145, 3.0721640586853027, 0.3583921790122986
429, -2.1971821784973145, 3.0721640586853027, 0.3583921492099762
430, -2.1971821784973145, 3.0721640586853027, 0.3583921492099762
431, -2.1971821784973145, 3.0721640586853027, 0.3583921492099762
432, -2.1971821784973145, 3.0721640586853027, 0.3583921492099762
433, -2.2026596069335938, 3.0721640586853027, 0.3586021661758423
434, -2.2026596069335938, 3.0721640586853027, 0.3586021661758423
435, -2.2026596069335938, 3.0721640586853027, 0.3586021661758423
436, -2.2026596069335938, 3.0721640586853027, 0.3586021661758423
437, -2.2026596069335938, 3.0721640586853027, 0.3586021661758423
438, -2.2026596069335938, 3.0721640586853027, 0.3586021661758423
439, -2.2026596069335938, 3.0721640586853027, 0.3586021661758423
440, -2.201249361038208, 3.0721640586853027, 0.35771429538726807
441, -2.201249361038208, 3.0721640586853027, 0.35771429538726807
442, -2.201249361038208, 3.0721640586853027, 0.35771429538726807
443, -2.201249361038208, 3.0721640586853027, 0.35771429538726807
444, -1.9801135063171387, 3.0721640586853027, 0.474328875541687
445, -1.9801135063171387, 3.0721640586853027, 0.474328875541687
446, -1.9801135063171387, 3.0721640586853027, 0.474328875541687
447, -1.9801135063171387, 3.0721640586853027, 0.474328875541687
448, -1.9801135063171387, 3.0721640586853027, 0.474328875541687
449, -1.9831907749176025, 3.0721640586853027, 0.3940575122833252
450, -1.9831907749176025, 3.0721640586853027, 0.3940575122833252
451, -1.9831907749176025, 3.0721640586853027, 0.3940575122833252
452, -1.9831907749176025, 3.0721640586853027, 0.3940575122833252
453, -1.9831907749176025, 3.0721640586853027, 0.3940575122833252
454, -1.9831907749176025, 3.0721640586853027, 0.3940575122833252
455, -2.2330074310302734, 3.0721640586853027, 0.40363433957099915
456, -2.2330074310302734, 3.0721640586853027, 0.40363433957099915
457, -2.2330074310302734, 3.0721640586853027, 0.40363433957099915
458, -2.2330074310302734, 3.0721640586853027, 0.40363433957099915
459, -2.2331740856170654, 3.0721640586853027, 0.39928802847862244
460, -2.2331740856170654, 3.0721640586853027, 0.39928802847862244
461, -2.2331740856170654, 3.0721640586853027, 0.39928802847862244
462, -2.2331740856170654, 3.0721640586853027, 0.39928802847862244
463, -2.1742825508117676, 3.0721640586853027, 0.362208753824234
464, -2.1742825508117676, 3.0721640586853027, 0.362208753824234
465, -2.1742825508117676, 3.0721640586853027, 0.3622087836265564
466, -2.1742825508117676, 3.0721640586853027, 0.3622087836265564
467, -1.9639729261398315, 3.0721640586853027, 0.4731142520904541
468, -1.9639729261398315, 3.0721640586853027, 0.4731142520904541
469, -1.9639729261398315, 3.0721640586853027, 0.4731142520904541
470, -1.9639729261398315, 3.0721640586853027, 0.4731141924858093
471, -1.9639729261398315, 3.0721640586853027, 0.4731141924858093
472, -1.92720365524292, 3.0721640586853027, 0.40338870882987976
473, -1.92720365524292, 3.0721640586853027, 0.40338870882987976
474, -1.92720365524292, 3.0721640586853027, 0.40338873863220215
475, -1.92720365524292, 3.0721640586853027, 0.40338873863220215
476, -1.92720365524292, 3.0721640586853027, 0.40338873863220215
477, -1.92720365524292, 3.0721640586853027, 0.40338873863220215
478, -1.92720365524292, 3.0721640586853027, 0.40338870882987976
479, -1.92720365524292, 3.0721640586853027, 0.40338870882987976
480, -2.1770200729370117, 3.0721640586853027, 0.4129655361175537
481, -2.1770200729370117, 3.0721640586853027, 0.4129655361175537
482, -2.1770200729370117, 3.0721640586853027, 0.4129655361175537
483, -2.2073287963867188, 3.0721640586853027, 0.3648276627063751
484, -2.2073287963867188, 3.0721640586853027, 0.3648276627063751
485, -2.2073287963867188, 3.0721640586853027, 0.3648276627063751
486, -2.2073287963867188, 3.0721640586853027, 0.3648276627063751
487, -2.2073287963867188, 3.0721640586853027, 0.3648276627063751
488, -2.2073287963867188, 3.0721640586853027, 0.3648276627063751
489, -2.2073287963867188, 3.0721640586853027, 0.3648276627063751
490, -2.2073287963867188, 3.0721640586853027, 0.3648276627063751
491, -2.3239433765411377, 3.0721640586853027, 0.5859634876251221
492, -2.4405579566955566, 3.0721640586853027, 0.8070993423461914
493, -2.4405579566955566, 3.0721640586853027, 0.8070993423461914
494, -2.6521170139312744, 3.0721640586853027, 0.9403014183044434
495, -2.6521170139312744, 3.0721640586853027, 0.9403014183044434
496, -2.901933431625366, 3.0721640586853027, 0.9498782157897949
497, -3.151749849319458, 3.0721640586853027, 0.9594550132751465
498, -3.40156626701355, 3.0721640586853027, 0.969031810760498
499, -3.6513826847076416, 3.0721640586853027, 0.9786086082458496
