1, -3.197455883026123, -2.9951868057250977, 4.249220371246338
2, -3.197455883026123, -2.9951868057250977, 4.249220371246338
3, -3.197455883026123, -2.9951868057250977, 4.249220371246338
4, -3.197455883026123, -2.9951868057250977, 4.249220371246338
5, -3.197455883026123, -2.9951868057250977, 4.249220371246338
6, -3.197455883026123, -2.9951868057250977, 4.249220371246338
7, -3.197455883026123, -2.9951868057250977, 4.249220371246338
8, -3.197455883026123, -2.9951868057250977, 4.249220371246338
9, -3.197455883026123, -2.9951868057250977, 4.249220371246338
10, -3.197455883026123, -2.9951868057250977, 4.249220371246338
11, -3.197455883026123, -2.9951868057250977, 4.249220371246338
12, -3.197455883026123, -2.9951868057250977, 4.249220371246338
13, -3.197455883026123, -2.9951868057250977, 4.249220371246338
14, -3.197455883026123, -2.9951868057250977, 4.249220371246338
15, -3.197455883026123, -2.9951868057250977, 4.249220371246338
16, -3.197455883026123, -2.9951868057250977, 4.249220371246338
17, -3.197455883026123, -2.9951868057250977, 4.249220371246338
18, -3.197455883026123, -2.9951868057250977, 4.249220371246338
19, -3.197455883026123, -2.9951868057250977, 4.249220371246338
20, -2.9994049072265625, -2.9951868057250977, 4.096656322479248
21, -2.9994049072265625, -2.9951868057250977, 4.096656322479248
22, -2.9994049072265625, -2.9951868057250977, 4.096656322479248
23, -2.9994049072265625, -2.9951868057250977, 4.096656322479248
24, -2.9994049072265625, -2.9951868057250977, 4.096656322479248
25, -2.9994049072265625, -2.9951868057250977, 4.096656322479248
26, -2.9994049072265625, -2.9951868057250977, 4.096656322479248
27, -2.9994049072265625, -2.9951868057250977, 4.096656322479248
28, -2.8199808597564697, -2.9951868057250977, 4.072690010070801
29, -2.8199808597564697, -2.9951868057250977, 4.072690010070801
30, -2.8199808597564697, -2.9951868057250977, 4.072690010070801
31, -2.8199808597564697, -2.9951868057250977, 4.072690010070801
32, -2.8199808597564697, -2.9951868057250977, 4.072690010070801
33, -2.819981098175049, -2.9951868057250977, 4.072690486907959
34, -2.819981098175049, -2.9951868057250977, 4.072690486907959
35, -3.0180320739746094, -2.9951868057250977, 4.225254535675049
36, -3.21608304977417, -2.9951868057250977, 4.377818584442139
37, -3.21608304977417, -2.9951868057250977, 4.377818584442139
38, -3.3113181591033936, -2.9951868057250977, 4.608968734741211
39, -3.3113181591033936, -2.9951868057250977, 4.608968734741211
40, -3.3113181591033936, -2.9951868057250977, 4.608968734741211
41, -3.3113181591033936, -2.9951868057250977, 4.608968734741211
42, -3.278219223022461, -2.9951868057250977, 4.8567681312561035
43, -3.2451202869415283, -2.9951868057250977, 5.104567527770996
44, -3.2120213508605957, -2.9951868057250977, 5.352366924285889
45, -3.2120213508605957, -2.9951868057250977, 5.352366924285889
46, -3.2120213508605957, -2.9951868057250977, 5.352366924285889
47, -3.2120213508605957, -2.9951868057250977, 5.352366924285889
48, -3.2120213508605957, -2.9951868057250977, 5.352366924285889
49, -3.2120213508605957, -2.9951868057250977, 5.352366924285889
50, -3.116786241531372, -2.9951868057250977, 5.121216773986816
51, -3.116786241531372, -2.9951868057250977, 5.121216773986816
52, -3.1498851776123047, -2.9951868057250977, 4.873417377471924
53, -3.1829841136932373, -2.9951868057250977, 4.625617980957031
54, -3.21608304977417, -2.9951868057250977, 4.377818584442139
55, -3.2491819858551025, -2.9951868057250977, 4.130019187927246
56, -3.282280921936035, -2.9951868057250977, 3.8822200298309326
57, -3.282280921936035, -2.9951868057250977, 3.8822200298309326
58, -3.434845209121704, -2.9951868057250977, 3.684169054031372
59, -3.434845209121704, -2.9951868057250977, 3.684169054031372
60, -3.4679441452026367, -2.9951868057250977, 3.4363698959350586
61, -3.5010430812835693, -2.9951868057250977, 3.188570737838745
62, -3.5010430812835693, -2.9951868057250977, 3.188570737838745
63, -3.6536073684692383, -2.9951868057250977, 2.9905197620391846
64, -3.8061716556549072, -2.9951868057250977, 2.792468786239624
65, -3.8061716556549072, -2.9951868057250977, 2.792468786239624
66, -3.8061716556549072, -2.9951868057250977, 2.792468786239624
67, -3.8061716556549072, -2.9951868057250977, 2.792468786239624
68, -3.6081206798553467, -2.9951868057250977, 2.639904499053955
69, -3.410069704055786, -2.9951868057250977, 2.487340211868286
70, -3.410069704055786, -2.9951868057250977, 2.487340211868286
71, -3.1622705459594727, -2.9951868057250977, 2.4542412757873535
72, -2.914471387863159, -2.9951868057250977, 2.421142339706421
73, -2.6666722297668457, -2.9951868057250977, 2.3880434036254883
74, -2.4188730716705322, -2.9951868057250977, 2.3549444675445557
75, -2.1710739135742188, -2.9951868057250977, 2.321845531463623
76, -1.9232746362686157, -2.9951868057250977, 2.2887465953826904
77, -1.6754753589630127, -2.9951868057250977, 2.255647659301758
78, -1.6754753589630127, -2.9951868057250977, 2.255647659301758
79, -1.6754753589630127, -2.9951868057250977, 2.255647659301758
80, -1.6754753589630127, -2.9951868057250977, 2.255647659301758
81, -1.6754753589630127, -2.9951868057250977, 2.255647659301758
82, -1.4276760816574097, -2.9951868057250977, 2.222548723220825
83, -1.1798768043518066, -2.9951868057250977, 2.1894497871398926
84, -0.9320775270462036, -2.9951868057250977, 2.15635085105896
85, -0.9320775270462036, -2.9951868057250977, 2.15635085105896
86, -0.7009276151657104, -2.9951868057250977, 2.2515859603881836
87, -0.4697777032852173, -2.9951868057250977, 2.3468210697174072
88, -0.4697777032852173, -2.9951868057250977, 2.3468210697174072
89, -0.3172135055065155, -2.9951868057250977, 2.5448720455169678
90, -0.3172135055065155, -2.9951868057250977, 2.5448720455169678
91, -0.3172135055065155, -2.9951868057250977, 2.5448720455169678
92, -0.16464930772781372, -2.9951868057250977, 2.7429230213165283
93, -0.16464930772781372, -2.9951868057250977, 2.7429230213165283
94, -0.13155029714107513, -2.9951868057250977, 2.990722179412842
95, -0.09845128655433655, -2.9951868057250977, 3.2385213375091553
96, -0.06535227596759796, -2.9951868057250977, 3.4863204956054688
97, -0.03225326910614967, -2.9951868057250977, 3.7341196537017822
98, 0.0008457377552986145, -2.9951868057250977, 3.9819188117980957
99, 0.0339447446167469, -2.9951868057250977, 4.229718208312988
100, 0.06704375147819519, -2.9951868057250977, 4.477517604827881
101, 0.10014276206493378, -2.9951868057250977, 4.725317001342773
102, 0.13324177265167236, -2.9951868057250977, 4.973116397857666
103, 0.16634078323841095, -2.9951868057250977, 5.220915794372559
104, 0.16634078323841095, -2.9951868057250977, 5.220915794372559
105, 0.07110573351383209, -2.9951868057250977, 5.452065467834473
106, -0.024129316210746765, -2.9951868057250977, 5.683215141296387
107, -0.11936436593532562, -2.9951868057250977, 5.914364814758301
108, -0.21459941565990448, -2.9951868057250977, 6.145514488220215
109, -0.30983448028564453, -2.9797611236572266, 6.376664161682129
110, -0.30983448028564453, -2.9797611236572266, 6.376664161682129
111, -0.27673548460006714, -2.971698522567749, 6.6244635581970215
112, -0.24363648891448975, -2.9636356830596924, 6.872262954711914
113, -0.21053749322891235, -2.9555728435516357, 7.120062351226807
114, -0.21053749322891235, -2.9555728435516357, 7.120062351226807
115, -0.057973310351371765, -2.9520535469055176, 7.318113327026367
116, -0.9313666820526123, -2.9951868057250977, 0.4131529629230499
