1, 1.5521934032440186, 0.07754743099212646, 0.5196341872215271
2, 1.5521934032440186, 0.07754743099212646, 0.5196341872215271
3, 1.5521934032440186, 0.07754743099212646, 0.5196341872215271
4, 1.5521934032440186, 0.07754743099212646, 0.5196341872215271
5, 1.5521934032440186, 0.07754743099212646, 0.5196341872215271
6, 1.5521934032440186, 0.07754743099212646, 0.5196341872215271
7, 1.5521934032440186, 0.07754743099212646, 0.5196341872215271
8, 1.5521934032440186, 0.07754743099212646, 0.5196341872215271
9, 1.5521934032440186, 0.07754743099212646, 0.5196341872215271
10, 1.5521934032440186, 0.07754743099212646, 0.5196341872215271
11, 1.5521934032440186, 0.07754743099212646, 0.5196341872215271
12, 1.5521934032440186, 0.07754743099212646, 0.5196341872215271
13, 1.5521934032440186, 0.07754743099212646, 0.5196341872215271
14, 1.5521934032440186, 0.07754743099212646, 0.5196341872215271
15, 1.8017383813858032, 0.07754743099212646, 0.5347111821174622
16, 2.051283359527588, 0.07754743099212646, 0.5497881770133972
17, 2.300828218460083, 0.07754743099212646, 0.5648651719093323
18, 2.550373077392578, 0.07754743099212646, 0.5799421668052673
19, 2.7999179363250732, 0.07754743099212646, 0.5950191617012024
20, 3.0494627952575684, 0.07754743099212646, 0.6100961565971375
21, 3.2990076541900635, 0.07754743099212646, 0.6251731514930725
22, 3.5485525131225586, 0.07754743099212646, 0.6402501463890076
23, 3.7980973720550537, 0.07754743099212646, 0.6553271412849426
24, 4.047642230987549, 0.07754743099212646, 0.6704041361808777
25, 4.297187328338623, 0.07754743099212646, 0.6854811310768127
26, 4.546732425689697, 0.07754743099212646, 0.7005581259727478
27, 4.7962775230407715, 0.07754743099212646, 0.7156351208686829
28, 5.045822620391846, 0.07754743099212646, 0.7307121157646179
29, 5.045822620391846, 0.07754743099212646, 0.7307121157646179
30, 5.045822620391846, 0.07754743099212646, 0.7307121157646179
31, 5.157537937164307, 0.07754743099212646, 0.9543629288673401
32, 5.269253253936768, 0.07754743099212646, 1.178013801574707
33, 5.3809685707092285, 0.07754743099212646, 1.4016646146774292
34, 5.4926838874816895, 0.07754743099212646, 1.6253154277801514
35, 5.60439920425415, 0.07754743099212646, 1.8489662408828735
36, 5.499439239501953, 0.07754743099212646, 2.293487071990967
