1, 7.914793968200684, 2.0644748210906982, 1.317686676979065
2, 7.914793968200684, 2.0644748210906982, 1.317686676979065
3, 7.914793968200684, 2.0644748210906982, 1.317686676979065
4, 7.914793968200684, 2.0644748210906982, 1.317686676979065
5, 7.914793968200684, 2.0644748210906982, 1.317686676979065
6, 7.914793968200684, 2.0644748210906982, 1.317686676979065
7, 7.914793968200684, 2.0644748210906982, 1.317686676979065
8, 7.914793968200684, 2.0644748210906982, 1.317686676979065
9, 7.914793968200684, 2.0644748210906982, 1.317686676979065
10, 7.914793968200684, 2.0644748210906982, 1.317686676979065
11, 7.914793968200684, 2.0644748210906982, 1.317686676979065
12, 7.914793968200684, 2.0644748210906982, 1.317686676979065
13, 7.914793968200684, 2.0644748210906982, 1.317686676979065
14, 8.154045104980469, 2.0644748210906982, 1.3902033567428589
15, 8.39329719543457, 2.0644748210906982, 1.4627200365066528
16, 8.39329719543457, 2.0644748210906982, 1.4627200365066528
17, 8.39329719543457, 2.0644748210906982, 1.4627200365066528
18, 8.632549285888672, 2.0644748210906982, 1.5352367162704468
19, 8.871801376342773, 2.0644748210906982, 1.6077533960342407
20, 9.111053466796875, 2.0644748210906982, 1.6802700757980347
21, 9.111053466796875, 2.0644748210906982, 1.6802700757980347
22, 9.111053466796875, 2.0644748210906982, 1.6802700757980347
23, 9.111053466796875, 2.0644748210906982, 1.6802700757980347
24, 9.111053466796875, 2.0644748210906982, 1.6802700757980347
25, 9.111053466796875, 2.0644748210906982, 1.6802700757980347
26, 9.111053466796875, 2.0644748210906982, 1.6802700757980347
27, 9.111053466796875, 2.0644748210906982, 1.6802700757980347
28, 8.94011402130127, 2.0644748210906982, 1.4978430271148682
29, 8.769174575805664, 2.0644748210906982, 1.315415859222412
30, 8.598235130310059, 2.0644748210906982, 1.132988691329956
31, 8.427295684814453, 2.0644748210906982, 0.9505615830421448
32, 8.256356239318848, 2.0644748210906982, 0.7681344747543335
33, 8.085416793823242, 2.0644748210906982, 0.5857073664665222
34, 7.914477348327637, 2.0644748210906982, 0.40328025817871094
35, 7.743537902832031, 2.0644748210906982, 0.22085314989089966
36, 7.743537902832031, 2.0644748210906982, 0.22085314989089966
37, 7.686713218688965, 2.0644748210906982, -0.022603169083595276
38, 7.629888534545898, 2.0644748210906982, -0.2660594880580902
39, 7.629888534545898, 2.0644748210906982, -0.2660594880580902
40, 7.458949089050293, 2.0644748210906982, -0.4484865963459015
41, 7.458949089050293, 2.0644748210906982, -0.4484865963459015
42, 7.458949089050293, 2.0644748210906982, -0.4484865963459015
43, 7.391385078430176, 2.0644748210906982, -0.4327167272567749
44, 7.391385078430176, 2.0644748210906982, -0.4327167272567749
45, 7.391385078430176, 2.0644748210906982, -0.4327167272567749
46, 7.391385078430176, 2.0644748210906982, -0.4327167272567749
47, 7.391385078430176, 2.0644748210906982, -0.4327167272567749
48, 7.334560394287109, 2.0644748210906982, -0.6761730313301086
49, 7.334560394287109, 2.0644748210906982, -0.6761730313301086
50, 7.334560394287109, 2.0644748210906982, -0.6761730313301086
51, 7.095308780670166, 2.0644748210906982, -0.7486897110939026
52, 7.095308780670166, 2.0644748210906982, -0.7486897110939026
53, 7.095308780670166, 2.0644748210906982, -0.7486897110939026
54, 7.095308780670166, 2.0644748210906982, -0.7486897110939026
55, 7.095308780670166, 2.0644748210906982, -0.7486897110939026
56, 7.095308780670166, 2.0644748210906982, -0.7486897110939026
57, 7.095308780670166, 2.0644748210906982, -0.7486897110939026
58, 7.334560394287109, 2.0644748210906982, -0.6761729717254639
59, 7.573812007904053, 2.0644748210906982, -0.6036562323570251
60, 7.573812007904053, 2.0644748210906982, -0.6036562323570251
61, 7.744751453399658, 2.0644748210906982, -0.4212290644645691
62, 7.744751453399658, 2.0644748210906982, -0.4212290644645691
63, 7.801576137542725, 2.0644748210906982, -0.17777273058891296
64, 7.858400821685791, 2.0644748210906982, 0.06568360328674316
65, 7.915225505828857, 2.0644748210906982, 0.3091399371623993
66, 7.972050189971924, 2.0644748210906982, 0.5525962710380554
67, 8.028874397277832, 2.0644748210906982, 0.7960525751113892
68, 8.028874397277832, 2.0644748210906982, 0.7960525751113892
69, 7.956357479095459, 2.0644748210906982, 1.0353041887283325
70, 7.883840560913086, 2.0644748210906982, 1.2745558023452759
71, 7.811323642730713, 2.0644748210906982, 1.5138074159622192
72, 7.73880672454834, 2.0644748210906982, 1.7530590295791626
73, 7.666289806365967, 2.0644748210906982, 1.992310643196106
74, 7.593772888183594, 2.0644748210906982, 2.2315621376037598
75, 7.521255970001221, 2.0644748210906982, 2.470813751220703
76, 7.448739051818848, 2.0644748210906982, 2.7100653648376465
77, 7.376222133636475, 2.0644748210906982, 2.94931697845459
78, 7.303705215454102, 2.0644748210906982, 3.188568592071533
79, 7.2311882972717285, 2.0644748210906982, 3.4278202056884766
80, 7.2311882972717285, 2.0644748210906982, 3.4278202056884766
81, 7.2311882972717285, 2.0644748210906982, 3.4278202056884766
82, 7.1586713790893555, 2.0644748210906982, 3.66707181930542
83, 7.1586713790893555, 2.0644748210906982, 3.66707181930542
84, 7.215496063232422, 2.0644748210906982, 3.9105281829833984
85, 7.272320747375488, 2.0644748210906982, 4.153984546661377
86, 7.329145431518555, 2.0644748210906982, 4.3974409103393555
87, 7.385970115661621, 2.0644748210906982, 4.640897274017334
88, 7.385970115661621, 2.0644748210906982, 4.640897274017334
89, 7.385970115661621, 2.0644748210906982, 4.640897274017334
90, 7.385970115661621, 2.0644748210906982, 4.640897274017334
91, 7.385970115661621, 2.0644748210906982, 4.640897274017334
92, 7.385970115661621, 2.0644748210906982, 4.640897274017334
93, 7.385970115661621, 2.0644748210906982, 4.640897274017334
94, 7.385970115661621, 2.0644748210906982, 4.640897274017334
95, 7.385970115661621, 2.0644748210906982, 4.640897274017334
96, 7.385970115661621, 2.0644748210906982, 4.640897274017334
97, 7.313453197479248, 2.0644748210906982, 4.880148887634277
98, 7.240936279296875, 2.0644748210906982, 5.119400501251221
99, 7.240936279296875, 2.0644748210906982, 5.119400501251221
100, 7.240936279296875, 2.0644748210906982, 5.119400501251221
101, 7.240936279296875, 2.0644748210906982, 5.119400501251221
102, 7.240936279296875, 2.0644748210906982, 5.119400501251221
103, 7.240936279296875, 2.0644748210906982, 5.119400501251221
104, 7.240936279296875, 2.0644748210906982, 5.119400501251221
105, 7.240936279296875, 2.0644748210906982, 5.119400501251221
106, 7.240936279296875, 2.0644748210906982, 5.119400501251221
107, 7.240936279296875, 2.0644748210906982, 5.119400501251221
108, 7.240936279296875, 2.0644748210906982, 5.119400501251221
109, 7.240936279296875, 2.0644748210906982, 5.119400501251221
110, 7.240936279296875, 2.0644748210906982, 5.119400501251221
111, 7.240936279296875, 2.0644748210906982, 5.119400501251221
112, 7.240936279296875, 2.0644748210906982, 5.119400501251221
113, 7.240936279296875, 2.0644748210906982, 5.119400501251221
114, 7.240936279296875, 2.0644748210906982, 5.119400501251221
115, 7.0699968338012695, 2.0644748210906982, 4.9369730949401855
116, 7.0699968338012695, 2.0644748210906982, 4.9369730949401855
117, 7.013172626495361, 2.0644748210906982, 4.693516731262207
118, 6.956348419189453, 2.0644748210906982, 4.4500603675842285
119, 6.956348419189453, 2.0644748210906982, 4.4500603675842285
120, 6.785408973693848, 2.0644748210906982, 4.267632961273193
121, 6.614469528198242, 2.0644748210906982, 4.085205554962158
122, 6.443530082702637, 2.0644748210906982, 3.902778387069702
123, 6.272590637207031, 2.0644748210906982, 3.720351219177246
124, 6.272590637207031, 2.0644748210906982, 3.720351219177246
125, 6.033339023590088, 2.0644748210906982, 3.647834300994873
126, 6.033339023590088, 2.0644748210906982, 3.647834300994873
127, 6.033339023590088, 2.0644748210906982, 3.647834300994873
128, 5.7940874099731445, 2.0644748210906982, 3.5753173828125
129, 5.7940874099731445, 2.0644748210906982, 3.5753173828125
130, 5.550631046295166, 2.0644748210906982, 3.6321418285369873
131, 5.3071746826171875, 2.0644748210906982, 3.6889662742614746
132, 5.3071746826171875, 2.0644748210906982, 3.6889662742614746
133, 5.3071746826171875, 2.0644748210906982, 3.6889662742614746
134, 5.3071746826171875, 2.0644748210906982, 3.6889662742614746
135, 5.3071746826171875, 2.0644748210906982, 3.6889662742614746
136, 5.3071746826171875, 2.0644748210906982, 3.6889662742614746
137, 5.124747276306152, 2.0644748210906982, 3.85990571975708
138, 4.942319869995117, 2.0644748210906982, 4.0308451652526855
139, 4.942319869995117, 2.0644748210906982, 4.0308451652526855
140, 4.942319869995117, 2.0644748210906982, 4.0308451652526855
141, 4.942319869995117, 2.0644748210906982, 4.0308451652526855
142, 4.942319869995117, 2.0644748210906982, 4.0308451652526855
143, 4.942319869995117, 2.0644748210906982, 4.0308451652526855
144, 4.942319869995117, 2.0644748210906982, 4.0308451652526855
145, 5.124747276306152, 2.0644748210906982, 3.85990571975708
146, 5.3071746826171875, 2.0644748210906982, 3.6889662742614746
147, 5.3071746826171875, 2.0644748210906982, 3.6889662742614746
148, 5.550631046295166, 2.0644748210906982, 3.6321418285369873
149, 5.7940874099731445, 2.0644748210906982, 3.5753173828125
150, 5.7940874099731445, 2.0644748210906982, 3.5753173828125
151, 6.033339023590088, 2.0644748210906982, 3.647834300994873
152, 6.272590637207031, 2.0644748210906982, 3.720351219177246
153, 6.272590637207031, 2.0644748210906982, 3.720351219177246
154, 6.443530082702637, 2.0644748210906982, 3.902778387069702
155, 6.614469528198242, 2.0644748210906982, 4.085205554962158
156, 6.785408973693848, 2.0644748210906982, 4.267632961273193
157, 6.956348419189453, 2.0644748210906982, 4.4500603675842285
158, 6.956348419189453, 2.0644748210906982, 4.4500603675842285
159, 7.013172626495361, 2.0644748210906982, 4.693516731262207
160, 7.0699968338012695, 2.0644748210906982, 4.9369730949401855
161, 7.0699968338012695, 2.0644748210906982, 4.9369730949401855
162, 7.240936279296875, 2.0644748210906982, 5.119400501251221
163, 7.240936279296875, 2.0644748210906982, 5.119400501251221
164, 7.240936279296875, 2.0644748210906982, 5.119400501251221
165, 7.168419361114502, 2.0644748210906982, 5.358652114868164
166, 7.168419361114502, 2.0644748210906982, 5.358652114868164
167, 7.22524356842041, 2.0644748210906982, 5.602108478546143
168, 2.298548936843872, 2.0644748210906982, 3.144233465194702
