1, 7.341760158538818, 0.09943583607673645, -2.0992183685302734
2, 7.341760158538818, 0.09943583607673645, -2.0992183685302734
3, 7.341760158538818, 0.09943583607673645, -2.0992183685302734
4, 7.341760158538818, 0.09943583607673645, -2.0992183685302734
5, 7.341760158538818, 0.09943583607673645, -2.0992183685302734
6, 7.341760158538818, 0.09943583607673645, -2.0992183685302734
7, 7.341760158538818, 0.09943583607673645, -2.0992183685302734
8, 7.341760158538818, 0.09943583607673645, -2.0992183685302734
9, 7.341760158538818, 0.09943583607673645, -2.0992183685302734
10, 7.341760158538818, 0.09943583607673645, -2.0992183685302734
11, 7.341760158538818, 0.09943583607673645, -2.0992183685302734
12, 7.341760158538818, 0.09943583607673645, -2.0992183685302734
13, 7.341760158538818, 0.09943583607673645, -2.0992183685302734
14, 7.341760158538818, 0.09943583607673645, -2.0992183685302734
15, 7.341760158538818, 0.09943583607673645, -2.0992183685302734
16, 7.135984897613525, 0.09943583607673645, -1.9572445154190063
17, 7.135984897613525, 0.09943583607673645, -1.9572445154190063
18, 7.135984897613525, 0.09943583607673645, -1.9572445154190063
19, 7.135984897613525, 0.09943583607673645, -1.9572445154190063
20, 7.0287652015686035, 0.09943583607673645, -1.7314039468765259
21, 6.921545505523682, 0.09943583607673645, -1.5055633783340454
22, 6.921545505523682, 0.09943583607673645, -1.5055633783340454
23, 6.921545505523682, 0.09943583607673645, -1.5055633783340454
24, 6.672351837158203, 0.09943583607673645, -1.4854979515075684
25, 6.423158168792725, 0.09943583607673645, -1.4654326438903809
26, 6.423158168792725, 0.09943583607673645, -1.4654326438903809
27, 6.423158168792725, 0.09943583607673645, -1.4654326438903809
28, 6.423158168792725, 0.09943583607673645, -1.4654326438903809
29, 6.423158168792725, 0.09943583607673645, -1.4654326438903809
30, 6.423158168792725, 0.09943583607673645, -1.4654326438903809
31, 6.423158168792725, 0.09943583607673645, -1.4654326438903809
32, 6.423158168792725, 0.09943583607673645, -1.4654326438903809
33, 6.423158168792725, 0.09943583607673645, -1.4654326438903809
34, 6.173964500427246, 0.09943583607673645, -1.4453673362731934
35, 6.173964500427246, 0.09943583607673645, -1.4453673362731934
36, 5.948123931884766, 0.09943583607673645, -1.5525869131088257
37, 5.722283363342285, 0.09943583607673645, -1.659806489944458
38, 5.657073020935059, 0.09943583607673645, -1.690765619277954
39, 5.657073020935059, 0.09943583607673645, -1.690765619277954
40, 5.657073020935059, 0.09943583607673645, -1.690765619277954
41, 5.657073020935059, 0.09943583607673645, -1.690765619277954
42, 5.657073020935059, 0.09943583607673645, -1.690765619277954
43, 5.657073020935059, 0.09943583607673645, -1.690765619277954
44, 5.657073020935059, 0.09943583607673645, -1.690765619277954
45, 5.657073020935059, 0.09943583607673645, -1.690765619277954
46, 5.40787935256958, 0.09943583607673645, -1.670700192451477
47, 5.40787935256958, 0.09943583607673645, -1.670700192451477
48, 5.235214710235596, 0.09943583607673645, -1.7526741027832031
49, 5.235214710235596, 0.09943583607673645, -1.7526741027832031
50, 5.235214710235596, 0.09943583607673645, -1.7526741027832031
51, 5.235214710235596, 0.09943583607673645, -1.7526741027832031
52, 5.235214710235596, 0.09943583607673645, -1.7526741027832031
53, 5.235214710235596, 0.09943583607673645, -1.7526741027832031
54, 5.093240737915039, 0.09943583607673645, -1.9584492444992065
55, 5.093240737915039, 0.09943583607673645, -1.9584492444992065
56, 5.093240737915039, 0.09943583607673645, -1.9584492444992065
57, 4.8440470695495605, 0.09943583607673645, -1.9383838176727295
58, 4.8440470695495605, 0.09943583607673645, -1.9383838176727295
59, 4.8440470695495605, 0.09943583607673645, -1.9383838176727295
60, 4.8440470695495605, 0.09943583607673645, -1.9383838176727295
61, 4.8440470695495605, 0.09943583607673645, -1.9383838176727295
62, 4.8440470695495605, 0.09943583607673645, -1.9383838176727295
63, 4.8440470695495605, 0.09943583607673645, -1.9383838176727295
64, 4.8440470695495605, 0.09943583607673645, -1.9383838176727295
65, 4.8440470695495605, 0.09943583607673645, -1.9383838176727295
66, 4.8440470695495605, 0.09943583607673645, -1.9383838176727295
67, 4.8440470695495605, 0.09943583607673645, -1.9383838176727295
68, 4.8440470695495605, 0.09943583607673645, -1.9383838176727295
69, 5.049663543701172, 0.09943583607673645, -1.8407657146453857
70, 5.049663543701172, 0.09943583607673645, -1.8407657146453857
71, 5.049663543701172, 0.09943583607673645, -1.8407657146453857
72, 5.049663543701172, 0.09943583607673645, -1.8407657146453857
73, 5.049663543701172, 0.09943583607673645, -1.8407657146453857
74, 5.049663543701172, 0.09943583607673645, -1.8407657146453857
75, 5.049663543701172, 0.09943583607673645, -1.8407657146453857
76, 5.049663543701172, 0.09943583607673645, -1.8407657146453857
77, 5.049663543701172, 0.09943583607673645, -1.8407657146453857
78, 5.049663543701172, 0.09943583607673645, -1.8407657146453857
79, 5.049663543701172, 0.09943583607673645, -1.8407657146453857
80, 5.049663543701172, 0.09943583607673645, -1.8407657146453857
81, 5.292239665985107, 0.09943583607673645, -1.8602982759475708
82, 5.292239665985107, 0.09943583607673645, -1.8602982759475708
83, 5.292239665985107, 0.09943583607673645, -1.8602981567382812
84, 5.292239665985107, 0.09943583607673645, -1.8602981567382812
85, 5.292240142822266, 0.09943583607673645, -1.860297679901123
86, 5.292240142822266, 0.09943583607673645, -1.860297679901123
87, 5.312305450439453, 0.09943583607673645, -1.6111042499542236
88, 5.312305450439453, 0.09943583607673645, -1.6111042499542236
89, 5.312305450439453, 0.09943583607673645, -1.6111042499542236
90, 5.538146018981934, 0.09943583607673645, -1.5038846731185913
91, 5.538146018981934, 0.09943583607673645, -1.5038846731185913
92, 5.787339687347412, 0.09943583607673645, -1.5239500999450684
93, 6.036533355712891, 0.09943583607673645, -1.5440155267715454
94, 6.285727024078369, 0.09943583607673645, -1.5640809535980225
95, 6.534920692443848, 0.09943583607673645, -1.5841463804244995
96, 6.784114360809326, 0.09943583607673645, -1.6042118072509766
97, 7.033308029174805, 0.09943583607673645, -1.6242772340774536
98, 7.282501697540283, 0.09943583607673645, -1.6443426609039307
99, 7.531695365905762, 0.09943583607673645, -1.6644080877304077
100, 7.78088903427124, 0.09943583607673645, -1.6844735145568848
101, 8.030082702636719, 0.09943583607673645, -1.7045389413833618
102, 8.030082702636719, 0.09943583607673645, -1.7045389413833618
103, 8.2559232711792, 0.09943583607673645, -1.5973193645477295
104, 8.48176383972168, 0.09943583607673645, -1.4900997877120972
105, 8.48176383972168, 0.09943583607673645, -1.4900997877120972
106, 8.623737335205078, 0.09943583607673645, -1.2843246459960938
107, 8.765710830688477, 0.09943583607673645, -1.0785493850708008
108, 8.907684326171875, 0.09943583607673645, -0.8727741837501526
109, 9.049657821655273, 0.09943583607673645, -0.6669989824295044
110, 9.191631317138672, 0.09943583607673645, -0.4612237811088562
111, 9.191631317138672, 0.09943583607673645, -0.4612237811088562
112, 9.21169662475586, 0.09943583607673645, -0.2120303213596344
113, 9.21169662475586, 0.09943583607673645, -0.2120303213596344
114, 9.353670120239258, 0.09943583607673645, -0.006255120038986206
115, 9.495643615722656, 0.09943583607673645, 0.199520081281662
116, 9.495643615722656, 0.09943583607673645, 0.199520081281662
117, 9.721484184265137, 0.09943583607673645, 0.3067396879196167
118, 9.947324752807617, 0.09943583607673645, 0.4139592945575714
119, 9.947324752807617, 0.09943583607673645, 0.4139592945575714
120, 10.196517944335938, 0.09943583607673645, 0.39389389753341675
121, 10.445711135864258, 0.09943583607673645, 0.3738285303115845
122, 10.694904327392578, 0.09943583607673645, 0.3537631630897522
123, 10.944097518920898, 0.09943583607673645, 0.3336977958679199
124, 10.944097518920898, 0.09943583607673645, 0.3336977958679199
125, 11.169938087463379, 0.09943583607673645, 0.44091740250587463
126, 11.169938087463379, 0.09943583607673645, 0.44091740250587463
127, 11.4191312789917, 0.09943583607673645, 0.42085200548171997
128, 11.4191312789917, 0.09943583607673645, 0.42085200548171997
129, 11.624906539916992, 0.09943583607673645, 0.2788781523704529
130, 11.624906539916992, 0.09943583607673645, 0.2788781523704529
131, 11.624906539916992, 0.09943583607673645, 0.2788781523704529
132, 11.624906539916992, 0.09943583607673645, 0.2788781523704529
133, 11.624906539916992, 0.09943583607673645, 0.2788781523704529
134, 11.624906539916992, 0.09943583607673645, 0.2788781523704529
135, 11.573325157165527, 0.09943583607673645, 0.28303152322769165
136, 11.573325157165527, 0.09943583607673645, 0.28303152322769165
137, 11.573325157165527, 0.09943583607673645, 0.28303152322769165
138, 11.573325157165527, 0.09943583607673645, 0.28303152322769165
139, 11.48967170715332, 0.09943583607673645, 0.45923423767089844
140, 11.48967170715332, 0.09943583607673645, 0.45923423767089844
141, 11.48967170715332, 0.09943583607673645, 0.45923423767089844
142, 11.48967170715332, 0.09943583607673645, 0.45923423767089844
143, 11.48967170715332, 0.09943583607673645, 0.45923423767089844
144, 11.26383113861084, 0.09943583607673645, 0.3520146310329437
145, 11.26383113861084, 0.09943583607673645, 0.3520146310329437
146, 11.01463794708252, 0.09943583607673645, 0.372079998254776
147, 10.7654447555542, 0.09943583607673645, 0.3921453654766083
148, 10.516251564025879, 0.09943583607673645, 0.41221073269844055
149, 10.267058372497559, 0.09943583607673645, 0.4322760999202728
150, 10.267058372497559, 0.09943583607673645, 0.4322760999202728
151, 10.267058372497559, 0.09943583607673645, 0.4322760999202728
152, 10.017865180969238, 0.09943583607673645, 0.4523414671421051
153, 10.017865180969238, 0.09943583607673645, 0.4523414671421051
154, 9.792024612426758, 0.09943583607673645, 0.3451218605041504
155, 9.566184043884277, 0.09943583607673645, 0.23790225386619568
156, 9.566184043884277, 0.09943583607673645, 0.23790225386619568
157, 9.424210548400879, 0.09943583607673645, 0.03212708234786987
158, 9.424210548400879, 0.09943583607673645, 0.03212708234786987
159, 9.424210548400879, 0.09943583607673645, 0.03212708234786987
160, 9.424210548400879, 0.09943583607673645, 0.03212708234786987
161, 9.424210548400879, 0.09943583607673645, 0.03212708234786987
162, 9.424210548400879, 0.09943583607673645, 0.03212708234786987
163, 9.424210548400879, 0.09943583607673645, 0.03212708234786987
164, 9.424210548400879, 0.09943583607673645, 0.03212708234786987
165, 9.404145240783691, 0.09943583607673645, -0.21706637740135193
166, 9.404145240783691, 0.09943583607673645, -0.21706637740135193
167, 9.262171745300293, 0.09943583607673645, -0.42284154891967773
168, 9.120198249816895, 0.09943583607673645, -0.6286166906356812
169, 8.978224754333496, 0.09943583607673645, -0.8343918323516846
170, 8.836251258850098, 0.09943583607673645, -1.040166974067688
171, 8.6942777633667, 0.09943583607673645, -1.2459421157836914
172, 8.6942777633667, 0.09943583607673645, -1.2459421157836914
173, 8.6942777633667, 0.09943583607673645, -1.2459421157836914
174, 8.5523042678833, 0.09943583607673645, -1.4517172574996948
175, 8.410330772399902, 0.09943583607673645, -1.6574923992156982
176, 8.410330772399902, 0.09943583607673645, -1.6574923992156982
177, 8.184490203857422, 0.09943583607673645, -1.7647119760513306
178, 8.184490203857422, 0.09943583607673645, -1.7647119760513306
179, 7.935296535491943, 0.09943583607673645, -1.7446465492248535
180, 7.686102867126465, 0.09943583607673645, -1.724581241607666
181, 7.436909198760986, 0.09943583607673645, -1.7045159339904785
182, 7.187715530395508, 0.09943583607673645, -1.684450626373291
183, 19.996915817260742, 0.09943583607673645, -1.3978540897369385
