1, -9.060481071472168, 3.078939914703369, -0.2740086019039154
2, -9.060481071472168, 3.078939914703369, -0.2740086019039154
3, -9.060481071472168, 3.078939914703369, -0.2740086019039154
4, -9.060481071472168, 3.078939914703369, -0.2740086019039154
5, -9.060481071472168, 3.078939914703369, -0.2740086019039154
6, -9.060481071472168, 3.078939914703369, -0.2740086019039154
7, -9.060481071472168, 3.078939914703369, -0.2740086019039154
8, -9.060481071472168, 3.078939914703369, -0.2740086019039154
9, -9.060481071472168, 3.078939914703369, -0.2740086019039154
10, -9.060481071472168, 3.078939914703369, -0.2740086019039154
11, -9.060481071472168, 3.078939914703369, -0.2740086019039154
12, -9.060481071472168, 3.078939914703369, -0.2740086019039154
13, -9.060481071472168, 3.078939914703369, -0.2740086019039154
14, -9.060481071472168, 3.078939914703369, -0.2740086019039154
15, -8.83154296875, 3.1409459114074707, -0.3744441866874695
16, -8.83154296875, 3.1409459114074707, -0.3744441866874695
17, -8.83154296875, 3.1409459114074707, -0.3744441866874695
18, -8.630094528198242, 3.215548515319824, -0.22639569640159607
19, -8.428646087646484, 3.2483434677124023, -0.07834720611572266
20, -8.227197647094727, 3.247138738632202, 0.06970128417015076
21, -8.227197647094727, 3.247138738632202, 0.06970128417015076
22, -8.227197647094727, 3.247138738632202, 0.06970128417015076
23, -8.227197647094727, 3.247138738632202, 0.06970128417015076
24, -8.126762390136719, 3.2632522583007812, 0.2986394762992859
25, -8.026327133178711, 3.1841745376586914, 0.5275776386260986
26, -7.925891399383545, 3.092599391937256, 0.7565158605575562
27, -7.925891399383545, 3.092599391937256, 0.7565158605575562
28, -7.953380584716797, 3.0721640586853027, 1.0049999952316284
29, -7.980869770050049, 3.0721640586853027, 1.2534841299057007
30, -7.980869770050049, 3.0721640586853027, 1.2534841299057007
31, -7.980869770050049, 3.0721640586853027, 1.2534841299057007
32, -8.0083589553833, 3.0721640586853027, 1.501968264579773
33, -8.0083589553833, 3.0721640586853027, 1.501968264579773
34, -7.907923221588135, 3.0721640586853027, 1.7309064865112305
35, -7.807487487792969, 3.0721640586853027, 1.959844708442688
36, -7.707051753997803, 3.0721640586853027, 2.1887829303741455
37, -7.606616020202637, 3.0721640586853027, 2.4177210330963135
38, -7.506180286407471, 3.0721640586853027, 2.6466591358184814
39, -7.506180286407471, 3.0721640586853027, 2.6466591358184814
40, -7.304731369018555, 3.0721640586853027, 2.7947075366973877
41, -7.304731369018555, 3.0721640586853027, 2.7947075366973877
42, -7.304731369018555, 3.0721640586853027, 2.7947075366973877
43, -7.304731369018555, 3.0721640586853027, 2.7947075366973877
44, -7.204295635223389, 3.0721640586853027, 3.0236456394195557
45, -7.103859901428223, 3.0721640586853027, 3.2525837421417236
46, -7.103859901428223, 3.0721640586853027, 3.2525837421417236
47, -7.131349086761475, 3.0721640586853027, 3.501067876815796
48, -7.131349086761475, 3.0721640586853027, 3.501067876815796
49, -7.030913352966309, 3.0721640586853027, 3.730005979537964
50, -6.930477619171143, 3.0721640586853027, 3.958944082260132
51, -6.930477619171143, 3.0721640586853027, 3.958944082260132
52, -6.930477619171143, 3.0721640586853027, 3.958944082260132
53, -6.68199348449707, 3.0721640586853027, 3.986433506011963
54, -6.68199348449707, 3.0721640586853027, 3.986433506011963
55, -6.453055381774902, 3.0721640586853027, 3.885998010635376
56, -6.224117279052734, 3.0721640586853027, 3.785562515258789
57, -5.995179176330566, 3.0721640586853027, 3.685127019882202
58, -5.766241073608398, 3.0721640586853027, 3.5846915245056152
59, -5.5373029708862305, 3.0721640586853027, 3.4842560291290283
60, -5.3083648681640625, 3.0721640586853027, 3.3838205337524414
61, -5.0794267654418945, 3.0721640586853027, 3.2833850383758545
62, -4.850488662719727, 3.0721640586853027, 3.1829495429992676
63, -4.621550559997559, 3.0721640586853027, 3.0825140476226807
64, -4.621550559997559, 3.0721640586853027, 3.0825140476226807
65, -4.373066425323486, 3.0721640586853027, 3.1100034713745117
66, -4.373066425323486, 3.0721640586853027, 3.1100034713745117
67, -4.17161750793457, 3.0721640586853027, 3.258051872253418
68, -4.17161750793457, 3.0721640586853027, 3.258051872253418
69, -4.17161750793457, 3.0721640586853027, 3.258051872253418
70, -4.17161750793457, 3.0721640586853027, 3.258051872253418
71, -4.17161750793457, 3.0721640586853027, 3.258051872253418
72, -3.9426794052124023, 3.0721640586853027, 3.157616376876831
73, -3.7137413024902344, 3.0721640586853027, 3.057180881500244
74, -3.7137413024902344, 3.0721640586853027, 3.057180881500244
75, -3.565692901611328, 3.0721640586853027, 2.855731964111328
76, -3.417644500732422, 3.0721640586853027, 2.654283046722412
77, -3.417644500732422, 3.0721640586853027, 2.654283046722412
78, -3.390155076980591, 3.0721640586853027, 2.40579891204834
79, -3.390155076980591, 3.0721640586853027, 2.40579891204834
80, -3.390155076980591, 3.0721640586853027, 2.40579891204834
81, -3.390155076980591, 3.0721640586853027, 2.40579891204834
82, -3.638639211654663, 3.0721640586853027, 2.378309488296509
83, -3.638639211654663, 3.0721640586853027, 2.378309488296509
84, -3.867577314376831, 3.0721640586853027, 2.4787449836730957
85, -4.096515655517578, 3.0721640586853027, 2.5791804790496826
86, -4.325453758239746, 3.0721640586853027, 2.6796159744262695
87, -4.554391860961914, 3.0721640586853027, 2.7800514698028564
88, -4.783329963684082, 3.0721640586853027, 2.8804869651794434
89, -5.01226806640625, 3.0721640586853027, 2.9809224605560303
90, -5.241206169128418, 3.0721640586853027, 3.081357955932617
91, -5.241206169128418, 3.0721640586853027, 3.081357955932617
92, -5.241206169128418, 3.0721640586853027, 3.081357955932617
93, -5.241206169128418, 3.0721640586853027, 3.081357955932617
94, -5.48969030380249, 3.0721640586853027, 3.053868532180786
95, -5.7381744384765625, 3.0721640586853027, 3.026379108428955
96, -5.986658573150635, 3.0721640586853027, 2.998889684677124
97, -6.235142707824707, 3.0721640586853027, 2.971400260925293
98, -6.483626842498779, 3.0721640586853027, 2.943910837173462
99, -6.732110977172852, 3.0721640586853027, 2.916421413421631
100, -6.980595111846924, 3.0721640586853027, 2.8889319896698
101, -6.980595111846924, 3.0721640586853027, 2.8889319896698
102, -7.18204402923584, 3.0721640586853027, 2.7408833503723145
103, -7.383492946624756, 3.0721640586853027, 2.592834711074829
104, -7.584941864013672, 3.0721640586853027, 2.4447860717773438
105, -7.584941864013672, 3.0721640586853027, 2.4447860717773438
106, -7.685377597808838, 3.0721640586853027, 2.215847969055176
107, -7.685377597808838, 3.0721640586853027, 2.215847969055176
108, -7.685377597808838, 3.0721640586853027, 2.215847969055176
109, -7.685377597808838, 3.0721640586853027, 2.215847969055176
110, -7.685377597808838, 3.0721640586853027, 2.215847969055176
111, -7.685377597808838, 3.0721640586853027, 2.215847969055176
112, -7.685377597808838, 3.0721640586853027, 2.215847969055176
113, -7.584941864013672, 3.0721640586853027, 2.444786310195923
114, -7.484506130218506, 3.0721640586853027, 2.67372465133667
115, -7.484506130218506, 3.0721640586853027, 2.67372465133667
116, -7.28305721282959, 3.0721640586853027, 2.8217732906341553
117, -7.28305721282959, 3.0721640586853027, 2.8217732906341553
118, -7.034573078155518, 3.0721640586853027, 2.8492627143859863
119, -6.786088943481445, 3.0721640586853027, 2.8767521381378174
120, -6.537604808807373, 3.0721640586853027, 2.9042415618896484
121, -6.289120674133301, 3.0721640586853027, 2.9317309856414795
122, -6.0406365394592285, 3.0721640586853027, 2.9592204093933105
123, -5.792152404785156, 3.0721640586853027, 2.9867098331451416
124, -5.543668270111084, 3.0721640586853027, 3.0141992568969727
125, -5.543668270111084, 3.0721640586853027, 3.0141992568969727
126, -5.314730167388916, 3.0721640586853027, 2.9137637615203857
127, -5.085792064666748, 3.0721640586853027, 2.813328266143799
128, -4.85685396194458, 3.0721640586853027, 2.712892770767212
129, -4.627915859222412, 3.0721640586853027, 2.612457275390625
130, -4.627915859222412, 3.0721640586853027, 2.612457275390625
131, -4.479867458343506, 3.0721640586853027, 2.411008358001709
132, -4.3318190574646, 3.0721640586853027, 2.209559440612793
133, -4.183770656585693, 3.0721640586853027, 2.008110523223877
134, -4.183770656585693, 3.0721640586853027, 2.008110523223877
135, -4.163514614105225, 3.0721640586853027, 1.8250089883804321
136, -4.163514614105225, 3.0721640586853027, 1.8250089883804321
137, -4.015466213226318, 3.0721640586853027, 1.6235601902008057
138, -3.867417573928833, 3.0721640586853027, 1.4221113920211792
139, -3.7193689346313477, 3.0721640586853027, 1.2206625938415527
140, -3.7193689346313477, 3.0721640586853027, 1.2206625938415527
141, -3.4904308319091797, 3.0721640586853027, 1.1202270984649658
142, -3.2614927291870117, 3.0721640586853027, 1.019791603088379
143, -1.3149378299713135, 2.9569642543792725, 3.150789260864258
