1, -5.185545921325684, -2.9951868057250977, 2.7622127532958984
2, -5.185545921325684, -2.9951868057250977, 2.7622127532958984
3, -5.185545921325684, -2.9951868057250977, 2.7622127532958984
4, -5.185545921325684, -2.9951868057250977, 2.7622127532958984
5, -5.185545921325684, -2.9951868057250977, 2.7622127532958984
6, -5.185545921325684, -2.9951868057250977, 2.7622127532958984
7, -5.185545921325684, -2.9951868057250977, 2.7622127532958984
8, -5.185545921325684, -2.9951868057250977, 2.7622127532958984
9, -5.185545921325684, -2.9951868057250977, 2.7622127532958984
10, -5.185545921325684, -2.9951868057250977, 2.7622127532958984
11, -5.185545921325684, -2.9951868057250977, 2.7622127532958984
12, -5.185545921325684, -2.9951868057250977, 2.7622127532958984
13, -5.185545921325684, -2.9951868057250977, 2.7622127532958984
14, -5.185545921325684, -2.9951868057250977, 2.7622127532958984
15, -5.185545921325684, -2.9951868057250977, 2.7622127532958984
16, -5.185545921325684, -2.9951868057250977, 2.7622127532958984
17, -5.185545921325684, -2.9951868057250977, 2.7622127532958984
18, -5.185545921325684, -2.9951868057250977, 2.7622127532958984
19, -5.185545921325684, -2.9951868057250977, 2.7622127532958984
20, -5.185545921325684, -2.9951868057250977, 2.7622127532958984
21, -4.952837944030762, -2.9951868057250977, 2.670851230621338
22, -4.72012996673584, -2.9951868057250977, 2.5794897079467773
23, -4.487421989440918, -2.9951868057250977, 2.488128185272217
24, -4.254714012145996, -2.9951868057250977, 2.3967666625976562
25, -4.254714012145996, -2.9951868057250977, 2.3967666625976562
26, -4.00750207901001, -2.9951868057250977, 2.4339993000030518
27, -4.00750207901001, -2.9951868057250977, 2.4339993000030518
28, -3.8120265007019043, -2.9951868057250977, 2.5898497104644775
29, -3.8120265007019043, -2.9951868057250977, 2.5898497104644775
30, -3.7206649780273438, -2.9951868057250977, 2.8225576877593994
31, -3.629303455352783, -2.9951868057250977, 3.0552656650543213
32, -3.5379419326782227, -2.9951868057250977, 3.287973642349243
33, -3.446580410003662, -2.9951868057250977, 3.520681619644165
34, -3.3552188873291016, -2.9951868057250977, 3.753389596939087
35, -3.3552188873291016, -2.9951868057250977, 3.753389596939087
36, -3.3552188873291016, -2.9951868057250977, 3.753389596939087
37, -3.3552188873291016, -2.9951868057250977, 3.753389596939087
38, -3.3552188873291016, -2.9951868057250977, 3.753389596939087
39, -3.3552188873291016, -2.9951868057250977, 3.753389596939087
40, -3.3552188873291016, -2.9951868057250977, 3.753389596939087
41, -3.446580410003662, -2.9951868057250977, 3.520681619644165
42, -3.5379419326782227, -2.9951868057250977, 3.287973642349243
43, -3.5379419326782227, -2.9951868057250977, 3.287973642349243
44, -3.500709295272827, -2.9951868057250977, 3.040761709213257
45, -3.4634766578674316, -2.9951868057250977, 2.7935497760772705
46, -3.4634766578674316, -2.9951868057250977, 2.7935497760772705
47, -3.307626247406006, -2.9951868057250977, 2.598074197769165
48, -3.307626247406006, -2.9951868057250977, 2.598074197769165
49, -3.307626247406006, -2.9951868057250977, 2.598074197769165
50, -3.0604143142700195, -2.9951868057250977, 2.6353068351745605
51, -3.0604143142700195, -2.9951868057250977, 2.6353068351745605
52, -2.8277063369750977, -2.9951868057250977, 2.543945074081421
53, -2.594998359680176, -2.9951868057250977, 2.4525833129882812
54, -2.362290382385254, -2.9951868057250977, 2.3612215518951416
55, -2.362290382385254, -2.9951868057250977, 2.3612215518951416
56, -2.1150784492492676, -2.9951868057250977, 2.398454189300537
57, -1.8678665161132812, -2.9951868057250977, 2.4356868267059326
58, -1.620654582977295, -2.9951868057250977, 2.472919464111328
59, -1.3734426498413086, -2.9951868057250977, 2.5101521015167236
60, -1.1262307167053223, -2.9951868057250977, 2.547384738922119
61, -0.8790187835693359, -2.9951868057250977, 2.5846173763275146
62, -0.6318068504333496, -2.9951868057250977, 2.62185001373291
63, -0.3845948874950409, -2.9951868057250977, 2.6590826511383057
64, -0.3845948874950409, -2.9951868057250977, 2.6590826511383057
65, -0.18911932408809662, -2.9951868057250977, 2.8149328231811523
66, 0.006356239318847656, -2.9951868057250977, 2.970782995223999
67, 0.006356239318847656, -2.9951868057250977, 2.970782995223999
68, 0.08875083923339844, -2.9951868057250977, 3.1806509494781494
69, 0.08875083923339844, -2.9951868057250977, 3.1806509494781494
70, 0.08875083923339844, -2.9951868057250977, 3.1806509494781494
71, 0.08875083923339844, -2.9951868057250977, 3.1806509494781494
72, 0.08875083923339844, -2.9951868057250977, 3.1806509494781494
73, 0.08875083923339844, -2.9951868057250977, 3.1806509494781494
74, 0.08875083923339844, -2.9951868057250977, 3.1806509494781494
75, 0.08875083923339844, -2.9951868057250977, 3.1806509494781494
76, 0.08875083923339844, -2.9951868057250977, 3.1806509494781494
77, 0.08875083923339844, -2.9951868057250977, 3.1806509494781494
78, 0.08875083923339844, -2.9951868057250977, 3.1806509494781494
79, 0.08875083923339844, -2.9951868057250977, 3.1806509494781494
80, -0.002610810101032257, -2.9951868057250977, 2.9479429721832275
81, -0.002610810101032257, -2.9951868057250977, 2.9479429721832275
82, -0.002610810101032257, -2.9951868057250977, 2.9479429721832275
83, -0.002610810101032257, -2.9951868057250977, 2.9479429721832275
84, -0.002610810101032257, -2.9951868057250977, 2.9479429721832275
85, 0.15323945879936218, -2.9951868057250977, 2.752467393875122
86, 0.15323945879936218, -2.9951868057250977, 2.752467393875122
87, 0.15323945879936218, -2.9951868057250977, 2.752467393875122
88, 0.15323945879936218, -2.9951868057250977, 2.752467393875122
89, 0.3859475255012512, -2.9951868057250977, 2.6611056327819824
90, 0.6186556220054626, -2.9951868057250977, 2.5697438716888428
91, 0.8513637185096741, -2.9951868057250977, 2.478382110595703
92, 0.8513637185096741, -2.9951868057250977, 2.478382110595703
93, 0.8513637185096741, -2.9951868057250977, 2.478382110595703
94, 0.8513637185096741, -2.9951868057250977, 2.478382110595703
95, 0.8513637185096741, -2.9951868057250977, 2.478382110595703
96, 0.8513637185096741, -2.9951868057250977, 2.478382110595703
97, 0.8513637185096741, -2.9951868057250977, 2.478382110595703
98, 0.6186556816101074, -2.9951868057250977, 2.5697438716888428
99, 0.38594764471054077, -2.9951868057250977, 2.6611056327819824
100, 0.15323959290981293, -2.9951868057250977, 2.752467393875122
101, 0.15323959290981293, -2.9951868057250977, 2.752467393875122
102, -0.0026106536388397217, -2.9951868057250977, 2.9479429721832275
103, -0.0026106536388397217, -2.9951868057250977, 2.9479429721832275
104, -0.0026106536388397217, -2.9951868057250977, 2.9479429721832275
105, -0.0026106536388397217, -2.9951868057250977, 2.9479429721832275
106, -0.0026106536388397217, -2.9951868057250977, 2.9479429721832275
107, -0.0026106536388397217, -2.9951868057250977, 2.9479429721832275
108, -0.0026106536388397217, -2.9951868057250977, 2.9479429721832275
109, 0.15323962271213531, -2.9951868057250977, 2.752467393875122
110, 0.15323962271213531, -2.9951868057250977, 2.752467393875122
111, 0.38594770431518555, -2.9951868057250977, 2.6611056327819824
112, 0.618655800819397, -2.9951868057250977, 2.5697438716888428
113, 0.8513638973236084, -2.9951868057250977, 2.478382110595703
114, 0.8513638973236084, -2.9951868057250977, 2.478382110595703
115, 1.0985758304595947, -2.9951868057250977, 2.5156147480010986
116, 1.0985758304595947, -2.9951868057250977, 2.5156147480010986
117, 1.0985758304595947, -2.9951868057250977, 2.5156147480010986
118, 1.345787763595581, -2.9951868057250977, 2.552847385406494
119, 1.5929996967315674, -2.9951868057250977, 2.5900800228118896
120, 1.8402116298675537, -2.9951868057250977, 2.627312660217285
121, 2.08742356300354, -2.9951868057250977, 2.6645452976226807
122, 2.08742356300354, -2.9951868057250977, 2.6645452976226807
123, 2.2828991413116455, -2.9951868057250977, 2.8203954696655273
124, 2.2828991413116455, -2.9951868057250977, 2.8203954696655273
125, 2.2828991413116455, -2.9951868057250977, 2.8203954696655273
126, 2.2828991413116455, -2.9951868057250977, 2.8203954696655273
127, 2.374260902404785, -2.9951868057250977, 3.053103446960449
128, 2.465622663497925, -2.9951868057250977, 3.285811424255371
129, 2.5569844245910645, -2.9951868057250977, 3.518519401550293
130, 2.5569844245910645, -2.9951868057250977, 3.518519401550293
131, 2.5569844245910645, -2.9951868057250977, 3.518519401550293
132, 2.5569844245910645, -2.9951868057250977, 3.518519401550293
133, 2.519752025604248, -2.9951868057250977, 3.7657313346862793
134, 2.4825196266174316, -2.9951868057250977, 4.012943267822266
135, 2.4825196266174316, -2.9951868057250977, 4.012943267822266
136, 2.4825196266174316, -2.9951868057250977, 4.012943267822266
137, 2.4825196266174316, -2.9951868057250977, 4.012943267822266
138, 2.4825196266174316, -2.9951868057250977, 4.012943267822266
139, 2.4825196266174316, -2.9951868057250977, 4.012943267822266
140, 2.391157865524292, -2.9951868057250977, 3.7802352905273438
141, 2.391157865524292, -2.9951868057250977, 3.7802352905273438
142, 2.4283902645111084, -2.9951868057250977, 3.5330233573913574
143, 2.4283902645111084, -2.9951868057250977, 3.5330233573913574
144, 2.3370285034179688, -2.9951868057250977, 3.3003153800964355
145, 2.245666742324829, -2.9951868057250977, 3.0676074028015137
146, 2.188751220703125, -2.9951868057250977, 2.922637701034546
147, 2.188751220703125, -2.9951868057250977, 2.922637701034546
148, 2.188751220703125, -2.9951868057250977, 2.922637701034546
149, 2.2259836196899414, -2.9951868057250977, 2.6754257678985596
150, 2.2259836196899414, -2.9951868057250977, 2.6754257678985596
151, 2.2259836196899414, -2.9951868057250977, 2.6754257678985596
152, 2.030508041381836, -2.9951868057250977, 2.519575595855713
153, 2.030508041381836, -2.9951868057250977, 2.519575595855713
154, 1.7832961082458496, -2.9951868057250977, 2.4823431968688965
155, 1.5360841751098633, -2.9951868057250977, 2.44511079788208
156, 1.288872241973877, -2.9951868057250977, 2.4078783988952637
157, 1.0416603088378906, -2.9951868057250977, 2.3706459999084473
158, 1.0416603088378906, -2.9951868057250977, 2.3706459999084473
159, 0.8089522123336792, -2.9951868057250977, 2.462007761001587
160, 0.5762441158294678, -2.9951868057250977, 2.5533695220947266
161, 0.34353601932525635, -2.9951868057250977, 2.644731283187866
162, 0.11082793772220612, -2.9951868057250977, 2.736093044281006
163, 0.11082793772220612, -2.9951868057250977, 2.736093044281006
164, -0.04502233862876892, -2.9951868057250977, 2.9315686225891113
165, -0.04502233862876892, -2.9951868057250977, 2.9315686225891113
166, -0.04502233862876892, -2.9951868057250977, 2.9315686225891113
167, -0.04502233862876892, -2.9951868057250977, 2.9315686225891113
168, -0.04502233862876892, -2.9951868057250977, 2.9315686225891113
169, -0.04502233862876892, -2.9951868057250977, 2.9315686225891113
170, -0.04502233862876892, -2.9951868057250977, 2.9315686225891113
171, 0.11082795262336731, -2.9951868057250977, 2.736093044281006
172, 0.11082795262336731, -2.9951868057250977, 2.736093044281006
173, 0.34353601932525635, -2.9951868057250977, 2.644731283187866
174, 0.5762441158294678, -2.9951868057250977, 2.5533695220947266
175, 0.8089522123336792, -2.9951868057250977, 2.462007761001587
176, 0.8089522123336792, -2.9951868057250977, 2.462007761001587
177, 1.0561641454696655, -2.9951868057250977, 2.4992403984069824
178, 1.0561641454696655, -2.9951868057250977, 2.4992403984069824
179, 1.0561641454696655, -2.9951868057250977, 2.4992403984069824
180, 1.3033760786056519, -2.9951868057250977, 2.536473035812378
181, 1.5505880117416382, -2.9951868057250977, 2.5737056732177734
182, 1.7977999448776245, -2.9951868057250977, 2.610938310623169
183, 2.0450119972229004, -2.9951868057250977, 2.6481709480285645
184, 2.0450119972229004, -2.9951868057250977, 2.6481709480285645
185, 2.240487575531006, -2.9951868057250977, 2.804021120071411
186, 2.240487575531006, -2.9951868057250977, 2.804021120071411
187, 2.240487575531006, -2.9951868057250977, 2.804021120071411
188, 2.240487575531006, -2.9951868057250977, 2.804021120071411
189, 2.3318493366241455, -2.9951868057250977, 3.036729097366333
190, 2.423211097717285, -2.9951868057250977, 3.269437074661255
191, 2.514572858810425, -2.9951868057250977, 3.5021450519561768
192, 2.514572858810425, -2.9951868057250977, 3.5021450519561768
193, 2.514572858810425, -2.9951868057250977, 3.5021450519561768
194, 2.514572858810425, -2.9951868057250977, 3.5021450519561768
195, 2.4773404598236084, -2.9951868057250977, 3.749356985092163
196, 2.440108060836792, -2.9951868057250977, 3.9965689182281494
197, 2.440108060836792, -2.9951868057250977, 3.9965689182281494
198, 2.440108060836792, -2.9951868057250977, 3.9965689182281494
199, 2.440108060836792, -2.9951868057250977, 3.9965689182281494
200, 2.440108060836792, -2.9951868057250977, 3.9965689182281494
201, 2.440108060836792, -2.9951868057250977, 3.9965689182281494
202, 2.3487462997436523, -2.9951868057250977, 3.7638609409332275
203, 2.3487462997436523, -2.9951868057250977, 3.7638609409332275
204, 2.3859786987304688, -2.9951868057250977, 3.516649007797241
205, 2.423211097717285, -2.9951868057250977, 3.269437074661255
206, 2.423211097717285, -2.9951868057250977, 3.269437074661255
207, 2.3318493366241455, -2.9951868057250977, 3.036729097366333
208, 2.240487575531006, -2.9951868057250977, 2.804021120071411
209, 2.240487575531006, -2.9951868057250977, 2.804021120071411
210, 2.0450119972229004, -2.9951868057250977, 2.6481709480285645
211, 2.0450119972229004, -2.9951868057250977, 2.6481709480285645
212, 1.797800064086914, -2.9951868057250977, 2.610938549041748
213, 1.5505881309509277, -2.9951868057250977, 2.5737061500549316
214, 1.3033761978149414, -2.9951868057250977, 2.5364737510681152
215, 1.056164264678955, -2.9951868057250977, 2.499241352081299
216, 0.8089523315429688, -2.9951868057250977, 2.4620089530944824
217, 0.8089523315429688, -2.9951868057250977, 2.4620089530944824
218, 0.5762442350387573, -2.9951868057250977, 2.553370714187622
219, 0.3435361385345459, -2.9951868057250977, 2.6447324752807617
220, 0.11082805693149567, -2.9951868057250977, 2.7360942363739014
221, 0.11082805693149567, -2.9951868057250977, 2.7360942363739014
222, -0.04502221941947937, -2.9951868057250977, 2.931569814682007
223, -0.04502221941947937, -2.9951868057250977, 2.931569814682007
224, -0.04502221941947937, -2.9951868057250977, 2.931569814682007
225, -0.04502221941947937, -2.9951868057250977, 2.931569814682007
226, -0.04502221941947937, -2.9951868057250977, 2.931569814682007
227, -0.04502221941947937, -2.9951868057250977, 2.931569814682007
228, -0.04502221941947937, -2.9951868057250977, 2.931569814682007
229, 0.11082807183265686, -2.9951868057250977, 2.7360942363739014
230, 0.11082807183265686, -2.9951868057250977, 2.7360942363739014
231, 0.3435361385345459, -2.9951868057250977, 2.6447324752807617
232, 0.5762442350387573, -2.9951868057250977, 2.553370714187622
233, 0.8089523315429688, -2.9951868057250977, 2.4620089530944824
234, 0.8089523315429688, -2.9951868057250977, 2.4620089530944824
235, 1.056164264678955, -2.9951868057250977, 2.499241590499878
236, 1.056164264678955, -2.9951868057250977, 2.499241590499878
237, 1.056164264678955, -2.9951868057250977, 2.499241590499878
238, 1.3033761978149414, -2.9951868057250977, 2.5364742279052734
239, 1.5505881309509277, -2.9951868057250977, 2.573706865310669
240, 1.797800064086914, -2.9951868057250977, 2.6109395027160645
241, 2.0450119972229004, -2.9951868057250977, 2.64817214012146
242, 2.0450119972229004, -2.9951868057250977, 2.64817214012146
243, 2.240487575531006, -2.9951868057250977, 2.8040223121643066
244, 2.240487575531006, -2.9951868057250977, 2.8040223121643066
245, 2.3318493366241455, -2.9951868057250977, 3.0367302894592285
246, 2.3318493366241455, -2.9951868057250977, 3.0367302894592285
247, 2.3318493366241455, -2.9951868057250977, 3.0367302894592285
248, 2.423211097717285, -2.9951868057250977, 3.2694382667541504
249, 2.514572858810425, -2.9951868057250977, 3.5021462440490723
250, 2.514572858810425, -2.9951868057250977, 3.5021462440490723
251, 2.514572858810425, -2.9951868057250977, 3.5021462440490723
252, 2.514572858810425, -2.9951868057250977, 3.5021462440490723
253, 2.4773404598236084, -2.9951868057250977, 3.7493581771850586
254, 2.440108060836792, -2.9951868057250977, 3.996570110321045
255, 2.440108060836792, -2.9951868057250977, 3.996570110321045
256, 2.440108060836792, -2.9951868057250977, 3.996570110321045
257, 2.440108060836792, -2.9951868057250977, 3.996570110321045
258, 2.440108060836792, -2.9951868057250977, 3.996570110321045
259, 2.440108060836792, -2.9951868057250977, 3.996570110321045
260, 2.3487462997436523, -2.9951868057250977, 3.763862133026123
261, 2.3487462997436523, -2.9951868057250977, 3.763862133026123
262, 2.3859786987304688, -2.9951868057250977, 3.5166501998901367
263, 2.423211097717285, -2.9951868057250977, 3.2694382667541504
264, 2.423211097717285, -2.9951868057250977, 3.2694382667541504
265, 2.3318493366241455, -2.9951868057250977, 3.0367302894592285
266, 2.240487575531006, -2.9951868057250977, 2.8040223121643066
267, 2.240487575531006, -2.9951868057250977, 2.8040223121643066
268, 2.0450119972229004, -2.9951868057250977, 2.64817214012146
269, 2.0450119972229004, -2.9951868057250977, 2.64817214012146
270, 1.797800064086914, -2.9951868057250977, 2.6109397411346436
271, 1.5505881309509277, -2.9951868057250977, 2.573707342147827
272, 1.3033761978149414, -2.9951868057250977, 2.5364749431610107
273, 1.056164264678955, -2.9951868057250977, 2.4992425441741943
274, 0.8089523315429688, -2.9951868057250977, 2.462010145187378
275, 0.8089523315429688, -2.9951868057250977, 2.462010145187378
276, 0.5762442350387573, -2.9951868057250977, 2.5533719062805176
277, 0.3435361385345459, -2.9951868057250977, 2.6447336673736572
278, 0.11082805693149567, -2.9951868057250977, 2.736095428466797
279, 0.11082805693149567, -2.9951868057250977, 2.736095428466797
280, -0.04502221941947937, -2.9951868057250977, 2.9315710067749023
281, -0.04502221941947937, -2.9951868057250977, 2.9315710067749023
282, -0.04502221941947937, -2.9951868057250977, 2.9315710067749023
283, -0.04502221941947937, -2.9951868057250977, 2.9315710067749023
284, -0.04502221941947937, -2.9951868057250977, 2.9315710067749023
285, -0.04502221941947937, -2.9951868057250977, 2.9315710067749023
286, -0.04502221941947937, -2.9951868057250977, 2.9315710067749023
287, 0.11082807183265686, -2.9951868057250977, 2.736095428466797
288, 0.11082807183265686, -2.9951868057250977, 2.736095428466797
289, 0.3435361385345459, -2.9951868057250977, 2.6447336673736572
290, 0.5762442350387573, -2.9951868057250977, 2.5533719062805176
291, 0.8089523315429688, -2.9951868057250977, 2.462010145187378
292, 0.8089523315429688, -2.9951868057250977, 2.462010145187378
293, 1.056164264678955, -2.9951868057250977, 2.4992427825927734
294, 1.056164264678955, -2.9951868057250977, 2.4992427825927734
295, 1.056164264678955, -2.9951868057250977, 2.4992427825927734
296, 1.3033761978149414, -2.9951868057250977, 2.536475419998169
297, 1.5505881309509277, -2.9951868057250977, 2.5737080574035645
298, 1.797800064086914, -2.9951868057250977, 2.61094069480896
299, 2.0450119972229004, -2.9951868057250977, 2.6481733322143555
300, 2.0450119972229004, -2.9951868057250977, 2.6481733322143555
301, 2.240487575531006, -2.9951868057250977, 2.804023504257202
302, 2.240487575531006, -2.9951868057250977, 2.804023504257202
303, 2.3318493366241455, -2.9951868057250977, 3.036731481552124
304, 2.3318493366241455, -2.9951868057250977, 3.036731481552124
305, 2.3318493366241455, -2.9951868057250977, 3.036731481552124
306, 2.423211097717285, -2.9951868057250977, 3.269439458847046
307, 2.514572858810425, -2.9951868057250977, 3.5021474361419678
308, 2.514572858810425, -2.9951868057250977, 3.5021474361419678
309, 2.514572858810425, -2.9951868057250977, 3.5021474361419678
310, 2.514572858810425, -2.9951868057250977, 3.5021474361419678
311, 2.4773404598236084, -2.9951868057250977, 3.749359369277954
312, 2.440108060836792, -2.9951868057250977, 3.9965713024139404
313, 2.440108060836792, -2.9951868057250977, 3.9965713024139404
314, 2.440108060836792, -2.9951868057250977, 3.9965713024139404
315, 2.440108060836792, -2.9951868057250977, 3.9965713024139404
316, 2.440108060836792, -2.9951868057250977, 3.9965713024139404
317, 2.440108060836792, -2.9951868057250977, 3.9965713024139404
318, 2.3487462997436523, -2.9951868057250977, 3.7638633251190186
319, 2.3487462997436523, -2.9951868057250977, 3.7638633251190186
320, 2.3859786987304688, -2.9951868057250977, 3.5166513919830322
321, 2.423211097717285, -2.9951868057250977, 3.269439458847046
322, 2.423211097717285, -2.9951868057250977, 3.269439458847046
323, 2.3318493366241455, -2.9951868057250977, 3.036731481552124
324, 2.240487575531006, -2.9951868057250977, 2.804023504257202
325, 2.240487575531006, -2.9951868057250977, 2.804023504257202
326, 2.0450119972229004, -2.9951868057250977, 2.6481733322143555
327, 2.0450119972229004, -2.9951868057250977, 2.6481733322143555
328, 1.797800064086914, -2.9951868057250977, 2.610940933227539
329, 1.5505881309509277, -2.9951868057250977, 2.5737085342407227
330, 1.3033761978149414, -2.9951868057250977, 2.5364761352539062
331, 1.056164264678955, -2.9951868057250977, 2.49924373626709
332, 0.8089523315429688, -2.9951868057250977, 2.4620113372802734
333, 0.8089523315429688, -2.9951868057250977, 2.4620113372802734
334, 0.5762442350387573, -2.9951868057250977, 2.553373098373413
335, 0.3435361385345459, -2.9951868057250977, 2.6447348594665527
336, 0.11082805693149567, -2.9951868057250977, 2.7360966205596924
337, 0.11082805693149567, -2.9951868057250977, 2.7360966205596924
338, -0.04502221941947937, -2.9951868057250977, 2.931572198867798
339, -0.04502221941947937, -2.9951868057250977, 2.931572198867798
340, -0.04502221941947937, -2.9951868057250977, 2.931572198867798
341, -0.04502221941947937, -2.9951868057250977, 2.931572198867798
342, -0.04502221941947937, -2.9951868057250977, 2.931572198867798
343, -0.04502221941947937, -2.9951868057250977, 2.931572198867798
344, -0.04502221941947937, -2.9951868057250977, 2.931572198867798
345, 0.11082807183265686, -2.9951868057250977, 2.7360966205596924
346, 0.11082807183265686, -2.9951868057250977, 2.7360966205596924
347, 0.3435361385345459, -2.9951868057250977, 2.6447348594665527
348, 0.5762442350387573, -2.9951868057250977, 2.553373098373413
349, 0.8089523315429688, -2.9951868057250977, 2.4620113372802734
350, 0.8089523315429688, -2.9951868057250977, 2.4620113372802734
351, 1.056164264678955, -2.9951868057250977, 2.499243974685669
352, 1.056164264678955, -2.9951868057250977, 2.499243974685669
353, 1.056164264678955, -2.9951868057250977, 2.499243974685669
354, 1.3033761978149414, -2.9951868057250977, 2.5364766120910645
355, 1.5505881309509277, -2.9951868057250977, 2.57370924949646
356, 1.797800064086914, -2.9951868057250977, 2.6109418869018555
357, 2.0450119972229004, -2.9951868057250977, 2.648174524307251
358, 2.0450119972229004, -2.9951868057250977, 2.648174524307251
359, 2.240487575531006, -2.9951868057250977, 2.8040246963500977
360, 2.240487575531006, -2.9951868057250977, 2.8040246963500977
361, 2.3318493366241455, -2.9951868057250977, 3.0367326736450195
362, 2.3318493366241455, -2.9951868057250977, 3.0367326736450195
363, 2.3318493366241455, -2.9951868057250977, 3.0367326736450195
364, 2.423211097717285, -2.9951868057250977, 3.2694406509399414
365, 2.514572858810425, -2.9951868057250977, 3.5021486282348633
366, 2.514572858810425, -2.9951868057250977, 3.5021486282348633
367, 2.514572858810425, -2.9951868057250977, 3.5021486282348633
368, 2.514572858810425, -2.9951868057250977, 3.5021486282348633
369, 2.4773404598236084, -2.9951868057250977, 3.7493605613708496
370, 2.440108060836792, -2.9951868057250977, 3.996572494506836
371, 2.440108060836792, -2.9951868057250977, 3.996572494506836
372, 2.440108060836792, -2.9951868057250977, 3.996572494506836
373, 2.440108060836792, -2.9951868057250977, 3.996572494506836
374, 2.440108060836792, -2.9951868057250977, 3.996572494506836
375, 2.440108060836792, -2.9951868057250977, 3.996572494506836
376, 2.3487462997436523, -2.9951868057250977, 3.763864517211914
377, 2.3487462997436523, -2.9951868057250977, 3.763864517211914
378, 2.3859786987304688, -2.9951868057250977, 3.5166525840759277
379, 2.423211097717285, -2.9951868057250977, 3.2694406509399414
380, 2.423211097717285, -2.9951868057250977, 3.2694406509399414
381, 2.3318493366241455, -2.9951868057250977, 3.0367326736450195
382, 2.240487575531006, -2.9951868057250977, 2.8040246963500977
383, 2.240487575531006, -2.9951868057250977, 2.8040246963500977
384, 2.0450119972229004, -2.9951868057250977, 2.648174524307251
385, 2.0450119972229004, -2.9951868057250977, 2.648174524307251
386, 1.797800064086914, -2.9951868057250977, 2.6109421253204346
387, 1.5505881309509277, -2.9951868057250977, 2.573709726333618
388, 1.3033761978149414, -2.9951868057250977, 2.5364773273468018
389, 1.056164264678955, -2.9951868057250977, 2.4992449283599854
390, 0.8089523315429688, -2.9951868057250977, 2.462012529373169
391, 0.8089523315429688, -2.9951868057250977, 2.462012529373169
392, 0.5762442350387573, -2.9951868057250977, 2.5533742904663086
393, 0.3435361385345459, -2.9951868057250977, 2.6447360515594482
394, 0.11082805693149567, -2.9951868057250977, 2.736097812652588
395, 0.11082805693149567, -2.9951868057250977, 2.736097812652588
396, -0.04502221941947937, -2.9951868057250977, 2.9315733909606934
397, -0.04502221941947937, -2.9951868057250977, 2.9315733909606934
398, -0.04502221941947937, -2.9951868057250977, 2.9315733909606934
399, -0.04502221941947937, -2.9951868057250977, 2.9315733909606934
400, -0.04502221941947937, -2.9951868057250977, 2.9315733909606934
401, -0.04502221941947937, -2.9951868057250977, 2.9315733909606934
402, -0.04502221941947937, -2.9951868057250977, 2.9315733909606934
403, 0.11082807183265686, -2.9951868057250977, 2.736097812652588
404, 0.11082807183265686, -2.9951868057250977, 2.736097812652588
405, 0.3435361385345459, -2.9951868057250977, 2.6447360515594482
406, 0.5762442350387573, -2.9951868057250977, 2.5533742904663086
407, 0.8089523315429688, -2.9951868057250977, 2.462012529373169
408, 0.8089523315429688, -2.9951868057250977, 2.462012529373169
409, 1.056164264678955, -2.9951868057250977, 2.4992451667785645
410, 1.056164264678955, -2.9951868057250977, 2.4992451667785645
411, 1.056164264678955, -2.9951868057250977, 2.4992451667785645
412, 1.3033761978149414, -2.9951868057250977, 2.53647780418396
413, 1.5505881309509277, -2.9951868057250977, 2.5737104415893555
414, 1.797800064086914, -2.9951868057250977, 2.610943078994751
415, 2.0450119972229004, -2.9951868057250977, 2.6481757164001465
416, 2.0450119972229004, -2.9951868057250977, 2.6481757164001465
417, 2.240487575531006, -2.9951868057250977, 2.804025888442993
418, 2.240487575531006, -2.9951868057250977, 2.804025888442993
419, 2.3318493366241455, -2.9951868057250977, 3.036733865737915
420, 2.3318493366241455, -2.9951868057250977, 3.036733865737915
421, 2.3318493366241455, -2.9951868057250977, 3.036733865737915
422, 2.423211097717285, -2.9951868057250977, 3.269441843032837
423, 2.514572858810425, -2.9951868057250977, 3.502149820327759
424, 2.514572858810425, -2.9951868057250977, 3.502149820327759
425, 2.514572858810425, -2.9951868057250977, 3.502149820327759
426, 2.514572858810425, -2.9951868057250977, 3.502149820327759
427, 2.4773404598236084, -2.9951868057250977, 3.749361753463745
428, 2.440108060836792, -2.9951868057250977, 3.9965736865997314
429, 2.440108060836792, -2.9951868057250977, 3.9965736865997314
430, 2.440108060836792, -2.9951868057250977, 3.9965736865997314
431, 2.440108060836792, -2.9951868057250977, 3.9965736865997314
432, 2.440108060836792, -2.9951868057250977, 3.9965736865997314
433, 2.440108060836792, -2.9951868057250977, 3.9965736865997314
434, 2.3487462997436523, -2.9951868057250977, 3.7638657093048096
435, 2.3487462997436523, -2.9951868057250977, 3.7638657093048096
436, 2.3859786987304688, -2.9951868057250977, 3.5166537761688232
437, 2.423211097717285, -2.9951868057250977, 3.269441843032837
438, 2.423211097717285, -2.9951868057250977, 3.269441843032837
439, 2.3318493366241455, -2.9951868057250977, 3.036733865737915
440, 2.240487575531006, -2.9951868057250977, 2.804025888442993
441, 2.240487575531006, -2.9951868057250977, 2.804025888442993
442, 2.0450119972229004, -2.9951868057250977, 2.6481757164001465
443, 2.0450119972229004, -2.9951868057250977, 2.6481757164001465
444, 1.797800064086914, -2.9951868057250977, 2.61094331741333
445, 1.5505881309509277, -2.9951868057250977, 2.5737109184265137
446, 1.3033761978149414, -2.9951868057250977, 2.5364785194396973
447, 1.056164264678955, -2.9951868057250977, 2.499246120452881
448, 0.8089523315429688, -2.9951868057250977, 2.4620137214660645
449, 0.8089523315429688, -2.9951868057250977, 2.4620137214660645
450, 0.5762442350387573, -2.9951868057250977, 2.553375482559204
451, 0.3435361385345459, -2.9951868057250977, 2.6447372436523438
452, 0.11082805693149567, -2.9951868057250977, 2.7360990047454834
453, 0.11082805693149567, -2.9951868057250977, 2.7360990047454834
454, -0.04502221941947937, -2.9951868057250977, 2.931574583053589
455, -0.04502221941947937, -2.9951868057250977, 2.931574583053589
456, -0.04502221941947937, -2.9951868057250977, 2.931574583053589
457, -0.04502221941947937, -2.9951868057250977, 2.931574583053589
458, -0.04502221941947937, -2.9951868057250977, 2.931574583053589
459, -0.04502221941947937, -2.9951868057250977, 2.931574583053589
460, -0.04502221941947937, -2.9951868057250977, 2.931574583053589
461, 0.11082807183265686, -2.9951868057250977, 2.7360990047454834
462, 0.11082807183265686, -2.9951868057250977, 2.7360990047454834
463, 0.3435361385345459, -2.9951868057250977, 2.6447372436523438
464, 0.5762442350387573, -2.9951868057250977, 2.553375482559204
465, 0.8089523315429688, -2.9951868057250977, 2.4620137214660645
466, 0.8089523315429688, -2.9951868057250977, 2.4620137214660645
467, 1.056164264678955, -2.9951868057250977, 2.49924635887146
468, 1.056164264678955, -2.9951868057250977, 2.49924635887146
469, 1.056164264678955, -2.9951868057250977, 2.49924635887146
470, 1.3033761978149414, -2.9951868057250977, 2.5364789962768555
471, 1.5505881309509277, -2.9951868057250977, 2.573711633682251
472, 1.797800064086914, -2.9951868057250977, 2.6109442710876465
473, 2.0450119972229004, -2.9951868057250977, 2.648176908493042
474, 2.0450119972229004, -2.9951868057250977, 2.648176908493042
475, 2.240487575531006, -2.9951868057250977, 2.8040270805358887
476, 2.240487575531006, -2.9951868057250977, 2.8040270805358887
477, 2.3318493366241455, -2.9951868057250977, 3.0367350578308105
478, 2.3318493366241455, -2.9951868057250977, 3.0367350578308105
479, 2.3318493366241455, -2.9951868057250977, 3.0367350578308105
480, 2.423211097717285, -2.9951868057250977, 3.2694430351257324
481, 2.514572858810425, -2.9951868057250977, 3.5021510124206543
482, 2.514572858810425, -2.9951868057250977, 3.5021510124206543
483, 2.514572858810425, -2.9951868057250977, 3.5021510124206543
484, 2.514572858810425, -2.9951868057250977, 3.5021510124206543
485, 2.4773404598236084, -2.9951868057250977, 3.7493629455566406
486, 2.440108060836792, -2.9951868057250977, 3.996574878692627
487, 2.440108060836792, -2.9951868057250977, 3.996574878692627
488, 2.440108060836792, -2.9951868057250977, 3.996574878692627
489, 2.440108060836792, -2.9951868057250977, 3.996574878692627
490, 2.440108060836792, -2.9951868057250977, 3.996574878692627
491, 2.440108060836792, -2.9951868057250977, 3.996574878692627
492, 2.3487462997436523, -2.9951868057250977, 3.763866901397705
493, 2.3487462997436523, -2.9951868057250977, 3.763866901397705
494, 2.3859786987304688, -2.9951868057250977, 3.5166549682617188
495, 2.423211097717285, -2.9951868057250977, 3.2694430351257324
496, 2.423211097717285, -2.9951868057250977, 3.2694430351257324
497, 2.3318493366241455, -2.9951868057250977, 3.0367350578308105
498, 2.240487575531006, -2.9951868057250977, 2.8040270805358887
499, 2.240487575531006, -2.9951868057250977, 2.8040270805358887
