1, 8.8812894821167, 2.0644748210906982, 0.668457567691803
2, 8.8812894821167, 2.0644748210906982, 0.668457567691803
3, 8.8812894821167, 2.0644748210906982, 0.668457567691803
4, 8.8812894821167, 2.0644748210906982, 0.668457567691803
5, 8.8812894821167, 2.0644748210906982, 0.668457567691803
6, 8.8812894821167, 2.0644748210906982, 0.668457567691803
7, 8.8812894821167, 2.0644748210906982, 0.668457567691803
8, 8.8812894821167, 2.0644748210906982, 0.668457567691803
9, 8.8812894821167, 2.0644748210906982, 0.668457567691803
10, 8.8812894821167, 2.0644748210906982, 0.668457567691803
11, 8.8812894821167, 2.0644748210906982, 0.668457567691803
12, 8.8812894821167, 2.0644748210906982, 0.668457567691803
13, 8.8812894821167, 2.0644748210906982, 0.668457567691803
14, 8.8812894821167, 2.0644748210906982, 0.668457567691803
15, 8.882768630981445, 2.0644748210906982, 0.41846194863319397
16, 8.884247779846191, 2.0644748210906982, 0.16846632957458496
17, 8.884247779846191, 2.0644748210906982, 0.16846632957458496
18, 8.760530471801758, 2.0644748210906982, -0.048775702714920044
19, 8.760530471801758, 2.0644748210906982, -0.048775702714920044
20, 8.760530471801758, 2.0644748210906982, -0.048775702714920044
21, 8.760530471801758, 2.0644748210906982, -0.048775702714920044
22, 8.760530471801758, 2.0644748210906982, -0.048775702714920044
23, 8.634251594543457, 2.0644748210906982, 0.16698741912841797
24, 8.507972717285156, 2.0644748210906982, 0.382750540971756
25, 8.381693840026855, 2.0644748210906982, 0.598513662815094
26, 8.255414962768555, 2.0644748210906982, 0.8142768144607544
27, 8.129136085510254, 2.0644748210906982, 1.03003990650177
28, 8.002857208251953, 2.0644748210906982, 1.2458029985427856
29, 7.876578330993652, 2.0644748210906982, 1.4615660905838013
30, 7.750299453735352, 2.0644748210906982, 1.677329182624817
31, 7.624020576477051, 2.0644748210906982, 1.8930922746658325
32, 7.49774169921875, 2.0644748210906982, 2.1088554859161377
33, 7.371462821960449, 2.0644748210906982, 2.3246185779571533
34, 7.245183944702148, 2.0644748210906982, 2.540381669998169
35, 7.118905067443848, 2.0644748210906982, 2.7561447620391846
36, 6.992626190185547, 2.0644748210906982, 2.9719078540802
37, 6.992626190185547, 2.0644748210906982, 2.9719078540802
38, 6.991147041320801, 2.0644748210906982, 3.2219035625457764
39, 6.989667892456055, 2.0644748210906982, 3.4718992710113525
40, 6.988188743591309, 2.0644748210906982, 3.7218949794769287
41, 6.9867095947265625, 2.0644748210906982, 3.971890687942505
42, 6.9867095947265625, 2.0644748210906982, 3.971890687942505
43, 6.9867095947265625, 2.0644748210906982, 3.971890687942505
44, 6.9867095947265625, 2.0644748210906982, 3.971890687942505
45, 6.9867095947265625, 2.0644748210906982, 3.971890687942505
46, 6.9867095947265625, 2.0644748210906982, 3.971890687942505
47, 6.9867095947265625, 2.0644748210906982, 3.971890687942505
48, 6.770946502685547, 2.0644748210906982, 3.845612049102783
49, 6.555183410644531, 2.0644748210906982, 3.7193334102630615
50, 6.339420318603516, 2.0644748210906982, 3.59305477142334
51, 6.1236572265625, 2.0644748210906982, 3.466776132583618
52, 5.907894134521484, 2.0644748210906982, 3.3404974937438965
53, 5.692131042480469, 2.0644748210906982, 3.214218854904175
54, 5.476367950439453, 2.0644748210906982, 3.087940216064453
55, 5.476367950439453, 2.0644748210906982, 3.087940216064453
56, 5.476367950439453, 2.0644748210906982, 3.087940216064453
57, 5.476367950439453, 2.0644748210906982, 3.087940216064453
58, 5.476367950439453, 2.0644748210906982, 3.087940216064453
59, 5.476367950439453, 2.0644748210906982, 3.087940216064453
60, 5.6000847816467285, 2.0644748210906982, 3.3051822185516357
61, 5.6000847816467285, 2.0644748210906982, 3.3051822185516357
62, 5.815847873687744, 2.0644748210906982, 3.4314608573913574
63, 6.03161096572876, 2.0644748210906982, 3.557739496231079
64, 6.247374057769775, 2.0644748210906982, 3.684018135070801
65, 6.463137149810791, 2.0644748210906982, 3.8102967739105225
66, 6.678900241851807, 2.0644748210906982, 3.936575412750244
67, 6.678900241851807, 2.0644748210906982, 3.936575412750244
68, 6.678900241851807, 2.0644748210906982, 3.936575412750244
69, 6.678900241851807, 2.0644748210906982, 3.936575412750244
70, 6.678900241851807, 2.0644748210906982, 3.936575412750244
71, 6.678900241851807, 2.0644748210906982, 3.936575412750244
72, 6.4289045333862305, 2.0644748210906982, 3.935096502304077
73, 6.4289045333862305, 2.0644748210906982, 3.935096502304077
74, 6.213141441345215, 2.0644748210906982, 3.8088178634643555
75, 5.997378349304199, 2.0644748210906982, 3.682539224624634
76, 5.781615257263184, 2.0644748210906982, 3.556260585784912
77, 5.565852165222168, 2.0644748210906982, 3.4299819469451904
78, 5.350089073181152, 2.0644748210906982, 3.3037033081054688
79, 5.134325981140137, 2.0644748210906982, 3.177424669265747
80, 5.134325981140137, 2.0644748210906982, 3.177424669265747
81, 4.8843302726745605, 2.0644748210906982, 3.17594575881958
82, 4.634334564208984, 2.0644748210906982, 3.174466848373413
83, 4.384338855743408, 2.0644748210906982, 3.172987937927246
84, 4.134343147277832, 2.0644748210906982, 3.171509027481079
85, 3.884347438812256, 2.0644748210906982, 3.170030117034912
86, 3.884347438812256, 2.0644748210906982, 3.170030117034912
87, 3.6671054363250732, 2.0644748210906982, 3.2937471866607666
88, 3.6671054363250732, 2.0644748210906982, 3.2937471866607666
89, 3.5408267974853516, 2.0644748210906982, 3.5095102787017822
90, 3.5408267974853516, 2.0644748210906982, 3.5095102787017822
91, 3.5408267974853516, 2.0644748210906982, 3.5095102787017822
92, 3.5408267974853516, 2.0644748210906982, 3.5095102787017822
93, 3.5408267974853516, 2.0644748210906982, 3.5095102787017822
94, 3.5408267974853516, 2.0644748210906982, 3.5095102787017822
95, 3.758068799972534, 2.0644748210906982, 3.3857932090759277
96, 3.975310802459717, 2.0644748210906982, 3.2620761394500732
97, 4.1925530433654785, 2.0644748210906982, 3.1383590698242188
98, 4.1925530433654785, 2.0644748210906982, 3.1383590698242188
99, 4.442548751831055, 2.0644748210906982, 3.1398379802703857
100, 4.692544460296631, 2.0644748210906982, 3.1413168907165527
101, 4.692544460296631, 2.0644748210906982, 3.1413168907165527
102, 4.909786701202393, 2.0644748210906982, 3.0175998210906982
103, 5.127028942108154, 2.0644748210906982, 2.8938827514648438
104, 5.127028942108154, 2.0644748210906982, 2.8938827514648438
105, 5.127028942108154, 2.0644748210906982, 2.8938827514648438
106, 5.127028942108154, 2.0644748210906982, 2.8938827514648438
107, 5.3770246505737305, 2.0644748210906982, 2.8953616619110107
108, 5.3770246505737305, 2.0644748210906982, 2.8953616619110107
109, 5.592787742614746, 2.0644748210906982, 3.0216403007507324
110, 5.808550834655762, 2.0644748210906982, 3.147918939590454
111, 6.024313926696777, 2.0644748210906982, 3.274197578430176
112, 6.240077018737793, 2.0644748210906982, 3.4004762172698975
113, 6.455840110778809, 2.0644748210906982, 3.526754856109619
114, 6.455840110778809, 2.0644748210906982, 3.526754856109619
115, 6.455840110778809, 2.0644748210906982, 3.526754856109619
116, 6.455840110778809, 2.0644748210906982, 3.526754856109619
117, 6.455840110778809, 2.0644748210906982, 3.526754856109619
118, 6.455840110778809, 2.0644748210906982, 3.526754856109619
119, 6.455840110778809, 2.0644748210906982, 3.526754856109619
120, 6.240077018737793, 2.0644748210906982, 3.4004762172698975
121, 6.024313926696777, 2.0644748210906982, 3.274197578430176
122, 5.808550834655762, 2.0644748210906982, 3.147918939590454
123, 5.808550834655762, 2.0644748210906982, 3.147918939590454
124, 5.5585551261901855, 2.0644748210906982, 3.146440029144287
125, 5.308559417724609, 2.0644748210906982, 3.14496111869812
126, 5.058563709259033, 2.0644748210906982, 3.143482208251953
127, 4.808568000793457, 2.0644748210906982, 3.142003297805786
128, 4.558572292327881, 2.0644748210906982, 3.140524387359619
129, 4.308576583862305, 2.0644748210906982, 3.139045476913452
130, 4.0585808753967285, 2.0644748210906982, 3.137566566467285
131, 3.8085851669311523, 2.0644748210906982, 3.136087656021118
132, 3.558589458465576, 2.0644748210906982, 3.134608745574951
133, 3.30859375, 2.0644748210906982, 3.133129835128784
134, 3.058598041534424, 2.0644748210906982, 3.131650924682617
135, 2.8086023330688477, 2.0644748210906982, 3.13017201423645
136, 2.8086023330688477, 2.0644748210906982, 3.13017201423645
137, 2.592839241027832, 2.0644748210906982, 3.0038933753967285
138, 2.592839241027832, 2.0644748210906982, 3.0038933753967285
139, 2.592839241027832, 2.0644748210906982, 3.0038933753967285
140, 2.592839241027832, 2.0644748210906982, 3.0038933753967285
141, 2.592839241027832, 2.0644748210906982, 3.0038933753967285
142, 2.3755972385406494, 2.0644748210906982, 3.127610445022583
143, 2.3755972385406494, 2.0644748210906982, 3.127610445022583
144, 2.2493185997009277, 2.0644748210906982, 3.3433735370635986
145, 2.123039960861206, 2.0644748210906982, 3.5591366291046143
146, 1.9967613220214844, 2.0644748210906982, 3.77489972114563
147, 1.9967613220214844, 2.0644748210906982, 3.77489972114563
148, 1.7795193195343018, 2.0644748210906982, 3.8986167907714844
149, 1.7795193195343018, 2.0644748210906982, 3.8986167907714844
150, 1.7795193195343018, 2.0644748210906982, 3.8986167907714844
151, 1.7795193195343018, 2.0644748210906982, 3.8986167907714844
152, 1.7795193195343018, 2.0644748210906982, 3.8986167907714844
153, 1.7795193195343018, 2.0644748210906982, 3.8986167907714844
154, 1.7795193195343018, 2.0644748210906982, 3.8986167907714844
155, 1.7795193195343018, 2.0644748210906982, 3.8986167907714844
156, 1.7795193195343018, 2.0644748210906982, 3.8986167907714844
157, 1.9967613220214844, 2.0644748210906982, 3.77489972114563
158, 1.9967613220214844, 2.0644748210906982, 3.77489972114563
159, 2.123039960861206, 2.0644748210906982, 3.5591366291046143
160, 2.2493185997009277, 2.0644748210906982, 3.3433735370635986
161, 2.2493185997009277, 2.0644748210906982, 3.3433735370635986
162, 2.4665606021881104, 2.0644748210906982, 3.219656467437744
163, 2.4665606021881104, 2.0644748210906982, 3.219656467437744
164, 2.7165563106536865, 2.0644748210906982, 3.221135377883911
165, 2.9665520191192627, 2.0644748210906982, 3.222614288330078
166, 3.216547727584839, 2.0644748210906982, 3.224093198776245
167, 3.466543436050415, 2.0644748210906982, 3.225572109222412
168, 3.716539144515991, 2.0644748210906982, 3.227051019668579
169, 3.9665348529815674, 2.0644748210906982, 3.228529930114746
170, 4.2165303230285645, 2.0644748210906982, 3.230008840560913
171, 4.466526031494141, 2.0644748210906982, 3.23148775100708
172, 4.716521739959717, 2.0644748210906982, 3.232966661453247
173, 4.966517448425293, 2.0644748210906982, 3.234445571899414
174, 5.216513156890869, 2.0644748210906982, 3.235924482345581
175, 5.466508865356445, 2.0644748210906982, 3.237403392791748
176, 5.466508865356445, 2.0644748210906982, 3.237403392791748
177, 5.682271957397461, 2.0644748210906982, 3.3636820316314697
178, 5.898035049438477, 2.0644748210906982, 3.4899606704711914
179, 6.113798141479492, 2.0644748210906982, 3.616239309310913
180, 6.329561233520508, 2.0644748210906982, 3.7425179481506348
181, 6.545324325561523, 2.0644748210906982, 3.8687965869903564
182, 6.761087417602539, 2.0644748210906982, 3.995075225830078
183, 6.976850509643555, 2.0644748210906982, 4.121353626251221
184, 6.976850509643555, 2.0644748210906982, 4.121353626251221
185, 7.10056734085083, 2.0644748210906982, 4.338595867156982
186, 7.2242841720581055, 2.0644748210906982, 4.555838108062744
187, 7.2242841720581055, 2.0644748210906982, 4.555838108062744
188, 7.440047264099121, 2.0644748210906982, 4.682116508483887
189, 7.655810356140137, 2.0644748210906982, 4.8083953857421875
190, 7.655810356140137, 2.0644748210906982, 4.8083953857421875
191, 7.655810356140137, 2.0644748210906982, 4.8083953857421875
192, 7.655810356140137, 2.0644748210906982, 4.8083953857421875
193, 7.655810356140137, 2.0644748210906982, 4.8083953857421875
194, 7.655810356140137, 2.0644748210906982, 4.8083953857421875
195, 7.655810356140137, 2.0644748210906982, 4.8083953857421875
196, 7.440047264099121, 2.0644748210906982, 4.682116985321045
197, 7.2242841720581055, 2.0644748210906982, 4.555838584899902
198, 7.00852108001709, 2.0644748210906982, 4.42956018447876
199, 6.792757987976074, 2.0644748210906982, 4.303281784057617
200, 6.792757987976074, 2.0644748210906982, 4.303281784057617
201, 6.669041156768799, 2.0644748210906982, 4.0860395431518555
202, 6.669041156768799, 2.0644748210906982, 4.0860395431518555
203, 6.453278064727783, 2.0644748210906982, 3.959760904312134
204, 6.237514972686768, 2.0644748210906982, 3.833482265472412
205, 6.021751880645752, 2.0644748210906982, 3.7072036266326904
206, 5.805988788604736, 2.0644748210906982, 3.5809249877929688
207, 5.590225696563721, 2.0644748210906982, 3.454646348953247
208, 5.374462604522705, 2.0644748210906982, 3.3283677101135254
209, 5.1586995124816895, 2.0644748210906982, 3.2020890712738037
210, 4.942936420440674, 2.0644748210906982, 3.075810432434082
211, 4.942936420440674, 2.0644748210906982, 3.075810432434082
212, 4.692940711975098, 2.0644748210906982, 3.074331521987915
213, 4.4429450035095215, 2.0644748210906982, 3.072852611541748
214, 4.192949295043945, 2.0644748210906982, 3.071373701095581
215, 3.942953586578369, 2.0644748210906982, 3.069894790649414
216, 3.692957878112793, 2.0644748210906982, 3.068415880203247
217, 3.442962169647217, 2.0644748210906982, 3.06693696975708
218, 3.1929664611816406, 2.0644748210906982, 3.065458059310913
219, 2.9429707527160645, 2.0644748210906982, 3.063979148864746
220, 2.6929750442504883, 2.0644748210906982, 3.062500238418579
221, 2.6929750442504883, 2.0644748210906982, 3.062500238418579
222, 2.4772119522094727, 2.0644748210906982, 2.9362215995788574
223, 2.4772119522094727, 2.0644748210906982, 2.9362215995788574
224, 2.353494882583618, 2.0644748210906982, 2.718979597091675
225, 2.2297778129577637, 2.0644748210906982, 2.501737594604492
226, 2.106060743331909, 2.0644748210906982, 2.2844955921173096
227, 1.9823436737060547, 2.0644748210906982, 2.067253589630127
228, 1.9823436737060547, 2.0644748210906982, 2.067253589630127
229, 1.9823436737060547, 2.0644748210906982, 2.067253589630127
230, 1.9823436737060547, 2.0644748210906982, 2.067253589630127
231, 1.9823436737060547, 2.0644748210906982, 2.067253589630127
232, 1.9823436737060547, 2.0644748210906982, 2.067253589630127
233, 1.9823436737060547, 2.0644748210906982, 2.067253589630127
234, 1.9823436737060547, 2.0644748210906982, 2.067253589630127
235, 1.9823436737060547, 2.0644748210906982, 2.067253589630127
236, 1.9823436737060547, 2.0644748210906982, 2.067253589630127
237, 1.9823436737060547, 2.0644748210906982, 2.067253589630127
238, 2.106060743331909, 2.0644748210906982, 2.2844955921173096
239, 2.2297778129577637, 2.0644748210906982, 2.501737594604492
240, 2.353494882583618, 2.0644748210906982, 2.718979597091675
241, 2.4772119522094727, 2.0644748210906982, 2.9362215995788574
242, 2.4772119522094727, 2.0644748210906982, 2.9362215995788574
243, 2.6929750442504883, 2.0644748210906982, 3.062500238418579
244, 2.6929750442504883, 2.0644748210906982, 3.062500238418579
245, 2.9429707527160645, 2.0644748210906982, 3.063979148864746
246, 3.1929664611816406, 2.0644748210906982, 3.065458059310913
247, 3.442962169647217, 2.0644748210906982, 3.06693696975708
248, 3.692957878112793, 2.0644748210906982, 3.068415880203247
249, 3.942953586578369, 2.0644748210906982, 3.069894790649414
250, 4.192949295043945, 2.0644748210906982, 3.071373701095581
251, 4.4429450035095215, 2.0644748210906982, 3.072852611541748
252, 4.692940711975098, 2.0644748210906982, 3.074331521987915
253, 4.692940711975098, 2.0644748210906982, 3.074331521987915
254, 4.910182952880859, 2.0644748210906982, 2.9506144523620605
255, 5.127425193786621, 2.0644748210906982, 2.826897382736206
256, 5.127425193786621, 2.0644748210906982, 2.826897382736206
257, 5.127425193786621, 2.0644748210906982, 2.826897382736206
258, 5.127425193786621, 2.0644748210906982, 2.826897382736206
259, 5.127425193786621, 2.0644748210906982, 2.826897382736206
260, 5.127425193786621, 2.0644748210906982, 2.826897382736206
261, 5.377420902252197, 2.0644748210906982, 2.828376293182373
262, 5.377420902252197, 2.0644748210906982, 2.828376293182373
263, 5.593183994293213, 2.0644748210906982, 2.9546549320220947
264, 5.8089470863342285, 2.0644748210906982, 3.0809335708618164
265, 5.8089470863342285, 2.0644748210906982, 3.0809335708618164
266, 6.058942794799805, 2.0644748210906982, 3.0824124813079834
267, 6.308938503265381, 2.0644748210906982, 3.0838913917541504
268, 6.308938503265381, 2.0644748210906982, 3.0838913917541504
269, 6.526180744171143, 2.0644748210906982, 2.960174322128296
270, 6.743422985076904, 2.0644748210906982, 2.8364572525024414
271, 6.960665225982666, 2.0644748210906982, 2.712740182876587
272, 7.177907466888428, 2.0644748210906982, 2.5890231132507324
273, 7.3951497077941895, 2.0644748210906982, 2.465306043624878
274, 7.3951497077941895, 2.0644748210906982, 2.465306043624878
275, 7.3951497077941895, 2.0644748210906982, 2.465306043624878
276, 7.3951497077941895, 2.0644748210906982, 2.465306043624878
277, 7.3951497077941895, 2.0644748210906982, 2.465306043624878
278, 7.3951497077941895, 2.0644748210906982, 2.465306043624878
279, 7.145153999328613, 2.0644748210906982, 2.463827133178711
280, 7.145153999328613, 2.0644748210906982, 2.463827133178711
281, 6.927911758422852, 2.0644748210906982, 2.5875442028045654
282, 6.71066951751709, 2.0644748210906982, 2.71126127243042
283, 6.493427276611328, 2.0644748210906982, 2.8349783420562744
284, 6.276185035705566, 2.0644748210906982, 2.958695411682129
285, 6.276185035705566, 2.0644748210906982, 2.958695411682129
286, 6.02618932723999, 2.0644748210906982, 2.957216501235962
287, 5.776193618774414, 2.0644748210906982, 2.955737590789795
288, 5.776193618774414, 2.0644748210906982, 2.955737590789795
289, 5.560430526733398, 2.0644748210906982, 2.8294589519500732
290, 5.344667434692383, 2.0644748210906982, 2.7031803131103516
291, 5.344667434692383, 2.0644748210906982, 2.7031803131103516
292, 5.344667434692383, 2.0644748210906982, 2.7031803131103516
293, 5.346146583557129, 1.9370830059051514, 2.4531846046447754
294, 5.346146583557129, 1.9370830059051514, 2.4531846046447754
295, 5.346146583557129, 1.9370830059051514, 2.4531846046447754
296, 5.346146583557129, 1.9370830059051514, 2.4531846046447754
297, 5.346146583557129, 1.9370830059051514, 2.4531846046447754
298, 5.346146583557129, 1.9370830059051514, 2.4531846046447754
299, 5.219867706298828, 2.0459444522857666, 2.668947696685791
300, 5.093588829040527, 2.0644748210906982, 2.8847107887268066
301, 5.093588829040527, 2.0644748210906982, 2.8847107887268066
302, 4.876346588134766, 2.0644748210906982, 3.008427858352661
303, 4.876346588134766, 2.0644748210906982, 3.008427858352661
304, 4.6263508796691895, 2.0644748210906982, 3.006948947906494
305, 4.376355171203613, 2.0644748210906982, 3.005470037460327
306, 4.126359462738037, 2.0644748210906982, 3.00399112701416
307, 3.876363754272461, 2.0644748210906982, 3.002512216567993
308, 3.6263680458068848, 2.0644748210906982, 3.001033306121826
309, 3.3763723373413086, 2.0644748210906982, 2.999554395675659
310, 3.1263766288757324, 2.0644748210906982, 2.998075485229492
311, 2.8763809204101562, 2.0644748210906982, 2.996596574783325
312, 2.62638521194458, 2.0644748210906982, 2.995117664337158
313, 2.62638521194458, 2.0644748210906982, 2.995117664337158
314, 2.4106221199035645, 2.0644748210906982, 2.8688390254974365
315, 2.4106221199035645, 2.0644748210906982, 2.8688390254974365
316, 2.28690505027771, 2.0644748210906982, 2.651597023010254
317, 2.28690505027771, 2.0644748210906982, 2.651597023010254
318, 2.28690505027771, 2.0644748210906982, 2.651597023010254
319, 2.28690505027771, 2.0644748210906982, 2.651597023010254
320, 2.28690505027771, 2.0644748210906982, 2.651597023010254
321, 2.28690505027771, 2.0644748210906982, 2.651597023010254
322, 2.28690505027771, 2.0644748210906982, 2.651597023010254
323, 2.4106221199035645, 2.0644748210906982, 2.8688390254974365
324, 2.4106221199035645, 2.0644748210906982, 2.8688390254974365
325, 2.62638521194458, 2.0644748210906982, 2.995117664337158
326, 2.62638521194458, 2.0644748210906982, 2.995117664337158
327, 2.8763809204101562, 2.0644748210906982, 2.996596574783325
328, 3.1263766288757324, 2.0644748210906982, 2.998075485229492
329, 3.3763723373413086, 2.0644748210906982, 2.999554395675659
330, 3.6263680458068848, 2.0644748210906982, 3.001033306121826
331, 3.876363754272461, 2.0644748210906982, 3.002512216567993
332, 4.126359462738037, 2.0644748210906982, 3.00399112701416
333, 4.376355171203613, 2.0644748210906982, 3.005470037460327
334, 4.6263508796691895, 2.0644748210906982, 3.006948947906494
335, 4.876346588134766, 2.0644748210906982, 3.008427858352661
336, 4.876346588134766, 2.0644748210906982, 3.008427858352661
337, 5.093588829040527, 2.0644748210906982, 2.8847107887268066
338, 5.310831069946289, 2.0644748210906982, 2.760993719100952
339, 5.310831069946289, 2.0644748210906982, 2.760993719100952
340, 5.310831069946289, 2.0644748210906982, 2.760993719100952
341, 5.310831069946289, 2.0644748210906982, 2.760993719100952
342, 5.310831069946289, 2.0644748210906982, 2.760993719100952
343, 5.310831069946289, 2.0644748210906982, 2.760993719100952
344, 5.310831069946289, 2.0644748210906982, 2.760993719100952
345, 5.526594161987305, 2.0644748210906982, 2.887272357940674
346, 5.74235725402832, 2.0644748210906982, 3.0135509967803955
347, 5.74235725402832, 2.0644748210906982, 3.0135509967803955
348, 5.9923529624938965, 2.0644748210906982, 3.0150299072265625
349, 6.242348670959473, 2.0644748210906982, 3.0165088176727295
350, 6.242348670959473, 2.0644748210906982, 3.0165088176727295
351, 6.459590911865234, 2.0644748210906982, 2.892791748046875
352, 6.459590911865234, 2.0644748210906982, 2.892791748046875
353, 6.459590911865234, 2.0644748210906982, 2.892791748046875
354, 6.459590911865234, 2.0644748210906982, 2.892791748046875
355, 6.585869312286377, 2.0644748210906982, 2.6770286560058594
356, 6.585869312286377, 2.0644748210906982, 2.6770286560058594
357, 6.803111553192139, 2.0644748210906982, 2.553311586380005
358, 7.0203537940979, 2.0644748210906982, 2.4295945167541504
359, 7.237596035003662, 2.0644748210906982, 2.305877447128296
360, 7.454838275909424, 2.0644748210906982, 2.1821603775024414
361, 7.454838275909424, 2.0644748210906982, 2.1821603775024414
362, 7.581116676330566, 2.0644748210906982, 1.9663972854614258
363, 7.707395553588867, 2.0644748210906982, 1.7506341934204102
364, 7.707395553588867, 2.0644748210906982, 1.7506341934204102
365, 7.707395553588867, 2.0644748210906982, 1.7506341934204102
366, 7.707395553588867, 2.0644748210906982, 1.7506341934204102
367, 7.707395553588867, 2.0644748210906982, 1.7506341934204102
368, 7.707395553588867, 2.0644748210906982, 1.7506341934204102
369, 7.707395553588867, 2.0644748210906982, 1.7506341934204102
370, 7.581116676330566, 2.0644748210906982, 1.9663972854614258
371, 7.454837799072266, 2.0644748210906982, 2.1821603775024414
372, 7.454837799072266, 2.0644748210906982, 2.1821603775024414
373, 7.237595558166504, 2.0644748210906982, 2.305877447128296
374, 7.020353317260742, 2.0644748210906982, 2.4295945167541504
375, 6.8031110763549805, 2.0644748210906982, 2.553311586380005
376, 6.585868835449219, 2.0644748210906982, 2.6770286560058594
377, 6.368626594543457, 2.0644748210906982, 2.800745725631714
378, 6.151384353637695, 2.0644748210906982, 2.9244627952575684
379, 5.934142112731934, 2.0644748210906982, 3.048179864883423
380, 5.934142112731934, 2.0644748210906982, 3.048179864883423
381, 5.934142112731934, 2.0644748210906982, 3.048179864883423
382, 5.934142112731934, 2.0644748210906982, 3.048179864883423
383, 5.934142112731934, 2.0644748210906982, 3.048179864883423
384, 5.718379020690918, 2.0644748210906982, 2.921901226043701
385, 5.502615928649902, 2.0644748210906982, 2.7956225872039795
386, 5.502615928649902, 2.0644748210906982, 2.7956225872039795
387, 5.502615928649902, 2.0644748210906982, 2.7956225872039795
388, 5.504095077514648, 2.00795841217041, 2.5456268787384033
389, 5.5055742263793945, 1.8635584115982056, 2.295631170272827
390, 5.507053375244141, 1.716589093208313, 2.045635461807251
391, 5.508532524108887, 1.56961989402771, 1.7956398725509644
392, 5.510011672973633, 1.4226508140563965, 1.5456442832946777
393, 5.511490821838379, 1.2756816148757935, 1.2956486940383911
394, 5.511490821838379, 1.2756816148757935, 1.2956486940383911
395, 5.3877739906311035, 1.1406147480010986, 1.0784066915512085
396, 5.3877739906311035, 1.1406147480010986, 1.0784066915512085
397, 5.3877739906311035, 1.1406147480010986, 1.0784066915512085
398, 5.3877739906311035, 1.1406147480010986, 1.0784066915512085
399, 5.3877739906311035, 1.1406147480010986, 1.0784066915512085
400, 5.3877739906311035, 1.1406147480010986, 1.0784066915512085
401, 5.3877739906311035, 1.1406147480010986, 1.0784066915512085
402, 5.264057159423828, 0.9965590238571167, 0.8611646890640259
403, 5.140340328216553, 0.8314125537872314, 0.6439226865768433
404, 5.140340328216553, 0.8314125537872314, 0.6439226865768433
405, 5.0185017585754395, 0.756946325302124, 0.5726146697998047
406, 5.018501281738281, 0.7569459676742554, 0.572614312171936
407, 5.018501281738281, 0.7569459676742554, 0.572614312171936
408, 4.894784450531006, 0.6644748449325562, 0.35537227988243103
409, 4.894784450531006, 0.6644748449325562, 0.35537227988243103
410, 4.894784450531006, 0.6644748449325562, 0.35537227988243103
411, 4.894784450531006, 0.6644748449325562, 0.35537227988243103
412, 7.914793968200684, 2.0644748210906982, 1.317686676979065
