1, 12.224684715270996, 0.09943583607673645, 0.45923423767089844
2, 12.224684715270996, 0.09943583607673645, 0.45923423767089844
3, 12.224684715270996, 0.09943583607673645, 0.45923423767089844
4, 12.224684715270996, 0.09943583607673645, 0.45923423767089844
5, 12.224684715270996, 0.09943583607673645, 0.45923423767089844
6, 12.224684715270996, 0.09943583607673645, 0.45923423767089844
7, 12.224684715270996, 0.09943583607673645, 0.45923423767089844
8, 12.224684715270996, 0.09943583607673645, 0.45923423767089844
9, 12.224684715270996, 0.09943583607673645, 0.45923423767089844
10, 12.224684715270996, 0.09943583607673645, 0.45923423767089844
11, 12.224684715270996, 0.09943583607673645, 0.45923423767089844
12, 12.224684715270996, 0.09943583607673645, 0.45923423767089844
13, 12.224684715270996, 0.09943583607673645, 0.45923423767089844
14, 12.224684715270996, 0.09943583607673645, 0.45923423767089844
15, 12.224684715270996, 0.09943583607673645, 0.45923423767089844
16, 12.224684715270996, 0.09943583607673645, 0.45923423767089844
17, 12.224684715270996, 0.09943583607673645, 0.45923423767089844
18, 12.433950424194336, 0.09943583607673645, 0.322456955909729
19, 12.643216133117676, 0.09943583607673645, 0.18567968904972076
20, 12.852481842041016, 0.09943583607673645, 0.048902422189712524
21, 13.061747550964355, 0.09943583607673645, -0.08787484467029572
22, 13.061747550964355, 0.09943583607673645, -0.08787484467029572
23, 13.311365127563477, 0.09943583607673645, -0.1016947478055954
24, 13.560982704162598, 0.09943583607673645, -0.11551465094089508
25, 13.810600280761719, 0.09943583607673645, -0.12933455407619476
26, 14.06021785736084, 0.09943583607673645, -0.14315445721149445
27, 14.309835433959961, 0.09943583607673645, -0.15697436034679413
28, 14.309835433959961, 0.09943583607673645, -0.15697436034679413
29, 14.361536026000977, 0.09943583607673645, -0.1907658576965332
30, 14.361536026000977, 0.09943583607673645, -0.1907658576965332
31, 14.361536026000977, 0.09943583607673645, -0.1907658576965332
32, 14.361536026000977, 0.09943583607673645, -0.1907658576965332
33, 14.361536026000977, 0.09943583607673645, -0.1907658576965332
34, 14.58462142944336, 0.09943583607673645, -0.07792538404464722
35, 14.58462142944336, 0.09943583607673645, -0.07792538404464722
36, 14.58462142944336, 0.09943583607673645, -0.07792538404464722
37, 14.58462142944336, 0.09943583607673645, -0.07792538404464722
38, 14.58462142944336, 0.09943583607673645, -0.07792538404464722
39, 14.58462142944336, 0.09943583607673645, -0.07792538404464722
40, 14.58462142944336, 0.09943583607673645, -0.07792538404464722
41, 14.58462142944336, 0.09943583607673645, -0.07792538404464722
42, 14.58462142944336, 0.09943583607673645, -0.07792538404464722
43, 14.58462142944336, 0.09943583607673645, -0.07792538404464722
44, 14.83423900604248, 0.09943583607673645, -0.0917452871799469
45, 14.83423900604248, 0.09943583607673645, -0.0917452871799469
46, 15.057324409484863, 0.09943583607673645, 0.021095186471939087
47, 15.280409812927246, 0.09943583607673645, 0.13393566012382507
48, 15.503495216369629, 0.09943583607673645, 0.24677613377571106
49, 15.726580619812012, 0.09943583607673645, 0.35961660742759705
50, 15.726580619812012, 0.09943583607673645, 0.35961660742759705
51, 15.976198196411133, 0.09943583607673645, 0.34579670429229736
52, 16.22581672668457, 0.09943583607673645, 0.3319768011569977
53, 16.475435256958008, 0.09943583607673645, 0.318156898021698
54, 16.475435256958008, 0.09943583607673645, 0.318156898021698
55, 16.68470001220703, 0.09943583607673645, 0.18137963116168976
56, 16.893964767456055, 0.09943583607673645, 0.04460236430168152
57, 17.103229522705078, 0.09943583607673645, -0.09217490255832672
58, 17.3124942779541, 0.09943583607673645, -0.22895216941833496
59, 17.521759033203125, 0.09943583607673645, -0.3657294511795044
60, 17.521759033203125, 0.09943583607673645, -0.3657294511795044
61, 17.521759033203125, 0.09943583607673645, -0.3657294511795044
62, 17.521759033203125, 0.09943583607673645, -0.3657294511795044
63, 17.634599685668945, 0.09943583607673645, -0.5888147354125977
64, 17.634599685668945, 0.09943583607673645, -0.5888147354125977
65, 17.620779037475586, 0.09943583607673645, -0.8384324312210083
66, 17.620779037475586, 0.09943583607673645, -0.8384324312210083
67, 17.620779037475586, 0.09943583607673645, -0.8384324312210083
68, 17.620779037475586, 0.09943583607673645, -0.8384324312210083
69, 17.620779037475586, 0.09943583607673645, -0.8384324312210083
70, 17.620779037475586, 0.09943583607673645, -0.8384324312210083
71, 17.620779037475586, 0.09943583607673645, -0.8384324312210083
72, 17.620779037475586, 0.09943583607673645, -0.8384324312210083
73, 17.620779037475586, 0.09943583607673645, -0.8384324312210083
74, 17.634599685668945, 0.09943583607673645, -0.5888146758079529
75, 17.634599685668945, 0.09943583607673645, -0.5888146758079529
76, 17.771377563476562, 0.09943583607673645, -0.3795493245124817
77, 17.771377563476562, 0.09943583607673645, -0.3795493245124817
78, 17.771377563476562, 0.09943583607673645, -0.3795493245124817
79, 18.02099609375, 0.09943583607673645, -0.39336925745010376
80, 18.02099609375, 0.09943583607673645, -0.39336925745010376
81, 18.02099609375, 0.09943583607673645, -0.39336925745010376
82, 18.02099609375, 0.09943583607673645, -0.39336925745010376
83, 18.02099609375, 0.09943583607673645, -0.39336925745010376
84, 18.02099609375, 0.09943583607673645, -0.39336925745010376
85, 18.02099609375, 0.09943583607673645, -0.39336925745010376
86, 18.02099609375, 0.09943583607673645, -0.39336925745010376
87, 18.02099609375, 0.09943583607673645, -0.39336925745010376
88, 18.02099609375, 0.09943583607673645, -0.39336925745010376
89, 18.02099609375, 0.09943583607673645, -0.39336925745010376
90, 18.02099609375, 0.09943583607673645, -0.39336925745010376
91, 18.244081497192383, 0.09943583607673645, -0.28052881360054016
92, 18.244081497192383, 0.09943583607673645, -0.28052881360054016
93, 18.49370002746582, 0.09943583607673645, -0.2943487763404846
94, 18.743318557739258, 0.09943583607673645, -0.3081687092781067
95, 18.992937088012695, 0.09943583607673645, -0.32198864221572876
96, 19.242555618286133, 0.09943583607673645, -0.33580857515335083
97, 19.49217414855957, 0.09943583607673645, -0.3496285080909729
98, 19.741792678833008, 0.09943583607673645, -0.36344844102859497
99, 19.991411209106445, 0.09943583607673645, -0.37726837396621704
100, 20.241029739379883, 0.09943583607673645, -0.3910883069038391
101, 20.49064826965332, 0.09943583607673645, -0.4049082398414612
102, 20.740266799926758, 0.09943583607673645, -0.41872817277908325
103, 20.740266799926758, 0.09943583607673645, -0.41872817277908325
104, 20.740266799926758, 0.09943583607673645, -0.41872817277908325
105, 20.740266799926758, 0.09943583607673645, -0.41872817277908325
106, 20.740266799926758, 0.09943583607673645, -0.41872817277908325
107, 20.740266799926758, 0.09943583607673645, -0.41872817277908325
108, 20.517181396484375, 0.09943583607673645, -0.5315685868263245
109, 20.517181396484375, 0.09943583607673645, -0.5315685868263245
110, 20.267562866210938, 0.09943583607673645, -0.5177486538887024
111, 20.0179443359375, 0.09943583607673645, -0.5039287209510803
112, 19.768325805664062, 0.09943583607673645, -0.49010878801345825
113, 19.518707275390625, 0.09943583607673645, -0.4762888550758362
114, 19.269088745117188, 0.09943583607673645, -0.4624689221382141
115, 19.01947021484375, 0.09943583607673645, -0.44864898920059204
116, 18.769851684570312, 0.09943583607673645, -0.43482905626296997
117, 18.520233154296875, 0.09943583607673645, -0.4210091233253479
118, 18.270614624023438, 0.09943583607673645, -0.40718919038772583
119, 18.02099609375, 0.09943583607673645, -0.39336925745010376
120, 17.771377563476562, 0.09943583607673645, -0.3795493245124817
121, 17.521759033203125, 0.09943583607673645, -0.3657293915748596
122, 17.521759033203125, 0.09943583607673645, -0.3657293915748596
123, 17.3124942779541, 0.09943583607673645, -0.22895210981369019
124, 17.103229522705078, 0.09943583607673645, -0.09217482805252075
125, 16.893964767456055, 0.09943583607673645, 0.04460245370864868
126, 16.893964767456055, 0.09943583607673645, 0.04460245370864868
127, 16.644346237182617, 0.09943583607673645, 0.05842238664627075
128, 16.39472770690918, 0.09943583607673645, 0.07224231958389282
129, 16.145109176635742, 0.09943583607673645, 0.08606225252151489
130, 15.895491600036621, 0.09943583607673645, 0.09988218545913696
131, 15.6458740234375, 0.09943583607673645, 0.11370211839675903
132, 15.396256446838379, 0.09943583607673645, 0.1275220513343811
133, 15.146638870239258, 0.09943583607673645, 0.14134198427200317
134, 14.897021293640137, 0.09943583607673645, 0.15516191720962524
135, 14.647403717041016, 0.09943583607673645, 0.16898185014724731
136, 14.647403717041016, 0.09943583607673645, 0.16898185014724731
137, 14.424318313598633, 0.09943583607673645, 0.05614142119884491
138, 14.20123291015625, 0.09943583607673645, -0.056699007749557495
139, 13.978147506713867, 0.09943583607673645, -0.1695394366979599
140, 13.755062103271484, 0.09943583607673645, -0.2823798656463623
141, 13.531976699829102, 0.09943583607673645, -0.3952202796936035
142, 13.308891296386719, 0.09943583607673645, -0.5080606937408447
143, 13.085805892944336, 0.09943583607673645, -0.6209011077880859
144, 12.862720489501953, 0.09943583607673645, -0.7337415218353271
145, 12.63963508605957, 0.09943583607673645, -0.8465819358825684
146, 12.416549682617188, 0.09943583607673645, -0.9594223499298096
147, 12.416549682617188, 0.09943583607673645, -0.9594223499298096
148, 12.279772758483887, 0.09943583607673645, -1.1686877012252808
149, 12.142995834350586, 0.09943583607673645, -1.377953052520752
150, 12.142995834350586, 0.09943583607673645, -1.377953052520752
151, 11.919910430908203, 0.09943583607673645, -1.4907934665679932
152, 11.69682502746582, 0.09943583607673645, -1.6036338806152344
153, 11.473739624023438, 0.09943583607673645, -1.7164742946624756
154, 11.250654220581055, 0.09943583607673645, -1.8293147087097168
155, 11.250654220581055, 0.09943583607673645, -1.8293147087097168
156, 11.001036643981934, 0.09943583607673645, -1.8154947757720947
157, 10.751419067382812, 0.09943583607673645, -1.8016748428344727
158, 10.501801490783691, 0.09943583607673645, -1.7878549098968506
159, 10.25218391418457, 0.09943583607673645, -1.7740349769592285
160, 10.00256633758545, 0.09943583607673645, -1.7602150440216064
161, 9.752948760986328, 0.09943583607673645, -1.7463951110839844
162, 9.752948760986328, 0.09943583607673645, -1.7463951110839844
163, 9.752948760986328, 0.09943583607673645, -1.7463951110839844
164, 9.752948760986328, 0.09943583607673645, -1.7463951110839844
165, 9.752948760986328, 0.09943583607673645, -1.7463951110839844
166, 9.752948760986328, 0.09943583607673645, -1.7463951110839844
167, 9.752948760986328, 0.09943583607673645, -1.7463951110839844
168, 10.00256633758545, 0.09943583607673645, -1.7602150440216064
169, 10.25218391418457, 0.09943583607673645, -1.7740349769592285
170, 10.501801490783691, 0.09943583607673645, -1.7878549098968506
171, 10.751419067382812, 0.09943583607673645, -1.8016748428344727
172, 11.001036643981934, 0.09943583607673645, -1.8154947757720947
173, 11.250654220581055, 0.09943583607673645, -1.8293147087097168
174, 11.250654220581055, 0.09943583607673645, -1.8293147087097168
175, 11.473739624023438, 0.09943583607673645, -1.7164742946624756
176, 11.69682502746582, 0.09943583607673645, -1.6036338806152344
177, 11.919910430908203, 0.09943583607673645, -1.4907934665679932
178, 12.142995834350586, 0.09943583607673645, -1.377953052520752
179, 12.366081237792969, 0.09943583607673645, -1.2651126384735107
180, 12.589166641235352, 0.09943583607673645, -1.1522722244262695
181, 12.589166641235352, 0.09943583607673645, -1.1522722244262695
182, 12.725943565368652, 0.09943583607673645, -0.9430068731307983
183, 12.862720489501953, 0.09943583607673645, -0.7337415218353271
184, 12.999497413635254, 0.09943583607673645, -0.524476170539856
185, 12.999497413635254, 0.09943583607673645, -0.524476170539856
186, 13.222582817077637, 0.09943583607673645, -0.41163572669029236
187, 13.44566822052002, 0.09943583607673645, -0.29879528284072876
188, 13.668753623962402, 0.09943583607673645, -0.18595483899116516
189, 13.891839027404785, 0.09943583607673645, -0.07311439514160156
190, 14.114924430847168, 0.09943583607673645, 0.039726048707962036
191, 14.28845500946045, 0.09943583607673645, 0.12750093638896942
192, 14.28845500946045, 0.09943583607673645, 0.12750093638896942
193, 14.53807258605957, 0.09943583607673645, 0.11368098855018616
194, 14.787690162658691, 0.09943583607673645, 0.0998610407114029
195, 15.037307739257812, 0.09943583607673645, 0.08604109287261963
196, 15.286925315856934, 0.09943583607673645, 0.07222114503383636
197, 15.536542892456055, 0.09943583607673645, 0.0584011971950531
198, 15.786160469055176, 0.09943583607673645, 0.044581249356269836
199, 16.035778045654297, 0.09943583607673645, 0.030761301517486572
200, 16.285396575927734, 0.09943583607673645, 0.016941353678703308
201, 16.535015106201172, 0.09943583607673645, 0.003121405839920044
202, 16.78463363647461, 0.09943583607673645, -0.01069854199886322
203, 17.034252166748047, 0.09943583607673645, -0.024518489837646484
204, 17.034252166748047, 0.09943583607673645, -0.024518489837646484
205, 17.24351692199707, 0.09943583607673645, -0.16129577159881592
206, 17.452781677246094, 0.09943583607673645, -0.29807305335998535
207, 17.452781677246094, 0.09943583607673645, -0.29807305335998535
208, 17.70240020751953, 0.09943583607673645, -0.3118929862976074
209, 17.95201873779297, 0.09943583607673645, -0.3257129192352295
210, 18.201637268066406, 0.09943583607673645, -0.33953285217285156
211, 18.451255798339844, 0.09943583607673645, -0.35335278511047363
212, 18.70087432861328, 0.09943583607673645, -0.3671727180480957
213, 18.95049285888672, 0.09943583607673645, -0.3809926509857178
214, 19.200111389160156, 0.09943583607673645, -0.39481258392333984
215, 19.449729919433594, 0.09943583607673645, -0.4086325168609619
216, 19.69934844970703, 0.09943583607673645, -0.422452449798584
217, 19.94896697998047, 0.09943583607673645, -0.43627238273620605
218, 20.198585510253906, 0.09943583607673645, -0.4500923156738281
219, 20.448204040527344, 0.09943583607673645, -0.4639122486114502
220, 20.69782257080078, 0.09943583607673645, -0.47773218154907227
221, 20.94744110107422, 0.09943583607673645, -0.49155211448669434
222, 20.94744110107422, 0.09943583607673645, -0.49155211448669434
223, 21.1705265045166, 0.09943583607673645, -0.37871167063713074
224, 21.1705265045166, 0.09943583607673645, -0.37871167063713074
225, 21.30730438232422, 0.09943583607673645, -0.16944631934165955
226, 21.30730438232422, 0.09943583607673645, -0.16944631934165955
227, 21.30730438232422, 0.09943583607673645, -0.16944631934165955
228, 21.40091323852539, 0.09943583607673645, -0.17462894320487976
229, 21.40091323852539, 0.09943583607673645, -0.1746290922164917
230, 21.40091323852539, 0.09943583607673645, -0.1746290922164917
231, 21.623998641967773, 0.09943583607673645, -0.0617886483669281
232, 21.623998641967773, 0.09943583607673645, -0.0617886483669281
233, 21.753204345703125, 0.09943583607673645, -0.06894198060035706
234, 21.753204345703125, 0.09943583607673645, -0.06894198060035706
235, 21.753204345703125, 0.09943583607673645, -0.06894198060035706
236, 21.907758712768555, 0.09943583607673645, 0.009234428405761719
237, 21.907758712768555, 0.09943583607673645, 0.009234428405761719
238, 21.907758712768555, 0.09943583607673645, 0.009234428405761719
239, 22.117023468017578, 0.09943583607673645, -0.12754285335540771
240, 22.3262882232666, 0.09943583607673645, -0.26432013511657715
241, 22.3262882232666, 0.09943583607673645, -0.26432013511657715
242, 22.3262882232666, 0.09943583607673645, -0.26432013511657715
243, 22.535552978515625, 0.09943583607673645, -0.4010974168777466
244, 22.74481773376465, 0.09943583607673645, -0.537874698638916
245, 22.954082489013672, 0.09943583607673645, -0.6746519804000854
246, 23.163347244262695, 0.09943583607673645, -0.8114292621612549
247, 23.37261199951172, 0.09943583607673645, -0.9482065439224243
248, 23.581876754760742, 0.09943583607673645, -1.0849838256835938
249, 23.791141510009766, 0.09943583607673645, -1.2217611074447632
250, 23.791141510009766, 0.09943583607673645, -1.2217611074447632
251, 24.040760040283203, 0.09943583607673645, -1.2355810403823853
252, 24.040760040283203, 0.09943583607673645, -1.2355810403823853
253, 24.263845443725586, 0.09943583607673645, -1.122740626335144
254, 24.263845443725586, 0.09943583607673645, -1.122740626335144
255, 24.263845443725586, 0.09943583607673645, -1.122740626335144
256, 24.263845443725586, 0.09943583607673645, -1.122740626335144
257, 24.263845443725586, 0.09943583607673645, -1.122740626335144
258, 24.263845443725586, 0.09943583607673645, -1.122740626335144
259, 24.263845443725586, 0.09943583607673645, -1.122740626335144
260, 24.263845443725586, 0.09943583607673645, -1.122740626335144
261, 24.01422691345215, 0.09943583607673645, -1.108920693397522
262, 23.76460838317871, 0.09943583607673645, -1.0951007604599
263, 23.514989852905273, 0.09943583607673645, -1.0812808275222778
264, 23.514989852905273, 0.09943583607673645, -1.0812808275222778
265, 23.514989852905273, 0.09943583607673645, -1.0812808275222778
266, 23.514989852905273, 0.09943583607673645, -1.0812808275222778
267, 23.514989852905273, 0.09943583607673645, -1.0812808275222778
268, 23.514989852905273, 0.09943583607673645, -1.0812808275222778
269, 23.514989852905273, 0.09943583607673645, -1.0812808275222778
270, 23.514989852905273, 0.09943583607673645, -1.0812808275222778
271, 23.514989852905273, 0.09943583607673645, -1.0812808275222778
272, 23.514989852905273, 0.09943583607673645, -1.0812808275222778
273, 23.514989852905273, 0.09943583607673645, -1.0812808275222778
274, 23.514989852905273, 0.09943583607673645, -1.0812808275222778
275, 23.514989852905273, 0.09943583607673645, -1.0812808275222778
276, 23.514989852905273, 0.09943583607673645, -1.0812808275222778
277, 23.514989852905273, 0.09943583607673645, -1.0812808275222778
278, 23.514989852905273, 0.09943583607673645, -1.0812808275222778
279, 23.514989852905273, 0.09943583607673645, -1.0812808275222778
280, 23.514989852905273, 0.09943583607673645, -1.0812808275222778
281, 23.30572509765625, 0.09943583607673645, -0.9445035457611084
282, 23.096460342407227, 0.09943583607673645, -0.807726263999939
283, 23.096460342407227, 0.09943583607673645, -0.807726263999939
284, 23.096460342407227, 0.09943583607673645, -0.807726263999939
285, 23.096460342407227, 0.09943583607673645, -0.807726263999939
286, 23.096460342407227, 0.09943583607673645, -0.807726263999939
287, 23.096460342407227, 0.09943583607673645, -0.807726263999939
288, 23.096460342407227, 0.09943583607673645, -0.807726263999939
289, 23.30572509765625, 0.09943583607673645, -0.9445034861564636
290, 23.514989852905273, 0.09943583607673645, -1.0812807083129883
291, 23.514989852905273, 0.09943583607673645, -1.0812807083129883
292, 23.76460838317871, 0.09943583607673645, -1.0951005220413208
293, 24.01422691345215, 0.09943583607673645, -1.1089203357696533
294, 24.01422691345215, 0.09943583607673645, -1.1089203357696533
295, 24.23731231689453, 0.09943583607673645, -0.9960798025131226
296, 24.23731231689453, 0.09943583607673645, -0.9960798025131226
297, 24.37409019470215, 0.09943583607673645, -0.7868143916130066
298, 24.37409019470215, 0.09943583607673645, -0.7868143916130066
299, 24.37409019470215, 0.09943583607673645, -0.7868143916130066
300, 24.37409019470215, 0.09943583607673645, -0.7868143916130066
301, 24.37409019470215, 0.09943583607673645, -0.7868143916130066
302, 24.37409019470215, 0.09943583607673645, -0.7868143916130066
303, 24.226341247558594, 0.09943583607673645, -0.8615480661392212
304, 24.226341247558594, 0.09943583607673645, -0.8615480661392212
305, 24.226341247558594, 0.09943583607673645, -0.8615480661392212
306, 24.089563369750977, 0.09943583607673645, -1.0708134174346924
307, 24.089563369750977, 0.09943583607673645, -1.0708134174346924
308, 24.089563369750977, 0.09943583607673645, -1.0708134174346924
309, 23.83994483947754, 0.09943583607673645, -1.0569934844970703
310, 23.5903263092041, 0.09943583607673645, -1.0431735515594482
311, 23.340707778930664, 0.09943583607673645, -1.0293536186218262
312, 23.340707778930664, 0.09943583607673645, -1.0293536186218262
313, 23.340707778930664, 0.09943583607673645, -1.0293536186218262
314, 23.340707778930664, 0.09943583607673645, -1.0293536186218262
315, 23.340707778930664, 0.09943583607673645, -1.0293536186218262
316, 23.340707778930664, 0.09943583607673645, -1.0293536186218262
317, 23.340707778930664, 0.09943583607673645, -1.0293536186218262
318, 23.340707778930664, 0.09943583607673645, -1.0293536186218262
319, 23.340707778930664, 0.09943583607673645, -1.0293536186218262
320, 23.340707778930664, 0.09943583607673645, -1.0293536186218262
321, 23.340707778930664, 0.09943583607673645, -1.0293536186218262
322, 23.340707778930664, 0.09943583607673645, -1.0293536186218262
323, 23.340707778930664, 0.09943583607673645, -1.0293536186218262
324, 23.340707778930664, 0.09943583607673645, -1.0293536186218262
325, 23.13144302368164, 0.09943583607673645, -0.8925763368606567
326, 22.922178268432617, 0.09943583607673645, -0.7557990550994873
327, 22.922178268432617, 0.09943583607673645, -0.7557990550994873
328, 22.922178268432617, 0.09943583607673645, -0.7557990550994873
329, 22.922178268432617, 0.09943583607673645, -0.7557990550994873
330, 22.922178268432617, 0.09943583607673645, -0.7557990550994873
331, 22.922178268432617, 0.09943583607673645, -0.7557990550994873
332, 22.922178268432617, 0.09943583607673645, -0.7557990550994873
333, 23.13144302368164, 0.09943583607673645, -0.892576277256012
334, 23.340707778930664, 0.09943583607673645, -1.0293534994125366
335, 23.340707778930664, 0.09943583607673645, -1.0293534994125366
336, 23.5903263092041, 0.09943583607673645, -1.0431733131408691
337, 23.83994483947754, 0.09943583607673645, -1.0569931268692017
338, 24.089563369750977, 0.09943583607673645, -1.0708129405975342
339, 24.089563369750977, 0.09943583607673645, -1.0708129405975342
340, 24.31264877319336, 0.09943583607673645, -0.9579724073410034
341, 24.31264877319336, 0.09943583607673645, -0.9579724073410034
342, 24.31264877319336, 0.09943583607673645, -0.9579724073410034
343, 24.31264877319336, 0.09943583607673645, -0.9579724073410034
344, 24.31264877319336, 0.09943583607673645, -0.9579724073410034
345, 24.31264877319336, 0.09943583607673645, -0.9579724073410034
346, 24.31264877319336, 0.09943583607673645, -0.9579724073410034
347, 24.089563369750977, 0.09943583607673645, -1.0708129405975342
348, 24.089563369750977, 0.09943583607673645, -1.0708129405975342
349, 23.83994483947754, 0.09943583607673645, -1.056993007659912
350, 23.5903263092041, 0.09943583607673645, -1.04317307472229
351, 23.340707778930664, 0.09943583607673645, -1.029353141784668
352, 23.340707778930664, 0.09943583607673645, -1.029353141784668
353, 23.340707778930664, 0.09943583607673645, -1.029353141784668
354, 23.091089248657227, 0.09943583607673645, -1.015533208847046
355, 23.091089248657227, 0.09943583607673645, -1.015533208847046
356, 23.091089248657227, 0.09943583607673645, -1.015533208847046
357, 23.091089248657227, 0.09943583607673645, -1.015533208847046
358, 23.091089248657227, 0.09943583607673645, -1.015533208847046
359, 23.091089248657227, 0.09943583607673645, -1.015533208847046
360, 23.091089248657227, 0.09943583607673645, -1.015533208847046
361, 23.340707778930664, 0.09943583607673645, -1.0293530225753784
362, 23.5903263092041, 0.09943583607673645, -1.043172836303711
363, 23.83994483947754, 0.09943583607673645, -1.0569926500320435
364, 24.089563369750977, 0.09943583607673645, -1.070812463760376
365, 24.339181900024414, 0.09943583607673645, -1.0846322774887085
366, 24.339181900024414, 0.09943583607673645, -1.0846322774887085
367, 24.339181900024414, 0.09943583607673645, -1.0846322774887085
368, 24.339181900024414, 0.09943583607673645, -1.0846322774887085
369, 24.339181900024414, 0.09943583607673645, -1.0846322774887085
370, 24.339181900024414, 0.09943583607673645, -1.0846322774887085
371, 24.339181900024414, 0.09943583607673645, -1.0846322774887085
372, 24.089563369750977, 0.09943583607673645, -1.070812463760376
373, 23.83994483947754, 0.09943583607673645, -1.056992530822754
374, 23.5903263092041, 0.09943583607673645, -1.0431725978851318
375, 23.340707778930664, 0.09943583607673645, -1.0293526649475098
376, 23.340707778930664, 0.09943583607673645, -1.0293526649475098
377, 23.340707778930664, 0.09943583607673645, -1.0293526649475098
378, 23.091089248657227, 0.09943583607673645, -1.0155327320098877
379, 23.091089248657227, 0.09943583607673645, -1.0155327320098877
380, 23.091089248657227, 0.09943583607673645, -1.0155327320098877
381, 23.091089248657227, 0.09943583607673645, -1.0155327320098877
382, 23.091089248657227, 0.09943583607673645, -1.0155327320098877
383, 23.091089248657227, 0.09943583607673645, -1.0155327320098877
384, 23.091089248657227, 0.09943583607673645, -1.0155327320098877
385, 23.340707778930664, 0.09943583607673645, -1.0293525457382202
386, 23.5903263092041, 0.09943583607673645, -1.0431723594665527
387, 23.83994483947754, 0.09943583607673645, -1.0569921731948853
388, 24.089563369750977, 0.09943583607673645, -1.0708119869232178
389, 24.339181900024414, 0.09943583607673645, -1.0846318006515503
390, 24.339181900024414, 0.09943583607673645, -1.0846318006515503
391, 24.339181900024414, 0.09943583607673645, -1.0846318006515503
392, 24.339181900024414, 0.09943583607673645, -1.0846318006515503
393, 24.339181900024414, 0.09943583607673645, -1.0846318006515503
394, 24.339181900024414, 0.09943583607673645, -1.0846318006515503
395, 24.339181900024414, 0.09943583607673645, -1.0846318006515503
396, 24.089563369750977, 0.09943583607673645, -1.0708119869232178
397, 23.83994483947754, 0.09943583607673645, -1.0569920539855957
398, 23.5903263092041, 0.09943583607673645, -1.0431721210479736
399, 23.340707778930664, 0.09943583607673645, -1.0293521881103516
400, 23.340707778930664, 0.09943583607673645, -1.0293521881103516
401, 23.340707778930664, 0.09943583607673645, -1.0293521881103516
402, 23.091089248657227, 0.09943583607673645, -1.0155322551727295
403, 23.091089248657227, 0.09943583607673645, -1.0155322551727295
404, 23.091089248657227, 0.09943583607673645, -1.0155322551727295
405, 23.091089248657227, 0.09943583607673645, -1.0155322551727295
406, 23.091089248657227, 0.09943583607673645, -1.0155322551727295
407, 23.091089248657227, 0.09943583607673645, -1.0155322551727295
408, 23.091089248657227, 0.09943583607673645, -1.0155322551727295
409, 23.340707778930664, 0.09943583607673645, -1.029352068901062
410, 23.5903263092041, 0.09943583607673645, -1.0431718826293945
411, 23.83994483947754, 0.09943583607673645, -1.056991696357727
412, 24.089563369750977, 0.09943583607673645, -1.0708115100860596
413, 24.339181900024414, 0.09943583607673645, -1.084631323814392
414, 24.339181900024414, 0.09943583607673645, -1.084631323814392
415, 24.339181900024414, 0.09943583607673645, -1.084631323814392
416, 24.339181900024414, 0.09943583607673645, -1.084631323814392
417, 24.339181900024414, 0.09943583607673645, -1.084631323814392
418, 24.339181900024414, 0.09943583607673645, -1.084631323814392
419, 24.339181900024414, 0.09943583607673645, -1.084631323814392
420, 24.089563369750977, 0.09943583607673645, -1.0708115100860596
421, 23.83994483947754, 0.09943583607673645, -1.0569915771484375
422, 23.5903263092041, 0.09943583607673645, -1.0431716442108154
423, 23.340707778930664, 0.09943583607673645, -1.0293517112731934
424, 23.340707778930664, 0.09943583607673645, -1.0293517112731934
425, 23.340707778930664, 0.09943583607673645, -1.0293517112731934
426, 23.091089248657227, 0.09943583607673645, -1.0155317783355713
427, 23.091089248657227, 0.09943583607673645, -1.0155317783355713
428, 23.091089248657227, 0.09943583607673645, -1.0155317783355713
429, 23.091089248657227, 0.09943583607673645, -1.0155317783355713
430, 23.091089248657227, 0.09943583607673645, -1.0155317783355713
431, 23.091089248657227, 0.09943583607673645, -1.0155317783355713
432, 23.091089248657227, 0.09943583607673645, -1.0155317783355713
433, 23.340707778930664, 0.09943583607673645, -1.0293515920639038
434, 23.5903263092041, 0.09943583607673645, -1.0431714057922363
435, 23.83994483947754, 0.09943583607673645, -1.0569912195205688
436, 24.089563369750977, 0.09943583607673645, -1.0708110332489014
437, 24.339181900024414, 0.09943583607673645, -1.0846308469772339
438, 24.339181900024414, 0.09943583607673645, -1.0846308469772339
439, 24.339181900024414, 0.09943583607673645, -1.0846308469772339
440, 24.339181900024414, 0.09943583607673645, -1.0846308469772339
441, 24.339181900024414, 0.09943583607673645, -1.0846308469772339
442, 24.339181900024414, 0.09943583607673645, -1.0846308469772339
443, 24.339181900024414, 0.09943583607673645, -1.0846308469772339
444, 24.089563369750977, 0.09943583607673645, -1.0708110332489014
445, 23.83994483947754, 0.09943583607673645, -1.0569911003112793
446, 23.5903263092041, 0.09943583607673645, -1.0431711673736572
447, 23.340707778930664, 0.09943583607673645, -1.0293512344360352
448, 23.340707778930664, 0.09943583607673645, -1.0293512344360352
449, 23.340707778930664, 0.09943583607673645, -1.0293512344360352
450, 23.091089248657227, 0.09943583607673645, -1.015531301498413
451, 23.091089248657227, 0.09943583607673645, -1.015531301498413
452, 23.091089248657227, 0.09943583607673645, -1.015531301498413
453, 23.091089248657227, 0.09943583607673645, -1.015531301498413
454, 23.091089248657227, 0.09943583607673645, -1.015531301498413
455, 23.091089248657227, 0.09943583607673645, -1.015531301498413
456, 23.091089248657227, 0.09943583607673645, -1.015531301498413
457, 23.340707778930664, 0.09943583607673645, -1.0293511152267456
458, 23.5903263092041, 0.09943583607673645, -1.0431709289550781
459, 23.83994483947754, 0.09943583607673645, -1.0569907426834106
460, 24.089563369750977, 0.09943583607673645, -1.0708105564117432
461, 24.089563369750977, 0.09943583607673645, -1.0708105564117432
462, 24.31264877319336, 0.09943583607673645, -0.9579700231552124
463, 24.31264877319336, 0.09943583607673645, -0.9579700231552124
464, 24.31264877319336, 0.09943583607673645, -0.9579700231552124
465, 24.31264877319336, 0.09943583607673645, -0.9579700231552124
466, 24.31264877319336, 0.09943583607673645, -0.9579700231552124
467, 24.31264877319336, 0.09943583607673645, -0.9579700231552124
468, 24.31264877319336, 0.09943583607673645, -0.9579700231552124
469, 24.089563369750977, 0.09943583607673645, -1.0708105564117432
470, 24.089563369750977, 0.09943583607673645, -1.0708105564117432
471, 23.83994483947754, 0.09943583607673645, -1.056990623474121
472, 23.5903263092041, 0.09943583607673645, -1.043170690536499
473, 23.340707778930664, 0.09943583607673645, -1.029350757598877
474, 23.340707778930664, 0.09943583607673645, -1.029350757598877
475, 23.340707778930664, 0.09943583607673645, -1.029350757598877
476, 23.091089248657227, 0.09943583607673645, -1.0155308246612549
477, 23.091089248657227, 0.09943583607673645, -1.0155308246612549
478, 23.091089248657227, 0.09943583607673645, -1.0155308246612549
479, 23.091089248657227, 0.09943583607673645, -1.0155308246612549
480, 23.091089248657227, 0.09943583607673645, -1.0155308246612549
481, 23.091089248657227, 0.09943583607673645, -1.0155308246612549
482, 23.091089248657227, 0.09943583607673645, -1.0155308246612549
483, 23.340707778930664, 0.09943583607673645, -1.0293506383895874
484, 23.5903263092041, 0.09943583607673645, -1.04317045211792
485, 23.83994483947754, 0.09943583607673645, -1.0569902658462524
486, 24.089563369750977, 0.09943583607673645, -1.070810079574585
487, 24.089563369750977, 0.09943583607673645, -1.070810079574585
488, 24.31264877319336, 0.09943583607673645, -0.9579695463180542
489, 24.31264877319336, 0.09943583607673645, -0.9579695463180542
490, 24.31264877319336, 0.09943583607673645, -0.9579695463180542
491, 24.31264877319336, 0.09943583607673645, -0.9579695463180542
492, 24.31264877319336, 0.09943583607673645, -0.9579695463180542
493, 24.31264877319336, 0.09943583607673645, -0.9579695463180542
494, 24.31264877319336, 0.09943583607673645, -0.9579695463180542
495, 24.089563369750977, 0.09943583607673645, -1.070810079574585
496, 24.089563369750977, 0.09943583607673645, -1.070810079574585
497, 23.83994483947754, 0.09943583607673645, -1.056990146636963
498, 23.5903263092041, 0.09943583607673645, -1.0431702136993408
499, 23.340707778930664, 0.09943583607673645, -1.0293502807617188
