1, -7.586700916290283, 3.0721640586853027, -3.353029251098633
2, -7.586700916290283, 3.0721640586853027, -3.353029251098633
3, -7.586700916290283, 3.0721640586853027, -3.353029251098633
4, -7.586700916290283, 3.0721640586853027, -3.353029251098633
5, -7.586700916290283, 3.0721640586853027, -3.353029251098633
6, -7.586700916290283, 3.0721640586853027, -3.353029251098633
7, -7.586700916290283, 3.0721640586853027, -3.353029251098633
8, -7.586700916290283, 3.0721640586853027, -3.353029251098633
9, -7.586700916290283, 3.0721640586853027, -3.353029251098633
10, -7.586700916290283, 3.0721640586853027, -3.353029251098633
11, -7.586700916290283, 3.0721640586853027, -3.353029251098633
12, -7.586700916290283, 3.0721640586853027, -3.353029251098633
13, -7.586700916290283, 3.0721640586853027, -3.353029251098633
14, -7.586700916290283, 3.0721640586853027, -3.353029251098633
15, -7.586700916290283, 3.0721640586853027, -3.353029251098633
16, -7.586700916290283, 3.0721640586853027, -3.353029251098633
17, -7.586700916290283, 3.0721640586853027, -3.353029251098633
18, -7.588710308074951, 3.0721640586853027, -3.3239963054656982
19, -7.588710308074951, 3.0721640586853027, -3.3239963054656982
20, -7.588710308074951, 3.0721640586853027, -3.3239963054656982
21, -7.588710308074951, 3.0721640586853027, -3.3239963054656982
22, -7.588710308074951, 3.0721640586853027, -3.3239963054656982
23, -7.813331127166748, 3.0721640586853027, -3.2142441272735596
24, -7.813331127166748, 3.0721640586853027, -3.2142441272735596
25, -7.813331127166748, 3.0721640586853027, -3.2142441272735596
26, -7.830593109130859, 3.0721640586853027, -2.964840888977051
27, -7.847855091094971, 3.0721640586853027, -2.715437412261963
28, -7.865117073059082, 3.0721640586853027, -2.466033935546875
29, -7.882379055023193, 3.0721640586853027, -2.216630458831787
30, -7.882379055023193, 3.0721640586853027, -2.216630458831787
31, -7.772626876831055, 3.0721640586853027, -1.9920097589492798
32, -7.662874698638916, 3.0721640586853027, -1.7673890590667725
33, -7.553122520446777, 3.0721640586853027, -1.5427683591842651
34, -7.443370342254639, 3.0721640586853027, -1.3181476593017578
35, -7.443370342254639, 3.0721640586853027, -1.3181476593017578
36, -7.46063232421875, 3.0721640586853027, -1.0687443017959595
37, -7.477894306182861, 3.0721640586853027, -0.8193409442901611
38, -7.495156288146973, 3.0721640586853027, -0.5699375867843628
39, -7.512418270111084, 3.0721640586853027, -0.32053422927856445
40, -7.529680252075195, 3.0721640586853027, -0.07113087177276611
41, -7.546942234039307, 3.0721640586853027, 0.17827248573303223
42, -7.564204216003418, 3.0921506881713867, 0.42767584323883057
43, -7.564204216003418, 3.0921506881713867, 0.42767584323883057
44, -7.703855514526367, 3.1411919593811035, 0.6350343823432922
45, -7.843506813049316, 3.0721640586853027, 0.8423929214477539
46, -7.983158111572266, 3.0721640586853027, 1.0497515201568604
47, -8.122809410095215, 3.0721640586853027, 1.2571101188659668
48, -8.262460708618164, 3.0721640586853027, 1.4644687175750732
49, -8.262460708618164, 3.0721640586853027, 1.4644687175750732
50, -8.487081527709961, 3.0721640586853027, 1.574220895767212
51, -8.711702346801758, 3.0721640586853027, 1.6839730739593506
52, -8.711702346801758, 3.0721640586853027, 1.6839730739593506
53, -8.711702346801758, 3.0721640586853027, 1.6839730739593506
54, -8.711702346801758, 3.0721640586853027, 1.6839730739593506
55, -8.711702346801758, 3.0721640586853027, 1.6839730739593506
56, -8.711702346801758, 3.0721640586853027, 1.6839730739593506
57, -8.711702346801758, 3.0721640586853027, 1.6839730739593506
58, -8.711702346801758, 3.0721640586853027, 1.6839730739593506
59, -8.601949691772461, 3.0721640586853027, 1.908593773841858
60, -8.601949691772461, 3.0721640586853027, 1.908593773841858
61, -8.394591331481934, 3.0721640586853027, 2.0482449531555176
62, -8.187232971191406, 3.0721640586853027, 2.1878960132598877
63, -7.979874610900879, 3.0721640586853027, 2.327547073364258
64, -7.772516250610352, 3.0721640586853027, 2.467198133468628
65, -7.565157890319824, 3.0721640586853027, 2.606849193572998
66, -7.357799530029297, 3.0721640586853027, 2.746500253677368
67, -7.1504411697387695, 3.0721640586853027, 2.8861513137817383
68, -7.1504411697387695, 3.0721640586853027, 2.8861513137817383
69, -7.040688991546631, 3.0721640586853027, 3.110772132873535
70, -7.040688991546631, 3.0721640586853027, 3.110772132873535
71, -6.8333306312561035, 3.0721640586853027, 3.2504231929779053
72, -6.8333306312561035, 3.0721640586853027, 3.2504231929779053
73, -6.8333306312561035, 3.0721640586853027, 3.2504231929779053
74, -6.8333306312561035, 3.0721640586853027, 3.2504231929779053
75, -6.723578453063965, 3.0721640586853027, 3.475043773651123
76, -6.613826274871826, 3.0721640586853027, 3.69966459274292
77, -6.5040740966796875, 3.0721640586853027, 3.924285411834717
78, -6.5040740966796875, 3.0721640586853027, 3.924285411834717
79, -6.29671573638916, 3.0721640586853027, 4.063936710357666
80, -6.089357376098633, 3.0721640586853027, 4.203588008880615
81, -5.8819990158081055, 3.0721640586853027, 4.3432393074035645
82, -5.674640655517578, 3.0721640586853027, 4.482890605926514
83, -5.674640655517578, 3.0721640586853027, 4.482890605926514
84, -5.5648884773254395, 3.0721640586853027, 4.7075114250183105
85, -10.89771556854248, 0.07216382026672363, 8.181387901306152
