1, 3.3188836574554443, -2.9951868057250977, 5.940219402313232
2, 3.3188836574554443, -2.9951868057250977, 5.940219402313232
3, 3.3188836574554443, -2.9951868057250977, 5.940219402313232
4, 3.3188836574554443, -2.9951868057250977, 5.940219402313232
5, 3.3188836574554443, -2.9951868057250977, 5.940219402313232
6, 3.3188836574554443, -2.9951868057250977, 5.940219402313232
7, 3.3188836574554443, -2.9951868057250977, 5.940219402313232
8, 3.3188836574554443, -2.9951868057250977, 5.940219402313232
9, 3.3188836574554443, -2.9951868057250977, 5.940219402313232
10, 3.3188836574554443, -2.9951868057250977, 5.940219402313232
11, 3.3188836574554443, -2.9951868057250977, 5.940219402313232
12, 3.3188836574554443, -2.9951868057250977, 5.940219402313232
13, 3.552609920501709, -2.9951868057250977, 6.02894401550293
14, 3.552609920501709, -2.9951868057250977, 6.02894401550293
15, 3.552609920501709, -2.9951868057250977, 6.02894401550293
16, 3.7463109493255615, -2.9951868057250977, 5.870893478393555
17, 3.7463109493255615, -2.9951868057250977, 5.870893478393555
18, 3.835035800933838, -2.9951868057250977, 5.637167453765869
19, 3.835035800933838, -2.9951868057250977, 5.637167453765869
20, 3.795010566711426, -2.9951868057250977, 5.390392303466797
21, 3.7549853324890137, -2.9951868057250977, 5.143617153167725
22, 3.7149600982666016, -2.9951868057250977, 4.896842002868652
23, 3.6749348640441895, -2.9951868057250977, 4.65006685256958
24, 3.6349096298217773, -2.9951868057250977, 4.403291702270508
25, 3.6349096298217773, -2.9951868057250977, 4.403291702270508
26, 3.4768590927124023, -2.9951868057250977, 4.209590911865234
27, 3.3188085556030273, -2.9951868057250977, 4.015890121459961
28, 3.1607580184936523, -2.9951868057250977, 3.8221890926361084
29, 3.0027074813842773, -2.9951868057250977, 3.628488063812256
30, 2.8446569442749023, -2.9951868057250977, 3.4347870349884033
31, 2.6866064071655273, -2.9951868057250977, 3.241086006164551
32, 2.5285558700561523, -2.9951868057250977, 3.0473849773406982
33, 2.3705053329467773, -2.9951868057250977, 2.8536839485168457
34, 2.3705053329467773, -2.9951868057250977, 2.8536839485168457
35, 2.3705053329467773, -2.9951868057250977, 2.8536839485168457
36, 2.3705053329467773, -2.9951868057250977, 2.8536839485168457
37, 2.3705053329467773, -2.9951868057250977, 2.8536839485168457
38, 2.3705053329467773, -2.9951868057250977, 2.8536839485168457
39, 2.3705053329467773, -2.9951868057250977, 2.8536839485168457
40, 2.3705053329467773, -2.9951868057250977, 2.8536839485168457
41, 2.3705053329467773, -2.9951868057250977, 2.8536839485168457
42, 2.2124547958374023, -2.9951868057250977, 2.659982919692993
43, 2.2124547958374023, -2.9951868057250977, 2.659982919692993
44, 1.9787286520004272, -2.9951868057250977, 2.571258068084717
45, 1.7450025081634521, -2.9951868057250977, 2.4825332164764404
46, 1.7450025081634521, -2.9951868057250977, 2.4825332164764404
47, 1.7450025081634521, -2.9951868057250977, 2.4825332164764404
48, 1.7450025081634521, -2.9951868057250977, 2.4825332164764404
49, 1.4982273578643799, -2.9951868057250977, 2.5225584506988525
50, 1.2514522075653076, -2.9951868057250977, 2.5625836849212646
51, 1.0046770572662354, -2.9951868057250977, 2.6026089191436768
52, 0.7579019069671631, -2.9951868057250977, 2.642634153366089
53, 0.5111267566680908, -2.9951868057250977, 2.682659387588501
54, 0.26435157656669617, -2.9951868057250977, 2.722684621810913
55, 0.26435157656669617, -2.9951868057250977, 2.722684621810913
56, 0.26435157656669617, -2.9951868057250977, 2.722684621810913
57, 0.26435157656669617, -2.9951868057250977, 2.722684621810913
58, 0.26435157656669617, -2.9951868057250977, 2.722684621810913
59, 0.26435157656669617, -2.9951868057250977, 2.722684621810913
60, 0.07065054774284363, -2.9951868057250977, 2.880734920501709
61, 0.07065054774284363, -2.9951868057250977, 2.880734920501709
62, -0.018074266612529755, -2.9951868057250977, 3.1144611835479736
63, -0.10679908096790314, -2.9951868057250977, 3.3481874465942383
64, -0.10679908096790314, -2.9951868057250977, 3.3481874465942383
65, -0.06677395105361938, -2.9951868057250977, 3.5949625968933105
66, -0.026748821139335632, -2.9951868057250977, 3.841737747192383
67, 0.01327630877494812, -2.9951868057250977, 4.088512897491455
68, 0.05330143868923187, -2.9951868057250977, 4.335288047790527
69, 0.09332656860351562, -2.9951868057250977, 4.5820631980896
70, 0.13335169851779938, -2.9951868057250977, 4.828838348388672
71, 0.17337682843208313, -2.9951868057250977, 5.075613498687744
72, 0.17337682843208313, -2.9951868057250977, 5.075613498687744
73, 0.08465201407670975, -2.9951868057250977, 5.30933952331543
74, -0.004072800278663635, -2.9951868057250977, 5.543065547943115
75, -0.09279761463403702, -2.9951868057250977, 5.776791572570801
76, -0.1815224289894104, -2.9951868057250977, 6.010517597198486
77, -0.2702472507953644, -2.9951868057250977, 6.244243621826172
78, -0.2702472507953644, -2.9951868057250977, 6.244243621826172
79, -0.23022212088108063, -2.9540300369262695, 6.491018772125244
80, -0.19019699096679688, -2.943584442138672, 6.737793922424316
81, -0.15017186105251312, -2.933138608932495, 6.984569072723389
82, -0.15017186105251312, -2.933138608932495, 6.984569072723389
83, 0.007878512144088745, -2.9209771156311035, 7.178269863128662
84, -4.879467964172363, -2.9951868057250977, 6.612624645233154
