1, 5.4510393142700195, 0.07754743099212646, 0.5780721306800842
2, 5.4510393142700195, 0.07754743099212646, 0.5780721306800842
3, 5.4510393142700195, 0.07754743099212646, 0.5780721306800842
4, 5.4510393142700195, 0.07754743099212646, 0.5780721306800842
5, 5.4510393142700195, 0.07754743099212646, 0.5780721306800842
6, 5.4510393142700195, 0.07754743099212646, 0.5780721306800842
7, 5.4510393142700195, 0.07754743099212646, 0.5780721306800842
8, 5.4510393142700195, 0.07754743099212646, 0.5780721306800842
9, 5.4510393142700195, 0.07754743099212646, 0.5780721306800842
10, 5.4510393142700195, 0.07754743099212646, 0.5780721306800842
11, 5.4510393142700195, 0.07754743099212646, 0.5780721306800842
12, 5.4510393142700195, 0.07754743099212646, 0.5780721306800842
13, 5.573599338531494, 0.07754743099212646, 0.7959690093994141
14, 5.696159362792969, 0.07754743099212646, 1.0138659477233887
15, 5.818719387054443, 0.07754743099212646, 1.2317628860473633
16, 5.941279411315918, 0.07754743099212646, 1.449659824371338
17, 11.127188682556152, 0.07754743099212646, 1.2400577068328857
