1, 3.512655735015869, 2.0644748210906982, 3.7745280265808105
2, 3.512655735015869, 2.0644748210906982, 3.7745280265808105
3, 3.512655735015869, 2.0644748210906982, 3.7745280265808105
4, 3.512655735015869, 2.0644748210906982, 3.7745280265808105
5, 3.512655735015869, 2.0644748210906982, 3.7745280265808105
6, 3.512655735015869, 2.0644748210906982, 3.7745280265808105
7, 3.512655735015869, 2.0644748210906982, 3.7745280265808105
8, 3.512655735015869, 2.0644748210906982, 3.7745280265808105
9, 3.512655735015869, 2.0644748210906982, 3.7745280265808105
10, 3.512655735015869, 2.0644748210906982, 3.7745280265808105
11, 3.512655735015869, 2.0644748210906982, 3.7745280265808105
12, 3.512655735015869, 2.0644748210906982, 3.7745280265808105
13, 3.512655735015869, 2.0644748210906982, 3.7745280265808105
14, 3.512655735015869, 2.0644748210906982, 3.7745280265808105
15, 3.512655735015869, 2.0644748210906982, 3.7745280265808105
16, 3.5808522701263428, 2.0644748210906982, 3.5340094566345215
17, 3.5808522701263428, 2.0644748210906982, 3.5340094566345215
18, 3.76017165184021, 2.0644748210906982, 3.3598124980926514
19, 3.939491033554077, 2.0644748210906982, 3.1856155395507812
20, 3.939491033554077, 2.0644748210906982, 3.1856155395507812
21, 4.181884765625, 2.0644748210906982, 3.1244161128997803
22, 4.424278259277344, 2.0644748210906982, 3.0632166862487793
23, 4.6666717529296875, 2.0644748210906982, 3.0020172595977783
24, 4.909065246582031, 2.0644748210906982, 2.9408178329467773
25, 5.151458740234375, 2.0644748210906982, 2.8796184062957764
26, 5.151458740234375, 2.0644748210906982, 2.8796184062957764
27, 5.391977310180664, 2.0644748210906982, 2.94781494140625
28, 5.632495880126953, 2.0644748210906982, 3.0160114765167236
29, 5.873014450073242, 2.0644748210906982, 3.0842080116271973
30, 6.113533020019531, 2.0644748210906982, 3.152404546737671
31, 6.113533020019531, 2.0644748210906982, 3.152404546737671
32, 6.355926513671875, 2.0644748210906982, 3.09120512008667
33, 6.355926513671875, 2.0644748210906982, 3.09120512008667
34, 6.596445083618164, 2.0644748210906982, 3.1594016551971436
35, 6.836963653564453, 2.0644748210906982, 3.227598190307617
36, 6.836963653564453, 2.0644748210906982, 3.227598190307617
37, 6.836963653564453, 2.0644748210906982, 3.227598190307617
38, 6.836963653564453, 2.0644748210906982, 3.227598190307617
39, 7.079357147216797, 2.0644748210906982, 3.166398763656616
40, 7.079357147216797, 2.0644748210906982, 3.166398763656616
41, 7.258676528930664, 2.0644748210906982, 2.992201805114746
42, 7.437995910644531, 2.0644748210906982, 2.818004846572876
43, 7.617315292358398, 2.0644748210906982, 2.643807888031006
44, 7.617315292358398, 2.0644748210906982, 2.643807888031006
45, 7.685512065887451, 2.0644748210906982, 2.403289318084717
46, 7.753708839416504, 2.0644748210906982, 2.1627707481384277
47, 7.753708839416504, 2.0644748210906982, 2.1627707481384277
48, 7.933028221130371, 2.0644748210906982, 1.9885737895965576
49, 8.112347602844238, 2.0644748210906982, 1.8143768310546875
50, 8.112347602844238, 2.0644748210906982, 1.8143768310546875
51, 8.112347602844238, 2.0644748210906982, 1.8143768310546875
52, 8.112347602844238, 2.0644748210906982, 1.8143768310546875
53, 8.112347602844238, 2.0644748210906982, 1.8143768310546875
54, 8.112347602844238, 2.0644748210906982, 1.8143768310546875
55, 8.112347602844238, 2.0644748210906982, 1.8143768310546875
56, 7.933028221130371, 2.0644748210906982, 1.9885737895965576
57, 7.753708839416504, 2.0644748210906982, 2.1627707481384277
58, 7.574389457702637, 2.0644748210906982, 2.336967706680298
59, 7.574389457702637, 2.0644748210906982, 2.336967706680298
60, 7.506192684173584, 2.0644748210906982, 2.577486276626587
61, 7.437995910644531, 2.0644748210906982, 2.818004846572876
62, 7.3697991371154785, 2.0644748210906982, 3.058523416519165
63, 7.301602363586426, 2.0644748210906982, 3.299041986465454
64, 7.233405590057373, 2.0644748210906982, 3.539560556411743
65, 7.16520881652832, 2.0644748210906982, 3.7800791263580322
66, 7.16520881652832, 2.0644748210906982, 3.7800791263580322
67, 7.226408004760742, 2.0644748210906982, 4.022472858428955
68, 7.287607192993164, 2.0644748210906982, 4.264866352081299
69, 7.348806381225586, 2.0644748210906982, 4.507259845733643
70, 7.410005569458008, 2.0644748210906982, 4.749653339385986
71, 7.165736198425293, -0.5355252027511597, -0.24784652888774872
