1, 0.8471230268478394, 0.09943583607673645, -4.290765762329102
2, 0.8471230268478394, 0.09943583607673645, -4.290765762329102
3, 0.8471230268478394, 0.09943583607673645, -4.290765762329102
4, 0.8471230268478394, 0.09943583607673645, -4.290765762329102
5, 0.8471230268478394, 0.09943583607673645, -4.290765762329102
6, 0.8471230268478394, 0.09943583607673645, -4.290765762329102
7, 0.8471230268478394, 0.09943583607673645, -4.290765762329102
8, 0.8471230268478394, 0.09943583607673645, -4.290765762329102
9, 0.8471230268478394, 0.09943583607673645, -4.290765762329102
10, 0.8471230268478394, 0.09943583607673645, -4.290765762329102
11, 0.8471230268478394, 0.09943583607673645, -4.290765762329102
12, 0.8471230268478394, 0.09943583607673645, -4.290765762329102
13, 0.8471230268478394, 0.09943583607673645, -4.290765762329102
14, 0.8471230268478394, 0.09943583607673645, -4.290765762329102
15, 0.8471230268478394, 0.09943583607673645, -4.290765762329102
16, 0.8471230268478394, 0.09943583607673645, -4.290765762329102
17, 1.01026451587677, 0.09943583607673645, -4.101332664489746
18, 1.1734060049057007, 0.09943583607673645, -3.9118998050689697
19, 1.3365474939346313, 0.09943583607673645, -3.7224669456481934
20, 1.499688982963562, 0.09943583607673645, -3.533034086227417
21, 1.499688982963562, 0.09943583607673645, -3.533034086227417
22, 1.7356901168823242, 0.09943583607673645, -3.4505510330200195
23, 1.971691370010376, 0.09943583607673645, -3.368067979812622
24, 1.971691370010376, 0.09943583607673645, -3.368067979812622
25, 2.1348328590393066, 0.09943583607673645, -3.1786351203918457
26, 2.2979743480682373, 0.09943583607673645, -2.9892022609710693
27, 2.461115837097168, 0.09943583607673645, -2.799769401550293
28, 2.6242573261260986, 0.09943583607673645, -2.6103365421295166
29, 2.7873988151550293, 0.09943583607673645, -2.4209036827087402
30, 2.7873988151550293, 0.09943583607673645, -2.4209036827087402
31, 3.023400068283081, 0.09943583607673645, -2.3384206295013428
32, 3.259401321411133, 0.09943583607673645, -2.2559375762939453
33, 3.4954025745391846, 0.09943583607673645, -2.173454523086548
34, 3.7314038276672363, 0.09943583607673645, -2.0909714698791504
35, 3.967405080795288, 0.09943583607673645, -2.008488416671753
36, 4.20340633392334, 0.09943583607673645, -1.9260053634643555
37, 4.20340633392334, 0.09943583607673645, -1.9260053634643555
38, 4.449030876159668, 0.09943583607673645, -1.9725735187530518
39, 4.694655418395996, 0.09943583607673645, -2.019141674041748
40, 4.694655418395996, 0.09943583607673645, -2.019141674041748
41, 4.930656433105469, 0.09943583607673645, -1.9366586208343506
42, 5.166657447814941, 0.09943583607673645, -1.8541755676269531
43, 5.166657447814941, 0.09943583607673645, -1.8541755676269531
44, 5.329799175262451, 0.09943583607673645, -1.6647425889968872
45, 5.329799175262451, 0.09943583607673645, -1.6647425889968872
46, 5.565800189971924, 0.09943583607673645, -1.5822595357894897
47, 5.8018012046813965, 0.09943583607673645, -1.4997764825820923
48, 6.037802219390869, 0.09943583607673645, -1.4172934293746948
49, 6.037802219390869, 0.09943583607673645, -1.4172934293746948
50, 6.283426761627197, 0.09943583607673645, -1.4638615846633911
51, 6.529051303863525, 0.09943583607673645, -1.5104297399520874
52, 6.7746758460998535, 0.09943583607673645, -1.5569978952407837
53, 6.7746758460998535, 0.09943583607673645, -1.5569978952407837
54, 6.964108943939209, 0.09943583607673645, -1.7201393842697144
55, 6.964108943939209, 0.09943583607673645, -1.7201393842697144
56, 7.209733486175537, 0.09943583607673645, -1.7667075395584106
57, 7.455358028411865, 0.09943583607673645, -1.813275694847107
58, 7.455358028411865, 0.09943583607673645, -1.813275694847107
59, 7.691359043121338, 0.09943583607673645, -1.7307926416397095
60, 7.9273600578308105, 0.09943583607673645, -1.648309588432312
61, 8.163361549377441, 0.09943583607673645, -1.5658265352249146
62, 8.399362564086914, 0.09943583607673645, -1.483343482017517
63, 8.635363578796387, 0.09943583607673645, -1.4008604288101196
64, 8.635363578796387, 0.09943583607673645, -1.4008604288101196
65, 8.635363578796387, 0.09943583607673645, -1.4008604288101196
66, 8.635363578796387, 0.09943583607673645, -1.4008604288101196
67, 8.880988121032715, 0.09943583607673645, -1.447428584098816
68, 9.126612663269043, 0.09943583607673645, -1.4939967393875122
69, 9.372237205505371, 0.09943583607673645, -1.5405648946762085
70, 9.6178617477417, 0.09943583607673645, -1.5871330499649048
71, 9.863486289978027, 0.09943583607673645, -1.633701205253601
72, 10.109110832214355, 0.09943583607673645, -1.6802693605422974
73, 10.354735374450684, 0.09943583607673645, -1.7268375158309937
74, 10.600359916687012, 0.09943583607673645, -1.77340567111969
75, 10.600359916687012, 0.09943583607673645, -1.77340567111969
76, 10.600359916687012, 0.09943583607673645, -1.77340567111969
77, 10.600359916687012, 0.09943583607673645, -1.77340567111969
78, 10.600359916687012, 0.09943583607673645, -1.77340567111969
79, 10.600359916687012, 0.09943583607673645, -1.77340567111969
80, 10.600359916687012, 0.09943583607673645, -1.77340567111969
81, 10.600359916687012, 0.09943583607673645, -1.77340567111969
82, 10.600359916687012, 0.09943583607673645, -1.77340567111969
83, 10.600359916687012, 0.09943583607673645, -1.77340567111969
84, 10.600359916687012, 0.09943583607673645, -1.77340567111969
85, 10.600359916687012, 0.09943583607673645, -1.77340567111969
86, 10.836360931396484, 0.09943583607673645, -1.6909226179122925
87, 10.836360931396484, 0.09943583607673645, -1.6909226179122925
88, 11.081985473632812, 0.09943583607673645, -1.7374907732009888
89, 11.32761001586914, 0.09943583607673645, -1.784058928489685
90, 11.32761001586914, 0.09943583607673645, -1.784058928489685
91, 11.563611030578613, 0.09943583607673645, -1.7015758752822876
92, 11.563611030578613, 0.09943583607673645, -1.7015758752822876
93, 11.563611030578613, 0.09943583607673645, -1.7015758752822876
94, 11.799612045288086, 0.09943583607673645, -1.6190927028656006
95, 11.799612045288086, 0.09943583607673645, -1.6190927028656006
96, 11.962753295898438, 0.09943583607673645, -1.4296597242355347
97, 11.962753295898438, 0.09943583607673645, -1.4296597242355347
98, 12.009321212768555, 0.09943583607673645, -1.1840351819992065
99, 12.009321212768555, 0.09943583607673645, -1.1840351819992065
100, 12.009321212768555, 0.09943583607673645, -1.1840351819992065
101, 12.009321212768555, 0.09943583607673645, -1.1840351819992065
102, 12.009321212768555, 0.09943583607673645, -1.1840351819992065
103, 12.009321212768555, 0.09943583607673645, -1.1840351819992065
104, 11.846179962158203, 0.09943583607673645, -1.3734681606292725
105, 11.683038711547852, 0.09943583607673645, -1.5629011392593384
106, 11.5198974609375, 0.09943583607673645, -1.7523341178894043
107, 11.5198974609375, 0.09943583607673645, -1.7523341178894043
108, 11.283896446228027, 0.09943583607673645, -1.8348171710968018
109, 11.283896446228027, 0.09943583607673645, -1.8348171710968018
110, 11.0382719039917, 0.09943583607673645, -1.7882490158081055
111, 10.792647361755371, 0.09943583607673645, -1.7416808605194092
112, 10.547022819519043, 0.09943583607673645, -1.695112705230713
113, 10.547022819519043, 0.09943583607673645, -1.695112705230713
114, 10.31102180480957, 0.09943583607673645, -1.7775958776474
115, 10.31102180480957, 0.09943583607673645, -1.7775958776474
116, 10.065397262573242, 0.09943583607673645, -1.7310278415679932
117, 9.819772720336914, 0.09943583607673645, -1.6844596862792969
118, 9.574148178100586, 0.09943583607673645, -1.6378915309906006
119, 9.574148178100586, 0.09943583607673645, -1.6378915309906006
120, 9.38471508026123, 0.09943583607673645, -1.4747501611709595
121, 9.195281982421875, 0.09943583607673645, -1.3116087913513184
122, 9.00584888458252, 0.09943583607673645, -1.1484674215316772
123, 8.816415786743164, 0.09943583607673645, -0.9853260517120361
124, 8.626982688903809, 0.09943583607673645, -0.822184681892395
125, 8.626982688903809, 0.09943583607673645, -0.822184681892395
126, 8.626982688903809, 0.09943583607673645, -0.822184681892395
127, 8.626982688903809, 0.09943583607673645, -0.822184681892395
128, 8.626982688903809, 0.09943583607673645, -0.822184681892395
129, 8.626982688903809, 0.09943583607673645, -0.822184681892395
130, 8.626982688903809, 0.09943583607673645, -0.822184681892395
131, 8.816415786743164, 0.09943583607673645, -0.9853260517120361
132, 9.00584888458252, 0.09943583607673645, -1.1484674215316772
133, 9.195281982421875, 0.09943583607673645, -1.3116087913513184
134, 9.38471508026123, 0.09943583607673645, -1.4747501611709595
135, 9.574148178100586, 0.09943583607673645, -1.6378915309906006
136, 9.574148178100586, 0.09943583607673645, -1.6378915309906006
137, 9.819772720336914, 0.09943583607673645, -1.6844595670700073
138, 10.065397262573242, 0.09943583607673645, -1.731027603149414
139, 10.31102180480957, 0.09943583607673645, -1.7775956392288208
140, 10.556646347045898, 0.09943583607673645, -1.8241636753082275
141, 10.644214630126953, 0.09943583607673645, -1.8407657146453857
142, 10.644214630126953, 0.09943583607673645, -1.8407657146453857
143, 10.880215644836426, 0.09943583607673645, -1.7582825422286987
144, 10.880215644836426, 0.09943583607673645, -1.7582825422286987
145, 11.125840187072754, 0.09943583607673645, -1.8048505783081055
146, 11.125840187072754, 0.09943583607673645, -1.8048505783081055
147, 11.361841201782227, 0.09943583607673645, -1.7223674058914185
148, 11.5978422164917, 0.09943583607673645, -1.6398842334747314
149, 11.833843231201172, 0.09943583607673645, -1.5574010610580444
150, 12.069844245910645, 0.09943583607673645, -1.4749178886413574
151, 12.069844245910645, 0.09943583607673645, -1.4749178886413574
152, 12.232985496520996, 0.09943583607673645, -1.285484790802002
153, 12.396126747131348, 0.09943583607673645, -1.0960516929626465
154, 12.5592679977417, 0.09943583607673645, -0.906618595123291
155, 12.72240924835205, 0.09943583607673645, -0.7171854972839355
156, 12.885550498962402, 0.09943583607673645, -0.5277523994445801
157, 12.885550498962402, 0.09943583607673645, -0.5277523994445801
158, 13.121551513671875, 0.09943583607673645, -0.4452691972255707
159, 13.357552528381348, 0.09943583607673645, -0.3627859950065613
160, 13.59355354309082, 0.09943583607673645, -0.2803027927875519
161, 13.829554557800293, 0.09943583607673645, -0.19781959056854248
162, 14.065555572509766, 0.09943583607673645, -0.11533638834953308
163, 14.301556587219238, 0.09943583607673645, -0.03285318613052368
164, 14.537557601928711, 0.09943583607673645, 0.04963001608848572
165, 14.773558616638184, 0.09943583607673645, 0.13211321830749512
166, 15.009559631347656, 0.09943583607673645, 0.21459642052650452
167, 15.245560646057129, 0.09943583607673645, 0.2970796227455139
168, 15.245560646057129, 0.09943583607673645, 0.2970796227455139
169, 15.245560646057129, 0.09943583607673645, 0.2970796227455139
170, 15.245560646057129, 0.09943583607673645, 0.2970796227455139
171, 15.245560646057129, 0.09943583607673645, 0.2970796227455139
172, 15.245560646057129, 0.09943583607673645, 0.2970796227455139
173, 15.245560646057129, 0.09943583607673645, 0.2970796227455139
174, 15.245560646057129, 0.09943583607673645, 0.2970796227455139
175, 15.491185188293457, 0.09943583607673645, 0.2505115866661072
176, 15.736809730529785, 0.09943583607673645, 0.20394355058670044
177, 15.982434272766113, 0.09943583607673645, 0.1573755145072937
178, 16.228059768676758, 0.09943583607673645, 0.11080747842788696
179, 16.473684310913086, 0.09943583607673645, 0.06423944234848022
180, 16.719308853149414, 0.09943583607673645, 0.017671406269073486
181, 16.719308853149414, 0.09943583607673645, 0.017671406269073486
182, 16.719308853149414, 0.09943583607673645, 0.017671406269073486
183, 16.964933395385742, 0.09943583607673645, -0.028896629810333252
184, 17.21055793762207, 0.09943583607673645, -0.07546466588973999
185, 17.4561824798584, 0.09943583607673645, -0.12203270196914673
186, 17.4561824798584, 0.09943583607673645, -0.12203270196914673
187, 17.645614624023438, 0.09943583607673645, -0.28517407178878784
188, 17.645614624023438, 0.09943583607673645, -0.28517407178878784
189, 17.645614624023438, 0.09943583607673645, -0.28517407178878784
190, 17.645614624023438, 0.09943583607673645, -0.28517407178878784
191, 17.645614624023438, 0.09943583607673645, -0.28517407178878784
192, 17.645614624023438, 0.09943583607673645, -0.28517407178878784
193, 17.645614624023438, 0.09943583607673645, -0.28517407178878784
194, 17.645614624023438, 0.09943583607673645, -0.28517407178878784
195, 17.39999008178711, 0.09943583607673645, -0.2386060357093811
196, 17.39999008178711, 0.09943583607673645, -0.2386060357093811
197, 17.210556030273438, 0.09943583607673645, -0.07546469569206238
198, 17.210556030273438, 0.09943583607673645, -0.07546469569206238
199, 16.96493148803711, 0.09943583607673645, -0.02889665961265564
200, 16.71930694580078, 0.09943583607673645, 0.0176713764667511
201, 16.473682403564453, 0.09943583607673645, 0.06423941254615784
202, 16.228057861328125, 0.09943583607673645, 0.11080744862556458
203, 15.982433319091797, 0.09943583607673645, 0.1573754847049713
204, 15.736808776855469, 0.09943583607673645, 0.20394352078437805
205, 15.49118423461914, 0.09943583607673645, 0.2505115568637848
206, 15.245559692382812, 0.09943583607673645, 0.29707959294319153
207, 15.245559692382812, 0.09943583607673645, 0.29707959294319153
208, 15.00955867767334, 0.09943583607673645, 0.21459640562534332
209, 14.773557662963867, 0.09943583607673645, 0.13211321830749512
210, 14.537556648254395, 0.09943583607673645, 0.04963003098964691
211, 14.301555633544922, 0.09943583607673645, -0.032853156328201294
212, 14.06555461883545, 0.09943583607673645, -0.1153363436460495
213, 14.06555461883545, 0.09943583607673645, -0.1153363436460495
214, 13.819930076599121, 0.09943583607673645, -0.06876830756664276
215, 13.574305534362793, 0.09943583607673645, -0.022200271487236023
216, 13.328680992126465, 0.09943583607673645, 0.024367764592170715
217, 13.083056449890137, 0.09943583607673645, 0.07093580067157745
218, 12.837431907653809, 0.09943583607673645, 0.11750383675098419
219, 12.59180736541748, 0.09943583607673645, 0.16407187283039093
220, 12.346182823181152, 0.09943583607673645, 0.21063990890979767
221, 12.100558280944824, 0.09943583607673645, 0.2572079300880432
222, 11.854933738708496, 0.09943583607673645, 0.30377596616744995
223, 11.609309196472168, 0.09943583607673645, 0.3503440022468567
224, 11.36368465423584, 0.09943583607673645, 0.3969120383262634
225, 11.118060111999512, 0.09943583607673645, 0.44348007440567017
226, 11.118060111999512, 0.09943583607673645, 0.44348007440567017
227, 10.882059097290039, 0.09943583607673645, 0.36099690198898315
228, 10.733955383300781, 0.09943583607673645, 0.3092341423034668
229, 10.733955383300781, 0.09943583607673645, 0.3092341423034668
230, 10.488330841064453, 0.09943583607673645, 0.35580217838287354
231, 10.242706298828125, 0.09943583607673645, 0.4023702144622803
232, 9.997081756591797, 0.09943583607673645, 0.448938250541687
233, 9.997081756591797, 0.09943583607673645, 0.448938250541687
234, 9.761080741882324, 0.09943583607673645, 0.366455078125
235, 9.761080741882324, 0.09943583607673645, 0.366455078125
236, 9.597939491271973, 0.09943583607673645, 0.17702196538448334
237, 9.434798240661621, 0.09943583607673645, -0.012411147356033325
238, 9.27165699005127, 0.09943583607673645, -0.20184426009655
239, 9.108515739440918, 0.09943583607673645, -0.39127737283706665
240, 8.945374488830566, 0.09943583607673645, -0.5807104706764221
241, 8.945374488830566, 0.09943583607673645, -0.5807104706764221
242, 8.945374488830566, 0.09943583607673645, -0.5807104706764221
243, 8.945374488830566, 0.09943583607673645, -0.5807104706764221
244, 8.945374488830566, 0.09943583607673645, -0.5807104706764221
245, 8.945374488830566, 0.09943583607673645, -0.5807104706764221
246, 8.945374488830566, 0.09943583607673645, -0.5807104706764221
247, 8.945374488830566, 0.09943583607673645, -0.5807104706764221
248, 8.945374488830566, 0.09943583607673645, -0.5807104706764221
249, 8.945374488830566, 0.09943583607673645, -0.5807104706764221
250, 8.945374488830566, 0.09943583607673645, -0.5807104706764221
251, 8.945374488830566, 0.09943583607673645, -0.5807104706764221
252, 8.945374488830566, 0.09943583607673645, -0.5807104706764221
253, 9.027857780456543, 0.09943583607673645, -0.8167115449905396
254, 9.11034107208252, 0.09943583607673645, -1.0527126789093018
255, 9.192824363708496, 0.09943583607673645, -1.288713812828064
256, 9.192824363708496, 0.09943583607673645, -1.288713812828064
257, 9.382257461547852, 0.09943583607673645, -1.451855182647705
258, 9.571690559387207, 0.09943583607673645, -1.6149964332580566
259, 9.571690559387207, 0.09943583607673645, -1.6149964332580566
260, 9.817315101623535, 0.09943583607673645, -1.6615643501281738
261, 10.062939643859863, 0.09943583607673645, -1.708132266998291
262, 10.308564186096191, 0.09943583607673645, -1.7547001838684082
263, 10.55418872833252, 0.09943583607673645, -1.8012681007385254
264, 10.762520790100098, 0.09943583607673645, -1.8407657146453857
265, 10.762520790100098, 0.09943583607673645, -1.8407657146453857
266, 10.762520790100098, 0.09943583607673645, -1.8407657146453857
267, 10.99852180480957, 0.09943583607673645, -1.7582824230194092
268, 11.234522819519043, 0.09943583607673645, -1.6757991313934326
269, 11.334760665893555, 0.09943583607673645, -1.64076566696167
270, 11.334760665893555, 0.09943583607673645, -1.64076566696167
271, 11.334760665893555, 0.09943583607673645, -1.64076566696167
272, 11.580385208129883, 0.09943583607673645, -1.687333583831787
273, 11.580385208129883, 0.09943583607673645, -1.687333583831787
274, 11.816386222839355, 0.09943583607673645, -1.6048502922058105
275, 12.052387237548828, 0.09943583607673645, -1.522367000579834
276, 12.2883882522583, 0.09943583607673645, -1.4398837089538574
277, 12.524389266967773, 0.09943583607673645, -1.3574004173278809
278, 12.524389266967773, 0.09943583607673645, -1.3574004173278809
279, 12.687530517578125, 0.09943583607673645, -1.1679673194885254
280, 12.850671768188477, 0.09943583607673645, -0.9785342216491699
281, 13.013813018798828, 0.09943583607673645, -0.7891011238098145
282, 13.17695426940918, 0.09943583607673645, -0.599668025970459
283, 13.340095520019531, 0.09943583607673645, -0.41023489832878113
284, 13.340095520019531, 0.09943583607673645, -0.41023489832878113
285, 13.576096534729004, 0.09943583607673645, -0.32775163650512695
286, 13.812097549438477, 0.09943583607673645, -0.24526837468147278
287, 14.04809856414795, 0.09943583607673645, -0.1627851128578186
288, 14.284099578857422, 0.09943583607673645, -0.08030185103416443
289, 14.520100593566895, 0.09943583607673645, 0.002181410789489746
290, 14.756101608276367, 0.09943583607673645, 0.08466467261314392
291, 14.99210262298584, 0.09943583607673645, 0.1671479344367981
292, 15.228103637695312, 0.09943583607673645, 0.24963119626045227
293, 15.464104652404785, 0.09943583607673645, 0.33211445808410645
294, 15.464104652404785, 0.09943583607673645, 0.33211445808410645
295, 15.709729194641113, 0.09943583607673645, 0.2855464816093445
296, 15.955353736877441, 0.09943583607673645, 0.2389785200357437
297, 16.200979232788086, 0.09943583607673645, 0.19241055846214294
298, 16.446603775024414, 0.09943583607673645, 0.14584259688854218
299, 16.692228317260742, 0.09943583607673645, 0.0992746353149414
300, 16.93785285949707, 0.09943583607673645, 0.05270667374134064
301, 16.93785285949707, 0.09943583607673645, 0.05270667374134064
302, 17.127286911010742, 0.09943583607673645, -0.1104346364736557
303, 17.127286911010742, 0.09943583607673645, -0.1104346364736557
304, 17.37291145324707, 0.09943583607673645, -0.15700259804725647
305, 17.6185359954834, 0.09943583607673645, -0.20357055962085724
306, 17.864160537719727, 0.09943583607673645, -0.250138521194458
307, 18.109785079956055, 0.09943583607673645, -0.29670649766921997
308, 18.355409622192383, 0.09943583607673645, -0.34327447414398193
309, 18.60103416442871, 0.09943583607673645, -0.3898424506187439
310, 18.84665870666504, 0.09943583607673645, -0.43641042709350586
311, 19.092283248901367, 0.09943583607673645, -0.4829784035682678
312, 19.337907791137695, 0.09943583607673645, -0.5295463800430298
313, 19.583532333374023, 0.09943583607673645, -0.5761143565177917
314, 19.82915687561035, 0.09943583607673645, -0.6226823329925537
315, 20.07478141784668, 0.09943583607673645, -0.6692503094673157
316, 20.07478141784668, 0.09943583607673645, -0.6692503094673157
317, 20.07478141784668, 0.09943583607673645, -0.6692503094673157
318, 20.320405960083008, 0.09943583607673645, -0.7158182859420776
319, 20.320405960083008, 0.09943583607673645, -0.7158182859420776
320, 20.556407928466797, 0.09943583607673645, -0.6333349943161011
321, 20.556407928466797, 0.09943583607673645, -0.6333349943161011
322, 20.556407928466797, 0.09943583607673645, -0.6333349943161011
323, 20.792409896850586, 0.09943583607673645, -0.5508517026901245
324, 21.028411865234375, 0.09943583607673645, -0.46836844086647034
325, 21.028411865234375, 0.09943583607673645, -0.46836844086647034
326, 21.191553115844727, 0.09943583607673645, -0.2789353132247925
327, 21.191553115844727, 0.09943583607673645, -0.2789353132247925
328, 21.295167922973633, 0.09943583607673645, -0.24272164702415466
329, 21.295167922973633, 0.09943583607673645, -0.24272169172763824
330, 21.295167922973633, 0.09943583607673645, -0.24272170662879944
331, 21.295167922973633, 0.09943583607673645, -0.24272170662879944
332, 21.458309173583984, 0.09943583607673645, -0.05328857898712158
333, 21.458309173583984, 0.09943583607673645, -0.05328857898712158
334, 21.458309173583984, 0.09943583607673645, -0.05328857898712158
335, 21.67098045349121, 0.09943583607673645, -0.09360891580581665
336, 21.67098045349121, 0.09943583607673645, -0.09360888600349426
337, 21.67098045349121, 0.09943583607673645, -0.09360888600349426
338, 21.67098045349121, 0.09943583607673645, -0.09360888600349426
339, 21.906982421875, 0.09943583607673645, -0.011125624179840088
340, 21.906982421875, 0.09943583607673645, -0.011125624179840088
341, 21.906982421875, 0.09943583607673645, -0.011125624179840088
342, 22.096416473388672, 0.09943583607673645, -0.1742669641971588
343, 22.285850524902344, 0.09943583607673645, -0.33740830421447754
344, 22.285850524902344, 0.09943583607673645, -0.33740830421447754
345, 22.36833381652832, 0.09943583607673645, -0.5734094381332397
346, 22.36833381652832, 0.09943583607673645, -0.5734094381332397
347, 22.557767868041992, 0.09943583607673645, -0.7365508079528809
348, 22.747201919555664, 0.09943583607673645, -0.899692177772522
349, 22.747201919555664, 0.09943583607673645, -0.899692177772522
350, 22.992826461791992, 0.09943583607673645, -0.9462601542472839
351, 23.23845100402832, 0.09943583607673645, -0.9928281307220459
352, 23.48407554626465, 0.09943583607673645, -1.039396047592163
353, 23.729700088500977, 0.09943583607673645, -1.0859639644622803
354, 23.729700088500977, 0.09943583607673645, -1.0859639644622803
355, 23.965702056884766, 0.09943583607673645, -1.0034806728363037
356, 24.1451416015625, 0.09943583607673645, -0.9407658576965332
357, 24.1451416015625, 0.09943583607673645, -0.9407658576965332
358, 24.1451416015625, 0.09943583607673645, -0.9407658576965332
359, 24.1451416015625, 0.09943583607673645, -0.9407658576965332
360, 24.1451416015625, 0.09943583607673645, -0.9407658576965332
361, 24.1451416015625, 0.09943583607673645, -0.9407658576965332
362, 24.1451416015625, 0.09943583607673645, -0.9407658576965332
363, 24.1451416015625, 0.09943583607673645, -0.9407658576965332
364, 24.1451416015625, 0.09943583607673645, -0.9407658576965332
365, 24.1451416015625, 0.09943583607673645, -0.9407658576965332
366, 23.90913963317871, 0.09943583607673645, -1.0232490301132202
367, 23.90913963317871, 0.09943583607673645, -1.0232490301132202
368, 23.663515090942383, 0.09943583607673645, -0.9766809940338135
369, 23.417890548706055, 0.09943583607673645, -0.9301129579544067
370, 23.172266006469727, 0.09943583607673645, -0.883544921875
371, 23.172266006469727, 0.09943583607673645, -0.883544921875
372, 23.172266006469727, 0.09943583607673645, -0.883544921875
373, 23.172266006469727, 0.09943583607673645, -0.883544921875
374, 23.172266006469727, 0.09943583607673645, -0.883544921875
375, 23.172266006469727, 0.09943583607673645, -0.883544921875
376, 23.172266006469727, 0.09943583607673645, -0.883544921875
377, 23.417890548706055, 0.09943583607673645, -0.930112898349762
378, 23.663515090942383, 0.09943583607673645, -0.9766808748245239
379, 23.90913963317871, 0.09943583607673645, -1.0232487916946411
380, 24.15476417541504, 0.09943583607673645, -1.0698167085647583
381, 24.15476417541504, 0.09943583607673645, -1.0698167085647583
382, 24.15476417541504, 0.09943583607673645, -1.0698167085647583
383, 24.15476417541504, 0.09943583607673645, -1.0698167085647583
384, 24.15476417541504, 0.09943583607673645, -1.0698167085647583
385, 24.15476417541504, 0.09943583607673645, -1.0698167085647583
386, 24.15476417541504, 0.09943583607673645, -1.0698167085647583
387, 23.90913963317871, 0.09943583607673645, -1.0232487916946411
388, 23.663515090942383, 0.09943583607673645, -0.9766808748245239
389, 23.417890548706055, 0.09943583607673645, -0.9301129579544067
390, 23.172266006469727, 0.09943583607673645, -0.8835450410842896
391, 23.172266006469727, 0.09943583607673645, -0.8835450410842896
392, 23.172266006469727, 0.09943583607673645, -0.8835450410842896
393, 23.172266006469727, 0.09943583607673645, -0.8835450410842896
394, 23.172266006469727, 0.09943583607673645, -0.8835450410842896
395, 23.172266006469727, 0.09943583607673645, -0.8835450410842896
396, 23.172266006469727, 0.09943583607673645, -0.8835450410842896
397, 23.172266006469727, 0.09943583607673645, -0.8835450410842896
398, 23.172266006469727, 0.09943583607673645, -0.8835450410842896
399, 23.172266006469727, 0.09943583607673645, -0.8835450410842896
400, 23.172266006469727, 0.09943583607673645, -0.8835450410842896
401, 23.172266006469727, 0.09943583607673645, -0.8835450410842896
402, 23.172266006469727, 0.09943583607673645, -0.8835450410842896
403, 23.417890548706055, 0.09943583607673645, -0.9301130175590515
404, 23.663515090942383, 0.09943583607673645, -0.9766809940338135
405, 23.90913963317871, 0.09943583607673645, -1.0232489109039307
406, 24.15476417541504, 0.09943583607673645, -1.0698168277740479
407, 24.15476417541504, 0.09943583607673645, -1.0698168277740479
408, 24.390766143798828, 0.09943583607673645, -0.9873335361480713
409, 24.390766143798828, 0.09943583607673645, -0.9873335361480713
410, 24.390766143798828, 0.09943583607673645, -0.9873335361480713
411, 24.390766143798828, 0.09943583607673645, -0.9873335361480713
412, 24.390766143798828, 0.09943583607673645, -0.9873335361480713
413, 24.390766143798828, 0.09943583607673645, -0.9873335361480713
414, 24.390766143798828, 0.09943583607673645, -0.9873335361480713
415, 24.15476417541504, 0.09943583607673645, -1.0698167085647583
416, 23.91876220703125, 0.09943583607673645, -1.1522998809814453
417, 23.91876220703125, 0.09943583607673645, -1.1522998809814453
418, 23.673137664794922, 0.09943583607673645, -1.1057318449020386
419, 23.427513122558594, 0.09943583607673645, -1.0591638088226318
420, 23.181888580322266, 0.09943583607673645, -1.012595772743225
421, 23.181888580322266, 0.09943583607673645, -1.012595772743225
422, 22.992454528808594, 0.09943583607673645, -0.849454402923584
423, 22.992454528808594, 0.09943583607673645, -0.849454402923584
424, 22.992454528808594, 0.09943583607673645, -0.849454402923584
425, 22.992454528808594, 0.09943583607673645, -0.849454402923584
426, 22.992454528808594, 0.09943583607673645, -0.849454402923584
427, 22.992454528808594, 0.09943583607673645, -0.849454402923584
428, 22.992454528808594, 0.09943583607673645, -0.849454402923584
429, 22.992454528808594, 0.09943583607673645, -0.849454402923584
430, 22.992454528808594, 0.09943583607673645, -0.849454402923584
431, 22.992454528808594, 0.09943583607673645, -0.849454402923584
432, 22.992454528808594, 0.09943583607673645, -0.849454402923584
433, 22.992454528808594, 0.09943583607673645, -0.849454402923584
434, 23.238079071044922, 0.09943583607673645, -0.896022379398346
435, 23.48370361328125, 0.09943583607673645, -0.9425903558731079
436, 23.729328155517578, 0.09943583607673645, -0.9891583323478699
437, 23.974952697753906, 0.09943583607673645, -1.0357263088226318
438, 24.220577239990234, 0.09943583607673645, -1.082294225692749
439, 24.220577239990234, 0.09943583607673645, -1.082294225692749
440, 24.220577239990234, 0.09943583607673645, -1.082294225692749
441, 24.383718490600586, 0.09943583607673645, -0.8928611278533936
442, 24.383718490600586, 0.09943583607673645, -0.8928611278533936
443, 24.383718490600586, 0.09943583607673645, -0.8928611278533936
444, 24.383718490600586, 0.09943583607673645, -0.8928611278533936
445, 24.383718490600586, 0.09943583607673645, -0.8928611278533936
446, 24.383718490600586, 0.09943583607673645, -0.8928611278533936
447, 24.147716522216797, 0.09943583607673645, -0.9753443598747253
448, 23.911714553833008, 0.09943583607673645, -1.0578275918960571
449, 23.911714553833008, 0.09943583607673645, -1.0578275918960571
450, 23.66609001159668, 0.09943583607673645, -1.01125967502594
451, 23.42046546936035, 0.09943583607673645, -0.9646917581558228
452, 23.174840927124023, 0.09943583607673645, -0.9181238412857056
453, 23.174840927124023, 0.09943583607673645, -0.9181238412857056
454, 23.174840927124023, 0.09943583607673645, -0.9181238412857056
455, 23.174840927124023, 0.09943583607673645, -0.9181238412857056
456, 23.174840927124023, 0.09943583607673645, -0.9181238412857056
457, 23.174840927124023, 0.09943583607673645, -0.9181238412857056
458, 23.174840927124023, 0.09943583607673645, -0.9181238412857056
459, 23.174840927124023, 0.09943583607673645, -0.9181238412857056
460, 23.174840927124023, 0.09943583607673645, -0.9181238412857056
461, 23.174840927124023, 0.09943583607673645, -0.9181238412857056
462, 23.174840927124023, 0.09943583607673645, -0.9181238412857056
463, 23.174840927124023, 0.09943583607673645, -0.9181238412857056
464, 23.174840927124023, 0.09943583607673645, -0.9181238412857056
465, 23.42046546936035, 0.09943583607673645, -0.9646918177604675
466, 23.66609001159668, 0.09943583607673645, -1.0112597942352295
467, 23.911714553833008, 0.09943583607673645, -1.0578277111053467
468, 24.157339096069336, 0.09943583607673645, -1.1043956279754639
469, 24.157339096069336, 0.09943583607673645, -1.1043956279754639
470, 24.393341064453125, 0.09943583607673645, -1.0219123363494873
471, 24.393341064453125, 0.09943583607673645, -1.0219123363494873
472, 24.393341064453125, 0.09943583607673645, -1.0219123363494873
473, 24.393341064453125, 0.09943583607673645, -1.0219123363494873
474, 24.393341064453125, 0.09943583607673645, -1.0219123363494873
475, 24.393341064453125, 0.09943583607673645, -1.0219123363494873
476, 24.393341064453125, 0.09943583607673645, -1.0219123363494873
477, 24.157339096069336, 0.09943583607673645, -1.1043955087661743
478, 23.921337127685547, 0.09943583607673645, -1.1868786811828613
479, 23.921337127685547, 0.09943583607673645, -1.1868786811828613
480, 23.67571258544922, 0.09943583607673645, -1.1403106451034546
481, 23.43008804321289, 0.09943583607673645, -1.0937426090240479
482, 23.184463500976562, 0.09943583607673645, -1.0471745729446411
483, 23.184463500976562, 0.09943583607673645, -1.0471745729446411
484, 22.99502944946289, 0.09943583607673645, -0.884033203125
485, 22.99502944946289, 0.09943583607673645, -0.884033203125
486, 22.99502944946289, 0.09943583607673645, -0.884033203125
487, 22.99502944946289, 0.09943583607673645, -0.884033203125
488, 22.99502944946289, 0.09943583607673645, -0.884033203125
489, 22.99502944946289, 0.09943583607673645, -0.884033203125
490, 22.99502944946289, 0.09943583607673645, -0.884033203125
491, 22.99502944946289, 0.09943583607673645, -0.884033203125
492, 22.99502944946289, 0.09943583607673645, -0.884033203125
493, 22.99502944946289, 0.09943583607673645, -0.884033203125
494, 22.99502944946289, 0.09943583607673645, -0.884033203125
495, 22.99502944946289, 0.09943583607673645, -0.884033203125
496, 23.24065399169922, 0.09943583607673645, -0.930601179599762
497, 23.486278533935547, 0.09943583607673645, -0.9771691560745239
498, 23.731903076171875, 0.09943583607673645, -1.0237370729446411
499, 23.977527618408203, 0.09943583607673645, -1.0703049898147583
