1, -8.132181167602539, 3.0721640586853027, -3.8248462677001953
2, -8.132181167602539, 3.0721640586853027, -3.8248462677001953
3, -8.132181167602539, 3.0721640586853027, -3.8248462677001953
4, -8.132181167602539, 3.0721640586853027, -3.8248462677001953
5, -8.132181167602539, 3.0721640586853027, -3.8248462677001953
6, -8.132181167602539, 3.0721640586853027, -3.8248462677001953
7, -8.132181167602539, 3.0721640586853027, -3.8248462677001953
8, -8.132181167602539, 3.0721640586853027, -3.8248462677001953
9, -8.132181167602539, 3.0721640586853027, -3.8248462677001953
10, -8.132181167602539, 3.0721640586853027, -3.8248462677001953
11, -8.132181167602539, 3.0721640586853027, -3.8248462677001953
12, -8.132181167602539, 3.0721640586853027, -3.8248462677001953
13, -8.132181167602539, 3.0721640586853027, -3.8248462677001953
14, -8.132181167602539, 3.0721640586853027, -3.8248462677001953
15, -8.132181167602539, 3.0721640586853027, -3.8248462677001953
16, -8.132181167602539, 3.0721640586853027, -3.8248462677001953
17, -8.132181167602539, 3.0721640586853027, -3.8248462677001953
18, -8.132181167602539, 3.0721640586853027, -3.8248462677001953
19, -8.082866668701172, 3.0721640586853027, -3.579758405685425
20, -8.033552169799805, 3.0721640586853027, -3.3346705436706543
21, -7.9842376708984375, 3.0721640586853027, -3.089582681655884
22, -7.93492317199707, 3.0721640586853027, -2.8444948196411133
23, -7.885608673095703, 3.0721640586853027, -2.5994069576263428
24, -7.836294174194336, 3.0721640586853027, -2.3543190956115723
25, -7.836294174194336, 3.0721640586853027, -2.3543190956115723
26, -7.671042442321777, 3.0721640586853027, -2.16672420501709
27, -7.671042442321777, 3.0721640586853027, -2.16672420501709
28, -7.62172794342041, 3.0721640586853027, -1.9216363430023193
29, -7.572413444519043, 3.0721640586853027, -1.6765484809875488
30, -7.523098945617676, 3.0721640586853027, -1.4314606189727783
31, -7.473784446716309, 3.0721640586853027, -1.1863727569580078
32, -7.424469947814941, 3.0721640586853027, -0.9412848949432373
33, -7.375155448913574, 3.0721640586853027, -0.6961970329284668
34, -7.375155448913574, 3.0721640586853027, -0.6961970329284668
35, -7.454991817474365, 3.0721640586853027, -0.4592873752117157
36, -7.534828186035156, 3.0721640586853027, -0.2223777174949646
37, -7.614664554595947, 3.073077917098999, 0.014531940221786499
38, -7.694500923156738, 3.1192362308502197, 0.2514415979385376
39, -7.774337291717529, 3.1653945446014404, 0.4883512556552887
40, -7.85417366027832, 3.1051013469696045, 0.7252609133720398
41, -7.934010028839111, 3.0721640586853027, 0.9621706008911133
42, -8.013846397399902, 3.0721640586853027, 1.199080228805542
43, -8.093682289123535, 3.0721640586853027, 1.4359898567199707
44, -8.093682289123535, 3.0721640586853027, 1.4359898567199707
45, -8.281277656555176, 3.0721640586853027, 1.6012415885925293
46, -8.281277656555176, 3.0721640586853027, 1.6012415885925293
47, -8.526365280151367, 3.0721640586853027, 1.6505563259124756
48, -8.771452903747559, 3.0721640586853027, 1.6998710632324219
49, -9.01654052734375, 3.0721640586853027, 1.7491858005523682
50, -9.261628150939941, 3.0721640586853027, 1.7985005378723145
51, -9.261628150939941, 3.0721640586853027, 1.7985005378723145
52, -9.261628150939941, 3.0721640586853027, 1.7985005378723145
53, -9.261628150939941, 3.0721640586853027, 1.7985005378723145
54, -9.261628150939941, 3.0721640586853027, 1.7985005378723145
55, -9.506715774536133, 3.0721640586853027, 1.8478152751922607
56, -9.506715774536133, 3.0721640586853027, 1.8478152751922607
57, -9.506715774536133, 3.0721640586853027, 1.8478152751922607
58, -9.506715774536133, 3.0721640586853027, 1.8478152751922607
59, -9.506715774536133, 3.0721640586853027, 1.8478152751922607
60, -9.341464042663574, 3.0721640586853027, 2.035410165786743
61, -9.341464042663574, 3.0721640586853027, 2.035410165786743
62, -9.104554176330566, 3.0721640586853027, 2.115246295928955
63, -8.867644309997559, 3.0721640586853027, 2.195082426071167
64, -8.63073444366455, 3.0721640586853027, 2.274918556213379
65, -8.393824577331543, 3.0721640586853027, 2.354754686355591
66, -8.156914710998535, 3.0721640586853027, 2.4345908164978027
67, -8.156914710998535, 3.0721640586853027, 2.4345908164978027
68, -7.991662979125977, 3.0721640586853027, 2.622185707092285
69, -7.826411247253418, 3.0721640586853027, 2.8097805976867676
70, -7.661159515380859, 3.0721640586853027, 2.99737548828125
71, -7.661159515380859, 3.0721640586853027, 2.99737548828125
72, -7.611845016479492, 3.0721640586853027, 3.2424633502960205
73, -7.562530517578125, 3.0721640586853027, 3.487551212310791
74, -7.513216018676758, 3.0721640586853027, 3.7326390743255615
75, -7.463901519775391, 3.0721640586853027, 3.977726936340332
76, -7.463901519775391, 3.0721640586853027, 3.977726936340332
77, -7.463901519775391, 3.0721640586853027, 3.977726936340332
78, -7.463901519775391, 3.0721640586853027, 3.977726936340332
79, -7.463901519775391, 3.0721640586853027, 3.977726936340332
80, -7.463901519775391, 3.0721640586853027, 3.977726936340332
81, -7.463901519775391, 3.0721640586853027, 3.977726936340332
82, -7.463901519775391, 3.0721640586853027, 3.977726936340332
83, -7.463901519775391, 3.0721640586853027, 3.977726936340332
84, -7.414587020874023, 3.0721640586853027, 4.222815036773682
85, -7.365272521972656, 3.0721640586853027, 4.467903137207031
86, -7.315958023071289, 3.0721640586853027, 4.712991237640381
87, -7.266643524169922, 3.0721640586853027, 4.9580793380737305
88, -7.266643524169922, 3.0721640586853027, 4.9580793380737305
89, -7.266643524169922, 3.0721640586853027, 4.9580793380737305
90, -7.266643524169922, 3.0721640586853027, 4.9580793380737305
91, -7.266643524169922, 3.0721640586853027, 4.9580793380737305
92, -7.0790486335754395, 3.0721640586853027, 4.792827606201172
93, -6.891453742980957, 3.0721640586853027, 4.627575874328613
94, -6.703858852386475, 3.0721640586853027, 4.462324142456055
95, -6.516263961791992, 3.0721640586853027, 4.297072410583496
96, -6.32866907119751, 3.0721640586853027, 4.1318206787109375
97, -6.141074180603027, 3.0721640586853027, 3.966568946838379
98, -5.953479290008545, 3.0721640586853027, 3.8013172149658203
99, -5.7658843994140625, 3.0721640586853027, 3.6360654830932617
100, -5.57828950881958, 3.0721640586853027, 3.470813751220703
101, -5.390694618225098, 3.0721640586853027, 3.3055620193481445
102, -5.203099727630615, 3.0721640586853027, 3.140310287475586
103, -5.203099727630615, 3.0721640586853027, 3.140310287475586
104, -4.958012104034424, 3.0721640586853027, 3.0909955501556396
105, -4.958012104034424, 3.0721640586853027, 3.0909955501556396
106, -4.958012104034424, 3.0721640586853027, 3.0909955501556396
107, -4.958012104034424, 3.0721640586853027, 3.0909955501556396
108, -4.958012104034424, 3.0721640586853027, 3.0909955501556396
109, -4.958012104034424, 3.0721640586853027, 3.0909955501556396
110, -4.958012104034424, 3.0721640586853027, 3.0909955501556396
111, -4.958012104034424, 3.0721640586853027, 3.0909955501556396
112, -5.145606994628906, 3.0721640586853027, 3.2562472820281982
113, -5.333201885223389, 3.0721640586853027, 3.421499013900757
114, -5.520796775817871, 3.0721640586853027, 3.5867507457733154
115, -5.7083916664123535, 3.0721640586853027, 3.752002477645874
116, -5.895986557006836, 3.0721640586853027, 3.9172542095184326
117, -6.083581447601318, 3.0721640586853027, 4.08250617980957
118, -6.271176338195801, 3.0721640586853027, 4.247757911682129
119, -6.458771228790283, 3.0721640586853027, 4.4130096435546875
120, -6.646366119384766, 3.0721640586853027, 4.578261375427246
121, -6.646366119384766, 3.0721640586853027, 4.578261375427246
122, -6.646366119384766, 3.0721640586853027, 4.578261375427246
123, -6.646366119384766, 3.0721640586853027, 4.578261375427246
124, -6.646366119384766, 3.0721640586853027, 4.578261375427246
125, -6.646366119384766, 3.0721640586853027, 4.578261375427246
126, -6.401278495788574, 3.0721640586853027, 4.528946876525879
127, -6.401278495788574, 3.0721640586853027, 4.528946876525879
128, -6.213683605194092, 3.0721640586853027, 4.36369514465332
129, -6.026088714599609, 3.0721640586853027, 4.198443412780762
130, -5.838493824005127, 3.0721640586853027, 4.033191680908203
131, -5.6508989334106445, 3.0721640586853027, 3.8679399490356445
132, -5.463304042816162, 3.0721640586853027, 3.702688217163086
133, -5.27570915222168, 3.0721640586853027, 3.5374364852905273
134, -5.088114261627197, 3.0721640586853027, 3.3721847534179688
135, -5.088114261627197, 3.0721640586853027, 3.3721847534179688
136, -4.843026638031006, 3.0721640586853027, 3.3228700160980225
137, -4.5979390144348145, 3.0721640586853027, 3.273555278778076
138, -4.352851390838623, 3.0721640586853027, 3.22424054145813
139, -4.107763767242432, 3.0721640586853027, 3.1749258041381836
140, -3.862675905227661, 3.0721640586853027, 3.1256110668182373
141, -3.862675905227661, 3.0721640586853027, 3.1256110668182373
142, -3.862675905227661, 3.0721640586853027, 3.1256110668182373
143, -3.862675905227661, 3.0721640586853027, 3.1256110668182373
144, -3.862675905227661, 3.0721640586853027, 3.1256110668182373
145, -3.862675905227661, 3.0721640586853027, 3.1256110668182373
146, -3.862675905227661, 3.0721640586853027, 3.1256110668182373
147, -3.6175880432128906, 3.0721640586853027, 3.076296329498291
148, -3.37250018119812, 3.0721640586853027, 3.0269815921783447
149, -3.37250018119812, 3.0721640586853027, 3.0269815921783447
150, -3.37250018119812, 3.0721640586853027, 3.0269815921783447
151, -3.292664051055908, 3.0721640586853027, 2.790071964263916
152, -3.292664051055908, 3.0721640586853027, 2.790071964263916
153, -3.3419787883758545, 3.0721640586853027, 2.5449841022491455
154, -3.3419787883758545, 3.0721640586853027, 2.5449841022491455
155, -3.3419787883758545, 3.0721640586853027, 2.5449841022491455
156, -3.3419787883758545, 3.0721640586853027, 2.5449841022491455
157, -3.3419787883758545, 3.0721640586853027, 2.5449841022491455
158, -3.105069160461426, 3.0721640586853027, 2.6248202323913574
159, -2.868159532546997, 3.0721640586853027, 2.7046563625335693
160, -2.868159532546997, 3.0721640586853027, 2.7046563625335693
161, -2.7029078006744385, 3.0721640586853027, 2.8922512531280518
162, -2.53765606880188, 3.0721640586853027, 3.079846143722534
163, -2.3724043369293213, 3.0721640586853027, 3.2674410343170166
164, -2.3724043369293213, 3.0721640586853027, 3.2674410343170166
165, -2.323089599609375, 3.0721640586853027, 3.512528896331787
166, -2.2737748622894287, 3.0721640586853027, 3.7576167583465576
167, -2.2737748622894287, 3.0721640586853027, 3.7576167583465576
168, -2.10852313041687, 3.0721640586853027, 3.94521164894104
169, -2.10852313041687, 3.0721640586853027, 3.94521164894104
170, -2.059208393096924, 3.0721640586853027, 4.1902995109558105
171, -2.0098936557769775, 3.0721640586853027, 4.43538761138916
172, -2.0098936557769775, 3.0721640586853027, 4.43538761138916
173, -2.0897297859191895, 3.0721640586853027, 4.672297477722168
174, -2.1695659160614014, 3.0721640586853027, 4.909207344055176
175, -2.2494020462036133, 3.0721640586853027, 5.146117210388184
176, -2.329238176345825, 3.0721640586853027, 5.383027076721191
177, -2.329238176345825, 3.0721640586853027, 5.383027076721191
178, -2.5168330669403076, 3.0721640586853027, 5.54827880859375
179, -2.5168330669403076, 3.0721640586853027, 5.54827880859375
180, -2.5168330669403076, 3.0721640586853027, 5.54827880859375
181, -2.5168330669403076, 3.0721640586853027, 5.54827880859375
182, -2.5168330669403076, 3.0721640586853027, 5.54827880859375
183, -2.5168330669403076, 3.0721640586853027, 5.54827880859375
184, -2.5168330669403076, 3.0721640586853027, 5.54827880859375
185, -2.279923439025879, 3.0721640586853027, 5.628115177154541
186, -2.04301381111145, 3.0721640586853027, 5.707951545715332
187, -2.04301381111145, 3.0721640586853027, 5.707951545715332
188, -1.8777620792388916, 3.0721640586853027, 5.8955464363098145
189, -1.712510347366333, 3.0721640586853027, 6.083141326904297
190, -1.712510347366333, 3.0721640586853027, 6.083141326904297
191, -1.6631956100463867, 3.0721640586853027, 6.3282294273376465
192, -1.6138808727264404, 3.0721640586853027, 6.573317527770996
193, -1.5645661354064941, 3.0721640586853027, 6.818405628204346
194, -1.5152513980865479, 3.0721640586853027, 7.063493728637695
195, -1.4659366607666016, 3.0721640586853027, 7.308581829071045
196, -1.4659366607666016, 3.0721640586853027, 7.308581829071045
197, -1.4659366607666016, 3.0721640586853027, 7.308581829071045
198, -1.4659366607666016, 3.0721640586853027, 7.308581829071045
199, -1.4659366607666016, 3.0721640586853027, 7.308581829071045
200, -1.4659366607666016, 3.0721640586853027, 7.308581829071045
201, -1.6311883926391602, 3.0721640586853027, 7.1209869384765625
202, -1.6311883926391602, 3.0721640586853027, 7.1209869384765625
203, -1.6805031299591064, 3.0721640586853027, 6.875899314880371
204, -1.7298178672790527, 3.0721640586853027, 6.63081169128418
205, -1.779132604598999, 3.0721640586853027, 6.385724067687988
206, -1.8037824630737305, 3.0721640586853027, 6.263217449188232
207, -1.8037824630737305, 3.0721640586853027, 6.263217449188232
208, -1.8037824630737305, 3.0721640586853027, 6.263217449188232
209, -1.8037824630737305, 3.0721640586853027, 6.263217449188232
210, -1.8037824630737305, 3.0721640586853027, 6.263217449188232
211, -1.8037824630737305, 3.0721640586853027, 6.263217449188232
212, -1.7239463329315186, 3.0721640586853027, 6.026307582855225
213, -1.7239463329315186, 3.0721640586853027, 6.026307582855225
214, -1.7239463329315186, 3.0721640586853027, 6.026307582855225
215, -1.8891980648040771, 3.0721640586853027, 5.838712692260742
216, -2.0544497966766357, 3.0721640586853027, 5.65111780166626
217, -2.0544497966766357, 3.0721640586853027, 5.65111780166626
218, -2.103764533996582, 3.0721640586853027, 5.40602970123291
219, -2.1530792713165283, 3.0721640586853027, 5.160942077636719
220, -2.2023940086364746, 3.0721640586853027, 4.915854454040527
221, -2.2023940086364746, 3.0721640586853027, 4.915854454040527
222, -2.1225578784942627, 3.0721640586853027, 4.6789445877075195
223, -2.1225578784942627, 3.0721640586853027, 4.6789445877075195
224, -1.9349628686904907, 3.0721640586853027, 4.513692855834961
225, -1.9349628686904907, 3.0721640586853027, 4.513692855834961
226, -1.6898750066757202, 3.0721640586853027, 4.464378356933594
227, -1.6898750066757202, 3.0721640586853027, 4.464378356933594
228, -1.4529653787612915, 3.0721640586853027, 4.544214725494385
229, -1.2160557508468628, 3.0721640586853027, 4.624051094055176
230, -0.9791460633277893, 3.0721640586853027, 4.703887462615967
231, -0.9791460633277893, 3.0721640586853027, 4.703887462615967
232, -0.7340582013130188, 3.0721640586853027, 4.6545729637146
233, -0.4889703392982483, 3.0721640586853027, 4.605258464813232
234, -0.2438824623823166, 3.0721640586853027, 4.555943965911865
235, 0.0012054145336151123, 3.0721640586853027, 4.506629467010498
236, 0.24629329144954681, 3.0721640586853027, 4.457314968109131
237, 0.4913811683654785, 3.0721640586853027, 4.408000469207764
238, 0.736469030380249, 3.0721640586853027, 4.3586859703063965
239, 0.736469030380249, 3.0721640586853027, 4.3586859703063965
240, 0.9733787178993225, 3.0721640586853027, 4.4385223388671875
241, 1.210288405418396, 3.0721640586853027, 4.5183587074279785
242, 1.4471980333328247, 3.0721640586853027, 4.5981950759887695
243, 1.6841076612472534, 3.0721640586853027, 4.6780314445495605
244, 1.6841076612472534, 3.0721640586853027, 4.6780314445495605
245, 1.6841076612472534, 3.0721640586853027, 4.6780314445495605
246, 1.6841076612472534, 3.0721640586853027, 4.6780314445495605
247, 1.6841076612472534, 3.0721640586853027, 4.6780314445495605
248, 1.6841076612472534, 3.0721640586853027, 4.6780314445495605
249, 1.6841076612472534, 3.0721640586853027, 4.6780314445495605
250, 1.4471979141235352, 3.0721640586853027, 4.598195552825928
251, 1.4471979141235352, 3.0721640586853027, 4.598195552825928
252, 1.4471979141235352, 3.0721640586853027, 4.598195552825928
253, 1.4471979141235352, 3.0721640586853027, 4.598195552825928
254, 1.4471979141235352, 3.0721640586853027, 4.598195552825928
255, 1.4471979141235352, 3.0721640586853027, 4.598195552825928
256, 1.6124496459960938, 3.0721640586853027, 4.78579044342041
257, 1.643869400024414, 3.0721640586853027, 4.821458339691162
258, 1.643869400024414, 3.0721640586853027, 4.821458339691162
259, 1.643869400024414, 3.0721640586853027, 4.821458339691162
260, 1.643869400024414, 3.0721640586853027, 4.821458339691162
261, 1.643869400024414, 3.0721640586853027, 4.821458339691162
262, 1.8807790279388428, 3.0721640586853027, 4.901294708251953
263, 1.8807790279388428, 3.0721640586853027, 4.901294708251953
264, 2.1258668899536133, 3.0721640586853027, 4.851980209350586
265, 2.1258668899536133, 3.0721640586853027, 4.851980209350586
266, 2.1258668899536133, 3.0721640586853027, 4.851980209350586
267, 2.291118621826172, 3.0721640586853027, 5.039575099945068
268, 2.291118621826172, 3.0721640586853027, 5.039575099945068
269, 2.291118621826172, 3.0721640586853027, 5.039575099945068
270, 2.21128249168396, 3.0721640586853027, 5.276484966278076
271, 2.131446361541748, 3.0721640586853027, 5.513394832611084
272, 2.051610231399536, 3.0721640586853027, 5.750304698944092
273, 2.051610231399536, 3.0721640586853027, 5.750304698944092
274, 1.8640153408050537, 3.0721640586853027, 5.91555643081665
275, 1.6764204502105713, 3.0721640586853027, 6.080808162689209
276, 1.6764204502105713, 3.0721640586853027, 6.080808162689209
277, 1.4313325881958008, 3.0721640586853027, 6.130122661590576
278, 1.1862447261810303, 3.0721640586853027, 6.179437160491943
279, 0.9411568641662598, 3.0721640586853027, 6.2287516593933105
280, 0.6960690021514893, 3.0721640586853027, 6.278066158294678
281, 0.45098114013671875, 3.0721640586853027, 6.327380657196045
282, 0.45098114013671875, 3.0721640586853027, 6.327380657196045
283, 0.45098114013671875, 3.0721640586853027, 6.327380657196045
284, 0.43708938360214233, 3.0721640586853027, 6.368603706359863
285, 0.43708938360214233, 3.0721640586853027, 6.368603706359863
286, 0.24949443340301514, 3.0721640586853027, 6.533855438232422
287, 0.24949443340301514, 3.0721640586853027, 6.533855438232422
288, 0.16965830326080322, 3.0721640586853027, 6.77076530456543
289, 0.16965830326080322, 3.0721640586853027, 6.77076530456543
290, 0.16965830326080322, 3.0721640586853027, 6.77076530456543
291, 0.16965830326080322, 3.0721640586853027, 6.77076530456543
292, 0.16965830326080322, 3.0721640586853027, 6.77076530456543
293, 0.16965830326080322, 3.0721640586853027, 6.77076530456543
294, 0.16965830326080322, 3.0721640586853027, 6.77076530456543
295, 0.24949443340301514, 3.0721640586853027, 6.533855438232422
296, 0.32933056354522705, 3.0721640586853027, 6.296945571899414
297, 0.32933056354522705, 3.0721640586853027, 6.296945571899414
298, 0.5169255137443542, 3.0721640586853027, 6.1316938400268555
299, 0.5169255137443542, 3.0721640586853027, 6.1316938400268555
300, 0.7620133757591248, 3.0721640586853027, 6.082379341125488
301, 1.0071011781692505, 3.0721640586853027, 6.033064842224121
302, 1.0071011781692505, 3.0721640586853027, 6.033064842224121
303, 1.2440109252929688, 3.0721640586853027, 6.112901210784912
304, 1.4809205532073975, 3.0721640586853027, 6.192737579345703
305, 1.4809205532073975, 3.0721640586853027, 6.192737579345703
306, 1.726008415222168, 3.0721640586853027, 6.143423080444336
307, 1.726008415222168, 3.0721640586853027, 6.143423080444336
308, 1.9136033058166504, 3.0721640586853027, 5.978171348571777
309, 1.9136033058166504, 3.0721640586853027, 5.978171348571777
310, 1.9934394359588623, 3.0721640586853027, 5.7412614822387695
311, 1.9934394359588623, 3.0721640586853027, 5.7412614822387695
312, 1.944124698638916, 3.0721640586853027, 5.496173858642578
313, 1.8948099613189697, 3.0721640586853027, 5.251086235046387
314, 1.8454952239990234, 3.0721640586853027, 5.005998611450195
315, 1.8454952239990234, 3.0721640586853027, 5.005998611450195
316, 1.6802434921264648, 3.0721640586853027, 4.818403720855713
317, 1.5149917602539062, 3.0721640586853027, 4.6308088302612305
318, 1.5149917602539062, 3.0721640586853027, 4.6308088302612305
319, 1.2780821323394775, 3.0721640586853027, 4.550972938537598
320, 1.0411725044250488, 3.0721640586853027, 4.471137046813965
321, 0.8042628169059753, 3.0721640586853027, 4.391301155090332
322, 0.5673531293869019, 3.0721640586853027, 4.311465263366699
323, 0.5673531293869019, 3.0721640586853027, 4.311465263366699
324, 0.32226526737213135, 3.0721640586853027, 4.360779762268066
325, 0.07717742025852203, 3.0721640586853027, 4.410094261169434
326, -0.16791042685508728, 3.0721640586853027, 4.459408760070801
327, -0.4129982590675354, 3.0721640586853027, 4.508723258972168
328, -0.6580861210823059, 3.0721640586853027, 4.558037757873535
329, -0.9031739830970764, 3.0721640586853027, 4.607352256774902
330, -0.9031739830970764, 3.0721640586853027, 4.607352256774902
331, -1.14008367061615, 3.0721640586853027, 4.5275163650512695
332, -1.3769934177398682, 3.0721640586853027, 4.447680473327637
333, -1.6139030456542969, 3.0721640586853027, 4.367844581604004
334, -1.6139030456542969, 3.0721640586853027, 4.367844581604004
335, -1.7791547775268555, 3.0721640586853027, 4.1802496910095215
336, -1.944406509399414, 3.0721640586853027, 3.992654800415039
337, -2.1096582412719727, 3.0721640586853027, 3.8050599098205566
338, -2.2749099731445312, 3.0721640586853027, 3.617465019226074
339, -2.44016170501709, 3.0721640586853027, 3.429870128631592
340, -2.6054134368896484, 3.0721640586853027, 3.2422752380371094
341, -2.770665168762207, 3.0721640586853027, 3.054680347442627
342, -2.9359169006347656, 3.0721640586853027, 2.8670854568481445
343, -3.101168632507324, 3.0721640586853027, 2.679490566253662
344, -3.266420364379883, 3.0721640586853027, 2.4918956756591797
345, -3.4316720962524414, 3.0721640586853027, 2.3043007850646973
346, -3.596923828125, 3.0721640586853027, 2.116705894470215
347, -3.7621755599975586, 3.0721640586853027, 1.9291110038757324
348, -3.927427291870117, 3.0721640586853027, 1.74151611328125
349, -3.927427291870117, 3.0721640586853027, 1.74151611328125
350, -3.9767420291900635, 3.0721640586853027, 1.4964282512664795
351, -3.9767420291900635, 3.0721640586853027, 1.4964282512664795
352, -3.9767420291900635, 3.0721640586853027, 1.4964282512664795
353, -4.02605676651001, 3.0721640586853027, 1.251340389251709
354, -4.02605676651001, 3.0721640586853027, 1.251340389251709
355, -4.191308498382568, 3.0721640586853027, 1.0637454986572266
356, -4.356560230255127, 3.0721640586853027, 0.8761505484580994
357, -4.356560230255127, 3.0721640586853027, 0.8761505484580994
358, -4.356560230255127, 3.0721640586853027, 0.8761505484580994
359, -4.356560230255127, 3.0721640586853027, 0.8761505484580994
360, -4.593470096588135, 3.0721640586853027, 0.7963144183158875
361, -4.593470096588135, 3.0721640586853027, 0.7963144183158875
362, -4.758721828460693, 3.0721640586853027, 0.6087194681167603
363, -4.923973560333252, 3.0721640586853027, 0.42112451791763306
364, -5.0892252922058105, 3.0721640586853027, 0.23352956771850586
365, -5.254477024078369, 3.0721640586853027, 0.04593461751937866
366, -5.254477024078369, 3.0721640586853027, 0.04593461751937866
367, -5.491386890411377, 3.0721640586853027, -0.03390149772167206
368, -5.491386890411377, 3.0721640586853027, -0.03390149772167206
369, -5.491386890411377, 3.0721640586853027, -0.03390149772167206
370, -5.491386890411377, 3.0721640586853027, -0.03390149772167206
371, -5.491386890411377, 3.0721640586853027, -0.03390149772167206
372, -5.491386890411377, 3.0721640586853027, -0.03390149772167206
373, -5.491386890411377, 3.0721640586853027, -0.03390149772167206
374, -5.254477024078369, 3.0721640586853027, 0.045934662222862244
375, -5.017567157745361, 3.0721640586853027, 0.12577082216739655
376, -5.017567157745361, 3.0721640586853027, 0.12577082216739655
377, -4.852315425872803, 3.0721640586853027, 0.3133658170700073
378, -4.852315425872803, 3.0721640586853027, 0.3133658170700073
379, -4.852315425872803, 3.0721640586853027, 0.3133658170700073
380, -4.687063694000244, 3.0721640586853027, 0.5009608268737793
381, -4.5218119621276855, 3.0721640586853027, 0.6885558366775513
382, -4.5218119621276855, 3.0721640586853027, 0.6885558366775513
383, -4.284902095794678, 3.0721640586853027, 0.7683919668197632
384, -4.04799222946167, 3.0721640586853027, 0.8482280969619751
385, -3.811082601547241, 3.0721640586853027, 0.928064227104187
386, -3.811082601547241, 3.0721640586853027, 0.928064227104187
387, -3.5659947395324707, 3.0721640586853027, 0.8787494897842407
388, -3.3209068775177, 3.0721640586853027, 0.8294347524642944
389, -3.0758190155029297, 3.0721640586853027, 0.7801200151443481
390, -2.830731153488159, 3.0721640586853027, 0.7308052778244019
391, -2.5856432914733887, 3.0721640586853027, 0.6814905405044556
392, -2.340555429458618, 3.0721640586853027, 0.6321758031845093
393, -2.340555429458618, 3.0721640586853027, 0.6321758031845093
394, -2.340555429458618, 3.0721640586853027, 0.6321758031845093
395, -2.340555429458618, 3.0721640586853027, 0.6321758031845093
396, -2.340555429458618, 3.0721640586853027, 0.6321758031845093
397, -2.340555429458618, 3.0721640586853027, 0.6321758031845093
398, -2.340555429458618, 3.0721640586853027, 0.6321758031845093
399, -2.340555429458618, 3.0721640586853027, 0.6321758031845093
400, -2.340555429458618, 3.0721640586853027, 0.6321758031845093
401, -2.340555429458618, 3.0721640586853027, 0.6321758031845093
402, -2.340555429458618, 3.0721640586853027, 0.6321758031845093
403, -2.340555429458618, 3.0721640586853027, 0.6321758031845093
404, -2.340555429458618, 3.0721640586853027, 0.6321758031845093
405, -2.340555429458618, 3.0721640586853027, 0.6321758031845093
406, -2.340555429458618, 3.0721640586853027, 0.6321758031845093
407, -2.340555429458618, 3.0721640586853027, 0.6321758031845093
408, -2.5281503200531006, 3.0721640586853027, 0.7974275350570679
409, -2.5281503200531006, 3.0721640586853027, 0.7974275350570679
410, -2.773238182067871, 3.0721640586853027, 0.8467422723770142
411, -3.0183260440826416, 3.0721640586853027, 0.8960570096969604
412, -3.263413906097412, 3.0721640586853027, 0.9453717470169067
413, -3.263413906097412, 3.0721640586853027, 0.9453717470169067
414, -3.4510087966918945, 3.0721640586853027, 1.1106234788894653
415, -3.638603687286377, 3.0721640586853027, 1.275875210762024
416, -3.8261985778808594, 3.0721640586853027, 1.4411269426345825
417, -3.8261985778808594, 3.0721640586853027, 1.4411269426345825
418, -3.9060347080230713, 3.0721640586853027, 1.6780365705490112
419, -3.985870838165283, 3.0721640586853027, 1.91494619846344
420, -3.985870838165283, 3.0721640586853027, 1.91494619846344
421, -3.936556100845337, 3.0721640586853027, 2.1600341796875
422, -3.936556100845337, 3.0721640586853027, 2.1600341796875
423, -3.7713043689727783, 3.0721640586853027, 2.3476290702819824
424, -3.7713043689727783, 3.0721640586853027, 2.3476290702819824
425, -3.7713043689727783, 3.0721640586853027, 2.3476290702819824
426, -3.7713043689727783, 3.0721640586853027, 2.3476290702819824
427, -3.5343947410583496, 3.0721640586853027, 2.4274652004241943
428, -3.297485113143921, 3.0721640586853027, 2.5073013305664062
429, -3.297485113143921, 3.0721640586853027, 2.5073013305664062
430, -3.1322333812713623, 3.0721640586853027, 2.6948962211608887
431, -2.9669816493988037, 3.0721640586853027, 2.882491111755371
432, -2.801729917526245, 3.0721640586853027, 3.0700860023498535
433, -2.6364781856536865, 3.0721640586853027, 3.257680892944336
434, -2.471226453781128, 3.0721640586853027, 3.4452757835388184
435, -2.3059747219085693, 3.0721640586853027, 3.632870674133301
436, -2.1407229900360107, 3.0721640586853027, 3.820465564727783
437, -1.9754712581634521, 3.0721640586853027, 4.008060455322266
438, -1.8102195262908936, 3.0721640586853027, 4.195655345916748
439, -1.8102195262908936, 3.0721640586853027, 4.195655345916748
440, -1.5733098983764648, 3.0721640586853027, 4.275491714477539
441, -1.3364002704620361, 3.0721640586853027, 4.35532808303833
442, -1.0994906425476074, 3.0721640586853027, 4.435164451599121
443, -0.8625809550285339, 3.0721640586853027, 4.515000820159912
444, -0.6256712675094604, 3.0721640586853027, 4.594837188720703
445, -0.38876157999038696, 3.0721640586853027, 4.674673557281494
446, -0.38876157999038696, 3.0721640586853027, 4.674673557281494
447, -0.14367373287677765, 3.0721640586853027, 4.625359058380127
448, 0.10141411423683167, 3.0721640586853027, 4.57604455947876
449, 0.3465019464492798, 3.0721640586853027, 4.526730060577393
450, 0.5915898084640503, 3.0721640586853027, 4.477415561676025
451, 0.8366776704788208, 3.0721640586853027, 4.428101062774658
452, 0.8366776704788208, 3.0721640586853027, 4.428101062774658
453, 1.073587417602539, 3.0721640586853027, 4.507937431335449
454, 1.3104970455169678, 3.0721640586853027, 4.58777379989624
455, 1.5474066734313965, 3.0721640586853027, 4.667610168457031
456, 1.7843163013458252, 3.0721640586853027, 4.747446537017822
457, 2.021225929260254, 3.0721640586853027, 4.827282905578613
458, 2.2581355571746826, 3.0721640586853027, 4.907119274139404
459, 2.2581355571746826, 3.0721640586853027, 4.907119274139404
460, 2.2581355571746826, 3.0721640586853027, 4.907119274139404
461, 2.2581355571746826, 3.0721640586853027, 4.907119274139404
462, 2.2581355571746826, 3.0721640586853027, 4.907119274139404
463, 2.2581355571746826, 3.0721640586853027, 4.907119274139404
464, 2.092883825302124, 3.0721640586853027, 4.719524383544922
465, 2.092883825302124, 3.0721640586853027, 4.719524383544922
466, 1.8559741973876953, 3.0721640586853027, 4.639688491821289
467, 1.6190645694732666, 3.0721640586853027, 4.559852600097656
468, 1.382154941558838, 3.0721640586853027, 4.480016708374023
469, 1.3156459331512451, 3.0721640586853027, 4.457603931427002
470, 1.3156459331512451, 3.0721640586853027, 4.457603931427002
471, 1.3156459331512451, 3.0721640586853027, 4.457603931427002
472, 1.0705580711364746, 3.0721640586853027, 4.506918430328369
473, 0.8254702091217041, 3.0721640586853027, 4.556232929229736
474, 0.5803823471069336, 3.0721640586853027, 4.6055474281311035
475, 0.3352944850921631, 3.0721640586853027, 4.654861927032471
476, 0.09903895854949951, 3.0721640586853027, 4.702399253845215
477, 0.09903860092163086, 3.0721640586853027, 4.702399253845215
478, 0.09903860092163086, 3.0721640586853027, 4.702399253845215
479, -0.13787108659744263, 3.0721640586853027, 4.622563362121582
480, -0.3747807741165161, 3.0721640586853027, 4.542727470397949
481, -0.6116904616355896, 3.0721640586853027, 4.462891578674316
482, -0.6116904616355896, 3.0721640586853027, 4.462891578674316
483, -0.8567783236503601, 3.0721640586853027, 4.512206077575684
484, -1.1018661260604858, 3.0721640586853027, 4.561520576477051
485, -1.1018661260604858, 3.0721640586853027, 4.561520576477051
486, -1.338775873184204, 3.0721640586853027, 4.481684684753418
487, -1.5756855010986328, 3.0721640586853027, 4.401848793029785
488, -1.5756855010986328, 3.0721640586853027, 4.401848793029785
489, -1.7409372329711914, 3.0721640586853027, 4.214253902435303
490, -1.90618896484375, 3.0721640586853027, 4.02665901184082
491, -2.0714406967163086, 3.0721640586853027, 3.839064121246338
492, -2.236692428588867, 3.0721640586853027, 3.6514692306518555
493, -2.401944160461426, 3.0721640586853027, 3.463874340057373
494, -2.5671958923339844, 3.0721640586853027, 3.2762794494628906
495, -2.732447624206543, 3.0721640586853027, 3.088684558868408
496, -2.8976993560791016, 3.0721640586853027, 2.901089668273926
497, -3.06295108795166, 3.0721640586853027, 2.7134947776794434
498, -3.2282028198242188, 3.0721640586853027, 2.525899887084961
499, -3.3934545516967773, 3.0721640586853027, 2.3383049964904785
