1, 10.9348726272583, 0.07754743099212646, 0.0748298168182373
2, 10.9348726272583, 0.07754743099212646, 0.0748298168182373
3, 10.9348726272583, 0.07754743099212646, 0.0748298168182373
4, 10.9348726272583, 0.07754743099212646, 0.0748298168182373
5, 10.9348726272583, 0.07754743099212646, 0.0748298168182373
6, 10.9348726272583, 0.07754743099212646, 0.0748298168182373
7, 10.9348726272583, 0.07754743099212646, 0.0748298168182373
8, 10.9348726272583, 0.07754743099212646, 0.0748298168182373
9, 10.9348726272583, 0.07754743099212646, 0.0748298168182373
10, 10.9348726272583, 0.07754743099212646, 0.0748298168182373
11, 10.9348726272583, 0.07754743099212646, 0.0748298168182373
12, 10.9348726272583, 0.07754743099212646, 0.0748298168182373
13, 10.9348726272583, 0.07754743099212646, 0.0748298168182373
14, 10.9348726272583, 0.07754743099212646, 0.0748298168182373
15, 11.162823677062988, 0.07754743099212646, 0.17748576402664185
16, 11.162823677062988, 0.07754743099212646, 0.17748576402664185
17, 11.308907508850098, 0.07754743099212646, 0.3803640305995941
18, 11.308907508850098, 0.07754743099212646, 0.3803640305995941
19, 11.333980560302734, 0.07754743099212646, 0.6291036009788513
20, 11.359053611755371, 0.07754743099212646, 0.8778431415557861
21, 11.384126663208008, 0.07754743099212646, 1.1265827417373657
22, 11.409199714660645, 0.07754743099212646, 1.3753223419189453
23, 11.409199714660645, 0.07754743099212646, 1.3753223419189453
24, 11.306543350219727, 0.07754743099212646, 1.603273630142212
25, 11.203886985778809, 0.07754743099212646, 1.8312249183654785
26, 11.10123062133789, 0.07754743099212646, 2.059176206588745
27, 10.998574256896973, 0.07754743099212646, 2.2871274948120117
28, 10.998574256896973, 0.07754743099212646, 2.2871274948120117
29, 10.795696258544922, 0.07754743099212646, 2.433211088180542
30, 10.795696258544922, 0.07754743099212646, 2.433211088180542
31, 10.546957015991211, 0.08727692067623138, 2.4582841396331787
32, 10.473950386047363, 0.15230858325958252, 2.4656434059143066
33, 10.473950386047363, 0.15230858325958252, 2.4656434059143066
34, 10.473950386047363, 0.15230858325958252, 2.4656434059143066
35, 10.473949432373047, 0.1523093283176422, 2.4656434059143066
36, 10.473949432373047, 0.1523093283176422, 2.4656434059143066
37, 10.473949432373047, 0.1523093283176422, 2.4656434059143066
38, 10.473949432373047, 0.1523093283176422, 2.4656434059143066
39, 10.473949432373047, 0.1523093283176422, 2.4656434059143066
40, 10.271071434020996, 0.2595446705818176, 2.611726999282837
41, 10.271071434020996, 0.2595446705818176, 2.611726999282837
42, 10.271071434020996, 0.2595446705818176, 2.611726999282837
43, 10.271071434020996, 0.2595446705818176, 2.611726999282837
44, 10.169708251953125, 0.2775474488735199, 2.4709560871124268
45, 10.169708251953125, 0.2775474488735199, 2.4709558486938477
46, 10.169708251953125, 0.2775474488735199, 2.4709558486938477
47, 9.941757202148438, 0.17544114589691162, 2.368299961090088
48, 9.941757202148438, 0.17544114589691162, 2.368299961090088
49, 9.941757202148438, 0.17544114589691162, 2.368299961090088
50, 9.9166841506958, 0.07754743099212646, 2.119560480117798
51, 9.891611099243164, 0.15813906490802765, 1.8708209991455078
52, 9.891611099243164, 0.15813906490802765, 1.8708209991455078
53, 9.745527267456055, 0.07754743099212646, 1.667942762374878
54, 9.599443435668945, 0.07754743099212646, 1.465064525604248
55, 9.599443435668945, 0.07754743099212646, 1.465064525604248
56, 9.371492385864258, 0.07754743099212646, 1.3624087572097778
57, 9.371492385864258, 0.07754743099212646, 1.3624087572097778
58, 9.122753143310547, 0.07754743099212646, 1.387481927871704
59, 8.874013900756836, 0.07754743099212646, 1.4125550985336304
60, 11.349130630493164, 0.07754743099212646, 6.760801792144775
