1, 1.4124560356140137, 2.0644748210906982, 5.749467849731445
2, 1.4124560356140137, 2.0644748210906982, 5.749467849731445
3, 1.4124560356140137, 2.0644748210906982, 5.749467849731445
4, 1.4124560356140137, 2.0644748210906982, 5.749467849731445
5, 1.4124560356140137, 2.0644748210906982, 5.749467849731445
6, 1.4124560356140137, 2.0644748210906982, 5.749467849731445
7, 1.4124560356140137, 2.0644748210906982, 5.749467849731445
8, 1.4124560356140137, 2.0644748210906982, 5.749467849731445
9, 1.4124560356140137, 2.0644748210906982, 5.749467849731445
10, 1.4124560356140137, 2.0644748210906982, 5.749467849731445
11, 1.4124560356140137, 2.0644748210906982, 5.749467849731445
12, 1.4124560356140137, 2.0644748210906982, 5.749467849731445
13, 1.4124560356140137, 2.0644748210906982, 5.749467849731445
14, 1.4124560356140137, 2.0644748210906982, 5.749467849731445
15, 1.2202707529067993, 2.0644748210906982, 5.589577674865723
16, 1.2202707529067993, 2.0644748210906982, 5.589577674865723
17, 1.1337783336639404, 2.0644748210906982, 5.355016231536865
18, 1.1337783336639404, 2.0644748210906982, 5.355016231536865
19, 1.1761544942855835, 2.0644748210906982, 5.108633995056152
20, 1.2185306549072266, 2.0644748210906982, 4.8622517585754395
21, 1.2609068155288696, 2.0644748210906982, 4.615869522094727
22, 1.2609068155288696, 2.0644748210906982, 4.615869522094727
23, 1.4207967519760132, 2.0644748210906982, 4.423684120178223
24, 1.5806866884231567, 2.0644748210906982, 4.231498718261719
25, 1.7405766248703003, 2.0644748210906982, 4.039313316345215
26, 1.9004665613174438, 2.0644748210906982, 3.847127914428711
27, 2.060356616973877, 2.0644748210906982, 3.654942512512207
28, 2.2202465534210205, 2.0644748210906982, 3.462757110595703
29, 2.380136489868164, 2.0644748210906982, 3.270571708679199
30, 2.380136489868164, 2.0644748210906982, 3.270571708679199
31, 2.6146979331970215, 2.0644748210906982, 3.18407940864563
32, 2.6146979331970215, 2.0644748210906982, 3.18407940864563
33, 2.8610804080963135, 2.0644748210906982, 3.2264556884765625
34, 3.1074628829956055, 2.0644748210906982, 3.268831729888916
35, 3.1074628829956055, 2.0644748210906982, 3.268831729888916
36, 3.1074628829956055, 2.0644748210906982, 3.268831729888916
37, 3.3538453578948975, 2.0644748210906982, 3.3112077713012695
38, 3.3538453578948975, 2.0644748210906982, 3.3112077713012695
39, 3.588406801223755, 2.0644748210906982, 3.2247154712677
40, 3.8229682445526123, 2.0644748210906982, 3.138223171234131
41, 4.057529926300049, 2.0644748210906982, 3.0517308712005615
42, 4.292091369628906, 2.0644748210906982, 2.965238571166992
43, 4.292091369628906, 2.0644748210906982, 2.965238571166992
44, 4.538473606109619, 2.0644748210906982, 3.0076146125793457
45, 4.784855842590332, 2.0644748210906982, 3.049990653991699
46, 5.031238079071045, 2.0644748210906982, 3.0923666954040527
47, 5.277620315551758, 2.0644748210906982, 3.1347427368164062
48, 5.524002552032471, 2.0644748210906982, 3.1771187782287598
49, 5.770384788513184, 2.0644748210906982, 3.2194948196411133
50, 6.0167670249938965, 2.0644748210906982, 3.261870861053467
51, 6.0167670249938965, 2.0644748210906982, 3.261870861053467
52, 6.2089524269104, 2.0644748210906982, 3.4217607975006104
53, 6.401137828826904, 2.0644748210906982, 3.581650733947754
54, 6.593323230743408, 2.0644748210906982, 3.7415406703948975
55, 6.785508632659912, 2.0644748210906982, 3.901430606842041
56, 6.977694034576416, 2.0644748210906982, 4.061320781707764
57, 6.977694034576416, 2.0644748210906982, 4.061320781707764
58, 7.0641865730285645, 2.0644748210906982, 4.295882225036621
59, 7.150679111480713, 2.0644748210906982, 4.5304436683654785
60, 7.150679111480713, 2.0644748210906982, 4.5304436683654785
61, 7.342864513397217, 2.0644748210906982, 4.690333843231201
62, 7.535049915313721, 2.0644748210906982, 4.850224018096924
63, 7.535049915313721, 2.0644748210906982, 4.850224018096924
64, 7.535049915313721, 2.0644748210906982, 4.850224018096924
65, 7.535049915313721, 2.0644748210906982, 4.850224018096924
66, 7.535049915313721, 2.0644748210906982, 4.850224018096924
67, 7.535049915313721, 2.0644748210906982, 4.850224018096924
68, 7.535049915313721, 2.0644748210906982, 4.850224018096924
69, 7.535049915313721, 2.0644748210906982, 4.850224018096924
70, 7.535049915313721, 2.0644748210906982, 4.850224018096924
71, 7.535049915313721, 2.0644748210906982, 4.850224018096924
72, 7.535049915313721, 2.0644748210906982, 4.850224018096924
73, 7.535049915313721, 2.0644748210906982, 4.850224018096924
74, 7.535049915313721, 2.0644748210906982, 4.850224018096924
75, 7.342864513397217, 2.0644748210906982, 4.690333843231201
76, 7.342864513397217, 2.0644748210906982, 4.690333843231201
77, 7.256371974945068, 2.0644748210906982, 4.455772399902344
78, 7.16987943649292, 2.0644748210906982, 4.221210956573486
79, 7.0833868980407715, 2.0644748210906982, 3.986649513244629
80, 7.0833868980407715, 2.0644748210906982, 3.986649513244629
81, 7.125762939453125, 2.0644748210906982, 3.740267276763916
82, 7.1681389808654785, 2.0644748210906982, 3.493885040283203
83, 7.210515022277832, 2.0644748210906982, 3.2475028038024902
84, 7.2528910636901855, 2.0644748210906982, 3.0011205673217773
85, 7.295267105102539, 2.0644748210906982, 2.7547383308410645
86, 7.295267105102539, 2.0644748210906982, 2.7547383308410645
87, 7.295267105102539, 2.0644748210906982, 2.7547383308410645
88, 7.295267105102539, 2.0644748210906982, 2.7547383308410645
89, 7.295267105102539, 2.0644748210906982, 2.7547383308410645
90, 7.295267105102539, 2.0644748210906982, 2.7547383308410645
91, 7.295267105102539, 2.0644748210906982, 2.7547383308410645
92, 7.295267105102539, 2.0644748210906982, 2.7547383308410645
93, 7.295267105102539, 2.0644748210906982, 2.7547383308410645
94, 7.295267105102539, 2.0644748210906982, 2.7547383308410645
95, 7.295267105102539, 2.0644748210906982, 2.7547383308410645
96, 7.295267105102539, 2.0644748210906982, 2.7547383308410645
97, 7.455157279968262, 2.0644748210906982, 2.5625529289245605
98, 7.615047454833984, 2.0644748210906982, 2.3703675270080566
99, 7.774937629699707, 2.0644748210906982, 2.1781821250915527
100, 7.93482780456543, 2.0644748210906982, 1.9859967231750488
101, 7.93482780456543, 2.0644748210906982, 1.9859967231750488
102, 7.93482780456543, 2.0644748210906982, 1.9859967231750488
103, 8.094717979431152, 2.0644748210906982, 1.793811321258545
104, 8.094717979431152, 2.0644748210906982, 1.793811321258545
105, 8.094717979431152, 2.0644748210906982, 1.793811321258545
106, 8.094717979431152, 2.0644748210906982, 1.793811321258545
107, 8.329278945922852, 2.0644748210906982, 1.707318902015686
108, 8.329278945922852, 2.0644748210906982, 1.707318902015686
109, 8.329278945922852, 2.0644748210906982, 1.707318902015686
110, 8.329278945922852, 2.0644748210906982, 1.707318902015686
111, 8.329278945922852, 2.0644748210906982, 1.707318902015686
112, 8.329278945922852, 2.0644748210906982, 1.707318902015686
113, 8.329278945922852, 2.0644748210906982, 1.707318902015686
114, 8.329278945922852, 2.0644748210906982, 1.707318902015686
115, 8.329278945922852, 2.0644748210906982, 1.707318902015686
116, 8.137093544006348, 2.0644748210906982, 1.5474289655685425
117, 8.137093544006348, 2.0644748210906982, 1.5474289655685425
118, 8.0506010055542, 2.0644748210906982, 1.312867522239685
119, 7.964108467102051, 2.0644748210906982, 1.0783060789108276
120, 7.877615928649902, 2.0644748210906982, 0.8437446355819702
121, 7.791123390197754, 2.0644748210906982, 0.6091831922531128
122, 7.791123390197754, 2.0644748210906982, 0.6091831922531128
123, 7.833499431610107, 2.0644748210906982, 0.36280083656311035
124, 7.875875473022461, 2.0644748210906982, 0.11641848087310791
125, 7.875875473022461, 2.0644748210906982, 0.11641848087310791
126, 7.875875473022461, 2.0644748210906982, 0.11641848087310791
127, 7.683690071105957, 2.0644748210906982, -0.04347147047519684
128, 7.683690071105957, 2.0644748210906982, -0.04347147047519684
129, 7.683690071105957, 2.0644748210906982, -0.04347147047519684
130, 7.683690071105957, 2.0644748210906982, -0.04347147047519684
131, 7.683690071105957, 2.0644748210906982, -0.04347147047519684
132, 7.6413140296936035, 2.0644748210906982, 0.2029108852148056
133, 7.6413140296936035, 2.0644748210906982, 0.2029108852148056
134, 7.727806568145752, 2.0644748210906982, 0.4374723434448242
135, 7.8142991065979, 2.0644748210906982, 0.6720337867736816
136, 7.8142991065979, 2.0644748210906982, 0.6720337867736816
137, 7.771923065185547, 2.0644748210906982, 0.9184161424636841
138, 7.729547023773193, 2.0644748210906982, 1.1647984981536865
139, 7.68717098236084, 2.0644748210906982, 1.411180853843689
140, 7.644794940948486, 2.0644748210906982, 1.6575632095336914
141, 7.602418899536133, 2.0644748210906982, 1.9039455652236938
142, 7.602418899536133, 2.0644748210906982, 1.9039455652236938
143, 7.44252872467041, 2.0644748210906982, 2.096130847930908
144, 7.2826385498046875, 2.0644748210906982, 2.288316249847412
145, 7.122748374938965, 2.0644748210906982, 2.480501651763916
146, 6.962858200073242, 2.0644748210906982, 2.67268705368042
147, 6.962858200073242, 2.0644748210906982, 2.67268705368042
148, 6.728296756744385, 2.0644748210906982, 2.7591795921325684
149, 6.493735313415527, 2.0644748210906982, 2.845672130584717
150, 6.25917387008667, 2.0644748210906982, 2.9321646690368652
151, 6.0246124267578125, 2.0644748210906982, 3.0186572074890137
152, 6.0246124267578125, 2.0644748210906982, 3.0186572074890137
153, 5.7782301902771, 2.0644748210906982, 2.97628116607666
154, 5.531847953796387, 2.0644748210906982, 2.9339051246643066
155, 5.531847953796387, 2.0644748210906982, 2.9339051246643066
156, 5.531847953796387, 2.0644748210906982, 2.9339051246643066
157, 5.445355415344238, 2.0644748210906982, 2.699343681335449
158, 5.35886287689209, 1.945163607597351, 2.464782238006592
159, 5.35886287689209, 1.945163607597351, 2.464782238006592
160, 5.35886287689209, 1.945163607597351, 2.464782238006592
161, 5.35886287689209, 1.945163607597351, 2.464782238006592
162, 5.35886287689209, 1.945163607597351, 2.464782238006592
163, 5.35886287689209, 1.945163607597351, 2.464782238006592
164, 5.35886287689209, 1.945163607597351, 2.464782238006592
165, 5.445355415344238, 2.0644748210906982, 2.699343681335449
166, 5.531847953796387, 2.0644748210906982, 2.9339051246643066
167, 5.531847953796387, 2.0644748210906982, 2.9339051246643066
168, 5.531847953796387, 2.0644748210906982, 2.9339051246643066
169, 5.7782301902771, 2.0644748210906982, 2.97628116607666
170, 6.0246124267578125, 2.0644748210906982, 3.0186572074890137
171, 6.0246124267578125, 2.0644748210906982, 3.0186572074890137
172, 6.25917387008667, 2.0644748210906982, 2.9321649074554443
173, 6.493735313415527, 2.0644748210906982, 2.845672607421875
174, 6.728296756744385, 2.0644748210906982, 2.7591803073883057
175, 6.962858200073242, 2.0644748210906982, 2.6726880073547363
176, 6.962858200073242, 2.0644748210906982, 2.6726880073547363
177, 7.122748374938965, 2.0644748210906982, 2.4805026054382324
178, 7.122748374938965, 2.0644748210906982, 2.4805026054382324
179, 7.122748374938965, 2.0644748210906982, 2.4805026054382324
180, 7.122748374938965, 2.0644748210906982, 2.4805026054382324
181, 7.122748374938965, 2.0644748210906982, 2.4805026054382324
182, 7.122748374938965, 2.0644748210906982, 2.4805026054382324
183, 6.888186931610107, 2.0644748210906982, 2.5669949054718018
184, 6.888186931610107, 2.0644748210906982, 2.5669949054718018
185, 6.728296756744385, 2.0644748210906982, 2.7591803073883057
186, 6.728296756744385, 2.0644748210906982, 2.7591803073883057
187, 6.493735313415527, 2.0644748210906982, 2.845672607421875
188, 6.25917387008667, 2.0644748210906982, 2.9321649074554443
189, 6.0246124267578125, 2.0644748210906982, 3.0186572074890137
190, 6.0246124267578125, 2.0644748210906982, 3.0186572074890137
191, 5.7782301902771, 2.0644748210906982, 2.97628116607666
192, 5.7782301902771, 2.0644748210906982, 2.97628116607666
193, 5.586044788360596, 2.0644748210906982, 2.8163912296295166
194, 5.586044788360596, 2.0644748210906982, 2.8163912296295166
195, 5.499552249908447, 2.0281267166137695, 2.581829786300659
196, 5.413059711456299, 1.884206771850586, 2.3472683429718018
197, 5.413059711456299, 1.884206771850586, 2.3472683429718018
198, 5.455435752868652, 1.7460530996322632, 2.1008858680725098
199, 5.497811794281006, 1.6036150455474854, 1.8545035123825073
200, 5.540187835693359, 1.461176872253418, 1.6081211566925049
201, 5.540187835693359, 1.461176872253418, 1.6081211566925049
202, 5.453695297241211, 1.3181118965148926, 1.3735597133636475
203, 5.453695297241211, 1.3181118965148926, 1.3735597133636475
204, 5.4960713386535645, 1.1756737232208252, 1.127177357673645
205, 5.4960713386535645, 1.1756737232208252, 1.127177357673645
206, 5.4960713386535645, 1.1756737232208252, 1.127177357673645
207, 5.4960713386535645, 1.1756737232208252, 1.127177357673645
208, 5.4960713386535645, 1.1756737232208252, 1.127177357673645
209, 5.4960713386535645, 1.1756737232208252, 1.127177357673645
210, 5.4960713386535645, 1.1756737232208252, 1.127177357673645
211, 5.4960713386535645, 1.1756737232208252, 1.127177357673645
212, 5.4960713386535645, 1.1756737232208252, 1.127177357673645
213, 5.4960713386535645, 1.1756737232208252, 1.127177357673645
214, 5.409578800201416, 1.0277477502822876, 0.8926159143447876
215, 5.409578800201416, 1.0277477502822876, 0.8926159143447876
216, 5.217393398284912, 0.9063183069229126, 0.732725977897644
217, 5.217393398284912, 0.9063183069229126, 0.732725977897644
218, 5.130900859832764, 0.6941742897033691, 0.4981645345687866
219, 5.130900859832764, 0.6941742897033691, 0.4981645345687866
220, 5.130900859832764, 0.6941742897033691, 0.4981645345687866
221, 4.884518623352051, 0.6644748449325562, 0.45578843355178833
222, 4.884518623352051, 0.6644748449325562, 0.45578843355178833
223, 4.884518623352051, 0.6644748449325562, 0.45578843355178833
224, 4.638136386871338, 0.6644748449325562, 0.41341233253479004
225, 4.638136386871338, 0.6644748449325562, 0.41341233253479004
226, 4.638136386871338, 0.6644748449325562, 0.41341233253479004
227, 9.585037231445312, 2.0644748210906982, 1.4316602945327759
