1, 14.302559852600098, 0.09943583607673645, 0.10105058550834656
2, 14.302559852600098, 0.09943583607673645, 0.10105058550834656
3, 14.302559852600098, 0.09943583607673645, 0.10105058550834656
4, 14.302559852600098, 0.09943583607673645, 0.10105058550834656
5, 14.302559852600098, 0.09943583607673645, 0.10105058550834656
6, 14.302559852600098, 0.09943583607673645, 0.10105058550834656
7, 14.302559852600098, 0.09943583607673645, 0.10105058550834656
8, 14.302559852600098, 0.09943583607673645, 0.10105058550834656
9, 14.302559852600098, 0.09943583607673645, 0.10105058550834656
10, 14.302559852600098, 0.09943583607673645, 0.10105058550834656
11, 14.302559852600098, 0.09943583607673645, 0.10105058550834656
12, 14.302559852600098, 0.09943583607673645, 0.10105058550834656
13, 14.053043365478516, 0.09943583607673645, 0.11659353971481323
14, 14.053043365478516, 0.09943583607673645, 0.11659353971481323
15, 13.829184532165527, 0.09943583607673645, 0.005295947194099426
16, 13.605325698852539, 0.09943583607673645, -0.10600164532661438
17, 13.38146686553955, 0.09943583607673645, -0.21729923784732819
18, 13.38146686553955, 0.09943583607673645, -0.21729923784732819
19, 13.38146686553955, 0.09943583607673645, -0.21729923784732819
20, 13.38146686553955, 0.09943583607673645, -0.21729923784732819
21, 13.38146686553955, 0.09943583607673645, -0.21729923784732819
22, 13.38146686553955, 0.09943583607673645, -0.21729923784732819
23, 13.630983352661133, 0.09943583607673645, -0.23284214735031128
24, 13.630983352661133, 0.09943583607673645, -0.23284214735031128
25, 13.854842185974121, 0.09943583607673645, -0.12154451012611389
26, 14.07870101928711, 0.09943583607673645, -0.010246872901916504
27, 14.07870101928711, 0.09943583607673645, -0.010246872901916504
28, 14.328217506408691, 0.09943583607673645, -0.025789782404899597
29, 14.328217506408691, 0.09943583607673645, -0.025789782404899597
30, 14.53653335571289, 0.09943583607673645, -0.16400852799415588
31, 14.74484920501709, 0.09943583607673645, -0.302227258682251
32, 14.74484920501709, 0.09943583607673645, -0.302227258682251
33, 14.856146812438965, 0.09943583607673645, -0.5260862112045288
34, 14.856146812438965, 0.09943583607673645, -0.5260862112045288
35, 14.840603828430176, 0.09943583607673645, -0.7756025791168213
36, 14.840603828430176, 0.09943583607673645, -0.7756025791168213
37, 14.840603828430176, 0.09943583607673645, -0.7756025791168213
38, 14.840603828430176, 0.09943583607673645, -0.7756025791168213
39, 14.840603828430176, 0.09943583607673645, -0.7756025791168213
40, 14.840603828430176, 0.09943583607673645, -0.7756025791168213
41, 14.7293062210083, 0.09943583607673645, -0.5517435073852539
42, 14.618008613586426, 0.09943583607673645, -0.3278844654560089
43, 14.50671100616455, 0.09943583607673645, -0.10402542352676392
44, 14.50671100616455, 0.09943583607673645, -0.10402542352676392
45, 14.298395156860352, 0.09943583607673645, 0.03419339656829834
46, 14.298395156860352, 0.09943583607673645, 0.03419339656829834
47, 14.04887866973877, 0.09943583607673645, 0.049736350774765015
48, 13.799362182617188, 0.09943583607673645, 0.06527930498123169
49, 13.549845695495605, 0.09943583607673645, 0.08082225918769836
50, 13.300329208374023, 0.09943583607673645, 0.09636521339416504
51, 13.050812721252441, 0.09943583607673645, 0.11190816760063171
52, 12.80129623413086, 0.09943583607673645, 0.1274511218070984
53, 12.551779747009277, 0.09943583607673645, 0.14299407601356506
54, 12.302263259887695, 0.09943583607673645, 0.15853703022003174
55, 12.052746772766113, 0.09943583607673645, 0.1740799844264984
56, 12.052746772766113, 0.09943583607673645, 0.1740799844264984
57, 11.844430923461914, 0.09943583607673645, 0.31229880452156067
58, 11.844430923461914, 0.09943583607673645, 0.31229880452156067
59, 11.594914436340332, 0.09943583607673645, 0.32784175872802734
60, 11.34539794921875, 0.09943583607673645, 0.343384712934494
61, 11.095881462097168, 0.09943583607673645, 0.3589276671409607
62, 10.846364974975586, 0.09943583607673645, 0.37447062134742737
63, 10.596848487854004, 0.09943583607673645, 0.39001357555389404
64, 10.347332000732422, 0.09943583607673645, 0.4055565297603607
65, 10.09781551361084, 0.09943583607673645, 0.4210994839668274
66, 10.09781551361084, 0.09943583607673645, 0.4210994839668274
67, 9.873956680297852, 0.09943583607673645, 0.3098018765449524
68, 9.872815132141113, 0.09943583607673645, 0.3092341423034668
69, 9.872815132141113, 0.09943583607673645, 0.3092341423034668
70, 9.872815132141113, 0.09943583607673645, 0.3092341423034668
71, 9.872815132141113, 0.09943583607673645, 0.3092341423034668
72, 9.872815132141113, 0.09943583607673645, 0.3092341423034668
73, 9.872815132141113, 0.09943583607673645, 0.3092341423034668
74, 9.623298645019531, 0.09943583607673645, 0.32477715611457825
75, 9.623298645019531, 0.09943583607673645, 0.32477715611457825
76, 9.623298645019531, 0.09943583607673645, 0.32477715611457825
77, 9.485079765319824, 0.09943583607673645, 0.11646115779876709
78, 9.346860885620117, 0.09943583607673645, -0.09185484051704407
79, 9.20864200592041, 0.09943583607673645, -0.3001708388328552
80, 9.070423126220703, 0.09943583607673645, -0.5084868669509888
81, 8.932204246520996, 0.09943583607673645, -0.7168028354644775
82, 8.932204246520996, 0.09943583607673645, -0.7168028354644775
83, 8.932204246520996, 0.09943583607673645, -0.7168028354644775
84, 8.932204246520996, 0.09943583607673645, -0.7168028354644775
85, 8.932204246520996, 0.09943583607673645, -0.7168028354644775
86, 8.793985366821289, 0.09943583607673645, -0.9251188039779663
87, 8.655766487121582, 0.09943583607673645, -1.133434772491455
88, 8.517547607421875, 0.09943583607673645, -1.3417507410049438
89, 8.379328727722168, 0.09943583607673645, -1.5500667095184326
90, 8.379328727722168, 0.09943583607673645, -1.5500667095184326
91, 8.15546989440918, 0.09943583607673645, -1.661364197731018
92, 8.15546989440918, 0.09943583607673645, -1.661364197731018
93, 7.905953407287598, 0.09943583607673645, -1.6458210945129395
94, 7.905953407287598, 0.09943583607673645, -1.6458210945129395
95, 7.682094573974609, 0.09943583607673645, -1.757118582725525
96, 7.682094573974609, 0.09943583607673645, -1.757118582725525
97, 7.682094573974609, 0.09943583607673645, -1.757118582725525
98, 7.682094573974609, 0.09943583607673645, -1.757118582725525
99, 7.682094573974609, 0.09943583607673645, -1.757118582725525
100, 7.682094573974609, 0.09943583607673645, -1.757118582725525
101, 7.931611061096191, 0.09943583607673645, -1.772661566734314
102, 8.181127548217773, 0.09943583607673645, -1.788204550743103
103, 8.430644035339355, 0.09943583607673645, -1.803747534751892
104, 8.680160522460938, 0.09943583607673645, -1.8192905187606812
105, 8.92967700958252, 0.09943583607673645, -1.8348335027694702
106, 8.92967700958252, 0.09943583607673645, -1.8348335027694702
107, 9.153535842895508, 0.09943583607673645, -1.7235360145568848
108, 9.153535842895508, 0.09943583607673645, -1.7235360145568848
109, 9.40305233001709, 0.09943583607673645, -1.7390789985656738
110, 9.652568817138672, 0.09943583607673645, -1.754621982574463
111, 9.902085304260254, 0.09943583607673645, -1.770164966583252
112, 10.151601791381836, 0.09943583607673645, -1.785707950592041
113, 10.401118278503418, 0.09943583607673645, -1.80125093460083
114, 10.650634765625, 0.09943583607673645, -1.8167939186096191
115, 10.900151252746582, 0.09943583607673645, -1.8323369026184082
116, 11.03546142578125, 0.09943583607673645, -1.8407657146453857
117, 11.03546142578125, 0.09943583607673645, -1.8407657146453857
118, 11.259320259094238, 0.09943583607673645, -1.7294681072235107
119, 11.437732696533203, 0.09943583607673645, -1.64076566696167
120, 11.437732696533203, 0.09943583607673645, -1.64076566696167
121, 11.437732696533203, 0.09943583607673645, -1.64076566696167
122, 11.687249183654785, 0.09943583607673645, -1.656308650970459
123, 11.936765670776367, 0.09943583607673645, -1.671851634979248
124, 11.936765670776367, 0.09943583607673645, -1.671851634979248
125, 12.160624504089355, 0.09943583607673645, -1.560554027557373
126, 12.160624504089355, 0.09943583607673645, -1.560554027557373
127, 12.298843383789062, 0.09943583607673645, -1.3522379398345947
128, 12.43706226348877, 0.09943583607673645, -1.1439218521118164
129, 12.575281143188477, 0.09943583607673645, -0.9356058239936829
130, 12.713500022888184, 0.09943583607673645, -0.7272897958755493
131, 12.713500022888184, 0.09943583607673645, -0.7272897958755493
132, 12.937358856201172, 0.09943583607673645, -0.6159922480583191
133, 13.16121768951416, 0.09943583607673645, -0.5046947002410889
134, 13.385076522827148, 0.09943583607673645, -0.39339715242385864
135, 13.608935356140137, 0.09943583607673645, -0.2820996046066284
136, 13.832794189453125, 0.09943583607673645, -0.1708020567893982
137, 14.056653022766113, 0.09943583607673645, -0.05950450897216797
138, 14.280511856079102, 0.09943583607673645, 0.051793038845062256
139, 14.50437068939209, 0.09943583607673645, 0.16309058666229248
140, 14.50437068939209, 0.09943583607673645, 0.16309058666229248
141, 14.753887176513672, 0.09943583607673645, 0.14754760265350342
142, 15.003403663635254, 0.09943583607673645, 0.13200461864471436
143, 15.252920150756836, 0.09943583607673645, 0.11646163463592529
144, 15.502436637878418, 0.09943583607673645, 0.10091865062713623
145, 15.751953125, 0.09943583607673645, 0.08537566661834717
146, 16.001468658447266, 0.09943583607673645, 0.0698326826095581
147, 16.25098419189453, 0.09943583607673645, 0.05428969860076904
148, 16.500499725341797, 0.09943583607673645, 0.03874671459197998
149, 16.750015258789062, 0.09943583607673645, 0.023203730583190918
150, 16.750015258789062, 0.09943583607673645, 0.023203730583190918
151, 16.958332061767578, 0.09943583607673645, -0.11501508951187134
152, 17.147857666015625, 0.09943583607673645, -0.24076557159423828
153, 17.147857666015625, 0.09943583607673645, -0.24076557159423828
154, 17.147857666015625, 0.09943583607673645, -0.24076557159423828
155, 17.147857666015625, 0.09943583607673645, -0.24076557159423828
156, 17.147857666015625, 0.09943583607673645, -0.24076557159423828
157, 17.147857666015625, 0.09943583607673645, -0.24076557159423828
158, 17.147857666015625, 0.09943583607673645, -0.24076557159423828
159, 17.147857666015625, 0.09943583607673645, -0.24076557159423828
160, 17.147857666015625, 0.09943583607673645, -0.24076557159423828
161, 17.147857666015625, 0.09943583607673645, -0.24076557159423828
162, 17.147857666015625, 0.09943583607673645, -0.24076557159423828
163, 17.37171745300293, 0.09943583607673645, -0.12946802377700806
164, 17.37171745300293, 0.09943583607673645, -0.12946802377700806
165, 17.37171745300293, 0.09943583607673645, -0.12946802377700806
166, 17.580034255981445, 0.09943583607673645, -0.2676868438720703
167, 17.580034255981445, 0.09943583607673645, -0.2676868438720703
168, 17.82954978942871, 0.09943583607673645, -0.2832298278808594
169, 18.079065322875977, 0.09943583607673645, -0.29877281188964844
170, 18.328580856323242, 0.09943583607673645, -0.3143157958984375
171, 18.578096389770508, 0.09943583607673645, -0.32985877990722656
172, 18.578096389770508, 0.09943583607673645, -0.32985877990722656
173, 18.578096389770508, 0.09943583607673645, -0.32985877990722656
174, 18.578096389770508, 0.09943583607673645, -0.32985877990722656
175, 18.578096389770508, 0.09943583607673645, -0.32985877990722656
176, 18.578096389770508, 0.09943583607673645, -0.32985877990722656
177, 18.578096389770508, 0.09943583607673645, -0.32985877990722656
178, 18.328580856323242, 0.09943583607673645, -0.3143157362937927
179, 18.079065322875977, 0.09943583607673645, -0.2987726926803589
180, 17.82954978942871, 0.09943583607673645, -0.28322964906692505
181, 17.580034255981445, 0.09943583607673645, -0.2676866054534912
182, 17.33051872253418, 0.09943583607673645, -0.2521435618400574
183, 17.33051872253418, 0.09943583607673645, -0.2521435618400574
184, 17.122201919555664, 0.09943583607673645, -0.11392468214035034
185, 16.91388511657715, 0.09943583607673645, 0.02429419755935669
186, 16.91388511657715, 0.09943583607673645, 0.02429419755935669
187, 16.664369583129883, 0.09943583607673645, 0.03983724117279053
188, 16.414854049682617, 0.09943583607673645, 0.055380284786224365
189, 16.16533851623535, 0.09943583607673645, 0.0709233283996582
190, 15.91582202911377, 0.09943583607673645, 0.08646637201309204
191, 15.666305541992188, 0.09943583607673645, 0.10200941562652588
192, 15.416789054870605, 0.09943583607673645, 0.11755245923995972
193, 15.167272567749023, 0.09943583607673645, 0.13309550285339355
194, 14.917756080627441, 0.09943583607673645, 0.1486385464668274
195, 14.66823959350586, 0.09943583607673645, 0.16418159008026123
196, 14.66823959350586, 0.09943583607673645, 0.16418159008026123
197, 14.444380760192871, 0.09943583607673645, 0.05288408696651459
198, 14.220521926879883, 0.09943583607673645, -0.058413416147232056
199, 13.996663093566895, 0.09943583607673645, -0.1697109192609787
200, 13.772804260253906, 0.09943583607673645, -0.28100842237472534
201, 13.548945426940918, 0.09943583607673645, -0.3923059105873108
202, 13.451475143432617, 0.09943583607673645, -0.4407658576965332
203, 13.451475143432617, 0.09943583607673645, -0.4407658576965332
204, 13.451475143432617, 0.09943583607673645, -0.4407658576965332
205, 13.201958656311035, 0.09943583607673645, -0.42522281408309937
206, 13.201958656311035, 0.09943583607673645, -0.42522281408309937
207, 13.201958656311035, 0.09943583607673645, -0.42522281408309937
208, 13.063739776611328, 0.09943583607673645, -0.6335387825965881
209, 12.925520896911621, 0.09943583607673645, -0.8418547511100769
210, 12.787302017211914, 0.09943583607673645, -1.0501707792282104
211, 12.787302017211914, 0.09943583607673645, -1.0501707792282104
212, 12.563443183898926, 0.09943583607673645, -1.161468267440796
213, 12.339584350585938, 0.09943583607673645, -1.2727657556533813
214, 12.11572551727295, 0.09943583607673645, -1.3840632438659668
215, 11.891866683959961, 0.09943583607673645, -1.4953607320785522
216, 11.668007850646973, 0.09943583607673645, -1.6066582202911377
217, 11.444149017333984, 0.09943583607673645, -1.7179557085037231
218, 11.220290184020996, 0.09943583607673645, -1.8292531967163086
219, 11.220290184020996, 0.09943583607673645, -1.8292531967163086
220, 10.970773696899414, 0.09943583607673645, -1.8137102127075195
221, 10.721257209777832, 0.09943583607673645, -1.7981672286987305
222, 10.47174072265625, 0.09943583607673645, -1.7826242446899414
223, 10.222224235534668, 0.09943583607673645, -1.7670812606811523
224, 9.972707748413086, 0.09943583607673645, -1.7515382766723633
225, 9.723191261291504, 0.09943583607673645, -1.7359952926635742
226, 9.473674774169922, 0.09943583607673645, -1.7204523086547852
227, 9.22415828704834, 0.09943583607673645, -1.704909324645996
228, 8.974641799926758, 0.09943583607673645, -1.689366340637207
229, 8.725125312805176, 0.09943583607673645, -1.673823356628418
230, 8.475608825683594, 0.09943583607673645, -1.658280372619629
231, 8.226092338562012, 0.09943583607673645, -1.6427373886108398
232, 7.97657585144043, 0.09943583607673645, -1.6271944046020508
233, 7.97657585144043, 0.09943583607673645, -1.6271944046020508
234, 7.752717018127441, 0.09943583607673645, -1.7384918928146362
235, 7.528858184814453, 0.09943583607673645, -1.8497893810272217
236, 7.528858184814453, 0.09943583607673645, -1.8497893810272217
237, 7.390639305114746, 0.09943583607673645, -2.05810546875
238, 7.252420425415039, 0.09943583607673645, -2.2664215564727783
239, 7.114201545715332, 0.09943583607673645, -2.4747376441955566
240, 7.114201545715332, 0.09943583607673645, -2.4747376441955566
241, 7.098658561706543, 0.09943583607673645, -2.7242538928985596
242, 7.098658561706543, 0.09943583607673645, -2.7242538928985596
243, 7.098658561706543, 0.09943583607673645, -2.7242538928985596
244, 7.098658561706543, 0.09943583607673645, -2.7242538928985596
245, 7.098658561706543, 0.09943583607673645, -2.7242538928985596
246, 7.098658561706543, 0.09943583607673645, -2.7242538928985596
247, 7.098658561706543, 0.09943583607673645, -2.7242538928985596
248, 7.114201545715332, 0.09943583607673645, -2.4747376441955566
249, 7.129744529724121, 0.09943583607673645, -2.2252211570739746
250, 7.129744529724121, 0.09943583607673645, -2.2252211570739746
251, 7.267963409423828, 0.09943583607673645, -2.0169050693511963
252, 7.267963409423828, 0.09943583607673645, -2.0169050693511963
253, 7.491822242736816, 0.09943583607673645, -1.9056074619293213
254, 7.715681076049805, 0.09943583607673645, -1.7943098545074463
255, 7.939539909362793, 0.09943583607673645, -1.6830122470855713
256, 7.939539909362793, 0.09943583607673645, -1.6830122470855713
257, 8.189056396484375, 0.09943583607673645, -1.6985552310943604
258, 8.438572883605957, 0.09943583607673645, -1.7140982151031494
259, 8.688089370727539, 0.09943583607673645, -1.7296411991119385
260, 8.937605857849121, 0.09943583607673645, -1.7451841831207275
261, 9.187122344970703, 0.09943583607673645, -1.7607271671295166
262, 9.436638832092285, 0.09943583607673645, -1.7762701511383057
263, 9.686155319213867, 0.09943583607673645, -1.7918131351470947
264, 9.93567180633545, 0.09943583607673645, -1.8073561191558838
265, 10.185188293457031, 0.09943583607673645, -1.8228991031646729
266, 10.434704780578613, 0.09943583607673645, -1.838442087173462
267, 10.472006797790527, 0.09943583607673645, -1.8407657146453857
268, 10.472006797790527, 0.09943583607673645, -1.8407657146453857
269, 10.695865631103516, 0.09943583607673645, -1.7294681072235107
270, 10.87427806854248, 0.09943583607673645, -1.64076566696167
271, 10.87427806854248, 0.09943583607673645, -1.64076566696167
272, 11.123794555664062, 0.09943583607673645, -1.656308650970459
273, 11.373311042785645, 0.09943583607673645, -1.671851634979248
274, 11.622827529907227, 0.09943583607673645, -1.687394618988037
275, 11.622827529907227, 0.09943583607673645, -1.687394618988037
276, 11.846686363220215, 0.09943583607673645, -1.576097011566162
277, 12.070545196533203, 0.09943583607673645, -1.464799404144287
278, 12.294404029846191, 0.09943583607673645, -1.353501796722412
279, 12.51826286315918, 0.09943583607673645, -1.242204189300537
280, 12.51826286315918, 0.09943583607673645, -1.242204189300537
281, 12.656481742858887, 0.09943583607673645, -1.0338881015777588
282, 12.794700622558594, 0.09943583607673645, -0.8255720734596252
283, 12.9329195022583, 0.09943583607673645, -0.6172560453414917
284, 12.9329195022583, 0.09943583607673645, -0.6172560453414917
285, 13.156778335571289, 0.09943583607673645, -0.5059584975242615
286, 13.380637168884277, 0.09943583607673645, -0.39466094970703125
287, 13.604496002197266, 0.09943583607673645, -0.283363401889801
288, 13.828354835510254, 0.09943583607673645, -0.1720658540725708
289, 14.052213668823242, 0.09943583607673645, -0.060768306255340576
290, 14.27607250213623, 0.09943583607673645, 0.05052924156188965
291, 14.499931335449219, 0.09943583607673645, 0.16182678937911987
292, 14.499931335449219, 0.09943583607673645, 0.16182678937911987
293, 14.7494478225708, 0.09943583607673645, 0.1462838053703308
294, 14.998964309692383, 0.09943583607673645, 0.13074082136154175
295, 15.248480796813965, 0.09943583607673645, 0.11519783735275269
296, 15.497997283935547, 0.09943583607673645, 0.09965485334396362
297, 15.747513771057129, 0.09943583607673645, 0.08411186933517456
298, 15.997030258178711, 0.09943583607673645, 0.0685688853263855
299, 16.246545791625977, 0.09943583607673645, 0.053025901317596436
300, 16.496061325073242, 0.09943583607673645, 0.03748291730880737
301, 16.745576858520508, 0.09943583607673645, 0.02193993330001831
302, 16.995092391967773, 0.09943583607673645, 0.006396949291229248
303, 16.995092391967773, 0.09943583607673645, 0.006396949291229248
304, 17.20340919494629, 0.09943583607673645, -0.131821870803833
305, 17.411725997924805, 0.09943583607673645, -0.27004069089889526
306, 17.411725997924805, 0.09943583607673645, -0.27004069089889526
307, 17.66124153137207, 0.09943583607673645, -0.2855836749076843
308, 17.910757064819336, 0.09943583607673645, -0.3011266589164734
309, 18.1602725982666, 0.09943583607673645, -0.31666964292526245
310, 18.409788131713867, 0.09943583607673645, -0.3322126269340515
311, 18.659303665161133, 0.09943583607673645, -0.3477556109428406
312, 18.9088191986084, 0.09943583607673645, -0.36329859495162964
313, 19.158334732055664, 0.09943583607673645, -0.3788415789604187
314, 19.40785026550293, 0.09943583607673645, -0.39438456296920776
315, 19.657365798950195, 0.09943583607673645, -0.4099275469779968
316, 19.90688133239746, 0.09943583607673645, -0.4254705309867859
317, 20.156396865844727, 0.09943583607673645, -0.44101351499557495
318, 20.405912399291992, 0.09943583607673645, -0.456556499004364
319, 20.405912399291992, 0.09943583607673645, -0.456556499004364
320, 20.405912399291992, 0.09943583607673645, -0.456556499004364
321, 20.655427932739258, 0.09943583607673645, -0.4720994830131531
322, 20.655427932739258, 0.09943583607673645, -0.4720994830131531
323, 20.879287719726562, 0.09943583607673645, -0.36080193519592285
324, 20.919588088989258, 0.09943583607673645, -0.34076547622680664
325, 20.919588088989258, 0.09943583607673645, -0.34076547622680664
326, 21.169103622436523, 0.09943583607673645, -0.3563084602355957
327, 21.169103622436523, 0.09943583607673645, -0.3563084602355957
328, 21.25069236755371, 0.09943583607673645, -0.31574463844299316
329, 21.25069236755371, 0.09943583607673645, -0.31574463844299316
330, 21.25069236755371, 0.09943583607673645, -0.31574463844299316
331, 21.25069236755371, 0.09943583607673645, -0.31574463844299316
332, 21.25069236755371, 0.09943583607673645, -0.31574463844299316
333, 21.25069236755371, 0.09943583607673645, -0.31574463844299316
334, 21.25069236755371, 0.09943583607673645, -0.31574463844299316
335, 21.25069236755371, 0.09943583607673645, -0.31574463844299316
336, 21.25069236755371, 0.09943583607673645, -0.31574463844299316
337, 21.25069236755371, 0.09943583607673645, -0.31574463844299316
338, 21.25069236755371, 0.09943583607673645, -0.31574463844299316
339, 21.25069236755371, 0.09943583607673645, -0.31574463844299316
340, 21.25069236755371, 0.09943583607673645, -0.31574463844299316
341, 21.25069236755371, 0.09943583607673645, -0.31574463844299316
342, 21.25069236755371, 0.09943583607673645, -0.31574463844299316
343, 21.25069236755371, 0.09943583607673645, -0.31574463844299316
344, 21.25069236755371, 0.09943583607673645, -0.31574463844299316
345, 21.25069236755371, 0.09943583607673645, -0.31574463844299316
346, 21.25069236755371, 0.09943583607673645, -0.31574463844299316
347, 21.25069236755371, 0.09943583607673645, -0.31574463844299316
348, 21.25069236755371, 0.09943583607673645, -0.31574463844299316
349, 21.25069236755371, 0.09943583607673645, -0.31574463844299316
350, 21.25069236755371, 0.09943583607673645, -0.31574463844299316
351, 21.25069236755371, 0.09943583607673645, -0.31574463844299316
352, 21.25069236755371, 0.09943583607673645, -0.31574463844299316
353, 21.25069236755371, 0.09943583607673645, -0.31574463844299316
354, 21.25069236755371, 0.09943583607673645, -0.31574463844299316
355, 21.25069236755371, 0.09943583607673645, -0.31574463844299316
356, 21.25069236755371, 0.09943583607673645, -0.31574463844299316
357, 21.25069236755371, 0.09943583607673645, -0.31574463844299316
358, 21.25069236755371, 0.09943583607673645, -0.31574463844299316
359, 21.25069236755371, 0.09943583607673645, -0.31574463844299316
360, 21.25069236755371, 0.09943583607673645, -0.31574463844299316
361, 21.25069236755371, 0.09943583607673645, -0.31574463844299316
362, 21.25069236755371, 0.09943583607673645, -0.31574463844299316
363, 21.25069236755371, 0.09943583607673645, -0.31574463844299316
364, 21.25069236755371, 0.09943583607673645, -0.31574463844299316
365, 21.25069236755371, 0.09943583607673645, -0.31574463844299316
366, 21.25069236755371, 0.09943583607673645, -0.31574463844299316
367, 21.25069236755371, 0.09943583607673645, -0.31574463844299316
368, 21.25069236755371, 0.09943583607673645, -0.31574463844299316
369, 21.25069236755371, 0.09943583607673645, -0.31574463844299316
370, 21.25069236755371, 0.09943583607673645, -0.31574463844299316
371, 21.25069236755371, 0.09943583607673645, -0.31574463844299316
372, 21.25069236755371, 0.09943583607673645, -0.31574463844299316
373, 21.25069236755371, 0.09943583607673645, -0.31574463844299316
374, 21.25069236755371, 0.09943583607673645, -0.31574463844299316
375, 21.25069236755371, 0.09943583607673645, -0.31574463844299316
376, 21.25069236755371, 0.09943583607673645, -0.31574463844299316
377, 21.25069236755371, 0.09943583607673645, -0.31574463844299316
378, 21.25069236755371, 0.09943583607673645, -0.31574463844299316
379, 21.25069236755371, 0.09943583607673645, -0.31574463844299316
380, 21.25069236755371, 0.09943583607673645, -0.31574463844299316
381, 21.25069236755371, 0.09943583607673645, -0.31574463844299316
382, 21.25069236755371, 0.09943583607673645, -0.31574463844299316
383, 21.25069236755371, 0.09943583607673645, -0.31574463844299316
384, 21.25069236755371, 0.09943583607673645, -0.31574463844299316
385, 21.25069236755371, 0.09943583607673645, -0.31574463844299316
386, 21.25069236755371, 0.09943583607673645, -0.31574463844299316
387, 21.25069236755371, 0.09943583607673645, -0.31574463844299316
388, 21.25069236755371, 0.09943583607673645, -0.31574463844299316
389, 21.25069236755371, 0.09943583607673645, -0.31574463844299316
390, 21.25069236755371, 0.09943583607673645, -0.31574463844299316
391, 21.25069236755371, 0.09943583607673645, -0.31574463844299316
392, 21.25069236755371, 0.09943583607673645, -0.31574463844299316
393, 21.25069236755371, 0.09943583607673645, -0.31574463844299316
394, 21.25069236755371, 0.09943583607673645, -0.31574463844299316
395, 21.25069236755371, 0.09943583607673645, -0.31574463844299316
396, 21.25069236755371, 0.09943583607673645, -0.31574463844299316
397, 21.25069236755371, 0.09943583607673645, -0.31574463844299316
398, 21.25069236755371, 0.09943583607673645, -0.31574463844299316
399, 21.25069236755371, 0.09943583607673645, -0.31574463844299316
400, 21.25069236755371, 0.09943583607673645, -0.31574463844299316
401, 21.25069236755371, 0.09943583607673645, -0.31574463844299316
402, 21.25069236755371, 0.09943583607673645, -0.31574463844299316
403, 21.25069236755371, 0.09943583607673645, -0.31574463844299316
404, 21.25069236755371, 0.09943583607673645, -0.31574463844299316
405, 21.25069236755371, 0.09943583607673645, -0.31574463844299316
406, 21.25069236755371, 0.09943583607673645, -0.31574463844299316
407, 21.25069236755371, 0.09943583607673645, -0.31574463844299316
408, 21.25069236755371, 0.09943583607673645, -0.31574463844299316
409, 21.25069236755371, 0.09943583607673645, -0.31574463844299316
410, 21.25069236755371, 0.09943583607673645, -0.31574463844299316
411, 21.25069236755371, 0.09943583607673645, -0.31574463844299316
412, 21.25069236755371, 0.09943583607673645, -0.31574463844299316
413, 21.25069236755371, 0.09943583607673645, -0.31574463844299316
414, 21.25069236755371, 0.09943583607673645, -0.31574463844299316
415, 21.25069236755371, 0.09943583607673645, -0.31574463844299316
416, 21.25069236755371, 0.09943583607673645, -0.31574463844299316
417, 21.25069236755371, 0.09943583607673645, -0.31574463844299316
418, 21.25069236755371, 0.09943583607673645, -0.31574463844299316
419, 21.25069236755371, 0.09943583607673645, -0.31574463844299316
420, 21.25069236755371, 0.09943583607673645, -0.31574463844299316
421, 21.25069236755371, 0.09943583607673645, -0.31574463844299316
422, 21.25069236755371, 0.09943583607673645, -0.31574463844299316
423, 21.25069236755371, 0.09943583607673645, -0.31574463844299316
424, 21.25069236755371, 0.09943583607673645, -0.31574463844299316
425, 21.25069236755371, 0.09943583607673645, -0.31574463844299316
426, 21.25069236755371, 0.09943583607673645, -0.31574463844299316
427, 21.25069236755371, 0.09943583607673645, -0.31574463844299316
428, 21.25069236755371, 0.09943583607673645, -0.31574463844299316
429, 21.25069236755371, 0.09943583607673645, -0.31574463844299316
430, 21.25069236755371, 0.09943583607673645, -0.31574463844299316
431, 21.25069236755371, 0.09943583607673645, -0.31574463844299316
432, 21.25069236755371, 0.09943583607673645, -0.31574463844299316
433, 21.25069236755371, 0.09943583607673645, -0.31574463844299316
434, 21.25069236755371, 0.09943583607673645, -0.31574463844299316
435, 21.25069236755371, 0.09943583607673645, -0.31574463844299316
436, 21.25069236755371, 0.09943583607673645, -0.31574463844299316
437, 21.25069236755371, 0.09943583607673645, -0.31574463844299316
438, 21.25069236755371, 0.09943583607673645, -0.31574463844299316
439, 21.25069236755371, 0.09943583607673645, -0.31574463844299316
440, 21.19691276550293, 0.09943583607673645, -0.20757374167442322
441, 21.19691276550293, 0.09943583607673645, -0.20757374167442322
442, 21.19691276550293, 0.09943583607673645, -0.20757374167442322
443, 21.19691276550293, 0.09943583607673645, -0.20757374167442322
444, 21.19691276550293, 0.09943583607673645, -0.20757374167442322
445, 21.19691276550293, 0.09943583607673645, -0.20757374167442322
446, 21.420772552490234, 0.09943583607673645, -0.096276193857193
447, 21.420772552490234, 0.09943583607673645, -0.096276193857193
448, 21.62059783935547, 0.09943583607673645, -0.10872381180524826
449, 21.62059783935547, 0.09943583607673645, -0.10872381180524826
450, 21.62059783935547, 0.09943583607673645, -0.10872381180524826
451, 21.62059783935547, 0.09943583607673645, -0.10872381180524826
452, 21.844457626342773, 0.09943583607673645, 0.002573736011981964
453, 21.844457626342773, 0.09943583607673645, 0.002573736011981964
454, 22.09397315979004, 0.09943583607673645, -0.012969247996807098
455, 22.09397315979004, 0.09943583607673645, -0.012969247996807098
456, 22.302289962768555, 0.09943583607673645, -0.15118807554244995
457, 22.302289962768555, 0.09943583607673645, -0.15118807554244995
458, 22.302289962768555, 0.09943583607673645, -0.15118807554244995
459, 22.51060676574707, 0.09943583607673645, -0.2894068658351898
460, 22.51060676574707, 0.09943583607673645, -0.2894068658351898
461, 22.621904373168945, 0.09943583607673645, -0.51326584815979
462, 22.621904373168945, 0.09943583607673645, -0.51326584815979
463, 22.83022117614746, 0.09943583607673645, -0.6514846086502075
464, 23.038537979125977, 0.09943583607673645, -0.789703369140625
465, 23.246854782104492, 0.09943583607673645, -0.9279221296310425
466, 23.246854782104492, 0.09943583607673645, -0.9279221296310425
467, 23.496370315551758, 0.09943583607673645, -0.9434651136398315
468, 23.496370315551758, 0.09943583607673645, -0.9434651136398315
469, 23.704687118530273, 0.09943583607673645, -1.081683874130249
470, 23.704687118530273, 0.09943583607673645, -1.081683874130249
471, 23.95420265197754, 0.09943583607673645, -1.097226858139038
472, 23.95420265197754, 0.09943583607673645, -1.097226858139038
473, 24.178062438964844, 0.09943583607673645, -0.9859292507171631
474, 24.178062438964844, 0.09943583607673645, -0.9859292507171631
475, 24.178062438964844, 0.09943583607673645, -0.9859292507171631
476, 24.178062438964844, 0.09943583607673645, -0.9859292507171631
477, 24.178062438964844, 0.09943583607673645, -0.9859292507171631
478, 24.178062438964844, 0.09943583607673645, -0.9859292507171631
479, 24.178062438964844, 0.09943583607673645, -0.9859292507171631
480, 24.178062438964844, 0.09943583607673645, -0.9859292507171631
481, 23.928546905517578, 0.09943583607673645, -0.970386266708374
482, 23.679031372070312, 0.09943583607673645, -0.954843282699585
483, 23.429515838623047, 0.09943583607673645, -0.9393002986907959
484, 23.18000030517578, 0.09943583607673645, -0.9237573146820068
485, 23.18000030517578, 0.09943583607673645, -0.9237573146820068
486, 23.18000030517578, 0.09943583607673645, -0.9237573146820068
487, 23.18000030517578, 0.09943583607673645, -0.9237573146820068
488, 23.18000030517578, 0.09943583607673645, -0.9237573146820068
489, 23.18000030517578, 0.09943583607673645, -0.9237573146820068
490, 23.18000030517578, 0.09943583607673645, -0.9237573146820068
491, 23.18000030517578, 0.09943583607673645, -0.9237573146820068
492, 23.18000030517578, 0.09943583607673645, -0.9237573146820068
493, 23.18000030517578, 0.09943583607673645, -0.9237573146820068
494, 23.18000030517578, 0.09943583607673645, -0.9237573146820068
495, 23.18000030517578, 0.09943583607673645, -0.9237573146820068
496, 23.388317108154297, 0.09943583607673645, -1.0619761943817139
497, 23.596633911132812, 0.09943583607673645, -1.200195074081421
498, 23.596633911132812, 0.09943583607673645, -1.200195074081421
499, 23.846149444580078, 0.09943583607673645, -1.21573805809021
