1, -5.758399963378906, 3.0721640586853027, 4.845167636871338
2, -5.758399963378906, 3.0721640586853027, 4.845167636871338
3, -5.758399963378906, 3.0721640586853027, 4.845167636871338
4, -5.758399963378906, 3.0721640586853027, 4.845167636871338
5, -5.758399963378906, 3.0721640586853027, 4.845167636871338
6, -5.758399963378906, 3.0721640586853027, 4.845167636871338
7, -5.758399963378906, 3.0721640586853027, 4.845167636871338
8, -5.758399963378906, 3.0721640586853027, 4.845167636871338
9, -5.758399963378906, 3.0721640586853027, 4.845167636871338
10, -5.758399963378906, 3.0721640586853027, 4.845167636871338
11, -5.758399963378906, 3.0721640586853027, 4.845167636871338
12, -5.758399963378906, 3.0721640586853027, 4.845167636871338
13, -5.758399963378906, 3.0721640586853027, 4.845167636871338
14, -5.758399963378906, 3.0721640586853027, 4.845167636871338
15, -5.758399963378906, 3.0721640586853027, 4.845167636871338
16, -5.543276786804199, 3.0721640586853027, 4.717802047729492
17, -5.543276786804199, 3.0721640586853027, 4.717802047729492
18, -5.420657157897949, 3.0721640586853027, 4.499938488006592
19, -5.298037528991699, 3.0721640586853027, 4.282074928283691
20, -5.175417900085449, 3.0721640586853027, 4.064211368560791
21, -5.052798271179199, 3.0721640586853027, 3.8463480472564697
22, -4.930178642272949, 3.0721640586853027, 3.6284847259521484
23, -4.807559013366699, 3.0721640586853027, 3.410621404647827
24, -4.684939384460449, 3.0721640586853027, 3.192758083343506
25, -4.562319755554199, 3.0721640586853027, 2.9748947620391846
26, -4.439700126647949, 3.0721640586853027, 2.7570314407348633
27, -4.317080497741699, 3.0721640586853027, 2.539168119430542
28, -4.194460868835449, 3.0721640586853027, 2.3213047981262207
29, -4.071841239929199, 3.0721640586853027, 2.1034414768218994
30, -3.949221611022949, 3.0721640586853027, 1.8855781555175781
31, -3.949221611022949, 3.0721640586853027, 1.8855781555175781
32, -3.9519617557525635, 3.0721640586853027, 1.6355931758880615
33, -3.9547019004821777, 3.0721640586853027, 1.385608196258545
34, -3.9547019004821777, 3.0721640586853027, 1.385608196258545
35, -4.082067489624023, 3.0721640586853027, 1.1704849004745483
36, -4.209433078765869, 3.0721640586853027, 0.9553616046905518
37, -4.336798667907715, 3.0721640586853027, 0.7402383089065552
38, -4.4641642570495605, 3.0721640586853027, 0.5251150131225586
39, -4.4641642570495605, 3.0721640586853027, 0.5251150131225586
40, -4.682027816772461, 3.0721640586853027, 0.40249544382095337
41, -4.682027816772461, 3.0721640586853027, 0.40249544382095337
42, -4.682027816772461, 3.0721640586853027, 0.40249544382095337
43, -4.682027816772461, 3.0721640586853027, 0.40249544382095337
44, -4.682027816772461, 3.0721640586853027, 0.40249544382095337
45, -4.682027816772461, 3.0721640586853027, 0.40249544382095337
46, -4.554662227630615, 3.0721640586853027, 0.6176187992095947
47, -4.4272966384887695, 3.0721640586853027, 0.8327421545982361
48, -4.299931049346924, 3.0721640586853027, 1.0478655099868774
49, -4.172565460205078, 3.0721640586853027, 1.262988805770874
50, -4.045199871063232, 3.0721640586853027, 1.4781122207641602
51, -4.045199871063232, 3.0721640586853027, 1.4781122207641602
52, -4.042459964752197, 3.0721640586853027, 1.7280972003936768
53, -4.039720058441162, 3.0721640586853027, 1.9780821800231934
54, -4.039720058441162, 3.0721640586853027, 1.9780821800231934
55, -4.162339687347412, 3.0721640586853027, 2.1959455013275146
56, -4.162339687347412, 3.0721640586853027, 2.1959455013275146
57, -4.377462863922119, 3.0721640586853027, 2.3233108520507812
58, -4.592586040496826, 3.0721640586853027, 2.450676202774048
59, -4.807709217071533, 3.0721640586853027, 2.5780415534973145
60, -5.02283239364624, 3.0721640586853027, 2.705406904220581
61, -5.237955570220947, 3.0721640586853027, 2.8327722549438477
62, -5.453078746795654, 3.0721640586853027, 2.9601376056671143
63, -5.453078746795654, 3.0721640586853027, 2.9601376056671143
64, -5.70306396484375, 3.0721640586853027, 2.9628777503967285
65, -5.953049182891846, 3.0721640586853027, 2.9656178951263428
66, -6.203034400939941, 3.0721640586853027, 2.968358039855957
67, -6.453019618988037, 3.0721640586853027, 2.9710981845855713
68, -6.703004837036133, 3.0721640586853027, 2.9738383293151855
69, -6.9529900550842285, 3.0721640586853027, 2.9765784740448
70, -7.202975273132324, 3.0721640586853027, 2.979318618774414
71, -7.202975273132324, 3.0721640586853027, 2.979318618774414
72, -7.202975273132324, 3.0721640586853027, 2.979318618774414
73, -7.202975273132324, 3.0721640586853027, 2.979318618774414
74, -7.202975273132324, 3.0721640586853027, 2.979318618774414
75, -7.33034086227417, 3.0721640586853027, 2.764195203781128
76, -7.33034086227417, 3.0721640586853027, 2.764195203781128
77, -7.54820442199707, 3.0721640586853027, 2.641575574874878
78, -7.54820442199707, 3.0721640586853027, 2.641575574874878
79, -7.675570011138916, 3.0721640586853027, 2.426452159881592
80, -7.675570011138916, 3.0721640586853027, 2.426452159881592
81, -7.675570011138916, 3.0721640586853027, 2.426452159881592
82, -7.675570011138916, 3.0721640586853027, 2.426452159881592
83, -7.675570011138916, 3.0721640586853027, 2.426452159881592
84, -7.675570011138916, 3.0721640586853027, 2.426452159881592
85, -7.675570011138916, 3.0721640586853027, 2.426452159881592
86, -7.54820442199707, 3.0721640586853027, 2.641575574874878
87, -7.54820442199707, 3.0721640586853027, 2.641575574874878
88, -7.33034086227417, 3.0721640586853027, 2.764195203781128
89, -7.1124773025512695, 3.0721640586853027, 2.886814832687378
90, -6.894613742828369, 3.0721640586853027, 3.009434461593628
91, -6.894613742828369, 3.0721640586853027, 3.009434461593628
92, -6.644628524780273, 3.0721640586853027, 3.0066945552825928
93, -6.394643783569336, 3.0721640586853027, 3.0039546489715576
94, -6.144659042358398, 3.0721640586853027, 3.0012147426605225
95, -5.894674301147461, 3.0721640586853027, 2.9984748363494873
96, -5.644689559936523, 3.0721640586853027, 2.995734930038452
97, -5.394704818725586, 3.0721640586853027, 2.992995023727417
98, -5.394704818725586, 3.0721640586853027, 2.992995023727417
99, -5.179581642150879, 3.0721640586853027, 2.8656296730041504
100, -5.179581642150879, 3.0721640586853027, 2.8656296730041504
101, -5.179581642150879, 3.0721640586853027, 2.8656296730041504
102, -5.179581642150879, 3.0721640586853027, 2.8656296730041504
103, -5.179581642150879, 3.0721640586853027, 2.8656296730041504
104, -5.176841735839844, 3.0721640586853027, 3.115614652633667
105, -5.176841735839844, 3.0721640586853027, 3.115614652633667
106, -5.299461364746094, 3.0721640586853027, 3.3334779739379883
107, -5.422080993652344, 3.0721640586853027, 3.5513412952423096
108, -5.544700622558594, 3.0721640586853027, 3.769204616546631
109, -5.544700622558594, 3.0721640586853027, 3.769204616546631
110, -5.759823799133301, 3.0721640586853027, 3.8965699672698975
111, -5.974946975708008, 3.0721640586853027, 4.023935317993164
112, -6.190070152282715, 3.0721640586853027, 4.15130090713501
113, -6.405193328857422, 3.0721640586853027, 4.2786664962768555
114, -6.620316505432129, 3.0721640586853027, 4.406032085418701
115, -6.835439682006836, 3.0721640586853027, 4.533397674560547
116, -6.835439682006836, 3.0721640586853027, 4.533397674560547
117, -6.958059310913086, 3.0721640586853027, 4.751261234283447
118, -7.080678939819336, 3.0721640586853027, 4.969124794006348
119, -7.203298568725586, 3.0721640586853027, 5.186988353729248
120, -7.203298568725586, 3.0721640586853027, 5.186988353729248
121, -7.200558662414551, 3.0721640586853027, 5.436973571777344
122, -7.197818756103516, 3.0721640586853027, 5.6869587898254395
123, -7.1950788497924805, 3.0721640586853027, 5.936944007873535
124, -7.192338943481445, 3.0721640586853027, 6.186929225921631
125, -7.18959903717041, 3.0721640586853027, 6.436914443969727
126, -7.186859130859375, 3.0721640586853027, 6.686899662017822
127, -7.18411922454834, 3.0721640586853027, 6.936884880065918
128, -7.18411922454834, 3.0721640586853027, 6.936884880065918
129, -7.056754112243652, 3.0721640586853027, 7.152008056640625
130, -7.051911354064941, 3.0721640586853027, 7.160187721252441
131, -7.051911354064941, 3.0721640586853027, 7.160187721252441
132, -7.051911354064941, 3.0721640586853027, 7.160187721252441
133, -7.051911354064941, 3.0721640586853027, 7.160187721252441
134, -7.174530982971191, 3.0721640586853027, 7.378050804138184
135, -7.174530982971191, 3.0721640586853027, 7.378050804138184
136, -7.174530982971191, 3.0721640586853027, 7.378050804138184
137, -7.174530982971191, 3.0721640586853027, 7.378050804138184
138, -7.174530982971191, 3.0721640586853027, 7.378050804138184
139, -7.174530982971191, 3.0721640586853027, 7.378050804138184
140, -7.174530982971191, 3.0721640586853027, 7.378050804138184
141, -7.174530982971191, 3.0721640586853027, 7.378050804138184
142, -7.177270889282227, 3.0721640586853027, 7.128066062927246
143, -7.180010795593262, 3.0721640586853027, 6.878081321716309
144, -7.182750701904297, 3.0721640586853027, 6.628096580505371
145, -7.185490608215332, 3.0721640586853027, 6.378111839294434
146, -7.188230514526367, 3.0721640586853027, 6.128127098083496
147, -7.190970420837402, 3.0721640586853027, 5.878142356872559
148, -7.1937103271484375, 3.0721640586853027, 5.628157615661621
149, -7.196450233459473, 3.0721640586853027, 5.378172874450684
150, -7.199190139770508, 3.0721640586853027, 5.128188133239746
151, -7.199190139770508, 3.0721640586853027, 5.128188133239746
152, -7.076570510864258, 3.0721640586853027, 4.910325050354004
153, -6.953950881958008, 3.0721640586853027, 4.692461967468262
154, -6.831331253051758, 3.0721640586853027, 4.4745988845825195
155, -6.708711624145508, 3.0721640586853027, 4.256735801696777
156, -6.708711624145508, 3.0721640586853027, 4.256735801696777
157, -6.493588447570801, 3.0721640586853027, 4.12937068939209
158, -6.278465270996094, 3.0721640586853027, 4.002005577087402
159, -6.063342094421387, 3.0721640586853027, 3.8746402263641357
160, -5.84821891784668, 3.0721640586853027, 3.747274875640869
161, -5.633095741271973, 3.0721640586853027, 3.6199095249176025
162, -5.417972564697266, 3.0721640586853027, 3.492544174194336
163, -5.202849388122559, 3.0721640586853027, 3.3651788234710693
164, -4.987726211547852, 3.0721640586853027, 3.2378134727478027
165, -4.7726030349731445, 3.0721640586853027, 3.110448122024536
166, -4.5574798583984375, 3.0721640586853027, 2.9830827713012695
167, -4.5574798583984375, 3.0721640586853027, 2.9830827713012695
168, -4.4348602294921875, 3.0721640586853027, 2.7652194499969482
169, -4.3122406005859375, 3.0721640586853027, 2.547356128692627
170, -4.1896209716796875, 3.0721640586853027, 2.3294928073883057
171, -4.0670013427734375, 3.0721640586853027, 2.1116294860839844
172, -3.9443817138671875, 3.0721640586853027, 1.893766164779663
173, -3.9443817138671875, 3.0721640586853027, 1.893766164779663
174, -3.9471216201782227, 3.0721640586853027, 1.6437811851501465
175, -3.949861526489258, 3.0721640586853027, 1.3937962055206299
176, -3.949861526489258, 3.0721640586853027, 1.3937962055206299
177, -3.949861526489258, 3.0721640586853027, 1.3937962055206299
178, -3.7347381114959717, 3.0721640586853027, 1.2664308547973633
179, -3.5196146965026855, 3.0721640586853027, 1.1390655040740967
180, -3.3044912815093994, 3.0721640586853027, 1.01170015335083
181, -3.0893678665161133, 3.0721640586853027, 0.8843348026275635
182, -3.0893678665161133, 3.0721640586853027, 0.8843348026275635
183, -2.8393828868865967, 3.0721640586853027, 0.8815948963165283
184, -2.8393828868865967, 3.0721640586853027, 0.8815948963165283
185, -2.6242594718933105, 3.0721640586853027, 0.7542295455932617
186, -2.4091360569000244, 3.0721640586853027, 0.6268641948699951
187, -2.4091360569000244, 3.0721640586853027, 0.6268641948699951
188, -2.3717496395111084, 3.0721640586853027, 0.560438334941864
189, -2.3717496395111084, 3.0721640586853027, 0.560438334941864
190, -2.3717496395111084, 3.0721640586853027, 0.560438334941864
191, -2.3717496395111084, 3.0721640586853027, 0.560438334941864
192, -2.121764659881592, 3.0721640586853027, 0.5576984286308289
193, -2.121764659881592, 3.0721640586853027, 0.5576984286308289
194, -2.121764659881592, 3.0721640586853027, 0.5576984286308289
195, -2.121764659881592, 3.0721640586853027, 0.5576984286308289
196, -2.121764659881592, 3.0721640586853027, 0.5576984286308289
197, -2.2233264446258545, 3.0721640586853027, 0.38615792989730835
198, -2.2233264446258545, 3.0721640586853027, 0.38615792989730835
199, -2.2233264446258545, 3.0721640586853027, 0.38615792989730835
200, -2.2233264446258545, 3.0721640586853027, 0.38615792989730835
201, -2.2233264446258545, 3.0721640586853027, 0.38615792989730835
202, -2.2233264446258545, 3.0721640586853027, 0.38615792989730835
203, -2.2233264446258545, 3.0721640586853027, 0.38615792989730835
204, -2.2233264446258545, 3.0721640586853027, 0.38615790009498596
205, -2.2233264446258545, 3.0721640586853027, 0.38615790009498596
206, -2.180988073348999, 3.0721640586853027, 0.3610911965370178
207, -2.180988073348999, 3.0721640586853027, 0.3610911965370178
208, -2.180988073348999, 3.0721640586853027, 0.3610911965370178
209, -2.180988073348999, 3.0721640586853027, 0.3610911965370178
210, -2.180988073348999, 3.0721640586853027, 0.3610911965370178
211, -2.180988073348999, 3.0721640586853027, 0.3610911965370178
212, -2.180988073348999, 3.0721640586853027, 0.3610911965370178
213, -2.180988073348999, 3.0721640586853027, 0.3610911965370178
214, -2.204721450805664, 3.0721640586853027, 0.36135134100914
215, -2.204721450805664, 3.0721640586853027, 0.36135134100914
216, -2.204721450805664, 3.0721640586853027, 0.36135134100914
217, -2.204721450805664, 3.0721640586853027, 0.36135134100914
218, -2.327341079711914, 3.0721640586853027, 0.5792146921157837
219, -2.327341079711914, 3.0721640586853027, 0.5792146921157837
220, -2.5424644947052, 3.0721640586853027, 0.7065800428390503
221, -2.5424644947052, 3.0721640586853027, 0.7065800428390503
222, -2.5424644947052, 3.0721640586853027, 0.7065800428390503
223, -2.5424644947052, 3.0721640586853027, 0.7065800428390503
224, -2.5424644947052, 3.0721640586853027, 0.7065800428390503
225, -2.5424644947052, 3.0721640586853027, 0.7065800428390503
226, -2.5424644947052, 3.0721640586853027, 0.7065800428390503
227, -2.327341079711914, 3.0721640586853027, 0.5792146921157837
228, -2.327341079711914, 3.0721640586853027, 0.5792146921157837
229, -2.327341079711914, 3.0721640586853027, 0.5792146921157837
230, -2.327928304672241, 3.0721640586853027, 0.5256268978118896
231, -2.327928304672241, 3.0721640586853027, 0.5256267786026001
232, -2.327928304672241, 3.0721640586853027, 0.5256267786026001
233, -2.327928304672241, 3.0721640586853027, 0.5256266593933105
234, -2.327928304672241, 3.0721640586853027, 0.5256266593933105
235, -2.112804889678955, 3.0721640586853027, 0.39826130867004395
236, -2.112804889678955, 3.0721640586853027, 0.39826130867004395
237, -2.112804889678955, 3.0721640586853027, 0.39826130867004395
238, -2.112804889678955, 3.0721640586853027, 0.39826130867004395
239, -2.129756450653076, 3.0721640586853027, 0.369629830121994
240, -2.129756450653076, 3.0721640586853027, 0.369629830121994
241, -2.129756450653076, 3.0721640586853027, 0.36962980031967163
242, -2.129756450653076, 3.0721640586853027, 0.36962980031967163
243, -2.2116031646728516, 3.0721640586853027, 0.37052690982818604
244, 0.7096881866455078, 0.07216382026672363, 5.473627090454102
