1, -3.46621036529541, -2.9951868057250977, 6.299952030181885
2, -3.46621036529541, -2.9951868057250977, 6.299952030181885
3, -3.46621036529541, -2.9951868057250977, 6.299952030181885
4, -3.46621036529541, -2.9951868057250977, 6.299952030181885
5, -3.46621036529541, -2.9951868057250977, 6.299952030181885
6, -3.46621036529541, -2.9951868057250977, 6.299952030181885
7, -3.46621036529541, -2.9951868057250977, 6.299952030181885
8, -3.46621036529541, -2.9951868057250977, 6.299952030181885
9, -3.46621036529541, -2.9951868057250977, 6.299952030181885
10, -3.46621036529541, -2.9951868057250977, 6.299952030181885
11, -3.46621036529541, -2.9951868057250977, 6.299952030181885
12, -3.46621036529541, -2.9951868057250977, 6.299952030181885
13, -3.46621036529541, -2.9951868057250977, 6.299952030181885
14, -3.46621036529541, -2.9951868057250977, 6.299952030181885
15, -3.46621036529541, -2.9951868057250977, 6.299952030181885
16, -3.46621036529541, -2.9951868057250977, 6.299952030181885
17, -3.46621036529541, -2.9951868057250977, 6.299952030181885
18, -3.325230121612549, -2.9951868057250977, 6.093494892120361
19, -3.325230121612549, -2.9951868057250977, 6.093494892120361
20, -3.0999090671539307, -2.9951868057250977, 5.985188007354736
21, -3.0999090671539307, -2.9951868057250977, 5.985188007354736
22, -3.0999090671539307, -2.9951868057250977, 5.985188007354736
23, -2.8745880126953125, -2.9951868057250977, 5.876881122589111
24, -2.8745880126953125, -2.9951868057250977, 5.876881122589111
25, -2.8745880126953125, -2.9951868057250977, 5.876881122589111
26, -2.8745880126953125, -2.9951868057250977, 5.876881122589111
27, -2.8745880126953125, -2.9951868057250977, 5.876881122589111
28, -3.081045150756836, -2.9951868057250977, 5.73590087890625
29, -3.081045150756836, -2.9951868057250977, 5.73590087890625
30, -3.18935227394104, -2.9951868057250977, 5.510580062866211
31, -3.297659397125244, -2.9951868057250977, 5.285259246826172
32, -3.4059665203094482, -2.9951868057250977, 5.059938430786133
33, -3.5142736434936523, -2.9951868057250977, 4.834617614746094
34, -3.6225807666778564, -2.9951868057250977, 4.609296798706055
35, -3.6225807666778564, -2.9951868057250977, 4.609296798706055
36, -3.6037168502807617, -2.9951868057250977, 4.360009670257568
37, -3.584852933883667, -2.9951868057250977, 4.110722541809082
38, -3.5659890174865723, -2.9951868057250977, 3.8614351749420166
39, -3.5471251010894775, -2.9951868057250977, 3.612147808074951
40, -3.528261184692383, -2.9951868057250977, 3.3628604412078857
41, -3.509397268295288, -2.9951868057250977, 3.1135730743408203
42, -3.509397268295288, -2.9951868057250977, 3.1135730743408203
43, -3.411250114440918, -2.9951868057250977, 2.9698424339294434
44, -3.411250114440918, -2.9951868057250977, 2.9698424339294434
45, -3.411250114440918, -2.9951868057250977, 2.9698424339294434
46, -3.411250114440918, -2.9951868057250977, 2.9698424339294434
47, -3.411250114440918, -2.9951868057250977, 2.9698424339294434
48, -3.519557237625122, -2.9951868057250977, 2.744521379470825
49, -3.519557237625122, -2.9951868057250977, 2.744521379470825
50, -3.519557237625122, -2.9951868057250977, 2.744521379470825
51, -3.519557237625122, -2.9951868057250977, 2.744521379470825
52, -3.519557237625122, -2.9951868057250977, 2.744521379470825
53, -3.519557237625122, -2.9951868057250977, 2.744521379470825
54, -3.519557237625122, -2.9951868057250977, 2.744521379470825
55, -3.7688446044921875, -2.9951868057250977, 2.7256577014923096
56, -4.018131732940674, -2.9951868057250977, 2.706794023513794
57, -4.26741886138916, -2.9951868057250977, 2.6879303455352783
58, -4.5167059898376465, -2.9951868057250977, 2.6690666675567627
59, -4.765993118286133, -2.9951868057250977, 2.650202989578247
60, -5.015280246734619, -2.9951868057250977, 2.6313393115997314
61, -5.2645673751831055, -2.9951868057250977, 2.612475633621216
62, -5.513854503631592, -2.9951868057250977, 2.5936119556427
63, -5.763141632080078, -2.9951868057250977, 2.5747482776641846
64, -6.0124287605285645, -2.9951868057250977, 2.555884599685669
65, -6.261715888977051, -2.9951868057250977, 2.5370209217071533
66, -6.261715888977051, -2.9951868057250977, 2.5370209217071533
67, -6.468173027038574, -2.9951868057250977, 2.396040678024292
68, -6.468173027038574, -2.9951868057250977, 2.396040678024292
69, -6.468173027038574, -2.9951868057250977, 2.396040678024292
70, -6.468173027038574, -2.9951868057250977, 2.396040678024292
71, -6.576479911804199, -2.9951868057250977, 2.170719623565674
72, -6.576479911804199, -2.9951868057250977, 2.170719623565674
73, -6.557616233825684, -2.9951868057250977, 1.921432375907898
74, -6.557616233825684, -2.9951868057250977, 1.921432375907898
75, -6.557616233825684, -2.9951868057250977, 1.921432375907898
76, -6.557616233825684, -2.9951868057250977, 1.921432375907898
77, -6.557616233825684, -2.9951868057250977, 1.921432375907898
78, -6.557616233825684, -2.9951868057250977, 1.921432375907898
79, -6.511249542236328, -2.9951868057250977, 2.017892837524414
80, -6.511249542236328, -2.9951868057250977, 2.017892837524414
81, -6.511249542236328, -2.9951868057250977, 2.017892837524414
82, -6.530113220214844, -2.9951868057250977, 2.2671802043914795
83, -6.530113220214844, -2.9951868057250977, 2.2671802043914795
84, -6.530113220214844, -2.9951868057250977, 2.2671802043914795
85, -6.32365608215332, -2.9951868057250977, 2.408160448074341
86, -6.32365608215332, -2.9951868057250977, 2.408160448074341
87, -6.074368953704834, -2.9951868057250977, 2.4270243644714355
88, -5.825081825256348, -2.9951868057250977, 2.4458882808685303
89, -5.575794696807861, -2.9951868057250977, 2.464752197265625
90, -5.326507568359375, -2.9951868057250977, 2.4836161136627197
91, -5.326507568359375, -2.9951868057250977, 2.4836161136627197
92, -5.120050430297852, -2.9951868057250977, 2.624596357345581
93, -5.120050430297852, -2.9951868057250977, 2.624596357345581
94, -5.011743545532227, -2.9951868057250977, 2.849917411804199
95, -4.903436660766602, -2.9951868057250977, 3.0752384662628174
96, -4.795129776000977, -2.9951868057250977, 3.3005595207214355
97, -4.795129776000977, -2.9951868057250977, 3.3005595207214355
98, -4.813993453979492, -2.9951868057250977, 3.549846887588501
99, -4.813993453979492, -2.9951868057250977, 3.549846887588501
100, -4.813993453979492, -2.9951868057250977, 3.549846887588501
101, -4.832857131958008, -2.9951868057250977, 3.7991342544555664
102, -4.832857131958008, -2.9951868057250977, 3.7991342544555664
103, -4.973837375640869, -2.9951868057250977, 4.00559139251709
104, -5.1148176193237305, -2.9951868057250977, 4.212048530578613
105, -5.1148176193237305, -2.9951868057250977, 4.212048530578613
106, -5.1148176193237305, -2.9951868057250977, 4.212048530578613
107, -5.1148176193237305, -2.9951868057250977, 4.212048530578613
108, -5.1148176193237305, -2.9951868057250977, 4.212048530578613
109, -5.1148176193237305, -2.9951868057250977, 4.212048530578613
110, -5.1148176193237305, -2.9951868057250977, 4.212048530578613
111, -4.973837375640869, -2.9951868057250977, 4.00559139251709
112, -4.832857131958008, -2.9951868057250977, 3.7991342544555664
113, -4.832857131958008, -2.9951868057250977, 3.7991342544555664
114, -4.813993453979492, -2.9951868057250977, 3.549846887588501
115, -4.795129776000977, -2.9951868057250977, 3.3005595207214355
116, -4.776266098022461, -2.9951868057250977, 3.05127215385437
117, -4.757402420043945, -2.9951868057250977, 2.8019847869873047
118, -4.757402420043945, -2.9951868057250977, 2.8019847869873047
119, -4.757402420043945, -2.9951868057250977, 2.8019847869873047
120, -4.532081604003906, -2.9951868057250977, 2.6936776638031006
121, -4.306760787963867, -2.9951868057250977, 2.5853705406188965
122, -4.081439971923828, -2.9951868057250977, 2.4770634174346924
123, -3.85611891746521, -2.9951868057250977, 2.3687562942504883
124, -3.85611891746521, -2.9951868057250977, 2.3687562942504883
125, -3.6068315505981445, -2.9951868057250977, 2.387619972229004
126, -3.357544183731079, -2.9951868057250977, 2.4064836502075195
127, -3.1082568168640137, -2.9951868057250977, 2.425347328186035
128, -2.8589694499969482, -2.9951868057250977, 2.444211006164551
129, -2.609682083129883, -2.9951868057250977, 2.4630746841430664
130, -2.3603947162628174, -2.9951868057250977, 2.481938362121582
131, -2.111107349395752, -2.9951868057250977, 2.5008020401000977
132, -1.8618199825286865, -2.9951868057250977, 2.5196657180786133
133, -1.612532615661621, -2.9951868057250977, 2.538529396057129
134, -1.3632452487945557, -2.9951868057250977, 2.5573930740356445
135, -1.1139578819274902, -2.9951868057250977, 2.57625675201416
136, -0.8646705746650696, -2.9951868057250977, 2.595120429992676
137, -0.6153832674026489, -2.9951868057250977, 2.6139841079711914
138, -0.36609596014022827, -2.9951868057250977, 2.632847785949707
139, -0.36609596014022827, -2.9951868057250977, 2.632847785949707
140, -0.36609596014022827, -2.9951868057250977, 2.632847785949707
141, -0.11680862307548523, -2.9951868057250977, 2.6517117023468018
142, -0.11680862307548523, -2.9951868057250977, 2.6517117023468018
143, 0.10851243138313293, -2.9951868057250977, 2.5434045791625977
144, 0.3338334858417511, -2.9951868057250977, 2.4350974559783936
145, 0.3338334858417511, -2.9951868057250977, 2.4350974559783936
146, 0.5831208229064941, -2.9951868057250977, 2.4539613723754883
147, 0.8324081301689148, -2.9951868057250977, 2.472825050354004
148, 1.0816954374313354, -2.9951868057250977, 2.4916887283325195
149, 1.3309826850891113, -2.9951868057250977, 2.510552406311035
150, 1.3309826850891113, -2.9951868057250977, 2.510552406311035
151, 1.5563037395477295, -2.9951868057250977, 2.402245283126831
152, 1.7816247940063477, -2.9951868057250977, 2.293938159942627
153, 2.006945848464966, -2.9951868057250977, 2.185631036758423
154, 2.006945848464966, -2.9951868057250977, 2.185631036758423
155, 2.006945848464966, -2.9951868057250977, 2.185631036758423
156, 2.006945848464966, -2.9951868057250977, 2.185631036758423
157, 2.006945848464966, -2.9951868057250977, 2.185631036758423
158, 2.006945848464966, -2.9951868057250977, 2.185631036758423
159, 2.11525297164917, -2.9951868057250977, 2.410952091217041
160, 2.223560094833374, -2.9951868057250977, 2.636273145675659
161, 2.331867218017578, -2.9951868057250977, 2.8615942001342773
162, 2.4401743412017822, -2.9951868057250977, 3.0869152545928955
163, 2.4401743412017822, -2.9951868057250977, 3.0869152545928955
164, 2.4401743412017822, -2.9951868057250977, 3.0869152545928955
165, 2.4401743412017822, -2.9951868057250977, 3.0869152545928955
166, 2.4401743412017822, -2.9951868057250977, 3.0869152545928955
167, 2.4401743412017822, -2.9951868057250977, 3.0869152545928955
168, 2.4401743412017822, -2.9951868057250977, 3.0869152545928955
169, 2.331867218017578, -2.9951868057250977, 2.8615942001342773
170, 2.331867218017578, -2.9951868057250977, 2.8615942001342773
171, 2.1254100799560547, -2.9951868057250977, 2.720613956451416
172, 1.9189528226852417, -2.9951868057250977, 2.5796337127685547
173, 1.9189528226852417, -2.9951868057250977, 2.5796337127685547
174, 1.6696654558181763, -2.9951868057250977, 2.560770034790039
175, 1.4203780889511108, -2.9951868057250977, 2.5419063568115234
176, 1.1710907220840454, -2.9951868057250977, 2.523042678833008
177, 0.92180335521698, -2.9951868057250977, 2.504179000854492
178, 0.6725159883499146, -2.9951868057250977, 2.4853153228759766
179, 0.6725159883499146, -2.9951868057250977, 2.4853153228759766
180, 0.4471949338912964, -2.9951868057250977, 2.5936224460601807
181, 0.22187387943267822, -2.9951868057250977, 2.7019295692443848
182, -0.0034471750259399414, -2.9951868057250977, 2.810236692428589
183, -0.0034471750259399414, -2.9951868057250977, 2.810236692428589
184, -0.0034471750259399414, -2.9951868057250977, 2.810236692428589
185, -0.0034471750259399414, -2.9951868057250977, 2.810236692428589
186, -0.0034471750259399414, -2.9951868057250977, 2.810236692428589
187, -0.0034471750259399414, -2.9951868057250977, 2.810236692428589
188, -0.0034471750259399414, -2.9951868057250977, 2.810236692428589
189, 0.22187387943267822, -2.9951868057250977, 2.7019295692443848
190, 0.4471949338912964, -2.9951868057250977, 2.5936224460601807
191, 0.6725159883499146, -2.9951868057250977, 2.4853153228759766
192, 0.6725159883499146, -2.9951868057250977, 2.4853153228759766
193, 0.9218032956123352, -2.9951868057250977, 2.504179000854492
194, 1.1710906028747559, -2.9951868057250977, 2.523042678833008
195, 1.4203779697418213, -2.9951868057250977, 2.5419063568115234
196, 1.6696653366088867, -2.9951868057250977, 2.560770034790039
197, 1.9189527034759521, -2.9951868057250977, 2.5796337127685547
198, 1.9189527034759521, -2.9951868057250977, 2.5796337127685547
199, 2.1254100799560547, -2.9951868057250977, 2.720613956451416
200, 2.331867218017578, -2.9951868057250977, 2.8615942001342773
201, 2.331867218017578, -2.9951868057250977, 2.8615942001342773
202, 2.4401743412017822, -2.9951868057250977, 3.0869152545928955
203, 2.5484814643859863, -2.9951868057250977, 3.3122363090515137
204, 2.5484814643859863, -2.9951868057250977, 3.3122363090515137
205, 2.5296175479888916, -2.9951868057250977, 3.561523675918579
206, 2.510753631591797, -2.9951868057250977, 3.8108110427856445
207, 2.491889715194702, -2.9951868057250977, 4.060098171234131
208, 2.4730257987976074, -2.9951868057250977, 4.309385299682617
209, 2.4541618824005127, -2.9951868057250977, 4.5586724281311035
210, 2.435297966003418, -2.9951868057250977, 4.80795955657959
211, 2.4164340496063232, -2.9951868057250977, 5.057246685028076
212, 2.3975701332092285, -2.9951868057250977, 5.3065338134765625
213, 2.378706216812134, -2.9951868057250977, 5.555820941925049
214, 2.359842300415039, -2.9951868057250977, 5.805108070373535
215, 2.3409783840179443, -2.9951868057250977, 6.0543951988220215
216, 2.3409783840179443, -2.9951868057250977, 6.0543951988220215
217, 2.3409783840179443, -2.9951868057250977, 6.0543951988220215
218, 2.3409783840179443, -2.9951868057250977, 6.0543951988220215
219, 2.3409783840179443, -2.9951868057250977, 6.0543951988220215
220, 2.3409783840179443, -2.9951868057250977, 6.0543951988220215
221, 2.3409783840179443, -2.9951868057250977, 6.0543951988220215
222, 2.35984206199646, -2.9951868057250977, 5.805108070373535
223, 2.3787057399749756, -2.9951868057250977, 5.555820941925049
224, 2.397569417953491, -2.9951868057250977, 5.3065338134765625
225, 2.416433095932007, -2.9951868057250977, 5.057246685028076
226, 2.4352967739105225, -2.9951868057250977, 4.80795955657959
227, 2.454160451889038, -2.9951868057250977, 4.5586724281311035
228, 2.4730241298675537, -2.9951868057250977, 4.309385299682617
229, 2.4918878078460693, -2.9951868057250977, 4.060098171234131
230, 2.510751485824585, -2.9951868057250977, 3.8108108043670654
231, 2.5296151638031006, -2.9951868057250977, 3.5615234375
232, 2.5296151638031006, -2.9951868057250977, 3.5615234375
233, 2.4213080406188965, -2.9951868057250977, 3.336202383041382
234, 2.3130009174346924, -2.9951868057250977, 3.1108813285827637
235, 2.2046937942504883, -2.9951868057250977, 2.8855602741241455
236, 2.096386671066284, -2.9951868057250977, 2.6602392196655273
237, 2.096386671066284, -2.9951868057250977, 2.6602392196655273
238, 1.8899294137954712, -2.9951868057250977, 2.519258975982666
239, 1.8899294137954712, -2.9951868057250977, 2.519258975982666
240, 1.6406420469284058, -2.9951868057250977, 2.5003952980041504
241, 1.3913546800613403, -2.9951868057250977, 2.4815316200256348
242, 1.142067313194275, -2.9951868057250977, 2.462667942047119
243, 0.8927799463272095, -2.9951868057250977, 2.4438042640686035
244, 0.643492579460144, -2.9951868057250977, 2.424940586090088
245, 0.394205242395401, -2.9951868057250977, 2.4060769081115723
246, 0.14491790533065796, -2.9951868057250977, 2.3872132301330566
247, -0.10436943173408508, -2.9951868057250977, 2.368349552154541
248, -0.3536567687988281, -2.9951868057250977, 2.3494858741760254
249, -0.6029441356658936, -2.9951868057250977, 2.3306221961975098
250, -0.852231502532959, -2.9951868057250977, 2.311758518218994
251, -1.1015188694000244, -2.9951868057250977, 2.2928948402404785
252, -1.3508062362670898, -2.9951868057250977, 2.274031162261963
253, -1.6000936031341553, -2.9951868057250977, 2.2551674842834473
254, -1.6000936031341553, -2.9951868057250977, 2.2551674842834473
255, -1.8254146575927734, -2.9951868057250977, 2.3634746074676514
256, -2.0507357120513916, -2.9951868057250977, 2.4717817306518555
257, -2.2760567665100098, -2.9951868057250977, 2.5800888538360596
258, -2.2760567665100098, -2.9951868057250977, 2.5800888538360596
259, -2.525344133377075, -2.9951868057250977, 2.561225175857544
260, -2.7746315002441406, -2.9951868057250977, 2.5423614978790283
261, -3.023918867111206, -2.9951868057250977, 2.5234978199005127
262, -3.2732062339782715, -2.9951868057250977, 2.504634141921997
263, -3.522493600845337, -2.9951868057250977, 2.4857704639434814
264, -3.7717809677124023, -2.9951868057250977, 2.466906785964966
265, -4.021068096160889, -2.9951868057250977, 2.44804310798645
266, -4.270355224609375, -2.9951868057250977, 2.4291794300079346
267, -4.519642353057861, -2.9951868057250977, 2.410315752029419
268, -4.768929481506348, -2.9951868057250977, 2.3914520740509033
269, -5.018216609954834, -2.9951868057250977, 2.3725883960723877
270, -5.26750373840332, -2.9951868057250977, 2.353724718093872
271, -5.516790866851807, -2.9951868057250977, 2.3348610401153564
272, -5.766077995300293, -2.9951868057250977, 2.315997362136841
273, -6.015365123748779, -2.9951868057250977, 2.297133684158325
274, -6.264652252197266, -2.9951868057250977, 2.2782700061798096
275, -6.513939380645752, -2.9951868057250977, 2.259406328201294
276, -6.513939380645752, -2.9951868057250977, 2.259406328201294
277, -6.513939380645752, -2.9951868057250977, 2.259406328201294
278, -6.622246742248535, -2.9951868057250977, 2.034085273742676
279, -6.622246742248535, -2.9951868057250977, 2.034085273742676
280, -6.6033830642700195, -2.9951868057250977, 1.7847980260849
281, -6.584519386291504, -2.9951868057250977, 1.535510778427124
282, -6.584519386291504, -2.9951868057250977, 1.535510778427124
283, -6.692826747894287, -2.9951868057250977, 1.3101897239685059
284, -6.80113410949707, -2.9951868057250977, 1.0848686695098877
285, -6.80113410949707, -2.9951868057250977, 1.0848686695098877
286, -6.782270431518555, -2.9951868057250977, 0.835581362247467
287, -6.776718616485596, -2.9951868057250977, 0.7622127532958984
288, -6.776718616485596, -2.9951868057250977, 0.7622127532958984
289, -6.776718616485596, -2.9951868057250977, 0.7622127532958984
290, -6.776718616485596, -2.9951868057250977, 0.7622127532958984
291, -6.776718616485596, -2.9951868057250977, 0.7622127532958984
292, -6.776718616485596, -2.9951868057250977, 0.7622127532958984
293, -6.776718616485596, -2.9951868057250977, 0.7622127532958984
294, -6.527431488037109, -2.9951868057250977, 0.7810765504837036
295, -6.527431488037109, -2.9951868057250977, 0.7810765504837036
296, -6.527431488037109, -2.9951868057250977, 0.7810765504837036
297, -6.51455020904541, -2.9951868057250977, 0.7622127532958984
298, -6.51455020904541, -2.9951868057250977, 0.7622127532958984
299, -6.51455020904541, -2.9951868057250977, 0.7622127532958984
300, -6.51455020904541, -2.9951868057250977, 0.7622127532958984
301, -6.51455020904541, -2.9951868057250977, 0.7622127532958984
302, -6.51455020904541, -2.9951868057250977, 0.7622127532958984
303, -6.51455020904541, -2.9951868057250977, 0.7622127532958984
304, -6.6555304527282715, -2.9951868057250977, 0.9686700105667114
305, -6.6555304527282715, -2.9951868057250977, 0.9686700105667114
306, -6.674394130706787, -2.9951868057250977, 1.2179573774337769
307, -6.693257808685303, -2.9951868057250977, 1.4672447443008423
308, -6.712121486663818, -2.9951868057250977, 1.7165321111679077
309, -6.730985164642334, -2.9951868057250977, 1.9658194780349731
310, -6.730985164642334, -2.9951868057250977, 1.9658194780349731
311, -6.871965408325195, -2.9951868057250977, 2.172276735305786
312, -7.012945652008057, -2.9951868057250977, 2.3787341117858887
313, -7.012945652008057, -2.9951868057250977, 2.3787341117858887
314, -7.238266944885254, -2.9951868057250977, 2.4870412349700928
315, -7.463587760925293, -2.9951868057250977, 2.595348358154297
316, -7.463587760925293, -2.9951868057250977, 2.595348358154297
317, -7.712874889373779, -2.9951868057250977, 2.5764846801757812
318, -7.962162017822266, -2.9951868057250977, 2.5576210021972656
319, -8.21144962310791, -2.9951868057250977, 2.53875732421875
320, -8.460737228393555, -2.9951868057250977, 2.5198936462402344
321, -8.460737228393555, -2.9951868057250977, 2.5198936462402344
322, -8.460737228393555, -2.9951868057250977, 2.5198936462402344
323, -8.460737228393555, -2.9951868057250977, 2.5198936462402344
324, -8.667194366455078, -2.9951868057250977, 2.378913402557373
325, -8.667194366455078, -2.9951868057250977, 2.378913402557373
326, -8.667194366455078, -2.9951868057250977, 2.378913402557373
327, -8.667194366455078, -2.9951868057250977, 2.378913402557373
328, -8.667194366455078, -2.9951868057250977, 2.378913402557373
329, -8.667194366455078, -2.9951868057250977, 2.378913402557373
330, -8.667194366455078, -2.9951868057250977, 2.378913402557373
331, -8.667194366455078, -2.9951868057250977, 2.378913402557373
332, -8.417906761169434, -2.9951868057250977, 2.3977770805358887
333, -8.168619155883789, -2.9951868057250977, 2.4166407585144043
334, -7.919332027435303, -2.9951868057250977, 2.43550443649292
335, -7.670044898986816, -2.9951868057250977, 2.4543681144714355
336, -7.42075777053833, -2.9951868057250977, 2.473231792449951
337, -7.171470642089844, -2.9951868057250977, 2.492095470428467
338, -6.922183513641357, -2.9951868057250977, 2.5109591484069824
339, -6.672896385192871, -2.9951868057250977, 2.529822826385498
340, -6.423609256744385, -2.9951868057250977, 2.5486865043640137
341, -6.174322128295898, -2.9951868057250977, 2.5675501823425293
342, -5.925034999847412, -2.9951868057250977, 2.586413860321045
343, -5.675747871398926, -2.9951868057250977, 2.6052775382995605
344, -5.4264607429504395, -2.9951868057250977, 2.624141216278076
345, -5.177173614501953, -2.9951868057250977, 2.643004894256592
346, -4.927886486053467, -2.9951868057250977, 2.6618685722351074
347, -4.6785993576049805, -2.9951868057250977, 2.680732250213623
348, -4.429312229156494, -2.9951868057250977, 2.6995959281921387
349, -4.429312229156494, -2.9951868057250977, 2.6995959281921387
350, -4.203990936279297, -2.9951868057250977, 2.5912888050079346
351, -3.9786698818206787, -2.9951868057250977, 2.4829816818237305
352, -3.7533488273620605, -2.9951868057250977, 2.3746745586395264
353, -3.7533488273620605, -2.9951868057250977, 2.3746745586395264
354, -3.504061460494995, -2.9951868057250977, 2.393538475036621
355, -3.2547740936279297, -2.9951868057250977, 2.4124021530151367
356, -3.0054867267608643, -2.9951868057250977, 2.4312658309936523
357, -2.756199359893799, -2.9951868057250977, 2.450129508972168
358, -2.5069119930267334, -2.9951868057250977, 2.4689931869506836
359, -2.257624626159668, -2.9951868057250977, 2.487856864929199
360, -2.257624626159668, -2.9951868057250977, 2.487856864929199
361, -2.03230357170105, -2.9951868057250977, 2.379549741744995
362, -1.8069825172424316, -2.9951868057250977, 2.271242618560791
363, -1.8069825172424316, -2.9951868057250977, 2.271242618560791
364, -1.7666735649108887, -2.9951868057250977, 2.212212562561035
365, -1.7666735649108887, -2.9951868057250977, 2.212212562561035
366, -1.7666735649108887, -2.9951868057250977, 2.212212562561035
367, -1.7666735649108887, -2.9951868057250977, 2.212212562561035
368, -1.7666735649108887, -2.9951868057250977, 2.212212562561035
369, -1.7666735649108887, -2.9951868057250977, 2.212212562561035
370, -1.7666735649108887, -2.9951868057250977, 2.212212562561035
371, -1.5173861980438232, -2.9951868057250977, 2.231076240539551
372, -1.5173861980438232, -2.9951868057250977, 2.231076240539551
373, -1.5173861980438232, -2.9951868057250977, 2.231076240539551
374, -1.5173861980438232, -2.9951868057250977, 2.231076240539551
375, -1.498522400856018, -2.9951868057250977, 1.981788992881775
376, -1.479658603668213, -2.9951868057250977, 1.732501745223999
377, -1.4607948064804077, -2.9951868057250977, 1.4832144975662231
378, -1.4419310092926025, -2.9951868057250977, 1.2339272499084473
379, -1.4230672121047974, -2.9951868057250977, 0.9846399426460266
380, -1.4230672121047974, -2.9951868057250977, 0.9846399426460266
381, -1.5313743352890015, -2.9951868057250977, 0.7593189477920532
382, -1.6396814584732056, -2.9951868057250977, 0.5339978933334351
383, -1.6396814584732056, -2.9951868057250977, 0.5339978933334351
384, -1.796652913093567, -2.9951868057250977, 0.42680931091308594
385, -1.796652913093567, -2.9951868057250977, 0.42680931091308594
386, 1.0434715747833252, 2.0644748210906982, 5.295243740081787
