1, 7.916562080383301, 0.07754743099212646, 4.6195526123046875
2, 7.916562080383301, 0.07754743099212646, 4.6195526123046875
3, 7.916562080383301, 0.07754743099212646, 4.6195526123046875
4, 7.916562080383301, 0.07754743099212646, 4.6195526123046875
5, 7.916562080383301, 0.07754743099212646, 4.6195526123046875
6, 7.916562080383301, 0.07754743099212646, 4.6195526123046875
7, 7.916562080383301, 0.07754743099212646, 4.6195526123046875
8, 7.916562080383301, 0.07754743099212646, 4.6195526123046875
9, 7.916562080383301, 0.07754743099212646, 4.6195526123046875
10, 7.916562080383301, 0.07754743099212646, 4.6195526123046875
11, 7.916562080383301, 0.07754743099212646, 4.6195526123046875
12, 7.916562080383301, 0.07754743099212646, 4.6195526123046875
13, 7.746291637420654, 0.07754743099212646, 4.802604675292969
14, 7.746291637420654, 0.07754743099212646, 4.802604675292969
15, 7.746291637420654, 0.07754743099212646, 4.802604675292969
16, 7.746291637420654, 0.07754743099212646, 4.802604675292969
17, 7.746291637420654, 0.07754743099212646, 4.802604675292969
18, 7.989954471588135, 0.07754743099212646, 4.858537197113037
19, 8.233617782592773, 0.07754743099212646, 4.9144697189331055
20, 8.233617782592773, 0.07754743099212646, 4.9144697189331055
21, 8.472601890563965, 0.07754743099212646, 4.8410773277282715
22, 8.472601890563965, 0.07754743099212646, 4.8410773277282715
23, 8.716264724731445, 0.07754743099212646, 4.89700984954834
24, 8.959927558898926, 0.07754743099212646, 4.95294189453125
25, 9.203590393066406, 0.07754743099212646, 5.00887393951416
26, 9.203590393066406, 0.07754743099212646, 5.00887393951416
27, 9.442574501037598, 0.07754743099212646, 4.935481548309326
28, 9.442574501037598, 0.07754743099212646, 4.935481548309326
29, 9.442574501037598, 0.07754743099212646, 4.935481548309326
30, 9.442574501037598, 0.07754743099212646, 4.935481548309326
31, 9.442574501037598, 0.07754743099212646, 4.935481548309326
32, 9.442574501037598, 0.07754743099212646, 4.935481548309326
33, 9.442574501037598, 0.07754743099212646, 4.935481548309326
34, 9.203590393066406, 0.07754743099212646, 5.00887393951416
35, 8.964606285095215, 0.07754743099212646, 5.082266330718994
36, 8.964606285095215, 0.07754743099212646, 5.082266330718994
37, 8.720943450927734, 0.07754743099212646, 5.026333808898926
38, 8.720943450927734, 0.07754743099212646, 5.026333808898926
39, 8.720943450927734, 0.07754743099212646, 5.026333808898926
40, 8.720943450927734, 0.07754743099212646, 5.026333808898926
41, 8.481959342956543, 0.07754743099212646, 5.09972620010376
42, 8.242975234985352, 0.07754743099212646, 5.173118591308594
43, 8.242975234985352, 0.07754743099212646, 5.173118591308594
44, 8.072705268859863, 0.07754743099212646, 5.356170654296875
45, 7.902434825897217, 0.07754743099212646, 5.539222717285156
46, 7.902434825897217, 0.07754743099212646, 5.539222717285156
47, 7.902434825897217, 0.07754743099212646, 5.539222717285156
48, 7.902434825897217, 0.07754743099212646, 5.539222717285156
49, 7.902434825897217, 0.07754743099212646, 5.539222717285156
50, 7.902434825897217, 0.07754743099212646, 5.539222717285156
51, 7.902434825897217, 0.07754743099212646, 5.539222717285156
52, 8.072705268859863, 0.07754743099212646, 5.356170654296875
53, 8.242975234985352, 0.07754743099212646, 5.173118591308594
54, 8.242975234985352, 0.07754743099212646, 5.173118591308594
55, 8.481959342956543, 0.07754743099212646, 5.09972620010376
56, 8.720943450927734, 0.07754743099212646, 5.026333808898926
57, 8.959927558898926, 0.07754743099212646, 4.952941417694092
58, 8.959927558898926, 0.07754743099212646, 4.952941417694092
59, 9.203590393066406, 0.07754743099212646, 5.00887393951416
60, 9.447253227233887, 0.07754743099212646, 5.0648064613342285
61, 9.690916061401367, 0.07754743099212646, 5.120738983154297
62, 9.690916061401367, 0.07754743099212646, 5.120738983154297
63, 9.806455612182617, 0.07754743099212646, 5.228211402893066
64, 9.806455612182617, 0.07754743099212646, 5.228211402893066
65, 9.806455612182617, 0.07754743099212646, 5.228211402893066
66, 9.806455612182617, 0.07754743099212646, 5.228211402893066
67, 10.004247665405273, 0.07754743099212646, 5.167469024658203
68, 10.004247665405273, 0.07754743099212646, 5.167469024658203
69, 10.004247665405273, 0.07754743099212646, 5.167469024658203
70, 10.004247665405273, 0.07754743099212646, 5.167469024658203
71, 10.004247665405273, 0.07754743099212646, 5.167469024658203
72, 10.018256187438965, 0.07754743099212646, 5.213082790374756
73, 10.018256187438965, 0.07754743099212646, 5.213082790374756
74, 10.018256187438965, 0.07754743099212646, 5.213082790374756
75, 10.018256187438965, 0.07754743099212646, 5.213082790374756
76, 10.018256187438965, 0.07754743099212646, 5.213082790374756
77, 10.018256187438965, 0.07754743099212646, 5.213082790374756
78, 10.018256187438965, 0.07754743099212646, 5.213082790374756
79, 10.018256187438965, 0.07754743099212646, 5.213082790374756
80, 10.018256187438965, 0.07754743099212646, 5.213082790374756
81, 10.018256187438965, 0.07754743099212646, 5.213082790374756
82, 10.039082527160645, 0.07754743099212646, 5.190692901611328
83, 10.039082527160645, 0.07754743099212646, 5.190692901611328
84, 10.039082527160645, 0.07754743099212646, 5.190692901611328
85, 10.039082527160645, 0.07754743099212646, 5.190692901611328
86, 10.039082527160645, 0.07754743099212646, 5.190692901611328
87, 10.039082527160645, 0.07754743099212646, 5.190692901611328
88, 10.045364379882812, 0.07754743099212646, 5.211146354675293
89, 10.045364379882812, 0.07754743099212646, 5.211146354675293
90, 10.045364379882812, 0.07754743099212646, 5.211146354675293
91, 10.045364379882812, 0.07754743099212646, 5.211146354675293
92, 10.045364379882812, 0.07754743099212646, 5.211146354675293
93, 10.045364379882812, 0.07754743099212646, 5.211146354675293
94, 10.045364379882812, 0.07754743099212646, 5.211146354675293
95, 9.801701545715332, 0.07754743099212646, 5.155214309692383
96, 9.801701545715332, 0.07754743099212646, 5.155214309692383
97, 9.801701545715332, 0.07754743099212646, 5.155214309692383
98, 9.801701545715332, 0.07754743099212646, 5.155214309692383
99, 9.801701545715332, 0.07754743099212646, 5.155214309692383
100, 9.801701545715332, 0.07754743099212646, 5.155214309692383
101, 9.874920845031738, 0.07754743099212646, 5.223320960998535
102, 9.874920845031738, 0.07754743099212646, 5.223320960998535
103, 9.874920845031738, 0.07754743099212646, 5.223320960998535
104, 9.874920845031738, 0.07754743099212646, 5.223320960998535
105, 9.874920845031738, 0.07754743099212646, 5.223320960998535
106, 10.020817756652832, 0.07754743099212646, 5.178515911102295
107, 10.020817756652832, 0.07754743099212646, 5.178515911102295
108, 10.020817756652832, 0.07754743099212646, 5.178515911102295
109, 10.020817756652832, 0.07754743099212646, 5.178515911102295
110, 10.020817756652832, 0.07754743099212646, 5.178515911102295
111, 10.020817756652832, 0.07754743099212646, 5.178515911102295
112, 10.020817756652832, 0.07754743099212646, 5.178515911102295
113, 10.020817756652832, 0.07754743099212646, 5.178515911102295
114, 10.020817756652832, 0.07754743099212646, 5.178515911102295
115, 10.031150817871094, 0.07754743099212646, 5.212161540985107
116, 10.031150817871094, 0.07754743099212646, 5.212161540985107
117, 10.031150817871094, 0.07754743099212646, 5.212161540985107
118, 10.031150817871094, 0.07754743099212646, 5.212161540985107
119, 10.031150817871094, 0.07754743099212646, 5.212161540985107
120, 10.031150817871094, 0.07754743099212646, 5.212161540985107
121, 10.031150817871094, 0.07754743099212646, 5.212161540985107
122, 10.031150817871094, 0.07754743099212646, 5.212161540985107
123, 10.031150817871094, 0.07754743099212646, 5.212161540985107
124, 10.046512603759766, 0.07754743099212646, 5.195646286010742
125, 10.046512603759766, 0.07754743099212646, 5.195646286010742
126, 10.046512603759766, 0.07754743099212646, 5.195646286010742
127, 10.046512603759766, 0.07754743099212646, 5.195646286010742
128, 10.046512603759766, 0.07754743099212646, 5.195646286010742
129, 10.046512603759766, 0.07754743099212646, 5.195646286010742
130, 10.046512603759766, 0.07754743099212646, 5.195646286010742
131, 10.046512603759766, 0.07754743099212646, 5.195646286010742
132, 10.046512603759766, 0.07754743099212646, 5.195646286010742
133, 10.051145553588867, 0.07754743099212646, 5.210733413696289
134, 10.051145553588867, 0.07754743099212646, 5.210733413696289
135, 10.051145553588867, 0.07754743099212646, 5.210733413696289
136, 10.051145553588867, 0.07754743099212646, 5.210733413696289
137, 10.051145553588867, 0.07754743099212646, 5.210733413696289
138, 10.051145553588867, 0.07754743099212646, 5.210733413696289
139, 10.051145553588867, 0.07754743099212646, 5.210733413696289
140, 9.807482719421387, 0.07754743099212646, 5.154801368713379
141, 9.563819885253906, 0.07754743099212646, 5.098869323730469
142, 9.563819885253906, 0.07754743099212646, 5.098869323730469
143, 9.563819885253906, 0.07754743099212646, 5.098869323730469
144, 9.320157051086426, 0.07754743099212646, 5.0429368019104
145, 9.076494216918945, 0.07754743099212646, 4.987004280090332
146, 8.832831382751465, 0.07754743099212646, 4.931071758270264
147, 8.832831382751465, 0.07754743099212646, 4.931071758270264
148, 8.593847274780273, 0.07754743099212646, 5.004464149475098
149, 8.593847274780273, 0.07754743099212646, 5.004464149475098
150, 8.593847274780273, 0.07754743099212646, 5.004464149475098
151, 8.410795211791992, 0.07754743099212646, 4.834194183349609
152, 8.227743148803711, 0.07754743099212646, 4.663924217224121
153, 8.227743148803711, 0.07754743099212646, 4.663924217224121
154, 8.227743148803711, 0.07754743099212646, 4.663924217224121
155, 8.227743148803711, 0.07754743099212646, 4.663924217224121
156, 8.057473182678223, 0.07754743099212646, 4.846976280212402
157, 8.057473182678223, 0.07754743099212646, 4.846976280212402
158, 8.057473182678223, 0.07754743099212646, 4.846976280212402
159, 8.057473182678223, 0.07754743099212646, 4.846976280212402
160, 8.057473182678223, 0.07754743099212646, 4.846976280212402
161, 8.301136016845703, 0.07754743099212646, 4.902908802032471
162, 8.544798851013184, 0.07754743099212646, 4.958841323852539
163, 8.788461685180664, 0.07754743099212646, 5.014773845672607
164, 9.032124519348145, 0.07754743099212646, 5.070706367492676
165, 9.275787353515625, 0.07754743099212646, 5.126638889312744
166, 9.519450187683105, 0.07754743099212646, 5.1825714111328125
167, 9.519450187683105, 0.07754743099212646, 5.1825714111328125
168, 9.758434295654297, 0.07754743099212646, 5.1091790199279785
169, 9.758434295654297, 0.07754743099212646, 5.1091790199279785
170, 9.999983787536621, 0.07754743099212646, 5.164626121520996
171, 9.999983787536621, 0.07754743099212646, 5.164626121520996
172, 9.999983787536621, 0.07754743099212646, 5.164626121520996
173, 9.999983787536621, 0.07754743099212646, 5.164626121520996
174, 10.014937400817871, 0.07754743099212646, 5.213319778442383
175, 10.014937400817871, 0.07754743099212646, 5.213319778442383
176, 10.014937400817871, 0.07754743099212646, 5.213319778442383
177, 10.014937400817871, 0.07754743099212646, 5.213319778442383
178, 10.014937400817871, 0.07754743099212646, 5.213319778442383
179, 10.014937400817871, 0.07754743099212646, 5.213319778442383
180, 10.014937400817871, 0.07754743099212646, 5.213319778442383
181, 10.014937400817871, 0.07754743099212646, 5.213319778442383
182, 10.014937400817871, 0.07754743099212646, 5.213319778442383
183, 10.014937400817871, 0.07754743099212646, 5.213319778442383
184, 10.03717041015625, 0.07754743099212646, 5.189417839050293
185, 10.03717041015625, 0.07754743099212646, 5.189417839050293
186, 10.03717041015625, 0.07754743099212646, 5.189417839050293
187, 10.03717041015625, 0.07754743099212646, 5.189417839050293
188, 10.03717041015625, 0.07754743099212646, 5.189417839050293
189, 10.03717041015625, 0.07754743099212646, 5.189417839050293
190, 10.03717041015625, 0.07754743099212646, 5.189417839050293
191, 10.03717041015625, 0.07754743099212646, 5.189417839050293
192, 10.03717041015625, 0.07754743099212646, 5.189417839050293
193, 10.03717041015625, 0.07754743099212646, 5.189417839050293
194, 10.03717041015625, 0.07754743099212646, 5.189417839050293
195, 10.03717041015625, 0.07754743099212646, 5.189417839050293
196, 10.03717041015625, 0.07754743099212646, 5.189417839050293
197, 10.03717041015625, 0.07754743099212646, 5.189417839050293
198, 10.03717041015625, 0.07754743099212646, 5.189417839050293
199, 10.03717041015625, 0.07754743099212646, 5.189417839050293
200, 10.03717041015625, 0.07754743099212646, 5.189417839050293
201, 10.043875694274902, 0.07754743099212646, 5.211252689361572
202, 10.043875694274902, 0.07754743099212646, 5.211252689361572
203, 10.043875694274902, 0.07754743099212646, 5.211252689361572
204, 10.043875694274902, 0.07754743099212646, 5.211252689361572
205, 10.043875694274902, 0.07754743099212646, 5.211252689361572
206, 10.043875694274902, 0.07754743099212646, 5.211252689361572
207, 10.043875694274902, 0.07754743099212646, 5.211252689361572
208, 10.043875694274902, 0.07754743099212646, 5.211252689361572
209, 10.043875694274902, 0.07754743099212646, 5.211252689361572
210, 10.043875694274902, 0.07754743099212646, 5.211252689361572
211, 10.053845405578613, 0.07754743099212646, 5.200534820556641
212, 10.053845405578613, 0.07754743099212646, 5.200534820556641
213, 10.053845405578613, 0.07754743099212646, 5.200534820556641
214, 10.053845405578613, 0.07754743099212646, 5.200534820556641
215, 10.053845405578613, 0.07754743099212646, 5.200534820556641
216, 10.053845405578613, 0.07754743099212646, 5.200534820556641
217, 10.053845405578613, 0.07754743099212646, 5.200534820556641
218, 10.053845405578613, 0.07754743099212646, 5.200534820556641
219, 10.053845405578613, 0.07754743099212646, 5.200534820556641
220, 10.053845405578613, 0.07754743099212646, 5.200534820556641
221, 10.053845405578613, 0.07754743099212646, 5.200534820556641
222, 10.053845405578613, 0.07754743099212646, 5.200534820556641
223, 10.053845405578613, 0.07754743099212646, 5.200534820556641
224, 10.053845405578613, 0.07754743099212646, 5.200534820556641
225, 10.053845405578613, 0.07754743099212646, 5.200534820556641
226, 10.053845405578613, 0.07754743099212646, 5.200534820556641
227, 10.053845405578613, 0.07754743099212646, 5.200534820556641
228, 10.053845405578613, 0.07754743099212646, 5.200534820556641
229, 10.056852340698242, 0.07754743099212646, 5.210325717926025
230, 10.056852340698242, 0.07754743099212646, 5.210325717926025
231, 10.056852340698242, 0.07754743099212646, 5.210325717926025
232, 10.056852340698242, 0.07754743099212646, 5.210325717926025
233, 10.056852340698242, 0.07754743099212646, 5.210325717926025
234, 10.056852340698242, 0.07754743099212646, 5.210325717926025
235, 2.4825878143310547, 0.07754743099212646, 4.13878059387207
