1, 2.298548936843872, 2.0644748210906982, 3.144233465194702
2, 2.298548936843872, 2.0644748210906982, 3.144233465194702
3, 2.298548936843872, 2.0644748210906982, 3.144233465194702
4, 2.298548936843872, 2.0644748210906982, 3.144233465194702
5, 2.298548936843872, 2.0644748210906982, 3.144233465194702
6, 2.298548936843872, 2.0644748210906982, 3.144233465194702
7, 2.298548936843872, 2.0644748210906982, 3.144233465194702
8, 2.298548936843872, 2.0644748210906982, 3.144233465194702
9, 2.298548936843872, 2.0644748210906982, 3.144233465194702
10, 2.298548936843872, 2.0644748210906982, 3.144233465194702
11, 2.298548936843872, 2.0644748210906982, 3.144233465194702
12, 2.298548936843872, 2.0644748210906982, 3.144233465194702
13, 2.298548936843872, 2.0644748210906982, 3.144233465194702
14, 2.298548936843872, 2.0644748210906982, 3.144233465194702
15, 2.298548936843872, 2.0644748210906982, 3.144233465194702
16, 2.2025768756866455, 2.0644748210906982, 3.3750784397125244
17, 2.106604814529419, 2.0644748210906982, 3.6059234142303467
18, 2.0106327533721924, 2.0644748210906982, 3.836768388748169
19, 2.0106327533721924, 2.0644748210906982, 3.836768388748169
20, 1.8120959997177124, 2.0644748210906982, 3.9886999130249023
21, 1.8120959997177124, 2.0644748210906982, 3.9886999130249023
22, 1.8120959997177124, 2.0644748210906982, 3.9886999130249023
23, 1.8120959997177124, 2.0644748210906982, 3.9886999130249023
24, 1.8120959997177124, 2.0644748210906982, 3.9886999130249023
25, 1.8120959997177124, 2.0644748210906982, 3.9886999130249023
26, 1.8120959997177124, 2.0644748210906982, 3.9886999130249023
27, 2.0106327533721924, 2.0644748210906982, 3.836768388748169
28, 2.0106327533721924, 2.0644748210906982, 3.836768388748169
29, 2.106604814529419, 2.0644748210906982, 3.6059234142303467
30, 2.2025768756866455, 2.0644748210906982, 3.3750784397125244
31, 2.298548936843872, 2.0644748210906982, 3.144233465194702
32, 2.298548936843872, 2.0644748210906982, 3.144233465194702
33, 2.2662408351898193, 2.0644748210906982, 2.896329879760742
34, 2.2339327335357666, 2.0644748210906982, 2.6484262943267822
35, 2.2339327335357666, 2.0644748210906982, 2.6484262943267822
36, 2.2339327335357666, 2.0644748210906982, 2.6484262943267822
37, 2.2339327335357666, 2.0644748210906982, 2.6484262943267822
38, 2.2339327335357666, 2.0644748210906982, 2.6484262943267822
39, 2.2339327335357666, 2.0644748210906982, 2.6484262943267822
40, 2.13796067237854, 2.0644748210906982, 2.8792712688446045
41, 2.13796067237854, 2.0644748210906982, 2.8792712688446045
42, 2.1702687740325928, 2.0644748210906982, 3.1271748542785645
43, 2.2025768756866455, 2.0644748210906982, 3.3750784397125244
44, 2.2348849773406982, 2.0644748210906982, 3.6229820251464844
45, 2.267193078994751, 2.0644748210906982, 3.8708856105804443
46, 2.267193078994751, 2.0644748210906982, 3.8708856105804443
47, 2.1712210178375244, 2.0644748210906982, 4.1017303466796875
48, 2.075248956680298, 2.0644748210906982, 4.33257532119751
49, 1.9792768955230713, 2.0644748210906982, 4.563420295715332
50, 1.9792768955230713, 2.0644748210906982, 4.563420295715332
51, 1.9792768955230713, 2.0644748210906982, 4.563420295715332
52, 1.9792768955230713, 2.0644748210906982, 4.563420295715332
53, 1.9792768955230713, 2.0644748210906982, 4.563420295715332
54, 1.9792768955230713, 2.0644748210906982, 4.563420295715332
55, 1.9792768955230713, 2.0644748210906982, 4.563420295715332
56, 1.9792768955230713, 2.0644748210906982, 4.563420295715332
57, 1.946968674659729, 2.0644748210906982, 4.315516948699951
58, 1.946968674659729, 2.0644748210906982, 4.315516948699951
59, 2.042940616607666, 2.0644748210906982, 4.084671974182129
60, 2.1389126777648926, 2.0644748210906982, 3.8538269996643066
61, 2.234884738922119, 2.0644748210906982, 3.6229820251464844
62, 2.3308568000793457, 2.0644748210906982, 3.392137050628662
63, 2.3308568000793457, 2.0644748210906982, 3.392137050628662
64, 2.298548698425293, 2.0644748210906982, 3.144233465194702
65, 2.2662405967712402, 2.0644748210906982, 2.896329879760742
66, 2.2339324951171875, 2.0644748210906982, 2.6484262943267822
67, 2.2016243934631348, 2.0644748210906982, 2.4005227088928223
68, 2.2016243934631348, 2.0644748210906982, 2.4005227088928223
69, 2.0496928691864014, 2.0644748210906982, 2.201986074447632
70, 1.897761344909668, 2.0644748210906982, 2.0034494400024414
71, 1.897761344909668, 2.0644748210906982, 2.0034494400024414
72, 1.897761344909668, 2.0644748210906982, 2.0034494400024414
73, 1.897761344909668, 2.0644748210906982, 2.0034494400024414
74, 1.897761344909668, 2.0644748210906982, 2.0034494400024414
75, 1.897761344909668, 2.0644748210906982, 2.0034494400024414
76, 1.897761344909668, 2.0644748210906982, 2.0034494400024414
77, 1.897761344909668, 2.0644748210906982, 2.0034494400024414
78, 1.897761344909668, 2.0644748210906982, 2.0034494400024414
79, 1.897761344909668, 2.0644748210906982, 2.0034494400024414
80, 1.897761344909668, 2.0644748210906982, 2.0034494400024414
81, 2.0496928691864014, 2.0644748210906982, 2.201986074447632
82, 2.2016243934631348, 2.0644748210906982, 2.4005227088928223
83, 2.2016243934631348, 2.0644748210906982, 2.4005227088928223
84, 2.2339324951171875, 2.0644748210906982, 2.6484262943267822
85, 2.2339324951171875, 2.0644748210906982, 2.6484262943267822
86, 2.385864019393921, 2.0644748210906982, 2.8469629287719727
87, 2.5377955436706543, 2.0644748210906982, 3.045499563217163
88, 2.5377955436706543, 2.0644748210906982, 3.045499563217163
89, 2.7686405181884766, 2.0644748210906982, 3.1414716243743896
90, 2.999485492706299, 2.0644748210906982, 3.237443685531616
91, 2.999485492706299, 2.0644748210906982, 3.237443685531616
92, 3.247389078140259, 2.0644748210906982, 3.2051355838775635
93, 3.4952926635742188, 2.0644748210906982, 3.1728274822235107
94, 3.7431962490081787, 2.0644748210906982, 3.140519380569458
95, 3.9910998344421387, 2.0644748210906982, 3.1082112789154053
96, 4.2390031814575195, 2.0644748210906982, 3.0759031772613525
97, 4.486907005310059, 2.0644748210906982, 3.0435950756073
98, 4.734810829162598, 2.0644748210906982, 3.011286973953247
99, 4.982714653015137, 2.0644748210906982, 2.9789788722991943
100, 4.982714653015137, 2.0644748210906982, 2.9789788722991943
101, 4.982714653015137, 2.0644748210906982, 2.9789788722991943
102, 5.230618476867676, 2.0644748210906982, 2.9466707706451416
103, 5.230618476867676, 2.0644748210906982, 2.9466707706451416
104, 5.461463451385498, 2.0644748210906982, 3.042642831802368
105, 5.69230842590332, 2.0644748210906982, 3.1386148929595947
106, 5.923153400421143, 2.0644748210906982, 3.2345869541168213
107, 6.153998374938965, 2.0644748210906982, 3.330559015274048
108, 6.384843349456787, 2.0644748210906982, 3.4265310764312744
109, 6.615688323974609, 2.0644748210906982, 3.522503137588501
110, 6.615688323974609, 2.0644748210906982, 3.522503137588501
111, 6.767619609832764, 2.0644748210906982, 3.7210397720336914
112, 6.919550895690918, 2.0644748210906982, 3.919576406478882
113, 7.071482181549072, 2.0644748210906982, 4.118113040924072
114, 7.223413467407227, 2.0644748210906982, 4.316649913787842
115, 7.375344753265381, 2.0644748210906982, 4.515186786651611
116, 7.375344753265381, 2.0644748210906982, 4.515186786651611
117, 7.523512363433838, 2.0644748210906982, 4.576786518096924
118, 7.523512363433838, 2.0644748210906982, 4.576786518096924
119, 7.523512363433838, 2.0644748210906982, 4.576786518096924
120, 7.523512363433838, 2.0644748210906982, 4.576786994934082
121, 7.523512363433838, 2.0644748210906982, 4.576786994934082
122, 7.555820465087891, 2.0644748210906982, 4.824690818786621
123, 7.555820465087891, 2.0644748210906982, 4.824690818786621
124, 7.555820465087891, 2.0644748210906982, 4.824690818786621
125, 7.555820465087891, 2.0644748210906982, 4.824690818786621
126, 7.555820465087891, 2.0644748210906982, 4.824690818786621
127, 7.555820465087891, 2.0644748210906982, 4.824690818786621
128, 7.555820465087891, 2.0644748210906982, 4.824690818786621
129, 7.555820465087891, 2.0644748210906982, 4.824690818786621
130, 7.459848403930664, 2.0644748210906982, 5.055535793304443
131, 7.459848403930664, 2.0644748210906982, 5.055535793304443
132, 7.459848403930664, 2.0644748210906982, 5.055535793304443
133, 7.459848403930664, 2.0644748210906982, 5.055535793304443
134, 7.459848403930664, 2.0644748210906982, 5.055535793304443
135, 7.30791711807251, 2.0644748210906982, 4.856998920440674
136, 7.1559858322143555, 2.0644748210906982, 4.658462047576904
137, 7.004054546356201, 2.0644748210906982, 4.459925174713135
138, 6.852123260498047, 2.0644748210906982, 4.261388301849365
139, 6.700191974639893, 2.0644748210906982, 4.062851428985596
140, 6.548260688781738, 2.0644748210906982, 3.8643147945404053
141, 6.548260688781738, 2.0644748210906982, 3.8643147945404053
142, 6.5159525871276855, 2.0644748210906982, 3.6164112091064453
143, 6.483644485473633, 2.0644748210906982, 3.3685076236724854
144, 6.45133638381958, 2.0644748210906982, 3.1206040382385254
145, 6.419028282165527, 2.0644748210906982, 2.8727004528045654
146, 6.386720180511475, 2.0644748210906982, 2.6247968673706055
147, 8.214493751525879, -0.5355252027511597, 4.109227180480957
