1, 19.996915817260742, 0.09943583607673645, -1.3978540897369385
2, 19.996915817260742, 0.09943583607673645, -1.3978540897369385
3, 19.996915817260742, 0.09943583607673645, -1.3978540897369385
4, 19.996915817260742, 0.09943583607673645, -1.3978540897369385
5, 19.996915817260742, 0.09943583607673645, -1.3978540897369385
6, 19.996915817260742, 0.09943583607673645, -1.3978540897369385
7, 19.996915817260742, 0.09943583607673645, -1.3978540897369385
8, 19.996915817260742, 0.09943583607673645, -1.3978540897369385
9, 19.996915817260742, 0.09943583607673645, -1.3978540897369385
10, 19.996915817260742, 0.09943583607673645, -1.3978540897369385
11, 19.996915817260742, 0.09943583607673645, -1.3978540897369385
12, 19.996915817260742, 0.09943583607673645, -1.3978540897369385
13, 19.996915817260742, 0.09943583607673645, -1.3978540897369385
14, 19.996915817260742, 0.09943583607673645, -1.3978540897369385
15, 19.996915817260742, 0.09943583607673645, -1.3978540897369385
16, 19.996915817260742, 0.09943583607673645, -1.3978540897369385
17, 19.973787307739258, 0.09943583607673645, -1.1489262580871582
18, 19.950658798217773, 0.09943583607673645, -0.8999984264373779
19, 19.950658798217773, 0.09943583607673645, -0.8999984264373779
20, 20.055091857910156, 0.09943583607673645, -0.6728560924530029
21, 20.055091857910156, 0.09943583607673645, -0.6728560924530029
