1, -7.881044387817383, 3.0828466415405273, -0.8384963274002075
2, -7.881044387817383, 3.0828466415405273, -0.8384963274002075
3, -7.881044387817383, 3.0828466415405273, -0.8384963274002075
4, -7.881044387817383, 3.0828466415405273, -0.8384963274002075
5, -7.881044387817383, 3.0828466415405273, -0.8384963274002075
6, -7.881044387817383, 3.0828466415405273, -0.8384963274002075
7, -7.881044387817383, 3.0828466415405273, -0.8384963274002075
8, -7.881044387817383, 3.0828466415405273, -0.8384963274002075
9, -7.881044387817383, 3.0828466415405273, -0.8384963274002075
10, -7.881044387817383, 3.0828466415405273, -0.8384963274002075
11, -7.881044387817383, 3.0828466415405273, -0.8384963274002075
12, -7.881044387817383, 3.0828466415405273, -0.8384963274002075
13, -7.881044387817383, 3.0828466415405273, -0.8384963274002075
14, -7.881044387817383, 3.0828466415405273, -0.8384963274002075
15, -7.881044387817383, 3.0828466415405273, -0.8384963274002075
16, -7.852484703063965, 3.0721640586853027, -0.8918229341506958
17, -7.852484703063965, 3.0721640586853027, -0.8918229341506958
18, -7.640076160430908, 3.0721640586853027, -1.0236660242080688
19, -7.640076160430908, 3.0721640586853027, -1.0236660242080688
20, -7.640076160430908, 3.0721640586853027, -1.0236660242080688
21, -7.640076160430908, 3.0721640586853027, -1.0236660242080688
22, -7.5220465660095215, 3.0721640586853027, -1.2440497875213623
23, -7.5220465660095215, 3.0721640586853027, -1.2440497875213623
24, -7.5220465660095215, 3.0721640586853027, -1.2440497875213623
25, -7.5220465660095215, 3.0721640586853027, -1.2440497875213623
26, -7.530021667480469, 3.0721640586853027, -1.4939225912094116
27, -7.537996768951416, 3.0721640586853027, -1.743795394897461
28, -7.545971870422363, 3.0721640586853027, -1.9936681985855103
29, -7.5539469718933105, 3.0721640586853027, -2.2435410022735596
30, -7.561922073364258, 3.0721640586853027, -2.4934136867523193
31, -7.568046569824219, 3.0721640586853027, -2.6853041648864746
32, -7.568046569824219, 3.0721640586853027, -2.6853041648864746
33, -7.568046569824219, 3.0721640586853027, -2.6853041648864746
34, -7.568046569824219, 3.0721640586853027, -2.6853041648864746
35, -7.568046569824219, 3.0721640586853027, -2.6853041648864746
36, -7.568046569824219, 3.0721640586853027, -2.6853041648864746
37, -7.568046569824219, 3.0721640586853027, -2.6853041648864746
38, -7.5600714683532715, 3.0721640586853027, -2.435431480407715
39, -7.552096366882324, 3.0721640586853027, -2.185558795928955
40, -7.544121265411377, 3.0721640586853027, -1.9356861114501953
41, -7.53614616394043, 3.0721640586853027, -1.6858134269714355
42, -7.528171062469482, 3.0721640586853027, -1.4359407424926758
43, -7.520195960998535, 3.0721640586853027, -1.186068058013916
44, -7.520195960998535, 3.0721640586853027, -1.186068058013916
45, -7.638225555419922, 3.0721640586853027, -0.9656842947006226
46, -7.638225555419922, 3.0721640586853027, -0.9656842947006226
47, -7.630250453948975, 3.0721640586853027, -0.715811550617218
48, -7.622275352478027, 3.0721640586853027, -0.4659388065338135
49, -7.61430025100708, 3.0721640586853027, -0.21606606245040894
50, -7.606325149536133, 3.0721640586853027, 0.033806681632995605
51, -7.5983500480651855, 3.090864896774292, 0.28367942571640015
52, -7.5983500480651855, 3.090864896774292, 0.28367942571640015
53, -7.716379642486572, 3.1479740142822266, 0.5040631890296936
54, -7.834409236907959, 3.1054270267486572, 0.7244469523429871
55, -7.952438831329346, 3.0721640586853027, 0.9448307156562805
56, -8.07046890258789, 3.0721640586853027, 1.1652145385742188
57, -8.188498497009277, 3.0721640586853027, 1.3855983018875122
58, -8.306528091430664, 3.0721640586853027, 1.6059820652008057
59, -8.306528091430664, 3.0721640586853027, 1.6059820652008057
60, -8.518936157226562, 3.0721640586853027, 1.7378251552581787
61, -8.731344223022461, 3.0721640586853027, 1.8696682453155518
62, -8.94375228881836, 3.0721640586853027, 2.001511335372925
63, -9.156160354614258, 3.0721640586853027, 2.133354425430298
64, -9.368568420410156, 3.0721640586853027, 2.265197515487671
65, -9.580976486206055, 3.0721640586853027, 2.397040605545044
66, -9.793384552001953, 3.0721640586853027, 2.528883695602417
67, -9.793384552001953, 3.0721640586853027, 2.528883695602417
68, -9.793384552001953, 3.0721640586853027, 2.528883695602417
69, -9.793384552001953, 3.0721640586853027, 2.528883695602417
70, -9.793384552001953, 3.0721640586853027, 2.528883695602417
71, -9.793384552001953, 3.0721640586853027, 2.528883695602417
72, -9.543511390686035, 3.0721640586853027, 2.5209083557128906
73, -9.293638229370117, 3.0721640586853027, 2.5129332542419434
74, -9.293638229370117, 3.0721640586853027, 2.5129332542419434
75, -9.293638229370117, 3.0721640586853027, 2.5129332542419434
76, -9.293638229370117, 3.0721640586853027, 2.5129332542419434
77, -9.293638229370117, 3.0721640586853027, 2.5129332542419434
78, -9.293638229370117, 3.0721640586853027, 2.5129332542419434
79, -9.081230163574219, 3.0721640586853027, 2.3810901641845703
80, -9.081230163574219, 3.0721640586853027, 2.3810901641845703
81, -8.8313570022583, 3.0721640586853027, 2.373115062713623
82, -8.581483840942383, 3.0721640586853027, 2.365139961242676
83, -8.331610679626465, 3.0721640586853027, 2.3571648597717285
84, -8.331610679626465, 3.0721640586853027, 2.3571648597717285
85, -8.111227035522461, 3.0721640586853027, 2.4751944541931152
86, -8.111227035522461, 3.0721640586853027, 2.4751944541931152
87, -7.979383945465088, 3.0721640586853027, 2.687602996826172
88, -7.847540855407715, 3.0721640586853027, 2.9000115394592285
89, -7.715697765350342, 3.0721640586853027, 3.112420082092285
90, -7.583854675292969, 3.0721640586853027, 3.324828624725342
91, -7.452011585235596, 3.0721640586853027, 3.5372371673583984
92, -7.452011585235596, 3.0721640586853027, 3.5372371673583984
93, -7.444036483764648, 3.0721640586853027, 3.787109851837158
94, -7.436061382293701, 3.0721640586853027, 4.036982536315918
95, -7.428086280822754, 3.0721640586853027, 4.286855220794678
96, -7.428086280822754, 3.0721640586853027, 4.286855220794678
97, -7.546115875244141, 3.0721640586853027, 4.507238864898682
98, -7.664145469665527, 3.0721640586853027, 4.7276225090026855
99, -7.664145469665527, 3.0721640586853027, 4.7276225090026855
100, -7.664145469665527, 3.0721640586853027, 4.7276225090026855
101, -7.664145469665527, 3.0721640586853027, 4.7276225090026855
102, -7.664145469665527, 3.0721640586853027, 4.7276225090026855
103, -7.664145469665527, 3.0721640586853027, 4.7276225090026855
104, -7.672120571136475, 3.0721640586853027, 4.477749824523926
105, -7.672120571136475, 3.0721640586853027, 4.477749824523926
106, -7.554090976715088, 3.0721640586853027, 4.257366180419922
107, -7.554090976715088, 3.0721640586853027, 4.257366180419922
108, -7.341682434082031, 3.0721640586853027, 4.125523090362549
109, -7.129273891448975, 3.0721640586853027, 3.993680000305176
110, -6.916865348815918, 3.0721640586853027, 3.8618369102478027
111, -6.704456806182861, 3.0721640586853027, 3.7299938201904297
112, -6.492048263549805, 3.0721640586853027, 3.5981507301330566
113, -6.279639720916748, 3.0721640586853027, 3.4663076400756836
114, -6.067231178283691, 3.0721640586853027, 3.3344645500183105
115, -5.854822635650635, 3.0721640586853027, 3.2026214599609375
116, -5.642414093017578, 3.0721640586853027, 3.0707783699035645
117, -5.4300055503845215, 3.0721640586853027, 2.9389352798461914
118, -5.4300055503845215, 3.0721640586853027, 2.9389352798461914
119, -5.180132865905762, 3.0721640586853027, 2.930960178375244
120, -4.930260181427002, 3.0721640586853027, 2.922985076904297
121, -4.930260181427002, 3.0721640586853027, 2.922985076904297
122, -4.709876537322998, 3.0721640586853027, 3.0410146713256836
123, -4.709876537322998, 3.0721640586853027, 3.0410146713256836
124, -4.460003852844238, 3.0721640586853027, 3.0330395698547363
125, -4.2101311683654785, 3.0721640586853027, 3.025064468383789
126, -3.9602584838867188, 3.0721640586853027, 3.017089366912842
127, -3.710385799407959, 3.0721640586853027, 3.0091142654418945
128, -3.460513114929199, 3.0721640586853027, 3.0011391639709473
129, -3.460513114929199, 3.0721640586853027, 3.0011391639709473
130, -3.2401294708251953, 3.0721640586853027, 3.119168758392334
131, -3.0197458267211914, 3.0721640586853027, 3.2371983528137207
132, -2.7993621826171875, 3.0721640586853027, 3.3552279472351074
133, -2.5789785385131836, 3.0721640586853027, 3.473257541656494
134, -2.5789785385131836, 3.0721640586853027, 3.473257541656494
135, -2.5789785385131836, 3.0721640586853027, 3.473257541656494
136, -2.3585948944091797, 3.0721640586853027, 3.591287136077881
137, -2.3585948944091797, 3.0721640586853027, 3.591287136077881
138, -2.3585948944091797, 3.0721640586853027, 3.591287136077881
139, -2.3585948944091797, 3.0721640586853027, 3.591287136077881
140, -2.3585948944091797, 3.0721640586853027, 3.591287136077881
141, -2.366570234298706, 3.0721640586853027, 3.341414451599121
142, -2.3745455741882324, 3.0721640586853027, 3.0915417671203613
143, -2.3745455741882324, 3.0721640586853027, 3.0915417671203613
144, -2.5063886642456055, 3.0721640586853027, 2.8791332244873047
145, -2.6382317543029785, 3.0721640586853027, 2.666724681854248
146, -2.6382317543029785, 3.0721640586853027, 2.666724681854248
147, -2.8586153984069824, 3.0721640586853027, 2.5486950874328613
148, -3.0789990425109863, 3.0721640586853027, 2.4306654930114746
149, -3.2993826866149902, 3.0721640586853027, 2.312635898590088
150, -3.519766330718994, 3.0721640586853027, 2.194606304168701
151, -3.740149974822998, 3.0721640586853027, 2.0765767097473145
152, -3.740149974822998, 3.0721640586853027, 2.0765767097473145
153, -3.740149974822998, 3.0721640586853027, 2.0765767097473145
154, -3.740149974822998, 3.0721640586853027, 2.0765767097473145
155, -3.871993064880371, 3.0721640586853027, 1.8641681671142578
156, -4.003836154937744, 3.0721640586853027, 1.6517596244812012
157, -4.003836154937744, 3.0721640586853027, 1.6517596244812012
158, -4.003836154937744, 3.0721640586853027, 1.6517596244812012
159, -3.8858065605163574, 3.0721640586853027, 1.4313758611679077
160, -3.7677769660949707, 3.0721640586853027, 1.2109920978546143
161, -3.7677769660949707, 3.0721640586853027, 1.2109920978546143
162, -3.7677769660949707, 3.0721640586853027, 1.2109920978546143
163, -3.7677769660949707, 3.0721640586853027, 1.2109920978546143
164, -3.7677769660949707, 3.0721640586853027, 1.2109920978546143
165, -3.7677769660949707, 3.0721640586853027, 1.2109920978546143
166, -3.7677769660949707, 3.0721640586853027, 1.2109920978546143
167, -3.8858065605163574, 3.0721640586853027, 1.4313759803771973
168, -4.003836154937744, 3.0721640586853027, 1.6517598628997803
169, -4.003836154937744, 3.0721640586853027, 1.6517598628997803
170, -3.9958608150482178, 3.0721640586853027, 1.9016326665878296
171, -3.9958608150482178, 3.0721640586853027, 1.9016326665878296
172, -3.8640177249908447, 3.0721640586853027, 2.114041328430176
173, -3.7321746349334717, 3.0721640586853027, 2.3264498710632324
174, -3.7321746349334717, 3.0721640586853027, 2.3264498710632324
175, -3.5117907524108887, 3.0721640586853027, 2.444479465484619
176, -3.2914068698883057, 3.0721640586853027, 2.562509059906006
177, -3.0710229873657227, 3.0721640586853027, 2.6805386543273926
178, -2.8506391048431396, 3.0721640586853027, 2.7985682487487793
179, -2.6302552223205566, 3.0721640586853027, 2.916597843170166
180, -2.6302552223205566, 3.0721640586853027, 2.916597843170166
181, -2.4984121322631836, 3.0721640586853027, 3.1290063858032227
182, -2.3665690422058105, 3.0721640586853027, 3.3414149284362793
183, -2.2347259521484375, 3.0721640586853027, 3.553823471069336
184, -2.1028828620910645, 3.0721640586853027, 3.7662320137023926
185, -1.9710397720336914, 3.0721640586853027, 3.978640556335449
186, -1.8391966819763184, 3.0721640586853027, 4.191049098968506
187, -1.8391966819763184, 3.0721640586853027, 4.191049098968506
188, -1.618812918663025, 3.0721640586853027, 4.309078693389893
189, -1.3984291553497314, 3.0721640586853027, 4.427108287811279
190, -1.178045392036438, 3.0721640586853027, 4.545137882232666
191, -1.178045392036438, 3.0721640586853027, 4.545137882232666
192, -0.9281726479530334, 3.0721640586853027, 4.537162780761719
193, -0.6782999038696289, 3.0721640586853027, 4.5291876792907715
194, -0.42842715978622437, 3.0721640586853027, 4.521212577819824
195, -0.17855440080165863, 3.0721640586853027, 4.513237476348877
196, 0.0713183581829071, 3.0721640586853027, 4.50526237487793
197, 0.32119113206863403, 3.0721640586853027, 4.497287273406982
198, 0.5710638761520386, 3.0721640586853027, 4.489312171936035
199, 0.8209366202354431, 3.0721640586853027, 4.481337070465088
200, 1.0708093643188477, 3.0721640586853027, 4.473361968994141
201, 1.320682168006897, 3.0721640586853027, 4.465386867523193
202, 1.320682168006897, 3.0721640586853027, 4.465386867523193
203, 1.5410659313201904, 3.0721640586853027, 4.58341646194458
204, 1.5410659313201904, 3.0721640586853027, 4.58341646194458
205, 1.5410659313201904, 3.0721640586853027, 4.58341646194458
206, 1.7614496946334839, 3.0721640586853027, 4.701446056365967
207, 1.9818334579467773, 3.0721640586853027, 4.8194756507873535
208, 2.2022173404693604, 3.0721640586853027, 4.93750524520874
209, 2.2022173404693604, 3.0721640586853027, 4.93750524520874
210, 2.2022173404693604, 3.0721640586853027, 4.93750524520874
211, 2.2022173404693604, 3.0721640586853027, 4.93750524520874
212, 2.2022173404693604, 3.0721640586853027, 4.93750524520874
213, 2.2022173404693604, 3.0721640586853027, 4.93750524520874
214, 2.2022173404693604, 3.0721640586853027, 4.93750524520874
215, 1.981833577156067, 3.0721640586853027, 4.8194756507873535
216, 1.7614498138427734, 3.0721640586853027, 4.701446056365967
217, 1.54106605052948, 3.0721640586853027, 4.58341646194458
218, 1.54106605052948, 3.0721640586853027, 4.58341646194458
219, 1.2911932468414307, 3.0721640586853027, 4.591391563415527
220, 1.0413204431533813, 3.0721640586853027, 4.599366664886475
221, 0.7914476990699768, 3.0721640586853027, 4.607341766357422
222, 0.5415749549865723, 3.0721640586853027, 4.615316867828369
223, 0.2917022109031677, 3.0721640586853027, 4.623291969299316
224, 0.04182945191860199, 3.0721640586853027, 4.631267070770264
225, -0.20804330706596375, 3.0721640586853027, 4.639242172241211
226, -0.4579160809516907, 3.0721640586853027, 4.647217273712158
227, -0.7077888250350952, 3.0721640586853027, 4.6551923751831055
228, -0.9576615691184998, 3.0721640586853027, 4.663167476654053
229, -0.9576615691184998, 3.0721640586853027, 4.663167476654053
230, -1.178045392036438, 3.0721640586853027, 4.545137882232666
231, -1.3984291553497314, 3.0721640586853027, 4.427108287811279
232, -1.618812918663025, 3.0721640586853027, 4.309078693389893
233, -1.618812918663025, 3.0721640586853027, 4.309078693389893
234, -1.750656008720398, 3.0721640586853027, 4.096670150756836
235, -1.882499098777771, 3.0721640586853027, 3.8842616081237793
236, -2.0143423080444336, 3.0721640586853027, 3.6718530654907227
237, -2.1461853981018066, 3.0721640586853027, 3.459444522857666
238, -2.2780284881591797, 3.0721640586853027, 3.2470359802246094
239, -2.4098715782165527, 3.0721640586853027, 3.0346274375915527
240, -2.541714668273926, 3.0721640586853027, 2.822218894958496
241, -2.541714668273926, 3.0721640586853027, 2.822218894958496
242, -2.541714668273926, 3.0721640586853027, 2.822218894958496
243, -2.541714668273926, 3.0721640586853027, 2.822218894958496
244, -2.541714668273926, 3.0721640586853027, 2.822218894958496
245, -2.541714668273926, 3.0721640586853027, 2.822218894958496
246, -2.762098550796509, 3.0721640586853027, 2.7041893005371094
247, -2.982482433319092, 3.0721640586853027, 2.5861597061157227
248, -3.202866315841675, 3.0721640586853027, 2.468130111694336
249, -3.423250198364258, 3.0721640586853027, 2.350100517272949
250, -3.643634080886841, 3.0721640586853027, 2.2320709228515625
251, -3.643634080886841, 3.0721640586853027, 2.2320709228515625
252, -3.775477170944214, 3.0721640586853027, 2.019662380218506
253, -3.907320261001587, 3.0721640586853027, 1.8072538375854492
254, -3.907320261001587, 3.0721640586853027, 1.8072538375854492
255, -3.915295362472534, 3.0721640586853027, 1.5573810338974
256, -3.9232704639434814, 3.0721640586853027, 1.3075082302093506
257, -3.9232704639434814, 3.0721640586853027, 1.3075082302093506
258, -3.8052408695220947, 3.0721640586853027, 1.0871244668960571
259, -3.8052408695220947, 3.0721640586853027, 1.0871244668960571
260, -3.8052408695220947, 3.0721640586853027, 1.0871244668960571
261, -3.8052408695220947, 3.0721640586853027, 1.0871244668960571
262, -3.8052408695220947, 3.0721640586853027, 1.0871244668960571
263, -3.8052408695220947, 3.0721640586853027, 1.0871244668960571
264, -3.8052408695220947, 3.0721640586853027, 1.0871244668960571
265, -3.9232704639434814, 3.0721640586853027, 1.3075082302093506
266, -3.9232704639434814, 3.0721640586853027, 1.3075082302093506
267, -3.915295124053955, 3.0721640586853027, 1.5573810338974
268, -3.9073197841644287, 3.0721640586853027, 1.8072538375854492
269, -3.9073197841644287, 3.0721640586853027, 1.8072538375854492
270, -3.7754766941070557, 3.0721640586853027, 2.019662380218506
271, -3.6436336040496826, 3.0721640586853027, 2.2320709228515625
272, -3.6436336040496826, 3.0721640586853027, 2.2320709228515625
273, -3.4232497215270996, 3.0721640586853027, 2.350100517272949
274, -3.2028658390045166, 3.0721640586853027, 2.468130111694336
275, -2.9824819564819336, 3.0721640586853027, 2.5861597061157227
276, -2.7620980739593506, 3.0721640586853027, 2.7041893005371094
277, -2.7620980739593506, 3.0721640586853027, 2.7041893005371094
278, -2.6302549839019775, 3.0721640586853027, 2.916597843170166
279, -2.4984118938446045, 3.0721640586853027, 3.1290063858032227
280, -2.3665688037872314, 3.0721640586853027, 3.3414149284362793
281, -2.2347257137298584, 3.0721640586853027, 3.553823471069336
282, -2.1028826236724854, 3.0721640586853027, 3.7662320137023926
283, -1.9710395336151123, 3.0721640586853027, 3.978640556335449
284, -1.8391964435577393, 3.0721640586853027, 4.191049098968506
285, -1.8391964435577393, 3.0721640586853027, 4.191049098968506
286, -1.6188126802444458, 3.0721640586853027, 4.309078693389893
287, -1.3984289169311523, 3.0721640586853027, 4.427108287811279
288, -1.1780451536178589, 3.0721640586853027, 4.545137882232666
289, -1.1780451536178589, 3.0721640586853027, 4.545137882232666
290, -0.9281724095344543, 3.0721640586853027, 4.537162780761719
291, -0.6782996654510498, 3.0721640586853027, 4.5291876792907715
292, -0.42842692136764526, 3.0721640586853027, 4.521212577819824
293, -0.17855416238307953, 3.0721640586853027, 4.513237476348877
294, 0.0713185966014862, 3.0721640586853027, 4.50526237487793
295, 0.32119137048721313, 3.0721640586853027, 4.497287273406982
296, 0.5710641145706177, 3.0721640586853027, 4.489312171936035
297, 0.8209368586540222, 3.0721640586853027, 4.481337070465088
298, 1.0708096027374268, 3.0721640586853027, 4.473361968994141
299, 1.320682406425476, 3.0721640586853027, 4.465386867523193
300, 1.320682406425476, 3.0721640586853027, 4.465386867523193
301, 1.5410661697387695, 3.0721640586853027, 4.58341646194458
302, 1.761449933052063, 3.0721640586853027, 4.701446056365967
303, 1.9818336963653564, 3.0721640586853027, 4.8194756507873535
304, 2.2022175788879395, 3.0721640586853027, 4.93750524520874
305, 2.4226014614105225, 3.0721640586853027, 5.055534839630127
306, 2.6429853439331055, 3.0721640586853027, 5.173564434051514
307, 2.6429853439331055, 3.0721640586853027, 5.173564434051514
308, 2.6429853439331055, 3.0721640586853027, 5.173564434051514
309, 2.6429853439331055, 3.0721640586853027, 5.173564434051514
310, 2.6429853439331055, 3.0721640586853027, 5.173564434051514
311, 2.6429853439331055, 3.0721640586853027, 5.173564434051514
312, 2.5111422538757324, 3.0721640586853027, 4.961155891418457
313, 2.3792991638183594, 3.0721640586853027, 4.7487473487854
314, 2.3792991638183594, 3.0721640586853027, 4.7487473487854
315, 2.3792991638183594, 3.0721640586853027, 4.7487473487854
316, 2.3792991638183594, 3.0721640586853027, 4.7487473487854
317, 2.1589152812957764, 3.0721640586853027, 4.630717754364014
318, 1.938531517982483, 3.0721640586853027, 4.512688159942627
319, 1.938531517982483, 3.0721640586853027, 4.512688159942627
320, 1.6886587142944336, 3.0721640586853027, 4.520663261413574
321, 1.4387859106063843, 3.0721640586853027, 4.5286383628845215
322, 1.188913106918335, 3.0721640586853027, 4.536613464355469
323, 0.9390403628349304, 3.0721640586853027, 4.544588565826416
324, 0.6891676187515259, 3.0721640586853027, 4.552563667297363
325, 0.43929487466812134, 3.0721640586853027, 4.5605387687683105
326, 0.1894221156835556, 3.0721640586853027, 4.568513870239258
327, -0.06045064330101013, 3.0721640586853027, 4.576488971710205
328, -0.31032341718673706, 3.0721640586853027, 4.584464073181152
329, -0.5601961612701416, 3.0721640586853027, 4.5924391746521
330, -0.8100689053535461, 3.0721640586853027, 4.600414276123047
331, -1.0599416494369507, 3.0721640586853027, 4.608389377593994
332, -1.0599416494369507, 3.0721640586853027, 4.608389377593994
333, -1.2803254127502441, 3.0721640586853027, 4.490359783172607
334, -1.5007091760635376, 3.0721640586853027, 4.372330188751221
335, -1.721092939376831, 3.0721640586853027, 4.254300594329834
336, -1.721092939376831, 3.0721640586853027, 4.254300594329834
337, -1.852936029434204, 3.0721640586853027, 4.041892051696777
338, -1.9847791194915771, 3.0721640586853027, 3.8294835090637207
339, -2.11662220954895, 3.0721640586853027, 3.617074966430664
340, -2.2484652996063232, 3.0721640586853027, 3.4046664237976074
341, -2.3803083896636963, 3.0721640586853027, 3.192257881164551
342, -2.5121514797210693, 3.0721640586853027, 2.979849338531494
343, -2.6439945697784424, 3.0721640586853027, 2.7674407958984375
344, -2.6439945697784424, 3.0721640586853027, 2.7674407958984375
345, -2.6439945697784424, 3.0721640586853027, 2.7674407958984375
346, -2.6439945697784424, 3.0721640586853027, 2.7674407958984375
347, -2.6439945697784424, 3.0721640586853027, 2.7674407958984375
348, -2.6439945697784424, 3.0721640586853027, 2.7674407958984375
349, -2.8643784523010254, 3.0721640586853027, 2.649411201477051
350, -3.0847623348236084, 3.0721640586853027, 2.531381607055664
351, -3.3051462173461914, 3.0721640586853027, 2.4133520126342773
352, -3.5255300998687744, 3.0721640586853027, 2.2953224182128906
353, -3.5255300998687744, 3.0721640586853027, 2.2953224182128906
354, -3.6573731899261475, 3.0721640586853027, 2.082913875579834
355, -3.7892162799835205, 3.0721640586853027, 1.8705053329467773
356, -3.9210593700408936, 3.0721640586853027, 1.6580967903137207
357, -3.9210593700408936, 3.0721640586853027, 1.6580967903137207
358, -3.929034471511841, 3.0721640586853027, 1.4082239866256714
359, -3.929034471511841, 3.0721640586853027, 1.4082239866256714
360, -3.811004877090454, 3.0721640586853027, 1.187840223312378
361, -3.811004877090454, 3.0721640586853027, 1.187840223312378
362, -3.811004877090454, 3.0721640586853027, 1.187840223312378
363, -3.811004877090454, 3.0721640586853027, 1.187840223312378
364, -3.811004877090454, 3.0721640586853027, 1.187840223312378
365, -3.811004877090454, 3.0721640586853027, 1.187840223312378
366, -3.811004877090454, 3.0721640586853027, 1.187840223312378
367, -3.929034471511841, 3.0721640586853027, 1.408224105834961
368, -3.929034471511841, 3.0721640586853027, 1.408224105834961
369, -4.082709789276123, 3.0721640586853027, 1.5036110877990723
370, -4.082709789276123, 3.0721640586853027, 1.5036110877990723
371, -4.082709789276123, 3.0721640586853027, 1.5036110877990723
372, -4.082709789276123, 3.0721640586853027, 1.5036110877990723
373, -3.95086669921875, 3.0721640586853027, 1.716019630432129
374, -3.819023609161377, 3.0721640586853027, 1.9284281730651855
375, -3.819023609161377, 3.0721640586853027, 1.9284281730651855
376, -3.598639726638794, 3.0721640586853027, 2.0464577674865723
377, -3.378255844116211, 3.0721640586853027, 2.164487361907959
378, -3.157871961593628, 3.0721640586853027, 2.2825169563293457
379, -3.157871961593628, 3.0721640586853027, 2.2825169563293457
380, -3.026028871536255, 3.0721640586853027, 2.4949254989624023
381, -2.894185781478882, 3.0721640586853027, 2.707334041595459
382, -2.762342691421509, 3.0721640586853027, 2.9197425842285156
383, -2.6304996013641357, 3.0721640586853027, 3.1321511268615723
384, -2.4986565113067627, 3.0721640586853027, 3.344559669494629
385, -2.3668134212493896, 3.0721640586853027, 3.5569682121276855
386, -2.2349703311920166, 3.0721640586853027, 3.769376754760742
387, -2.1031272411346436, 3.0721640586853027, 3.981785297393799
388, -2.1031272411346436, 3.0721640586853027, 3.981785297393799
389, -1.88274347782135, 3.0721640586853027, 4.0998148918151855
390, -1.6623597145080566, 3.0721640586853027, 4.217844486236572
391, -1.4419759511947632, 3.0721640586853027, 4.335874080657959
392, -1.2215921878814697, 3.0721640586853027, 4.453903675079346
393, -1.0012084245681763, 3.0721640586853027, 4.571933269500732
394, -1.0012084245681763, 3.0721640586853027, 4.571933269500732
395, -0.7513356804847717, 3.0721640586853027, 4.563958168029785
396, -0.5014629364013672, 3.0721640586853027, 4.555983066558838
397, -0.25159019231796265, 3.0721640586853027, 4.548007965087891
398, -0.0017174333333969116, 3.0721640586853027, 4.540032863616943
399, 0.24815532565116882, 3.0721640586853027, 4.532057762145996
400, 0.49802809953689575, 3.0721640586853027, 4.524082660675049
401, 0.7479008436203003, 3.0721640586853027, 4.516107559204102
402, 0.9977735877037048, 3.0721640586853027, 4.508132457733154
403, 1.2476463317871094, 3.0721640586853027, 4.500157356262207
404, 1.4975191354751587, 3.0721640586853027, 4.49218225479126
405, 1.4975191354751587, 3.0721640586853027, 4.49218225479126
406, 1.7179028987884521, 3.0721640586853027, 4.6102118492126465
407, 1.9382866621017456, 3.0721640586853027, 4.728241443634033
408, 2.158670425415039, 3.0721640586853027, 4.84627103805542
409, 2.379054307937622, 3.0721640586853027, 4.964300632476807
410, 2.599438190460205, 3.0721640586853027, 5.082330226898193
411, 2.819822072982788, 3.0721640586853027, 5.20035982131958
412, 2.819822072982788, 3.0721640586853027, 5.20035982131958
413, 2.819822072982788, 3.0721640586853027, 5.20035982131958
414, 2.819822072982788, 3.0721640586853027, 5.20035982131958
415, 2.819822072982788, 3.0721640586853027, 5.20035982131958
416, 2.819822072982788, 3.0721640586853027, 5.20035982131958
417, 2.819822072982788, 3.0721640586853027, 5.20035982131958
418, 2.599438190460205, 3.0721640586853027, 5.082330226898193
419, 2.379054307937622, 3.0721640586853027, 4.964300632476807
420, 2.158670425415039, 3.0721640586853027, 4.84627103805542
421, 1.9382866621017456, 3.0721640586853027, 4.728241443634033
422, 1.7179028987884521, 3.0721640586853027, 4.6102118492126465
423, 1.7179028987884521, 3.0721640586853027, 4.6102118492126465
424, 1.4680300951004028, 3.0721640586853027, 4.618186950683594
425, 1.2181572914123535, 3.0721640586853027, 4.626162052154541
426, 0.968284547328949, 3.0721640586853027, 4.634137153625488
427, 0.7184118032455444, 3.0721640586853027, 4.6421122550964355
428, 0.4685390591621399, 3.0721640586853027, 4.650087356567383
429, 0.21866630017757416, 3.0721640586853027, 4.65806245803833
430, -0.031206458806991577, 3.0721640586853027, 4.666037559509277
431, -0.2810792326927185, 3.0721640586853027, 4.674012660980225
432, -0.530951976776123, 3.0721640586853027, 4.681987762451172
433, -0.7808247208595276, 3.0721640586853027, 4.689962863922119
434, -1.0306974649429321, 3.0721640586853027, 4.697937965393066
435, -1.0306974649429321, 3.0721640586853027, 4.697937965393066
436, -1.2510812282562256, 3.0721640586853027, 4.57990837097168
437, -1.471464991569519, 3.0721640586853027, 4.461878776550293
438, -1.6918487548828125, 3.0721640586853027, 4.343849182128906
439, -1.6918487548828125, 3.0721640586853027, 4.343849182128906
440, -1.8236918449401855, 3.0721640586853027, 4.13144063949585
441, -1.9555349349975586, 3.0721640586853027, 3.919032096862793
442, -2.0873780250549316, 3.0721640586853027, 3.7066235542297363
443, -2.2192211151123047, 3.0721640586853027, 3.4942150115966797
444, -2.3510642051696777, 3.0721640586853027, 3.281806468963623
445, -2.3510642051696777, 3.0721640586853027, 3.281806468963623
446, -2.5714480876922607, 3.0721640586853027, 3.1637768745422363
447, -2.7918319702148438, 3.0721640586853027, 3.0457472801208496
448, -3.0122158527374268, 3.0721640586853027, 2.927717685699463
449, -3.2325997352600098, 3.0721640586853027, 2.809688091278076
450, -3.4529836177825928, 3.0721640586853027, 2.6916584968566895
451, -3.4529836177825928, 3.0721640586853027, 2.6916584968566895
452, -3.584826707839966, 3.0721640586853027, 2.479249954223633
453, -3.716669797897339, 3.0721640586853027, 2.266841411590576
454, -3.848512887954712, 3.0721640586853027, 2.0544328689575195
455, -3.980355978012085, 3.0721640586853027, 1.842024326324463
456, -3.980355978012085, 3.0721640586853027, 1.842024326324463
457, -3.9883310794830322, 3.0721640586853027, 1.5921515226364136
458, -3.9883310794830322, 3.0721640586853027, 1.5921515226364136
459, -3.8703014850616455, 3.0721640586853027, 1.3717677593231201
460, -3.8703014850616455, 3.0721640586853027, 1.3717677593231201
461, -3.8703014850616455, 3.0721640586853027, 1.3717677593231201
462, -3.8703014850616455, 3.0721640586853027, 1.3717677593231201
463, -3.8703014850616455, 3.0721640586853027, 1.3717677593231201
464, -3.8703014850616455, 3.0721640586853027, 1.3717677593231201
465, -3.8623263835906982, 3.0721640586853027, 1.6216405630111694
466, -3.854351282119751, 3.0721640586853027, 1.8715133666992188
467, -3.854351282119751, 3.0721640586853027, 1.8715133666992188
468, -3.722508192062378, 3.0721640586853027, 2.0839219093322754
469, -3.722508192062378, 3.0721640586853027, 2.0839219093322754
470, -3.502124309539795, 3.0721640586853027, 2.201951503753662
471, -3.281740427017212, 3.0721640586853027, 2.319981098175049
472, -3.061356544494629, 3.0721640586853027, 2.4380106925964355
473, -2.840972661972046, 3.0721640586853027, 2.5560402870178223
474, -2.620588779449463, 3.0721640586853027, 2.674069881439209
475, -2.620588779449463, 3.0721640586853027, 2.674069881439209
476, -2.48874568939209, 3.0721640586853027, 2.8864784240722656
477, -2.356902599334717, 3.0721640586853027, 3.0988869667053223
478, -2.2250595092773438, 3.0721640586853027, 3.311295509338379
479, -2.2250595092773438, 3.0721640586853027, 3.311295509338379
480, -2.2170844078063965, 3.0721640586853027, 3.5611681938171387
481, -2.2170844078063965, 3.0721640586853027, 3.5611681938171387
482, -2.0852413177490234, 3.0721640586853027, 3.7735767364501953
483, -1.9533982276916504, 3.0721640586853027, 3.985985279083252
484, -1.8215551376342773, 3.0721640586853027, 4.198393821716309
485, -1.8215551376342773, 3.0721640586853027, 4.198393821716309
486, -1.6011713743209839, 3.0721640586853027, 4.316423416137695
487, -1.3807876110076904, 3.0721640586853027, 4.434453010559082
488, -1.160403847694397, 3.0721640586853027, 4.552482604980469
489, -1.160403847694397, 3.0721640586853027, 4.552482604980469
490, -0.9105311036109924, 3.0721640586853027, 4.5445075035095215
491, -0.6606583595275879, 3.0721640586853027, 4.536532402038574
492, -0.41078561544418335, 3.0721640586853027, 4.528557300567627
493, -0.16091285645961761, 3.0721640586853027, 4.52058219909668
494, 0.08895990252494812, 3.0721640586853027, 4.512607097625732
495, 0.33883267641067505, 3.0721640586853027, 4.504631996154785
496, 0.5887054204940796, 3.0721640586853027, 4.496656894683838
497, 0.8385781645774841, 3.0721640586853027, 4.488681793212891
498, 1.0884509086608887, 3.0721640586853027, 4.480706691741943
499, 1.338323712348938, 3.0721640586853027, 4.472731590270996
