1, -1.632156252861023, -2.9951868057250977, 0.7996088862419128
2, -1.632156252861023, -2.9951868057250977, 0.7996088862419128
3, -1.632156252861023, -2.9951868057250977, 0.7996088862419128
4, -1.632156252861023, -2.9951868057250977, 0.7996088862419128
5, -1.632156252861023, -2.9951868057250977, 0.7996088862419128
6, -1.632156252861023, -2.9951868057250977, 0.7996088862419128
7, -1.632156252861023, -2.9951868057250977, 0.7996088862419128
8, -1.632156252861023, -2.9951868057250977, 0.7996088862419128
9, -1.632156252861023, -2.9951868057250977, 0.7996088862419128
10, -1.632156252861023, -2.9951868057250977, 0.7996088862419128
11, -1.632156252861023, -2.9951868057250977, 0.7996088862419128
12, -1.632156252861023, -2.9951868057250977, 0.7996088862419128
13, -1.632156252861023, -2.9951868057250977, 0.7996088862419128
14, -1.632156252861023, -2.9951868057250977, 0.7996088862419128
15, -1.632156252861023, -2.9951868057250977, 0.7996088862419128
16, -1.632156252861023, -2.9951868057250977, 0.7996088862419128
17, -1.3891781568527222, -2.9951868057250977, 0.85844486951828
18, -1.1462000608444214, -2.9951868057250977, 0.9172808527946472
19, -1.1462000608444214, -2.9951868057250977, 0.9172808527946472
20, -0.9651929140090942, -2.9951868057250977, 1.0897233486175537
21, -0.9651929140090942, -2.9951868057250977, 1.0897233486175537
22, -0.8946573138237, -2.9951868057250977, 1.329566478729248
23, -0.8241217136383057, -2.9951868057250977, 1.5694096088409424
24, -0.7535861134529114, -2.9951868057250977, 1.8092527389526367
25, -0.6830505132675171, -2.9951868057250977, 2.049095869064331
26, -0.6830505132675171, -2.9951868057250977, 2.049095869064331
27, -0.5020433664321899, -2.9951868057250977, 2.2215383052825928
28, -0.46456021070480347, -2.9951868057250977, 2.2572479248046875
29, -0.46456021070480347, -2.9951868057250977, 2.2572479248046875
30, -0.46456021070480347, -2.9951868057250977, 2.2572479248046875
31, -0.4645600914955139, -2.9951868057250977, 2.2572479248046875
32, -0.4645600914955139, -2.9951868057250977, 2.2572479248046875
33, -0.4645600914955139, -2.9951868057250977, 2.2572479248046875
34, -0.4645600914955139, -2.9951868057250977, 2.2572479248046875
35, -0.4645600914955139, -2.9951868057250977, 2.2572479248046875
36, -0.4645600914955139, -2.9951868057250977, 2.2572479248046875
37, -0.4645600914955139, -2.9951868057250977, 2.2572479248046875
38, -0.4645600914955139, -2.9951868057250977, 2.2572479248046875
39, -0.39402449131011963, -2.9951868057250977, 2.497091054916382
40, -0.39402449131011963, -2.9951868057250977, 2.497091054916382
41, -0.2130173146724701, -2.9951868057250977, 2.6695334911346436
42, -0.03201013803482056, -2.9951868057250977, 2.8419759273529053
43, -0.03201013803482056, -2.9951868057250977, 2.8419759273529053
44, 0.03852544724941254, -2.9951868057250977, 3.0818190574645996
45, 0.08875083923339844, -2.9951868057250977, 3.252601146697998
46, 0.08875083923339844, -2.9951868057250977, 3.252601146697998
47, 0.08875083923339844, -2.9951868057250977, 3.252601146697998
48, 0.029914867132902145, -2.9951868057250977, 3.495579242706299
49, -0.028921104967594147, -2.9951868057250977, 3.7385573387145996
50, -0.08775708079338074, -2.9951868057250977, 3.9815354347229004
51, -0.14659304916858673, -2.9951868057250977, 4.224513530731201
52, -0.20542901754379272, -2.9951868057250977, 4.467491626739502
53, -0.20542901754379272, -2.9951868057250977, 4.467491626739502
54, -0.13489344716072083, -2.9951868057250977, 4.707334995269775
55, -0.06435786932706833, -2.9951868057250977, 4.947178363800049
56, 0.0061777085065841675, -2.9951868057250977, 5.187021732330322
57, 0.0061777085065841675, -2.9951868057250977, 5.187021732330322
58, -0.05265827104449272, -2.9951868057250977, 5.429999828338623
59, -0.11149425059556961, -2.9951868057250977, 5.672977924346924
60, -0.1703302264213562, -2.9951868057250977, 5.915956020355225
61, -0.2291662096977234, -2.9951868057250977, 6.158934116363525
62, -0.2880021929740906, -2.9726245403289795, 6.401912212371826
63, -0.2880021929740906, -2.9726245403289795, 6.401912212371826
64, -0.21746662259101868, -2.9516496658325195, 6.6417555809021
65, -0.14693105220794678, -2.9306750297546387, 6.881598949432373
66, -0.07639548182487488, -2.909700393676758, 7.1214423179626465
67, -0.07639548182487488, -2.909700393676758, 7.1214423179626465
68, 0.10461167991161346, -2.946669340133667, 7.293884754180908
69, -16.26263999938965, 2.8048131465911865, -1.152977466583252
