1, 10.754449844360352, 0.07754743099212646, -0.11838322877883911
2, 10.754449844360352, 0.07754743099212646, -0.11838322877883911
3, 10.754449844360352, 0.07754743099212646, -0.11838322877883911
4, 10.754449844360352, 0.07754743099212646, -0.11838322877883911
5, 10.754449844360352, 0.07754743099212646, -0.11838322877883911
6, 10.754449844360352, 0.07754743099212646, -0.11838322877883911
7, 10.754449844360352, 0.07754743099212646, -0.11838322877883911
8, 10.754449844360352, 0.07754743099212646, -0.11838322877883911
9, 10.754449844360352, 0.07754743099212646, -0.11838322877883911
10, 10.754449844360352, 0.07754743099212646, -0.11838322877883911
11, 10.754449844360352, 0.07754743099212646, -0.11838322877883911
12, 10.754449844360352, 0.07754743099212646, -0.11838322877883911
13, 10.754449844360352, 0.07754743099212646, -0.11838322877883911
14, 10.754449844360352, 0.07754743099212646, -0.11838322877883911
15, 10.754449844360352, 0.07754743099212646, -0.11838322877883911
16, 10.972809791564941, 0.07754743099212646, 0.0033501088619232178
17, 10.972809791564941, 0.07754743099212646, 0.0033501088619232178
18, 11.101048469543457, 0.07754743099212646, 0.21795418858528137
19, 11.229287147521973, 0.07754743099212646, 0.4325582683086395
20, 11.229287147521973, 0.07754743099212646, 0.4325582683086395
21, 11.23304271697998, 0.07754743099212646, 0.6825300455093384
22, 11.236798286437988, 0.07754743099212646, 0.9325018525123596
23, 11.240553855895996, 0.07754743099212646, 1.1824736595153809
24, 11.244309425354004, 0.07754743099212646, 1.4324455261230469
25, 11.244309425354004, 0.07754743099212646, 1.4324455261230469
26, 11.122575759887695, 0.07754743099212646, 1.6508053541183472
27, 11.000842094421387, 0.07754743099212646, 1.8691651821136475
28, 10.879108428955078, 0.07754743099212646, 2.087524890899658
29, 10.75737476348877, 0.07754743099212646, 2.305884599685669
30, 10.635641098022461, 0.07754743099212646, 2.5242443084716797
31, 10.635641098022461, 0.07754743099212646, 2.5242443084716797
32, 10.421036720275879, 0.20130811631679535, 2.652482748031616
33, 10.421036720275879, 0.20130811631679535, 2.652482748031616
34, 10.171065330505371, 0.19043341279029846, 2.656238555908203
35, 10.171065330505371, 0.19043341279029846, 2.656238555908203
36, 10.171065330505371, 0.19043341279029846, 2.656238555908203
37, 10.12617301940918, 0.18631833791732788, 2.736764669418335
38, 10.12617301940918, 0.18631833791732788, 2.736764669418335
39, 10.12617301940918, 0.18631833791732788, 2.736764669418335
40, 10.12617301940918, 0.18631833791732788, 2.736764669418335
41, 10.12617301940918, 0.18631833791732788, 2.736764669418335
42, 10.12617301940918, 0.18631833791732788, 2.736764669418335
43, 9.90781307220459, 0.07754743099212646, 2.6150312423706055
44, 9.90781307220459, 0.07754743099212646, 2.6150312423706055
45, 9.90781307220459, 0.07754743099212646, 2.6150312423706055
46, 9.90781307220459, 0.07754743099212646, 2.6150312423706055
47, 9.90781307220459, 0.07754743099212646, 2.6150312423706055
48, 9.90781307220459, 0.07754743099212646, 2.6150312423706055
49, 9.90781307220459, 0.07754743099212646, 2.6150312423706055
50, 9.693208694458008, 0.07754743099212646, 2.743269681930542
51, 9.478604316711426, 0.07754743099212646, 2.8715081214904785
52, 9.263999938964844, 0.07754743099212646, 2.999746561050415
53, 9.263999938964844, 0.07754743099212646, 2.999746561050415
54, 9.014028549194336, 0.07754743099212646, 3.003502368927002
55, 8.764057159423828, 0.07754743099212646, 3.007258176803589
56, 8.51408576965332, 0.07754743099212646, 3.011013984680176
57, 8.264114379882812, 0.07754743099212646, 3.0147697925567627
58, 8.014142990112305, 0.07754743099212646, 3.0185256004333496
59, 7.764171123504639, 0.07754743099212646, 3.0222814083099365
60, 7.514199256896973, 0.07754743099212646, 3.0260372161865234
61, 7.264227390289307, 0.07754743099212646, 3.0297930240631104
62, 7.014255523681641, 0.07754743099212646, 3.0335488319396973
63, 6.764283657073975, 0.07754743099212646, 3.037304639816284
64, 6.514311790466309, 0.07754743099212646, 3.041060447692871
65, 6.514311790466309, 0.07754743099212646, 3.041060447692871
66, 6.299707889556885, 0.07754743099212646, 3.1692988872528076
67, 6.085103988647461, 0.07754743099212646, 3.297537326812744
68, 6.085103988647461, 0.07754743099212646, 3.297537326812744
69, 6.085103988647461, 0.07754743099212646, 3.297537326812744
70, 5.870500087738037, 0.07754743099212646, 3.4257757663726807
71, 5.870500087738037, 0.07754743099212646, 3.4257757663726807
72, 5.748766899108887, 0.07754743099212646, 3.6441354751586914
73, 5.627033710479736, 0.07754743099212646, 3.862495183944702
74, 5.627033710479736, 0.07754743099212646, 3.862495183944702
75, 5.630789279937744, 0.07754743099212646, 4.112466812133789
76, 5.630789279937744, 0.07754743099212646, 4.112466812133789
77, 5.6674017906188965, 0.07754743099212646, 4.173737049102783
78, 5.6674017906188965, 0.07754743099212646, 4.173737049102783
79, 5.6674017906188965, 0.07754743099212646, 4.173737049102783
80, 5.6674017906188965, 0.07754743099212646, 4.173737049102783
81, 5.6674017906188965, 0.07754743099212646, 4.173737049102783
82, 5.6674017906188965, 0.07754743099212646, 4.173737049102783
83, 5.6674017906188965, 0.07754743099212646, 4.173737049102783
84, 5.545668601989746, 0.07754743099212646, 4.392096996307373
85, 5.545668601989746, 0.07754743099212646, 4.392096996307373
86, 5.545668601989746, 0.07754743099212646, 4.392096996307373
87, 5.545668601989746, 0.07754743099212646, 4.392096996307373
88, 5.764028549194336, 0.07754743099212646, 4.513830184936523
89, 5.982388496398926, 0.07754743099212646, 4.635563373565674
90, 5.982388496398926, 0.07754743099212646, 4.635563373565674
91, 6.232360363006592, 0.07754743099212646, 4.631807804107666
92, 6.482332229614258, 0.07754743099212646, 4.628052234649658
93, 6.732304096221924, 0.07754743099212646, 4.62429666519165
94, 6.98227596282959, 0.07754743099212646, 4.620541095733643
95, 7.232247829437256, 0.07754743099212646, 4.616785526275635
96, 7.482219696044922, 0.07754743099212646, 4.613029956817627
97, 7.732191562652588, 0.07754743099212646, 4.609274387359619
98, 7.982163429260254, 0.07754743099212646, 4.605518817901611
99, 8.232134819030762, 0.07754743099212646, 4.6017632484436035
100, 8.48210620880127, 0.07754743099212646, 4.598007678985596
101, 8.48210620880127, 0.07754743099212646, 4.598007678985596
102, 8.70046615600586, 0.07754743099212646, 4.719740867614746
103, 8.91882610321045, 0.07754743099212646, 4.8414740562438965
104, 8.91882610321045, 0.07754743099212646, 4.8414740562438965
105, 8.91882610321045, 0.07754743099212646, 4.8414740562438965
106, 8.91882610321045, 0.07754743099212646, 4.8414740562438965
107, 8.91882610321045, 0.07754743099212646, 4.8414740562438965
108, 8.91882610321045, 0.07754743099212646, 4.8414740562438965
109, 8.91882610321045, 0.07754743099212646, 4.8414740562438965
110, 8.704221725463867, 0.07754743099212646, 4.969712734222412
111, 8.489617347717285, 0.07754743099212646, 5.097951412200928
112, 8.275012969970703, 0.07754743099212646, 5.226190090179443
113, 8.060408592224121, 0.07754743099212646, 5.354428768157959
114, 7.845804691314697, 0.07754743099212646, 5.482667446136475
115, 7.631200790405273, 0.07754743099212646, 5.61090612411499
116, 7.41659688949585, 0.07754743099212646, 5.739144802093506
117, 7.41659688949585, 0.07754743099212646, 5.739144802093506
118, 7.294863700866699, 0.07754743099212646, 5.957504749298096
119, 7.294863700866699, 0.07754743099212646, 5.957504749298096
120, 7.080259799957275, 0.07754743099212646, 6.085743427276611
121, 6.865655899047852, 0.07754743099212646, 6.213982105255127
122, 6.651051998138428, 0.07754743099212646, 6.342220783233643
123, 6.651051998138428, 0.07754743099212646, 6.342220783233643
124, 6.401080131530762, 0.07754743099212646, 6.34597635269165
125, 6.151108264923096, 0.07754743099212646, 6.349731922149658
126, 5.90113639831543, 0.07754743099212646, 6.353487491607666
127, 5.651164531707764, 0.07754743099212646, 6.357243061065674
128, 5.401192665100098, 0.07754743099212646, 6.360998630523682
129, 5.151220798492432, 0.07754743099212646, 6.3647541999816895
130, 4.901248931884766, 0.07754743099212646, 6.368509769439697
131, 4.6512770652771, 0.07754743099212646, 6.372265338897705
132, 4.6512770652771, 0.07754743099212646, 6.372265338897705
133, 4.436673164367676, 0.07754743099212646, 6.500504016876221
134, 4.436673164367676, 0.07754743099212646, 6.500504016876221
135, 4.436673164367676, 0.07754743099212646, 6.500504016876221
136, 4.436673164367676, 0.07754743099212646, 6.500504016876221
137, 4.436673164367676, 0.07754743099212646, 6.500504016876221
138, 4.238353729248047, 0.07754743099212646, 6.619011878967285
139, 4.238353729248047, 0.07754743099212646, 6.619011878967285
140, 4.238353729248047, 0.07754743099212646, 6.619011878967285
141, 4.238353729248047, 0.07754743099212646, 6.619011878967285
142, 4.238353729248047, 0.07754743099212646, 6.619011878967285
143, 4.238353729248047, 0.07754743099212646, 6.619011878967285
144, 4.238353729248047, 0.07754743099212646, 6.619011878967285
145, 4.452957630157471, 0.07754743099212646, 6.4907732009887695
146, 4.6675615310668945, 0.07754743099212646, 6.362534523010254
147, 4.6675615310668945, 0.07754743099212646, 6.362534523010254
148, 4.9175333976745605, 0.07754743099212646, 6.358778953552246
149, 5.167505264282227, 0.07754743099212646, 6.355023384094238
150, 5.417477130889893, 0.07754743099212646, 6.3512678146362305
151, 5.667448997497559, 0.07754743099212646, 6.347512245178223
152, 5.917420864105225, 0.07754743099212646, 6.343756675720215
153, 6.167392730712891, 0.07754743099212646, 6.340001106262207
154, 6.417364597320557, 0.07754743099212646, 6.336245536804199
155, 6.667336463928223, 0.07754743099212646, 6.332489967346191
156, 6.667336463928223, 0.07754743099212646, 6.332489967346191
157, 6.8819403648376465, 0.07754743099212646, 6.204251289367676
158, 7.09654426574707, 0.07754743099212646, 6.07601261138916
159, 7.311148166656494, 0.07754743099212646, 5.9477739334106445
160, 7.311148166656494, 0.07754743099212646, 5.9477739334106445
161, 7.4328813552856445, 0.07754743099212646, 5.729413986206055
162, 7.4328813552856445, 0.07754743099212646, 5.729413986206055
163, 7.647485256195068, 0.07754743099212646, 5.601175308227539
164, 7.862089157104492, 0.07754743099212646, 5.472936630249023
165, 8.076693534851074, 0.07754743099212646, 5.344697952270508
166, 8.291297912597656, 0.07754743099212646, 5.216459274291992
167, 8.505902290344238, 0.07754743099212646, 5.088220596313477
168, 8.505902290344238, 0.07754743099212646, 5.088220596313477
169, 8.755873680114746, 0.07754743099212646, 5.084465026855469
170, 9.005845069885254, 0.07754743099212646, 5.080709457397461
171, 9.255816459655762, 0.07754743099212646, 5.076953887939453
172, 9.50578784942627, 0.07754743099212646, 5.073198318481445
173, 9.50578784942627, 0.07754743099212646, 5.073198318481445
174, 9.50578784942627, 0.07754743099212646, 5.073198318481445
175, 9.755759239196777, 0.07754743099212646, 5.0694427490234375
176, 9.755759239196777, 0.07754743099212646, 5.0694427490234375
177, 9.974119186401367, 0.07754743099212646, 5.191175937652588
178, 9.974119186401367, 0.07754743099212646, 5.191175937652588
179, 9.974119186401367, 0.07754743099212646, 5.191175937652588
180, 9.988480567932129, 0.07754743099212646, 5.215209484100342
181, 9.988480567932129, 0.07754743099212646, 5.215209484100342
182, 9.988480567932129, 0.07754743099212646, 5.215209484100342
183, 9.988480567932129, 0.07754743099212646, 5.215209484100342
184, 9.988480567932129, 0.07754743099212646, 5.215209484100342
185, 9.988480567932129, 0.07754743099212646, 5.215209484100342
186, 9.988480567932129, 0.07754743099212646, 5.215209484100342
187, 9.988480567932129, 0.07754743099212646, 5.215209484100342
188, 9.988480567932129, 0.07754743099212646, 5.215209484100342
189, 9.988480567932129, 0.07754743099212646, 5.215209484100342
190, 9.988480567932129, 0.07754743099212646, 5.215209484100342
191, 9.988480567932129, 0.07754743099212646, 5.215209484100342
192, 9.988480567932129, 0.07754743099212646, 5.215209484100342
193, 9.988480567932129, 0.07754743099212646, 5.215209484100342
194, 9.988480567932129, 0.07754743099212646, 5.215209484100342
195, 9.988480567932129, 0.07754743099212646, 5.215209484100342
196, 9.988480567932129, 0.07754743099212646, 5.215209484100342
197, 9.988480567932129, 0.07754743099212646, 5.215209484100342
198, 10.034557342529297, 0.07754743099212646, 5.187675952911377
199, 10.034557342529297, 0.07754743099212646, 5.187675952911377
200, 10.034557342529297, 0.07754743099212646, 5.187675952911377
201, 10.034557342529297, 0.07754743099212646, 5.187675952911377
202, 10.034557342529297, 0.07754743099212646, 5.187675952911377
203, 10.034557342529297, 0.07754743099212646, 5.187675952911377
204, 10.034557342529297, 0.07754743099212646, 5.187675952911377
205, 10.034920692443848, 0.07754743099212646, 5.211892127990723
206, 10.034920692443848, 0.07754743099212646, 5.211892127990723
207, 10.034920692443848, 0.07754743099212646, 5.211892127990723
208, 10.034920692443848, 0.07754743099212646, 5.211892127990723
209, 10.034920692443848, 0.07754743099212646, 5.211892127990723
210, 10.034920692443848, 0.07754743099212646, 5.211892127990723
211, 10.034920692443848, 0.07754743099212646, 5.211892127990723
212, 10.034920692443848, 0.07754743099212646, 5.211892127990723
213, 10.04466438293457, 0.07754743099212646, 5.194414138793945
214, 10.04466438293457, 0.07754743099212646, 5.194414138793945
215, 10.04466438293457, 0.07754743099212646, 5.194414138793945
216, 10.04466438293457, 0.07754743099212646, 5.194414138793945
217, 10.04466438293457, 0.07754743099212646, 5.194414138793945
218, 10.04466438293457, 0.07754743099212646, 5.194414138793945
219, 10.04466438293457, 0.07754743099212646, 5.194414138793945
220, 10.04466438293457, 0.07754743099212646, 5.194414138793945
221, 10.044916152954102, 0.07754743099212646, 5.211178302764893
222, 10.044916152954102, 0.07754743099212646, 5.211178302764893
223, 10.044916152954102, 0.07754743099212646, 5.211178302764893
224, 10.044916152954102, 0.07754743099212646, 5.211178302764893
225, 10.044916152954102, 0.07754743099212646, 5.211178302764893
226, 9.794944763183594, 0.07754743099212646, 5.2149338722229
227, 9.794944763183594, 0.07754743099212646, 5.2149338722229
228, 9.576584815979004, 0.07754743099212646, 5.09320068359375
229, 9.358224868774414, 0.07754743099212646, 4.9714674949646
230, 9.139864921569824, 0.07754743099212646, 4.849734306335449
231, 8.921504974365234, 0.07754743099212646, 4.728001117706299
232, 8.921504974365234, 0.07754743099212646, 4.728001117706299
233, 8.671533584594727, 0.07754743099212646, 4.731756687164307
234, 8.421562194824219, 0.07754743099212646, 4.7355122566223145
235, 8.171590805053711, 0.07754743099212646, 4.739267826080322
236, 7.921618938446045, 0.07754743099212646, 4.74302339553833
237, 7.671647071838379, 0.07754743099212646, 4.746778964996338
238, 7.421675205230713, 0.07754743099212646, 4.750534534454346
239, 7.171703338623047, 0.07754743099212646, 4.7542901039123535
240, 6.921731472015381, 0.07754743099212646, 4.758045673370361
241, 6.671759605407715, 0.07754743099212646, 4.761801242828369
242, 6.421787738800049, 0.07754743099212646, 4.765556812286377
243, 6.421787738800049, 0.07754743099212646, 4.765556812286377
244, 6.203427791595459, 0.07754743099212646, 4.643823623657227
245, 5.985067844390869, 0.07754743099212646, 4.522090435028076
246, 5.766707897186279, 0.07754743099212646, 4.400357246398926
247, 5.5483479499816895, 0.07754743099212646, 4.278624057769775
248, 5.5483479499816895, 0.07754743099212646, 4.278624057769775
249, 5.298376083374023, 0.07754743099212646, 4.282379627227783
250, 5.298376083374023, 0.07754743099212646, 4.282379627227783
251, 5.298376083374023, 0.07754743099212646, 4.282379627227783
252, 5.170137405395508, 0.07754743099212646, 4.067775726318359
253, 5.170137405395508, 0.07754743099212646, 4.067775726318359
254, 5.1663818359375, 0.07754743099212646, 3.8178038597106934
255, 5.162626266479492, 0.07754743099212646, 3.5678319931030273
256, 5.162626266479492, 0.07754743099212646, 3.5678319931030273
257, 5.284359455108643, 0.07754743099212646, 3.3494722843170166
258, 5.406092643737793, 0.07754743099212646, 3.131112575531006
259, 5.406092643737793, 0.07754743099212646, 3.131112575531006
260, 5.620696544647217, 0.07754743099212646, 3.0028741359710693
261, 5.620696544647217, 0.07754743099212646, 3.0028741359710693
262, 5.870668411254883, 0.07754743099212646, 2.9991183280944824
263, 6.120640277862549, 0.07754743099212646, 2.9953625202178955
264, 6.370612144470215, 0.07754743099212646, 2.9916067123413086
265, 6.620584011077881, 0.07754743099212646, 2.9878509044647217
266, 6.870555877685547, 0.07754743099212646, 2.9840950965881348
267, 7.120527744293213, 0.07754743099212646, 2.980339288711548
268, 7.370499610900879, 0.07754743099212646, 2.976583480834961
269, 7.620471477508545, 0.07754743099212646, 2.972827672958374
270, 7.620471477508545, 0.07754743099212646, 2.972827672958374
271, 7.620471477508545, 0.07754743099212646, 2.972827672958374
272, 7.742204666137695, 0.07754743099212646, 2.7544679641723633
273, 7.863937854766846, 0.07754743099212646, 2.5361082553863525
274, 7.863937854766846, 0.07754743099212646, 2.5361082553863525
275, 7.863937854766846, 0.07754743099212646, 2.5361082553863525
276, 7.863937854766846, 0.07754743099212646, 2.5361082553863525
277, 7.863937854766846, 0.07754743099212646, 2.5361082553863525
278, 7.985671043395996, 0.07754743099212646, 2.317748546600342
279, 11.453298568725586, 0.07754743099212646, 3.24613881111145
