1, 14.338150024414062, 2.8994359970092773, -1.0844355821609497
2, 14.338150024414062, 2.8994359970092773, -1.0844355821609497
3, 14.338150024414062, 2.8994359970092773, -1.0844355821609497
4, 14.338150024414062, 2.8994359970092773, -1.0844355821609497
5, 14.338150024414062, 2.8994359970092773, -1.0844355821609497
6, 14.338150024414062, 2.8994359970092773, -1.0844355821609497
7, 14.338150024414062, 2.8994359970092773, -1.0844355821609497
8, 14.338150024414062, 2.8994359970092773, -1.0844355821609497
9, 14.338150024414062, 2.8994359970092773, -1.0844355821609497
10, 14.338150024414062, 2.8994359970092773, -1.0844355821609497
11, 14.338150024414062, 2.8994359970092773, -1.0844355821609497
12, 14.338150024414062, 2.8994359970092773, -1.0844355821609497
13, 14.338150024414062, 2.8994359970092773, -1.0844355821609497
14, 14.338150024414062, 2.8994359970092773, -1.0844355821609497
15, 14.338150024414062, 2.8994359970092773, -1.0844355821609497
16, 14.338150024414062, 2.8994359970092773, -1.0844355821609497
17, 14.207037925720215, 2.8994359970092773, -0.8715747594833374
18, 14.075925827026367, 2.8994359970092773, -0.6587139368057251
19, 13.94481372833252, 2.8994359970092773, -0.4458530843257904
20, 13.94481372833252, 2.8994359970092773, -0.4458530843257904
21, 13.94481372833252, 2.8994359970092773, -0.4458530843257904
22, 13.94481372833252, 2.8994359970092773, -0.4458530843257904
23, 13.94481372833252, 2.8994359970092773, -0.4458530843257904
24, 13.94481372833252, 2.8994359970092773, -0.4458530843257904
25, 13.731952667236328, 2.8994359970092773, -0.5769647359848022
26, 13.519091606140137, 2.8994359970092773, -0.7080763578414917
27, 13.519091606140137, 2.8994359970092773, -0.7080763578414917
28, 13.269192695617676, 2.8994359970092773, -0.7151919603347778
29, 13.019293785095215, 2.8994359970092773, -0.722307562828064
30, 12.769394874572754, 2.8994359970092773, -0.7294231653213501
31, 12.519495964050293, 2.8994359970092773, -0.7365387678146362
32, 12.269597053527832, 2.8994359970092773, -0.7436543703079224
33, 12.019698143005371, 2.8994359970092773, -0.7507699728012085
34, 11.76979923248291, 2.8994359970092773, -0.7578855752944946
35, 11.76979923248291, 2.8994359970092773, -0.7578855752944946
36, 11.76979923248291, 2.8994359970092773, -0.7578855752944946
37, 11.651012420654297, 2.8994359970092773, -0.9778620004653931
38, 11.651012420654297, 2.8994359970092773, -0.9778620004653931
39, 11.658127784729004, 2.8994359970092773, -1.227760672569275
40, 11.658127784729004, 2.8994359970092773, -1.227760672569275
41, 11.658127784729004, 2.8994359970092773, -1.227760672569275
42, 11.658127784729004, 2.8994359970092773, -1.227760672569275
43, 11.408228874206543, 2.8994359970092773, -1.234876275062561
44, 11.158329963684082, 2.8994359970092773, -1.2419918775558472
45, 11.158329963684082, 2.8994359970092773, -1.2419918775558472
46, 11.158329963684082, 2.8994359970092773, -1.2419918775558472
47, 11.158329963684082, 2.8994359970092773, -1.2419918775558472
48, 11.158329963684082, 2.8994359970092773, -1.2419918775558472
49, 11.158329963684082, 2.8994359970092773, -1.2419918775558472
50, 11.158329963684082, 2.8994359970092773, -1.2419918775558472
51, 10.908431053161621, 2.8994359970092773, -1.2491074800491333
52, 10.908431053161621, 2.8994359970092773, -1.2491074800491333
53, 10.908431053161621, 2.8994359970092773, -1.2491074800491333
54, 10.908431053161621, 2.8994359970092773, -1.2491074800491333
55, 10.908431053161621, 2.8994359970092773, -1.2491074800491333
56, 10.908431053161621, 2.8994359970092773, -1.2491074800491333
57, 10.908431053161621, 2.8994359970092773, -1.2491074800491333
58, 10.908431053161621, 2.8994359970092773, -1.2491074800491333
59, 10.908431053161621, 2.8994359970092773, -1.2491074800491333
60, 10.65853214263916, 2.8994359970092773, -1.2562230825424194
61, 10.65853214263916, 2.8994359970092773, -1.2562230825424194
62, 10.65853214263916, 2.8994359970092773, -1.2562230825424194
63, 10.65853214263916, 2.8994359970092773, -1.2562230825424194
64, 10.65853214263916, 2.8994359970092773, -1.2562230825424194
65, 10.65853214263916, 2.8994359970092773, -1.2562230825424194
66, 10.65853214263916, 2.8994359970092773, -1.2562230825424194
67, 10.65853214263916, 2.8994359970092773, -1.2562230825424194
68, 10.65853214263916, 2.8994359970092773, -1.2562230825424194
69, 10.4086332321167, 2.8994359970092773, -1.2633386850357056
70, 10.4086332321167, 2.8994359970092773, -1.2633386850357056
71, 10.4086332321167, 2.8994359970092773, -1.2633386850357056
72, 10.4086332321167, 2.8994359970092773, -1.2633386850357056
73, 10.4086332321167, 2.8994359970092773, -1.2633386850357056
74, 10.4086332321167, 2.8994359970092773, -1.2633386850357056
75, 10.195772171020508, 2.8994359970092773, -1.394450306892395
76, 10.195772171020508, 2.8994359970092773, -1.394450306892395
77, 10.195772171020508, 2.8994359970092773, -1.394450306892395
78, 10.195772171020508, 2.8994359970092773, -1.394450306892395
79, 10.081121444702148, 2.8994359970092773, -1.6067674160003662
80, 14.352458000183105, 2.8994359970092773, -1.0736743211746216
