1, -9.79858112335205, 3.0721640586853027, 0.7464721202850342
2, -9.79858112335205, 3.0721640586853027, 0.7464721202850342
3, -9.79858112335205, 3.0721640586853027, 0.7464721202850342
4, -9.79858112335205, 3.0721640586853027, 0.7464721202850342
5, -9.79858112335205, 3.0721640586853027, 0.7464721202850342
6, -9.79858112335205, 3.0721640586853027, 0.7464721202850342
7, -9.79858112335205, 3.0721640586853027, 0.7464721202850342
8, -9.79858112335205, 3.0721640586853027, 0.7464721202850342
9, -9.79858112335205, 3.0721640586853027, 0.7464721202850342
10, -9.79858112335205, 3.0721640586853027, 0.7464721202850342
11, -9.79858112335205, 3.0721640586853027, 0.7464721202850342
12, -9.79858112335205, 3.0721640586853027, 0.7464721202850342
13, -9.79858112335205, 3.0721640586853027, 0.7464721202850342
14, -9.79858112335205, 3.0721640586853027, 0.7464721202850342
15, -9.79858112335205, 3.0721640586853027, 0.7464721202850342
16, -9.79858112335205, 3.0721640586853027, 0.7464721202850342
17, -9.79858112335205, 3.0721640586853027, 0.7464721202850342
18, -9.79858112335205, 3.0721640586853027, 0.7464721202850342
19, -9.79858112335205, 3.0721640586853027, 0.7464721202850342
20, -9.69133472442627, 3.0721640586853027, 0.5206442475318909
21, -9.61046028137207, 3.0721640586853027, 0.3503473997116089
22, -9.61046028137207, 3.0721640586853027, 0.350347101688385
23, -9.61046028137207, 3.0721640586853027, 0.350347101688385
24, -9.61046028137207, 3.0721640586853027, 0.350347101688385
25, -9.61046028137207, 3.0721640586853027, 0.350347101688385
26, -9.61046028137207, 3.0721640586853027, 0.350347101688385
27, -9.61046028137207, 3.0721640586853027, 0.350347101688385
28, -9.61046028137207, 3.0721640586853027, 0.350347101688385
29, -9.717706680297852, 3.0721640586853027, 0.5761749744415283
30, -9.824953079223633, 3.0721640586853027, 0.8020029067993164
31, -9.824953079223633, 3.0721640586853027, 0.8020029067993164
32, -9.804917335510254, 3.0721640586853027, 1.0511987209320068
33, -9.784881591796875, 3.0721640586853027, 1.3003945350646973
34, -9.764845848083496, 3.0721640586853027, 1.5495903491973877
35, -9.744810104370117, 3.0721640586853027, 1.7987861633300781
36, -9.744810104370117, 3.0721640586853027, 1.7987861633300781
37, -9.602860450744629, 3.0721640586853027, 2.004578113555908
38, -9.46091079711914, 3.0721640586853027, 2.2103700637817383
39, -9.318961143493652, 3.0721640586853027, 2.4161620140075684
40, -9.318961143493652, 3.0721640586853027, 2.4161620140075684
41, -9.318961143493652, 3.0721640586853027, 2.4161620140075684
42, -9.318961143493652, 3.0721640586853027, 2.4161620140075684
43, -9.318961143493652, 3.0721640586853027, 2.4161620140075684
44, -9.069765090942383, 3.0721640586853027, 2.3961260318756104
45, -8.820569038391113, 3.0721640586853027, 2.3760900497436523
46, -8.571372985839844, 3.0721640586853027, 2.3560540676116943
47, -8.322176933288574, 3.0721640586853027, 2.3360180854797363
48, -8.072980880737305, 3.0721640586853027, 2.3159821033477783
49, -8.072980880737305, 3.0721640586853027, 2.3159821033477783
50, -7.847153186798096, 3.0721640586853027, 2.4232285022735596
51, -7.621325492858887, 3.0721640586853027, 2.530474901199341
52, -7.395497798919678, 3.0721640586853027, 2.637721300125122
53, -7.169670104980469, 3.0721640586853027, 2.7449676990509033
54, -6.94384241104126, 3.0721640586853027, 2.8522140979766846
55, -6.94384241104126, 3.0721640586853027, 2.8522140979766846
56, -6.94384241104126, 3.0721640586853027, 2.8522140979766846
57, -6.94384241104126, 3.0721640586853027, 2.8522140979766846
58, -6.94384241104126, 3.0721640586853027, 2.8522140979766846
59, -6.94384241104126, 3.0721640586853027, 2.8522140979766846
60, -6.94384241104126, 3.0721640586853027, 2.8522140979766846
61, -7.169670104980469, 3.0721640586853027, 2.7449676990509033
62, -7.395497798919678, 3.0721640586853027, 2.637721300125122
63, -7.621325492858887, 3.0721640586853027, 2.530474901199341
64, -7.847153186798096, 3.0721640586853027, 2.4232285022735596
65, -8.072980880737305, 3.0721640586853027, 2.3159821033477783
66, -8.072980880737305, 3.0721640586853027, 2.3159821033477783
67, -8.072980880737305, 3.0721640586853027, 2.3159821033477783
68, -8.072980880737305, 3.0721640586853027, 2.3159821033477783
69, -8.322176933288574, 3.0721640586853027, 2.3360180854797363
70, -8.571372985839844, 3.0721640586853027, 2.3560540676116943
71, -8.571372985839844, 3.0721640586853027, 2.3560540676116943
72, -8.571372985839844, 3.0721640586853027, 2.3560540676116943
73, -8.571372985839844, 3.0721640586853027, 2.3560540676116943
74, -8.571372985839844, 3.0721640586853027, 2.3560540676116943
75, -8.820569038391113, 3.0721640586853027, 2.3760900497436523
76, -9.069765090942383, 3.0721640586853027, 2.3961260318756104
77, -9.318961143493652, 3.0721640586853027, 2.4161620140075684
78, -9.568157196044922, 3.0721640586853027, 2.4361979961395264
79, -9.817353248596191, 3.0721640586853027, 2.4562339782714844
80, -9.817353248596191, 3.0721640586853027, 2.4562339782714844
81, -9.817353248596191, 3.0721640586853027, 2.4562339782714844
82, -9.817353248596191, 3.0721640586853027, 2.4562339782714844
83, -9.817353248596191, 3.0721640586853027, 2.4562339782714844
84, -9.817353248596191, 3.0721640586853027, 2.4562339782714844
85, -9.817353248596191, 3.0721640586853027, 2.4562339782714844
86, -9.568157196044922, 3.0721640586853027, 2.4361979961395264
87, -9.568157196044922, 3.0721640586853027, 2.4361979961395264
88, -9.342329025268555, 3.0721640586853027, 2.5434443950653076
89, -9.342329025268555, 3.0721640586853027, 2.5434443950653076
90, -9.342329025268555, 3.0721640586853027, 2.5434443950653076
91, -9.342329025268555, 3.0721640586853027, 2.5434443950653076
92, -9.342329025268555, 3.0721640586853027, 2.5434443950653076
93, -9.136536598205566, 3.0721640586853027, 2.4014949798583984
94, -9.136536598205566, 3.0721640586853027, 2.4014949798583984
95, -8.887340545654297, 3.0721640586853027, 2.3814589977264404
96, -8.638144493103027, 3.0721640586853027, 2.3614230155944824
97, -8.388948440551758, 3.0721640586853027, 2.3413870334625244
98, -8.388948440551758, 3.0721640586853027, 2.3413870334625244
99, -8.16312026977539, 3.0721640586853027, 2.4486334323883057
100, -7.937292575836182, 3.0721640586853027, 2.555879831314087
101, -7.937292575836182, 3.0721640586853027, 2.555879831314087
102, -7.795342922210693, 3.0721640586853027, 2.761671781539917
103, -7.653393268585205, 3.0721640586853027, 2.967463731765747
104, -7.653393268585205, 3.0721640586853027, 2.967463731765747
105, -7.633357524871826, 3.0721640586853027, 3.2166595458984375
106, -7.613321781158447, 3.0721640586853027, 3.465855360031128
107, -7.593286037445068, 3.0721640586853027, 3.7150511741638184
108, -7.5732502937316895, 3.0721640586853027, 3.964246988296509
109, -7.5532145500183105, 3.0721640586853027, 4.213442802429199
110, -7.533178806304932, 3.0721640586853027, 4.462638854980469
111, -7.533178806304932, 3.0721640586853027, 4.462638854980469
112, -7.640425205230713, 3.0721640586853027, 4.688466548919678
113, -7.640425205230713, 3.0721640586853027, 4.688466548919678
114, -7.640425205230713, 3.0721640586853027, 4.688466548919678
115, -7.640425205230713, 3.0721640586853027, 4.688466548919678
116, -7.640425205230713, 3.0721640586853027, 4.688466548919678
117, -7.640425205230713, 3.0721640586853027, 4.688466548919678
118, -7.660460948944092, 3.0721640586853027, 4.439270496368408
119, -7.660460948944092, 3.0721640586853027, 4.439270496368408
120, -7.5532145500183105, 3.0721640586853027, 4.213442802429199
121, -7.5532145500183105, 3.0721640586853027, 4.213442802429199
122, -7.3474225997924805, 3.0721640586853027, 4.071493148803711
123, -7.14163064956665, 3.0721640586853027, 3.9295434951782227
124, -6.93583869934082, 3.0721640586853027, 3.7875938415527344
125, -6.73004674911499, 3.0721640586853027, 3.645644187927246
126, -6.52425479888916, 3.0721640586853027, 3.503694534301758
127, -6.31846284866333, 3.0721640586853027, 3.3617448806762695
128, -6.1126708984375, 3.0721640586853027, 3.2197952270507812
129, -6.1126708984375, 3.0721640586853027, 3.2197952270507812
130, -5.8634748458862305, 3.0721640586853027, 3.1997592449188232
131, -5.614278793334961, 3.0721640586853027, 3.1797232627868652
132, -5.365082740783691, 3.0721640586853027, 3.1596872806549072
133, -5.115886688232422, 3.0721640586853027, 3.139651298522949
134, -4.866690635681152, 3.0721640586853027, 3.119615316390991
135, -4.617494583129883, 3.0721640586853027, 3.099579334259033
136, -4.368298530578613, 3.0721640586853027, 3.079543352127075
137, -4.368298530578613, 3.0721640586853027, 3.079543352127075
138, -4.142470836639404, 3.0721640586853027, 3.1867897510528564
139, -4.142470836639404, 3.0721640586853027, 3.1867897510528564
140, -4.142470836639404, 3.0721640586853027, 3.1867897510528564
141, -3.916642904281616, 3.0721640586853027, 3.2940361499786377
142, -3.690814971923828, 3.0721640586853027, 3.401282548904419
143, -3.46498703956604, 3.0721640586853027, 3.5085289478302
144, -3.239159107208252, 3.0721640586853027, 3.6157753467559814
145, -3.239159107208252, 3.0721640586853027, 3.6157753467559814
146, -2.9899632930755615, 3.0721640586853027, 3.5957393646240234
147, -2.740767478942871, 3.0721640586853027, 3.5757033824920654
148, -2.740767478942871, 3.0721640586853027, 3.5757033824920654
149, -2.514939546585083, 3.0721640586853027, 3.6829497814178467
150, -2.289111614227295, 3.0721640586853027, 3.790196180343628
151, -2.289111614227295, 3.0721640586853027, 3.790196180343628
152, -2.1471619606018066, 3.0721640586853027, 3.995988130569458
153, -2.1471619606018066, 3.0721640586853027, 3.995988130569458
154, -2.1471619606018066, 3.0721640586853027, 3.995988130569458
155, -2.1471619606018066, 3.0721640586853027, 3.995988130569458
156, -2.1471619606018066, 3.0721640586853027, 3.995988130569458
157, -2.1471619606018066, 3.0721640586853027, 3.995988130569458
158, -2.1471619606018066, 3.0721640586853027, 3.995988130569458
159, -2.289111614227295, 3.0721640586853027, 3.790196180343628
160, -2.431061267852783, 3.0721640586853027, 3.584404230117798
161, -2.5730109214782715, 3.0721640586853027, 3.3786122798919678
162, -2.7149605751037598, 3.0721640586853027, 3.1728203296661377
163, -2.856910228729248, 3.0721640586853027, 2.9670283794403076
164, -2.9988598823547363, 3.0721640586853027, 2.7612364292144775
165, -2.9988598823547363, 3.0721640586853027, 2.7612364292144775
166, -3.2246878147125244, 3.0721640586853027, 2.6539900302886963
167, -3.4505157470703125, 3.0721640586853027, 2.546743631362915
168, -3.6763436794281006, 3.0721640586853027, 2.439497232437134
169, -3.6763436794281006, 3.0721640586853027, 2.439497232437134
170, -3.8182930946350098, 3.0721640586853027, 2.2337052822113037
171, -3.960242748260498, 3.0721640586853027, 2.0279133319854736
172, -3.960242748260498, 3.0721640586853027, 2.0279133319854736
173, -3.980278730392456, 3.0721640586853027, 1.7787175178527832
174, -4.000314712524414, 3.0721640586853027, 1.5295217037200928
175, -4.000314712524414, 3.0721640586853027, 1.5295217037200928
176, -4.142264366149902, 3.0721640586853027, 1.3237297534942627
177, -4.284214019775391, 3.0721640586853027, 1.1179378032684326
178, -4.284214019775391, 3.0721640586853027, 1.1179378032684326
179, -4.284214019775391, 3.0721640586853027, 1.1179378032684326
180, -4.284214019775391, 3.0721640586853027, 1.1179378032684326
181, -4.5100417137146, 3.0721640586853027, 1.010691523551941
182, -4.5100417137146, 3.0721640586853027, 1.010691523551941
183, -4.651991367340088, 3.0721640586853027, 0.8048995733261108
184, -4.793941020965576, 3.0721640586853027, 0.5991076231002808
185, -4.9358906745910645, 3.0721640586853027, 0.3933156728744507
186, -4.9358906745910645, 3.0721640586853027, 0.3933156728744507
187, -4.9358906745910645, 3.0721640586853027, 0.3933156728744507
188, -5.077840328216553, 3.0721640586853027, 0.1875237077474594
189, -5.077840328216553, 3.0721640586853027, 0.1875237077474594
190, -5.303668022155762, 3.0721640586853027, 0.08027741312980652
191, -5.303668022155762, 3.0721640586853027, 0.08027741312980652
192, -5.303668022155762, 3.0721640586853027, 0.08027741312980652
193, -5.303668022155762, 3.0721640586853027, 0.08027741312980652
194, -5.303668022155762, 3.0721640586853027, 0.08027741312980652
195, -5.303668022155762, 3.0721640586853027, 0.08027741312980652
196, -5.303668022155762, 3.0721640586853027, 0.08027741312980652
197, -5.303668022155762, 3.0721640586853027, 0.08027741312980652
198, -5.054471969604492, 3.0721640586853027, 0.060241490602493286
199, -5.054471969604492, 3.0721640586853027, 0.060241490602493286
200, -4.828644275665283, 3.0721640586853027, 0.16748780012130737
201, -4.828644275665283, 3.0721640586853027, 0.16748780012130737
202, -4.686694622039795, 3.0721640586853027, 0.37327978014945984
203, -4.544744968414307, 3.0721640586853027, 0.5790717601776123
204, -4.402795314788818, 3.0721640586853027, 0.7848637104034424
205, -4.26084566116333, 3.0721640586853027, 0.9906556606292725
206, -4.118896007537842, 3.0721640586853027, 1.1964476108551025
207, -3.9769463539123535, 3.0721640586853027, 1.4022395610809326
208, -3.9769463539123535, 3.0721640586853027, 1.4022395610809326
209, -3.9569103717803955, 3.0721640586853027, 1.651435375213623
210, -3.9368743896484375, 3.0721640586853027, 1.9006311893463135
211, -3.9368743896484375, 3.0721640586853027, 1.9006311893463135
212, -3.794924736022949, 3.0721640586853027, 2.1064231395721436
213, -3.652975082397461, 3.0721640586853027, 2.3122150897979736
214, -3.5110254287719727, 3.0721640586853027, 2.5180070400238037
215, -3.3690757751464844, 3.0721640586853027, 2.723798990249634
216, -3.227126121520996, 3.0721640586853027, 2.929590940475464
217, -3.085176467895508, 3.0721640586853027, 3.135382890701294
218, -2.9432268142700195, 3.0721640586853027, 3.341174840927124
219, -2.9432268142700195, 3.0721640586853027, 3.341174840927124
220, -2.7173988819122314, 3.0721640586853027, 3.4484212398529053
221, -2.4915709495544434, 3.0721640586853027, 3.5556676387786865
222, -2.2657430171966553, 3.0721640586853027, 3.6629140377044678
223, -2.2657430171966553, 3.0721640586853027, 3.6629140377044678
224, -2.2657430171966553, 3.0721640586853027, 3.6629140377044678
225, -2.2657430171966553, 3.0721640586853027, 3.6629140377044678
226, -2.2657430171966553, 3.0721640586853027, 3.6629140377044678
227, -2.2657430171966553, 3.0721640586853027, 3.6629140377044678
228, -2.2657430171966553, 3.0721640586853027, 3.6629140377044678
229, -2.2657430171966553, 3.0721640586853027, 3.6629140377044678
230, -2.2657430171966553, 3.0721640586853027, 3.6629140377044678
231, -2.2657430171966553, 3.0721640586853027, 3.6629140377044678
232, -2.2657430171966553, 3.0721640586853027, 3.6629140377044678
233, -2.039915084838867, 3.0721640586853027, 3.770160436630249
234, -2.039915084838867, 3.0721640586853027, 3.770160436630249
235, -1.8979655504226685, 3.0721640586853027, 3.975952386856079
236, -1.7560160160064697, 3.0721640586853027, 4.181744575500488
237, -1.7560160160064697, 3.0721640586853027, 4.181744575500488
238, -1.5301880836486816, 3.0721640586853027, 4.2889909744262695
239, -1.3043601512908936, 3.0721640586853027, 4.396237373352051
240, -1.3043601512908936, 3.0721640586853027, 4.396237373352051
241, -1.3043601512908936, 3.0721640586853027, 4.396237373352051
242, -1.3043601512908936, 3.0721640586853027, 4.396237373352051
243, -1.3043601512908936, 3.0721640586853027, 4.396237373352051
244, -1.3043601512908936, 3.0721640586853027, 4.396237373352051
245, -1.3043601512908936, 3.0721640586853027, 4.396237373352051
246, -1.5301880836486816, 3.0721640586853027, 4.2889909744262695
247, -1.7560160160064697, 3.0721640586853027, 4.181744575500488
248, -1.7560160160064697, 3.0721640586853027, 4.181744575500488
249, -1.8979655504226685, 3.0721640586853027, 3.975952625274658
250, -1.8979655504226685, 3.0721640586853027, 3.975952625274658
251, -1.9180015325546265, 3.0721640586853027, 3.7267568111419678
252, -1.9380375146865845, 3.0721640586853027, 3.4775609970092773
253, -1.9380375146865845, 3.0721640586853027, 3.4775609970092773
254, -1.8307912349700928, 3.0721640586853027, 3.2517330646514893
255, -1.8307912349700928, 3.0721640586853027, 3.2517330646514893
256, -1.8307912349700928, 3.0721640586853027, 3.2517330646514893
257, -1.8307912349700928, 3.0721640586853027, 3.2517330646514893
258, -1.8307912349700928, 3.0721640586853027, 3.2517330646514893
259, -1.8307912349700928, 3.0721640586853027, 3.2517330646514893
260, -1.8307912349700928, 3.0721640586853027, 3.2517330646514893
261, -1.9727407693862915, 3.0721640586853027, 3.045941114425659
262, -2.1146903038024902, 3.0721640586853027, 2.840149164199829
263, -2.1146903038024902, 3.0721640586853027, 2.840149164199829
264, -2.1146903038024902, 3.0721640586853027, 2.840149164199829
265, -2.1146903038024902, 3.0721640586853027, 2.840149164199829
266, -2.1146903038024902, 3.0721640586853027, 2.840149164199829
267, -2.1146903038024902, 3.0721640586853027, 2.840149164199829
268, -2.1146903038024902, 3.0721640586853027, 2.840149164199829
269, -2.2566399574279785, 3.0721640586853027, 2.634357213973999
270, -2.398589611053467, 3.0721640586853027, 2.428565263748169
271, -2.398589611053467, 3.0721640586853027, 2.428565263748169
272, -2.398589611053467, 3.0721640586853027, 2.428565263748169
273, -2.398589611053467, 3.0721640586853027, 2.428565263748169
274, -2.398589611053467, 3.0721640586853027, 2.428565263748169
275, -2.398589611053467, 3.0721640586853027, 2.428565263748169
276, -2.398589611053467, 3.0721640586853027, 2.428565263748169
277, -2.2566399574279785, 3.0721640586853027, 2.634357213973999
278, -2.1146903038024902, 3.0721640586853027, 2.840149164199829
279, -2.1146903038024902, 3.0721640586853027, 2.840149164199829
280, -2.1146903038024902, 3.0721640586853027, 2.840149164199829
281, -2.1146903038024902, 3.0721640586853027, 2.840149164199829
282, -2.1146903038024902, 3.0721640586853027, 2.840149164199829
283, -2.1146903038024902, 3.0721640586853027, 2.840149164199829
284, -2.1146903038024902, 3.0721640586853027, 2.840149164199829
285, -2.1146903038024902, 3.0721640586853027, 2.840149164199829
286, -2.1146903038024902, 3.0721640586853027, 2.840149164199829
287, -1.9727407693862915, 3.0721640586853027, 3.045941114425659
288, -1.9727407693862915, 3.0721640586853027, 3.045941114425659
289, -1.7469128370285034, 3.0721640586853027, 3.1531875133514404
290, -1.5210849046707153, 3.054548978805542, 3.2604339122772217
291, -1.5210849046707153, 3.054548978805542, 3.2604339122772217
292, -1.271889090538025, 2.912151336669922, 3.2403979301452637
293, -1.269323706626892, 2.9106853008270264, 3.240191698074341
294, -1.269323706626892, 2.9106853008270264, 3.240191698074341
295, -1.269323706626892, 2.9106853008270264, 3.240191698074341
296, -1.269323706626892, 2.9106853008270264, 3.240191698074341
297, -1.269323706626892, 2.9106853008270264, 3.240191698074341
298, -1.1273741722106934, 2.8046493530273438, 3.445983648300171
299, -1.1273741722106934, 2.8046493530273438, 3.445983648300171
300, -1.1273741722106934, 2.8046493530273438, 3.445983648300171
301, -1.1273741722106934, 2.8046493530273438, 3.445983648300171
302, -1.1273741722106934, 2.8046493530273438, 3.445983648300171
303, -1.1273741722106934, 2.8046493530273438, 3.445983648300171
304, -1.1273741722106934, 2.8046493530273438, 3.445983648300171
305, -0.8781783580780029, 2.6451451778411865, 3.425947666168213
306, -0.6289825439453125, 2.4856410026550293, 3.405911684036255
307, -0.6289825439453125, 2.4856410026550293, 3.405911684036255
308, -0.6289825439453125, 2.4856410026550293, 3.405911684036255
309, -0.6289825439453125, 2.4856410026550293, 3.405911684036255
310, -0.6289825439453125, 2.4856410026550293, 3.405911684036255
311, -0.6289825439453125, 2.4856410026550293, 3.405911684036255
312, -0.6289825439453125, 2.4856410026550293, 3.405911684036255
313, -0.8781783580780029, 2.6451451778411865, 3.425947666168213
314, -1.1273741722106934, 2.8046493530273438, 3.445983648300171
315, -1.1273741722106934, 2.8046493530273438, 3.445983648300171
316, -1.3532021045684814, 2.958615779876709, 3.3387372493743896
317, -1.5790300369262695, 3.0721640586853027, 3.2314908504486084
318, -1.5790300369262695, 3.0721640586853027, 3.2314908504486084
319, -1.7209795713424683, 3.0721640586853027, 3.0256989002227783
320, -1.862929105758667, 3.0721640586853027, 2.8199069499969482
321, -2.004878520965576, 3.0721640586853027, 2.614114999771118
322, -2.1468281745910645, 3.0721640586853027, 2.408323049545288
323, -2.1468281745910645, 3.0721640586853027, 2.408323049545288
324, -2.1468281745910645, 3.0721640586853027, 2.408323049545288
325, -2.1468281745910645, 3.0721640586853027, 2.408323049545288
326, -2.1468281745910645, 3.0721640586853027, 2.408323049545288
327, -2.1468281745910645, 3.0721640586853027, 2.408323049545288
328, -2.1468281745910645, 3.0721640586853027, 2.408323049545288
329, -2.1468281745910645, 3.0721640586853027, 2.408323049545288
330, -2.3726561069488525, 3.0721640586853027, 2.301076889038086
331, -2.3726561069488525, 3.0721640586853027, 2.301076889038086
332, -2.621851921081543, 3.0721640586853027, 2.321112871170044
333, -2.8710477352142334, 3.0721640586853027, 2.341148853302002
334, -3.120243549346924, 3.0721640586853027, 2.36118483543396
335, -3.120243549346924, 3.0721640586853027, 2.36118483543396
336, -3.346071481704712, 3.0721640586853027, 2.2539384365081787
337, -3.5718994140625, 3.0721640586853027, 2.1466920375823975
338, -3.797727346420288, 3.0721640586853027, 2.039445638656616
339, -3.797727346420288, 3.0721640586853027, 2.039445638656616
340, -3.9396767616271973, 3.0721640586853027, 1.8336536884307861
341, -3.9396767616271973, 3.0721640586853027, 1.8336536884307861
342, -3.9597127437591553, 3.0721640586853027, 1.5844578742980957
343, -3.9597127437591553, 3.0721640586853027, 1.5844578742980957
344, -3.852466344833374, 3.0721640586853027, 1.3586299419403076
345, -3.852466344833374, 3.0721640586853027, 1.3586299419403076
346, -3.852466344833374, 3.0721640586853027, 1.3586299419403076
347, -3.852466344833374, 3.0721640586853027, 1.3586299419403076
348, -3.852466344833374, 3.0721640586853027, 1.3586299419403076
349, -3.852466344833374, 3.0721640586853027, 1.3586299419403076
350, -3.852466344833374, 3.0721640586853027, 1.3586299419403076
351, -3.9597127437591553, 3.0721640586853027, 1.5844578742980957
352, -3.9597127437591553, 3.0721640586853027, 1.5844578742980957
353, -3.9396767616271973, 3.0721640586853027, 1.8336536884307861
354, -3.9396767616271973, 3.0721640586853027, 1.8336536884307861
355, -3.797727346420288, 3.0721640586853027, 2.039445638656616
356, -3.655777931213379, 3.0721640586853027, 2.2452375888824463
357, -3.655777931213379, 3.0721640586853027, 2.2452375888824463
358, -3.429949998855591, 3.0721640586853027, 2.3524839878082275
359, -3.2041220664978027, 3.0721640586853027, 2.459730386734009
360, -3.2041220664978027, 3.0721640586853027, 2.459730386734009
361, -3.0621724128723145, 3.0721640586853027, 2.665522336959839
362, -2.920222759246826, 3.0721640586853027, 2.871314287185669
363, -2.778273105621338, 3.0721640586853027, 3.077106237411499
364, -2.6363234519958496, 3.0721640586853027, 3.282898187637329
365, -2.4943737983703613, 3.0721640586853027, 3.488690137863159
366, -2.352424144744873, 3.0721640586853027, 3.6944820880889893
367, -2.2104744911193848, 3.0721640586853027, 3.9002740383148193
368, -2.0685248374938965, 3.0721640586853027, 4.1060662269592285
369, -2.0685248374938965, 3.0721640586853027, 4.1060662269592285
370, -1.8426969051361084, 3.0721640586853027, 4.21331262588501
371, -1.6168689727783203, 3.0721640586853027, 4.320559024810791
372, -1.3910410404205322, 3.0721640586853027, 4.427805423736572
373, -1.1652131080627441, 3.0721640586853027, 4.5350518226623535
374, -1.1652131080627441, 3.0721640586853027, 4.5350518226623535
375, -0.9160172939300537, 3.0721640586853027, 4.515016078948975
376, -0.6668214797973633, 3.0721640586853027, 4.494980335235596
377, -0.41762563586235046, 3.0721640586853027, 4.474944591522217
378, -0.16842979192733765, 3.0721640586853027, 4.454908847808838
379, 0.08076605200767517, 3.0721640586853027, 4.434873104095459
380, 0.329961895942688, 3.0721640586853027, 4.41483736038208
381, 0.5791577100753784, 3.0721640586853027, 4.394801616668701
382, 0.8283535242080688, 3.0721640586853027, 4.374765872955322
383, 0.8283535242080688, 3.0721640586853027, 4.374765872955322
384, 1.054181456565857, 3.0721640586853027, 4.4820122718811035
385, 1.280009388923645, 3.0721640586853027, 4.589258670806885
386, 1.280009388923645, 3.0721640586853027, 4.589258670806885
387, 1.5292052030563354, 3.0721640586853027, 4.569222927093506
388, 1.5292052030563354, 3.0721640586853027, 4.569222927093506
389, 1.7550331354141235, 3.0721640586853027, 4.676469326019287
390, 1.9808610677719116, 3.0721640586853027, 4.783715724945068
391, 2.20668888092041, 3.0721640586853027, 4.89096212387085
392, 2.4325168132781982, 3.0721640586853027, 4.998208522796631
393, 2.6583447456359863, 3.0721640586853027, 5.105454921722412
394, 2.8841726779937744, 3.0721640586853027, 5.212701320648193
395, 2.8841726779937744, 3.0721640586853027, 5.212701320648193
396, 2.8841726779937744, 3.0721640586853027, 5.212701320648193
397, 2.8841726779937744, 3.0721640586853027, 5.212701320648193
398, 2.8841726779937744, 3.0721640586853027, 5.212701320648193
399, 2.8841726779937744, 3.0721640586853027, 5.212701320648193
400, 2.8841726779937744, 3.0721640586853027, 5.212701320648193
401, 2.6583447456359863, 3.0721640586853027, 5.105454921722412
402, 2.4325168132781982, 3.0721640586853027, 4.998208522796631
403, 2.20668888092041, 3.0721640586853027, 4.89096212387085
404, 1.980860948562622, 3.0721640586853027, 4.783715724945068
405, 1.755033016204834, 3.0721640586853027, 4.676469326019287
406, 1.529205083847046, 3.0721640586853027, 4.569222927093506
407, 1.3033771514892578, 3.0721640586853027, 4.461976528167725
408, 1.3033771514892578, 3.0721640586853027, 4.461976528167725
409, 1.0541813373565674, 3.0721640586853027, 4.4820122718811035
410, 0.804985523223877, 3.0721640586853027, 4.502048015594482
411, 0.5557897090911865, 3.0721640586853027, 4.522083759307861
412, 0.3065938651561737, 3.0721640586853027, 4.54211950302124
413, 0.05739802122116089, 3.0721640586853027, 4.562155246734619
414, -0.19179782271385193, 3.0721640586853027, 4.582190990447998
415, -0.44099366664886475, 3.0721640586853027, 4.602226734161377
416, -0.6901894807815552, 3.0721640586853027, 4.622262477874756
417, -0.9393852949142456, 3.0721640586853027, 4.642298221588135
418, -0.9393852949142456, 3.0721640586853027, 4.642298221588135
419, -1.1652132272720337, 3.0721640586853027, 4.5350518226623535
420, -1.3910411596298218, 3.0721640586853027, 4.427805423736572
421, -1.6168690919876099, 3.0721640586853027, 4.320559024810791
422, -1.6168690919876099, 3.0721640586853027, 4.320559024810791
423, -1.7588186264038086, 3.0721640586853027, 4.114767074584961
424, -1.9007681608200073, 3.0721640586853027, 3.908975124359131
425, -2.042717695236206, 3.0721640586853027, 3.703183174133301
426, -2.1846671104431152, 3.0721640586853027, 3.4973912239074707
427, -2.3266167640686035, 3.0721640586853027, 3.2915992736816406
428, -2.468566417694092, 3.0721640586853027, 3.0858073234558105
429, -2.468566417694092, 3.0721640586853027, 3.0858073234558105
430, -2.48860239982605, 3.0721640586853027, 2.83661150932312
431, -2.48860239982605, 3.0721640586853027, 2.83661150932312
432, -2.48860239982605, 3.0721640586853027, 2.83661150932312
433, -2.48860239982605, 3.0721640586853027, 2.83661150932312
434, -2.630551815032959, 3.0721640586853027, 2.63081955909729
435, -2.630551815032959, 3.0721640586853027, 2.63081955909729
436, -2.856379747390747, 3.0721640586853027, 2.523573398590088
437, -3.082207679748535, 3.0721640586853027, 2.4163272380828857
438, -3.3080356121063232, 3.0721640586853027, 2.3090810775756836
439, -3.5338635444641113, 3.0721640586853027, 2.2018349170684814
440, -3.7596914768218994, 3.0721640586853027, 2.0945887565612793
441, -3.7596914768218994, 3.0721640586853027, 2.0945887565612793
442, -3.9016411304473877, 3.0721640586853027, 1.8887968063354492
443, -3.9016411304473877, 3.0721640586853027, 1.8887968063354492
444, -3.9216771125793457, 3.0721640586853027, 1.6396009922027588
445, -3.9417130947113037, 3.0721640586853027, 1.3904051780700684
446, -3.9417130947113037, 3.0721640586853027, 1.3904051780700684
447, -3.8344669342041016, 3.0721640586853027, 1.1645772457122803
448, -3.8344669342041016, 3.0721640586853027, 1.1645772457122803
449, -3.8344669342041016, 3.0721640586853027, 1.1645772457122803
450, -3.8344669342041016, 3.0721640586853027, 1.1645772457122803
451, -3.8344669342041016, 3.0721640586853027, 1.1645772457122803
452, -3.8344669342041016, 3.0721640586853027, 1.1645772457122803
453, -3.8344669342041016, 3.0721640586853027, 1.1645772457122803
454, -3.9417130947113037, 3.0721640586853027, 1.3904051780700684
455, -3.9417130947113037, 3.0721640586853027, 1.3904051780700684
456, -4.085513114929199, 3.0721640586853027, 1.489594578742981
457, -4.085513114929199, 3.0721640586853027, 1.489594578742981
458, -4.085513114929199, 3.0721640586853027, 1.489594578742981
459, -4.085513114929199, 3.0721640586853027, 1.489594578742981
460, -4.085513114929199, 3.0721640586853027, 1.489594578742981
461, -3.943563461303711, 3.0721640586853027, 1.695386528968811
462, -3.8016138076782227, 3.0721640586853027, 1.9011784791946411
463, -3.8016138076782227, 3.0721640586853027, 1.9011784791946411
464, -3.5757858753204346, 3.0721640586853027, 2.008424758911133
465, -3.3499579429626465, 3.0721640586853027, 2.115670919418335
466, -3.3499579429626465, 3.0721640586853027, 2.115670919418335
467, -3.208008289337158, 3.0721640586853027, 2.321462869644165
468, -3.06605863571167, 3.0721640586853027, 2.527254819869995
469, -2.9241089820861816, 3.0721640586853027, 2.733046770095825
470, -2.7821593284606934, 3.0721640586853027, 2.9388387203216553
471, -2.640209674835205, 3.0721640586853027, 3.1446306705474854
472, -2.498260021209717, 3.0721640586853027, 3.3504226207733154
473, -2.3563103675842285, 3.0721640586853027, 3.5562145709991455
474, -2.2143607139587402, 3.0721640586853027, 3.7620065212249756
475, -2.072411060333252, 3.0721640586853027, 3.9677984714508057
476, -1.9304615259170532, 3.0721640586853027, 4.173590660095215
477, -1.9304615259170532, 3.0721640586853027, 4.173590660095215
478, -1.7046335935592651, 3.0721640586853027, 4.280837059020996
479, -1.478805661201477, 3.0721640586853027, 4.388083457946777
480, -1.478805661201477, 3.0721640586853027, 4.388083457946777
481, -1.478805661201477, 3.0721640586853027, 4.388083457946777
482, -1.478805661201477, 3.0721640586853027, 4.388083457946777
483, -1.478805661201477, 3.0721640586853027, 4.388083457946777
484, -1.478805661201477, 3.0721640586853027, 4.388083457946777
485, -1.6207551956176758, 3.0721640586853027, 4.182291507720947
486, -1.640505313873291, 3.0721640586853027, 4.153658866882324
487, -1.6405055522918701, 3.0721640586853027, 4.153658390045166
488, -1.6405055522918701, 3.0721640586853027, 4.153658390045166
489, -1.8663334846496582, 3.0721640586853027, 4.046411991119385
490, -1.8663334846496582, 3.0721640586853027, 4.046411991119385
491, -2.0082831382751465, 3.0721640586853027, 3.8406200408935547
492, -2.1502327919006348, 3.0721640586853027, 3.6348280906677246
493, -2.292182445526123, 3.0721640586853027, 3.4290361404418945
494, -2.4341320991516113, 3.0721640586853027, 3.2232441902160645
495, -2.4341320991516113, 3.0721640586853027, 3.2232441902160645
496, -2.4541680812835693, 3.0721640586853027, 2.974048376083374
497, -2.4742040634155273, 3.0721640586853027, 2.7248525619506836
498, -2.4942400455474854, 3.0721640586853027, 2.475656747817993
499, -2.4942400455474854, 3.0721640586853027, 2.475656747817993
