1, 2.725499153137207, 0.07754743099212646, 3.4176692962646484
2, 2.725499153137207, 0.07754743099212646, 3.4176692962646484
3, 2.725499153137207, 0.07754743099212646, 3.4176692962646484
4, 2.725499153137207, 0.07754743099212646, 3.4176692962646484
5, 2.725499153137207, 0.07754743099212646, 3.4176692962646484
6, 2.725499153137207, 0.07754743099212646, 3.4176692962646484
7, 2.725499153137207, 0.07754743099212646, 3.4176692962646484
8, 2.725499153137207, 0.07754743099212646, 3.4176692962646484
9, 2.725499153137207, 0.07754743099212646, 3.4176692962646484
10, 2.725499153137207, 0.07754743099212646, 3.4176692962646484
11, 2.725499153137207, 0.07754743099212646, 3.4176692962646484
12, 2.725499153137207, 0.07754743099212646, 3.4176692962646484
13, 2.725499153137207, 0.07754743099212646, 3.4176692962646484
14, 2.725499153137207, 0.07754743099212646, 3.4176692962646484
15, 2.725499153137207, 0.07754743099212646, 3.4176692962646484
16, 2.7607076168060303, 0.07754743099212646, 3.665177583694458
17, 2.7607076168060303, 0.07754743099212646, 3.665177583694458
18, 2.9149532318115234, 0.07754743099212646, 3.861922025680542
19, 3.0691988468170166, 0.07754743099212646, 4.058666229248047
20, 3.0691988468170166, 0.07754743099212646, 4.058666229248047
21, 3.0691988468170166, 0.07754743099212646, 4.058666229248047
22, 3.0691988468170166, 0.07754743099212646, 4.058666229248047
23, 3.3011515140533447, 0.07754743099212646, 4.151928901672363
24, 3.4445159435272217, 0.07754743099212646, 4.2095723152160645
25, 3.4445159435272217, 0.07754743099212646, 4.2095723152160645
26, 3.6920242309570312, 0.07754743099212646, 4.17436408996582
27, 3.939532518386841, 0.07754743099212646, 4.139155864715576
28, 4.18704080581665, 0.07754743099212646, 4.103947639465332
29, 4.434549331665039, 0.07754743099212646, 4.068739414215088
30, 4.682057857513428, 0.07754743099212646, 4.033531188964844
31, 4.682057857513428, 0.07754743099212646, 4.033531188964844
32, 4.914010524749756, 0.07754743099212646, 4.12679386138916
33, 4.914010524749756, 0.07754743099212646, 4.12679386138916
34, 4.914010524749756, 0.07754743099212646, 4.12679386138916
35, 4.914010524749756, 0.07754743099212646, 4.12679386138916
36, 4.914010524749756, 0.07754743099212646, 4.12679386138916
37, 5.145963191986084, 0.07754743099212646, 4.220056533813477
38, 5.377915859222412, 0.07754743099212646, 4.313319206237793
39, 5.60986852645874, 0.07754743099212646, 4.406581878662109
40, 5.841821193695068, 0.07754743099212646, 4.499844551086426
41, 6.0737738609313965, 0.07754743099212646, 4.593107223510742
42, 6.305726528167725, 0.07754743099212646, 4.686369895935059
43, 6.537679195404053, 0.07754743099212646, 4.779632568359375
44, 6.769631862640381, 0.07754743099212646, 4.872895240783691
45, 7.001584529876709, 0.07754743099212646, 4.966157913208008
46, 7.233537197113037, 0.07754743099212646, 5.059420585632324
47, 7.465489864349365, 0.07754743099212646, 5.152683258056641
48, 7.465489864349365, 0.07754743099212646, 5.152683258056641
49, 7.712998390197754, 0.07754743099212646, 5.1174750328063965
50, 7.960506916046143, 0.07754743099212646, 5.082266807556152
51, 8.208015441894531, 0.07754743099212646, 5.047058582305908
52, 8.455523490905762, 0.07754743099212646, 5.011850357055664
53, 8.703031539916992, 0.07754743099212646, 4.97664213180542
54, 8.950539588928223, 0.07754743099212646, 4.941433906555176
55, 9.198047637939453, 0.07754743099212646, 4.906225681304932
56, 9.198047637939453, 0.07754743099212646, 4.906225681304932
57, 9.430000305175781, 0.07754743099212646, 4.999488353729248
58, 9.430000305175781, 0.07754743099212646, 4.999488353729248
59, 9.430000305175781, 0.07754743099212646, 4.999488353729248
60, 9.430000305175781, 0.07754743099212646, 4.999488353729248
61, 9.430000305175781, 0.07754743099212646, 4.999488353729248
62, 9.430000305175781, 0.07754743099212646, 4.999488353729248
63, 9.430000305175781, 0.07754743099212646, 4.999488353729248
64, 9.430000305175781, 0.07754743099212646, 4.999488353729248
65, 9.430000305175781, 0.07754743099212646, 4.999488353729248
66, 9.430000305175781, 0.07754743099212646, 4.999488353729248
67, 9.430000305175781, 0.07754743099212646, 4.999488353729248
68, 9.430000305175781, 0.07754743099212646, 4.999488353729248
69, 9.430000305175781, 0.07754743099212646, 4.999488353729248
70, 9.430000305175781, 0.07754743099212646, 4.999488353729248
71, 9.430000305175781, 0.07754743099212646, 4.999488353729248
72, 9.430000305175781, 0.07754743099212646, 4.999488353729248
73, 9.430000305175781, 0.07754743099212646, 4.999488353729248
74, 9.430000305175781, 0.07754743099212646, 4.999488353729248
75, 9.430000305175781, 0.07754743099212646, 4.999488353729248
76, 9.430000305175781, 0.07754743099212646, 4.999488353729248
77, 9.430000305175781, 0.07754743099212646, 4.999488353729248
78, 9.233256340026855, 0.07754743099212646, 5.153733730316162
79, 9.233256340026855, 0.07754743099212646, 5.153733730316162
80, 9.233256340026855, 0.07754743099212646, 5.153733730316162
81, 9.001303672790527, 0.07754743099212646, 5.060471057891846
82, 8.7693510055542, 0.07754743099212646, 4.967208385467529
83, 8.7693510055542, 0.07754743099212646, 4.967208385467529
84, 8.7693510055542, 0.07754743099212646, 4.967208385467529
85, 8.572607040405273, 0.07754743099212646, 5.121453762054443
86, 8.572607040405273, 0.07754743099212646, 5.121453762054443
87, 8.325098991394043, 0.07754743099212646, 5.1566619873046875
88, 8.077590942382812, 0.07754743099212646, 5.191870212554932
89, 7.830082416534424, 0.07754743099212646, 5.227078437805176
90, 7.830082416534424, 0.07754743099212646, 5.227078437805176
91, 7.830082416534424, 0.07754743099212646, 5.227078437805176
92, 7.830082416534424, 0.07754743099212646, 5.227078437805176
93, 7.830082416534424, 0.07754743099212646, 5.227078437805176
94, 7.830082416534424, 0.07754743099212646, 5.227078437805176
95, 7.830082416534424, 0.07754743099212646, 5.227078437805176
96, 8.077590942382812, 0.07754743099212646, 5.191870212554932
97, 8.325098991394043, 0.07754743099212646, 5.1566619873046875
98, 8.572607040405273, 0.07754743099212646, 5.121453762054443
99, 8.820115089416504, 0.07754743099212646, 5.086245536804199
100, 9.067623138427734, 0.07754743099212646, 5.051037311553955
101, 9.315131187438965, 0.07754743099212646, 5.015829086303711
102, 9.315131187438965, 0.07754743099212646, 5.015829086303711
103, 9.547083854675293, 0.07754743099212646, 5.109091758728027
104, 9.779036521911621, 0.07754743099212646, 5.202354431152344
105, 9.837779998779297, 0.07754743099212646, 5.225973606109619
106, 9.837779998779297, 0.07754743099212646, 5.225973606109619
107, 9.837779998779297, 0.07754743099212646, 5.225973606109619
108, 9.837779998779297, 0.07754743099212646, 5.225973606109619
109, 9.837779998779297, 0.07754743099212646, 5.225973606109619
110, 9.837779998779297, 0.07754743099212646, 5.225973606109619
111, 9.837779998779297, 0.07754743099212646, 5.225973606109619
112, 9.837779998779297, 0.07754743099212646, 5.225973606109619
113, 9.837779998779297, 0.07754743099212646, 5.225973606109619
114, 10.047297477722168, 0.07754743099212646, 5.196169376373291
115, 10.047297477722168, 0.07754743099212646, 5.196169376373291
116, 10.047297477722168, 0.07754743099212646, 5.196169376373291
117, 10.047297477722168, 0.07754743099212646, 5.196169376373291
118, 10.047297477722168, 0.07754743099212646, 5.196169376373291
119, 10.047297477722168, 0.07754743099212646, 5.196169376373291
120, 10.047297477722168, 0.07754743099212646, 5.196169376373291
121, 10.047297477722168, 0.07754743099212646, 5.196169376373291
122, 10.047297477722168, 0.07754743099212646, 5.196169376373291
123, 10.047297477722168, 0.07754743099212646, 5.196169376373291
124, 10.047297477722168, 0.07754743099212646, 5.196169376373291
125, 10.047297477722168, 0.07754743099212646, 5.196169376373291
126, 10.047297477722168, 0.07754743099212646, 5.196169376373291
127, 10.049386978149414, 0.07754743099212646, 5.210859298706055
128, 10.049386978149414, 0.07754743099212646, 5.210859298706055
129, 10.049386978149414, 0.07754743099212646, 5.210859298706055
130, 10.049386978149414, 0.07754743099212646, 5.210859298706055
131, 10.049386978149414, 0.07754743099212646, 5.210859298706055
132, 10.049386978149414, 0.07754743099212646, 5.210859298706055
133, 10.049386978149414, 0.07754743099212646, 5.210859298706055
134, 10.049386978149414, 0.07754743099212646, 5.210859298706055
135, 10.049386978149414, 0.07754743099212646, 5.210859298706055
136, 10.049386978149414, 0.07754743099212646, 5.210859298706055
137, 10.049386978149414, 0.07754743099212646, 5.210859298706055
138, 10.049386978149414, 0.07754743099212646, 5.210859298706055
139, 10.053603172302246, 0.07754743099212646, 5.20037317276001
140, 10.053603172302246, 0.07754743099212646, 5.20037317276001
141, 10.053603172302246, 0.07754743099212646, 5.20037317276001
142, 10.053603172302246, 0.07754743099212646, 5.20037317276001
143, 10.053603172302246, 0.07754743099212646, 5.20037317276001
144, 10.053603172302246, 0.07754743099212646, 5.20037317276001
145, 10.053603172302246, 0.07754743099212646, 5.20037317276001
146, 10.053603172302246, 0.07754743099212646, 5.20037317276001
147, 10.055037498474121, 0.07754743099212646, 5.210455417633057
148, 10.055037498474121, 0.07754743099212646, 5.210455417633057
149, 10.055037498474121, 0.07754743099212646, 5.210455417633057
150, 10.055037498474121, 0.07754743099212646, 5.210455417633057
151, 10.055037498474121, 0.07754743099212646, 5.210455417633057
152, 10.055037498474121, 0.07754743099212646, 5.210455417633057
153, 10.055037498474121, 0.07754743099212646, 5.210455417633057
154, 9.823084831237793, 0.07754743099212646, 5.11719274520874
155, 9.591132164001465, 0.07754743099212646, 5.023930072784424
156, 9.359179496765137, 0.07754743099212646, 4.930667400360107
157, 9.359179496765137, 0.07754743099212646, 4.930667400360107
158, 9.111671447753906, 0.07754743099212646, 4.965875625610352
159, 8.864163398742676, 0.07754743099212646, 5.001083850860596
160, 8.864163398742676, 0.07754743099212646, 5.001083850860596
161, 8.632210731506348, 0.07754743099212646, 4.907821178436279
162, 8.40025806427002, 0.07754743099212646, 4.814558506011963
163, 8.168305397033691, 0.07754743099212646, 4.7212958335876465
164, 7.936352729797363, 0.07754743099212646, 4.62803316116333
165, 7.704400062561035, 0.07754743099212646, 4.534770488739014
166, 7.704400062561035, 0.07754743099212646, 4.534770488739014
167, 7.4568915367126465, 0.07754743099212646, 4.569978713989258
168, 7.209383010864258, 0.07754743099212646, 4.605186939239502
169, 6.961874485015869, 0.07754743099212646, 4.640395164489746
170, 6.7143659591674805, 0.07754743099212646, 4.67560338973999
171, 6.466857433319092, 0.07754743099212646, 4.710811614990234
172, 6.466857433319092, 0.07754743099212646, 4.710811614990234
173, 6.234904766082764, 0.07754743099212646, 4.617548942565918
174, 6.0029520988464355, 0.07754743099212646, 4.524286270141602
175, 5.770999431610107, 0.07754743099212646, 4.431023597717285
176, 5.770999431610107, 0.07754743099212646, 4.431023597717285
177, 5.616754055023193, 0.07754743099212646, 4.234279155731201
178, 5.462508678436279, 0.07754743099212646, 4.037534713745117
179, 5.462508678436279, 0.07754743099212646, 4.037534713745117
180, 5.427300453186035, 0.07754743099212646, 3.7900264263153076
181, 5.392092227935791, 0.07754743099212646, 3.542518138885498
182, 5.392092227935791, 0.07754743099212646, 3.542518138885498
183, 5.485354900360107, 0.07754743099212646, 3.31056547164917
184, 5.578617572784424, 0.07754743099212646, 3.078612804412842
185, 5.67188024520874, 0.07754743099212646, 2.8466601371765137
186, 5.765142917633057, 0.07754743099212646, 2.6147074699401855
187, 5.858405590057373, 0.07754743099212646, 2.3827548027038574
188, 5.9516682624816895, 0.07754743099212646, 2.1508021354675293
189, 6.044930934906006, 0.07754743099212646, 1.9188494682312012
190, 6.044930934906006, 0.07754743099212646, 1.9188494682312012
191, 6.044930934906006, 0.07754743099212646, 1.9188494682312012
192, 6.044930934906006, 0.07754743099212646, 1.9188494682312012
193, 6.044930934906006, 0.07754743099212646, 1.9188494682312012
194, 6.044930934906006, 0.07754743099212646, 1.9188494682312012
195, 6.044930934906006, 0.07754743099212646, 1.9188494682312012
196, 5.9516682624816895, 0.07754743099212646, 2.1508021354675293
197, 5.858405590057373, 0.07754743099212646, 2.3827548027038574
198, 5.858405590057373, 0.07754743099212646, 2.3827548027038574
199, 5.893613815307617, 0.07754743099212646, 2.630263090133667
200, 5.893613815307617, 0.07754743099212646, 2.630263090133667
201, 5.800351142883301, 0.07754743099212646, 2.862215757369995
202, 5.707088470458984, 0.07754743099212646, 3.0941684246063232
203, 5.613825798034668, 0.07754743099212646, 3.3261210918426514
204, 5.520563125610352, 0.07754743099212646, 3.5580737590789795
205, 5.520563125610352, 0.07754743099212646, 3.5580737590789795
206, 5.555771350860596, 0.07754743099212646, 3.805582046508789
207, 5.59097957611084, 0.07754743099212646, 4.053090572357178
208, 5.626187801361084, 0.07754743099212646, 4.300599098205566
209, 5.626187801361084, 0.07754743099212646, 4.300599098205566
210, 5.780433177947998, 0.07754743099212646, 4.49734354019165
211, 5.780433177947998, 0.07754743099212646, 4.49734354019165
212, 6.012385845184326, 0.07754743099212646, 4.590606212615967
213, 6.244338512420654, 0.07754743099212646, 4.683868885040283
214, 6.476291179656982, 0.07754743099212646, 4.7771315574646
215, 6.7082438468933105, 0.07754743099212646, 4.870394229888916
216, 6.7082438468933105, 0.07754743099212646, 4.870394229888916
217, 6.955752372741699, 0.07754743099212646, 4.835186004638672
218, 7.203260898590088, 0.07754743099212646, 4.799977779388428
219, 7.450769424438477, 0.07754743099212646, 4.764769554138184
220, 7.698277950286865, 0.07754743099212646, 4.7295613288879395
221, 7.945786476135254, 0.07754743099212646, 4.694353103637695
222, 8.193294525146484, 0.07754743099212646, 4.659144878387451
223, 8.440802574157715, 0.07754743099212646, 4.623936653137207
224, 8.440802574157715, 0.07754743099212646, 4.623936653137207
225, 8.672755241394043, 0.07754743099212646, 4.717199325561523
226, 8.904707908630371, 0.07754743099212646, 4.81046199798584
227, 9.1366605758667, 0.07754743099212646, 4.903724670410156
228, 9.368613243103027, 0.07754743099212646, 4.996987342834473
229, 9.600565910339355, 0.07754743099212646, 5.090250015258789
230, 9.832518577575684, 0.07754743099212646, 5.1835126876831055
231, 9.922986030578613, 0.07754743099212646, 5.219887733459473
232, 9.922986030578613, 0.07754743099212646, 5.219887733459473
233, 9.922986030578613, 0.07754743099212646, 5.219887733459473
234, 10.054758071899414, 0.07754743099212646, 5.201143264770508
235, 10.054758071899414, 0.07754743099212646, 5.201143264770508
236, 10.054758071899414, 0.07754743099212646, 5.201143264770508
237, 10.054758071899414, 0.07754743099212646, 5.201143264770508
238, 10.054758071899414, 0.07754743099212646, 5.201143264770508
239, 10.054758071899414, 0.07754743099212646, 5.201143264770508
240, 10.054758071899414, 0.07754743099212646, 5.201143264770508
241, 10.054758071899414, 0.07754743099212646, 5.201143264770508
242, 10.054758071899414, 0.07754743099212646, 5.201143264770508
243, 10.054758071899414, 0.07754743099212646, 5.201143264770508
244, 10.054758071899414, 0.07754743099212646, 5.201143264770508
245, 10.054758071899414, 0.07754743099212646, 5.201143264770508
246, 10.054758071899414, 0.07754743099212646, 5.201143264770508
247, 10.056072235107422, 0.07754743099212646, 5.210381507873535
248, 10.056072235107422, 0.07754743099212646, 5.210381507873535
249, 10.056072235107422, 0.07754743099212646, 5.210381507873535
250, 10.056072235107422, 0.07754743099212646, 5.210381507873535
251, 10.056072235107422, 0.07754743099212646, 5.210381507873535
252, 10.056072235107422, 0.07754743099212646, 5.210381507873535
253, 10.056072235107422, 0.07754743099212646, 5.210381507873535
254, 10.056072235107422, 0.07754743099212646, 5.210381507873535
255, 10.058723449707031, 0.07754743099212646, 5.203786849975586
256, 10.058723449707031, 0.07754743099212646, 5.203786849975586
257, 10.058723449707031, 0.07754743099212646, 5.203786849975586
258, 10.058723449707031, 0.07754743099212646, 5.203786849975586
259, 10.058723449707031, 0.07754743099212646, 5.203786849975586
260, 10.058723449707031, 0.07754743099212646, 5.203786849975586
261, 10.058723449707031, 0.07754743099212646, 5.203786849975586
262, 10.058723449707031, 0.07754743099212646, 5.203786849975586
263, 10.059625625610352, 0.07754743099212646, 5.210127830505371
264, 10.059625625610352, 0.07754743099212646, 5.210127830505371
265, 10.059625625610352, 0.07754743099212646, 5.210127830505371
266, 10.059625625610352, 0.07754743099212646, 5.210127830505371
267, 10.059625625610352, 0.07754743099212646, 5.210127830505371
268, 10.059625625610352, 0.07754743099212646, 5.210127830505371
269, 10.059625625610352, 0.07754743099212646, 5.210127830505371
270, 10.059625625610352, 0.07754743099212646, 5.210127830505371
271, 10.059625625610352, 0.07754743099212646, 5.210127830505371
272, 10.059625625610352, 0.07754743099212646, 5.210127830505371
273, 10.059625625610352, 0.07754743099212646, 5.210127830505371
274, 10.059625625610352, 0.07754743099212646, 5.210127830505371
275, 10.061445236206055, 0.07754743099212646, 5.205601215362549
276, 10.061445236206055, 0.07754743099212646, 5.205601215362549
277, 10.061445236206055, 0.07754743099212646, 5.205601215362549
278, 10.061445236206055, 0.07754743099212646, 5.205601215362549
279, 10.061445236206055, 0.07754743099212646, 5.205601215362549
280, 10.061445236206055, 0.07754743099212646, 5.205601215362549
281, 10.061445236206055, 0.07754743099212646, 5.205601215362549
282, 10.061445236206055, 0.07754743099212646, 5.205601215362549
283, 10.062064170837402, 0.07754743099212646, 5.209953784942627
284, 10.062064170837402, 0.07754743099212646, 5.209953784942627
285, 10.062064170837402, 0.07754743099212646, 5.209953784942627
286, 10.062064170837402, 0.07754743099212646, 5.209953784942627
287, 10.062064170837402, 0.07754743099212646, 5.209953784942627
288, 10.062064170837402, 0.07754743099212646, 5.209953784942627
289, 10.062064170837402, 0.07754743099212646, 5.209953784942627
290, 9.830111503601074, 0.07754743099212646, 5.1166911125183105
291, 9.598158836364746, 0.07754743099212646, 5.023428440093994
292, 9.598158836364746, 0.07754743099212646, 5.023428440093994
293, 9.350650787353516, 0.07754743099212646, 5.058636665344238
294, 9.103142738342285, 0.07754743099212646, 5.093844890594482
295, 8.855634689331055, 0.07754743099212646, 5.129053115844727
296, 8.855634689331055, 0.07754743099212646, 5.129053115844727
297, 8.623682022094727, 0.07754743099212646, 5.03579044342041
298, 8.623682022094727, 0.07754743099212646, 5.03579044342041
299, 8.376173973083496, 0.07754743099212646, 5.070998668670654
300, 8.128665924072266, 0.07754743099212646, 5.106206893920898
301, 7.881157398223877, 0.07754743099212646, 5.141415119171143
302, 7.881157398223877, 0.07754743099212646, 5.141415119171143
303, 7.649204730987549, 0.07754743099212646, 5.048152446746826
304, 7.417252063751221, 0.07754743099212646, 4.95488977432251
305, 7.185299396514893, 0.07754743099212646, 4.861627101898193
306, 6.9533467292785645, 0.07754743099212646, 4.768364429473877
307, 6.721394062042236, 0.07754743099212646, 4.6751017570495605
308, 6.489441394805908, 0.07754743099212646, 4.581839084625244
309, 6.489441394805908, 0.07754743099212646, 4.581839084625244
310, 6.2419328689575195, 0.07754743099212646, 4.617047309875488
311, 6.2419328689575195, 0.07754743099212646, 4.617047309875488
312, 6.009980201721191, 0.07754743099212646, 4.523784637451172
313, 5.778027534484863, 0.07754743099212646, 4.4305219650268555
314, 5.778027534484863, 0.07754743099212646, 4.4305219650268555
315, 5.623782157897949, 0.07754743099212646, 4.2337775230407715
316, 5.469536781311035, 0.07754743099212646, 4.0370330810546875
317, 5.469536781311035, 0.07754743099212646, 4.0370330810546875
318, 5.434328556060791, 0.07754743099212646, 3.789524793624878
319, 5.399120330810547, 0.07754743099212646, 3.5420165061950684
320, 5.399120330810547, 0.07754743099212646, 3.5420165061950684
321, 5.492383003234863, 0.07754743099212646, 3.3100638389587402
322, 5.58564567565918, 0.07754743099212646, 3.078111171722412
323, 5.678908348083496, 0.07754743099212646, 2.846158504486084
324, 5.7721710205078125, 0.07754743099212646, 2.614205837249756
325, 5.865433692932129, 0.07754743099212646, 2.3822531700134277
326, 5.958696365356445, 0.07754743099212646, 2.1503005027770996
327, 6.051959037780762, 0.07754743099212646, 1.9183478355407715
328, 6.051959037780762, 0.07754743099212646, 1.9183478355407715
329, 6.051959037780762, 0.07754743099212646, 1.9183478355407715
330, 6.051959037780762, 0.07754743099212646, 1.9183478355407715
331, 6.051959037780762, 0.07754743099212646, 1.9183478355407715
332, 6.051959037780762, 0.07754743099212646, 1.9183478355407715
333, 6.051959037780762, 0.07754743099212646, 1.9183478355407715
334, 5.958696365356445, 0.07754743099212646, 2.1503005027770996
335, 5.865433692932129, 0.07754743099212646, 2.3822531700134277
336, 5.865433692932129, 0.07754743099212646, 2.3822531700134277
337, 5.900641918182373, 0.07754743099212646, 2.6297614574432373
338, 5.900641918182373, 0.07754743099212646, 2.6297614574432373
339, 5.807379245758057, 0.07754743099212646, 2.8617141246795654
340, 5.71411657333374, 0.07754743099212646, 3.0936667919158936
341, 5.620853900909424, 0.07754743099212646, 3.3256194591522217
342, 5.527591228485107, 0.07754743099212646, 3.55757212638855
343, 5.527591228485107, 0.07754743099212646, 3.55757212638855
344, 5.562799453735352, 0.07754743099212646, 3.8050804138183594
345, 5.598007678985596, 0.07754743099212646, 4.052588939666748
346, 5.63321590423584, 0.07754743099212646, 4.300097465515137
347, 5.63321590423584, 0.07754743099212646, 4.300097465515137
348, 5.787461280822754, 0.07754743099212646, 4.496841907501221
349, 5.787461280822754, 0.07754743099212646, 4.496841907501221
350, 6.019413948059082, 0.07754743099212646, 4.590104579925537
351, 6.25136661529541, 0.07754743099212646, 4.6833672523498535
352, 6.483319282531738, 0.07754743099212646, 4.77662992477417
353, 6.715271949768066, 0.07754743099212646, 4.869892597198486
354, 6.715271949768066, 0.07754743099212646, 4.869892597198486
355, 6.962780475616455, 0.07754743099212646, 4.834684371948242
356, 7.210289001464844, 0.07754743099212646, 4.799476146697998
357, 7.457797527313232, 0.07754743099212646, 4.764267921447754
358, 7.705306053161621, 0.07754743099212646, 4.72905969619751
359, 7.95281457901001, 0.07754743099212646, 4.693851470947266
360, 8.200323104858398, 0.07754743099212646, 4.6586432456970215
361, 8.447831153869629, 0.07754743099212646, 4.623435020446777
362, 8.447831153869629, 0.07754743099212646, 4.623435020446777
363, 8.679783821105957, 0.07754743099212646, 4.716697692871094
364, 8.911736488342285, 0.07754743099212646, 4.80996036529541
365, 9.143689155578613, 0.07754743099212646, 4.903223037719727
366, 9.375641822814941, 0.07754743099212646, 4.996485710144043
367, 9.60759449005127, 0.07754743099212646, 5.089748382568359
368, 9.839547157287598, 0.07754743099212646, 5.183011054992676
369, 9.930013656616211, 0.07754743099212646, 5.219385623931885
370, 9.930013656616211, 0.07754743099212646, 5.219385623931885
371, 9.930013656616211, 0.07754743099212646, 5.219385623931885
372, 10.055373191833496, 0.07754743099212646, 5.2015533447265625
373, 10.055373191833496, 0.07754743099212646, 5.2015533447265625
374, 10.055373191833496, 0.07754743099212646, 5.2015533447265625
375, 10.055373191833496, 0.07754743099212646, 5.2015533447265625
376, 10.055373191833496, 0.07754743099212646, 5.2015533447265625
377, 10.055373191833496, 0.07754743099212646, 5.2015533447265625
378, 10.055373191833496, 0.07754743099212646, 5.2015533447265625
379, 10.055373191833496, 0.07754743099212646, 5.2015533447265625
380, 10.055373191833496, 0.07754743099212646, 5.2015533447265625
381, 10.055373191833496, 0.07754743099212646, 5.2015533447265625
382, 10.055373191833496, 0.07754743099212646, 5.2015533447265625
383, 10.055373191833496, 0.07754743099212646, 5.2015533447265625
384, 10.055373191833496, 0.07754743099212646, 5.2015533447265625
385, 10.055373191833496, 0.07754743099212646, 5.2015533447265625
386, 10.055373191833496, 0.07754743099212646, 5.2015533447265625
387, 10.055373191833496, 0.07754743099212646, 5.2015533447265625
388, 10.055373191833496, 0.07754743099212646, 5.2015533447265625
389, 10.055373191833496, 0.07754743099212646, 5.2015533447265625
390, 10.055373191833496, 0.07754743099212646, 5.2015533447265625
391, 10.055373191833496, 0.07754743099212646, 5.2015533447265625
392, 10.056623458862305, 0.07754743099212646, 5.2103424072265625
393, 10.056623458862305, 0.07754743099212646, 5.2103424072265625
394, 10.056623458862305, 0.07754743099212646, 5.2103424072265625
395, 10.056623458862305, 0.07754743099212646, 5.2103424072265625
396, 10.056623458862305, 0.07754743099212646, 5.2103424072265625
397, 10.056623458862305, 0.07754743099212646, 5.2103424072265625
398, 10.056623458862305, 0.07754743099212646, 5.2103424072265625
399, 10.056623458862305, 0.07754743099212646, 5.2103424072265625
400, 10.056623458862305, 0.07754743099212646, 5.2103424072265625
401, 10.056623458862305, 0.07754743099212646, 5.2103424072265625
402, 10.056623458862305, 0.07754743099212646, 5.2103424072265625
403, 10.056623458862305, 0.07754743099212646, 5.2103424072265625
404, 10.0591459274292, 0.07754743099212646, 5.204068183898926
405, 10.0591459274292, 0.07754743099212646, 5.204068183898926
406, 10.0591459274292, 0.07754743099212646, 5.204068183898926
407, 10.0591459274292, 0.07754743099212646, 5.204068183898926
408, 10.0591459274292, 0.07754743099212646, 5.204068183898926
409, 10.0591459274292, 0.07754743099212646, 5.204068183898926
410, 10.0591459274292, 0.07754743099212646, 5.204068183898926
411, 10.0591459274292, 0.07754743099212646, 5.204068183898926
412, 10.0591459274292, 0.07754743099212646, 5.204068183898926
413, 10.0591459274292, 0.07754743099212646, 5.204068183898926
414, 10.0591459274292, 0.07754743099212646, 5.204068183898926
415, 10.0591459274292, 0.07754743099212646, 5.204068183898926
416, 10.0591459274292, 0.07754743099212646, 5.204068183898926
417, 10.0591459274292, 0.07754743099212646, 5.204068183898926
418, 10.0591459274292, 0.07754743099212646, 5.204068183898926
419, 10.0591459274292, 0.07754743099212646, 5.204068183898926
420, 10.0591459274292, 0.07754743099212646, 5.204068183898926
421, 10.0591459274292, 0.07754743099212646, 5.204068183898926
422, 10.0591459274292, 0.07754743099212646, 5.204068183898926
423, 10.0591459274292, 0.07754743099212646, 5.204068183898926
424, 10.0591459274292, 0.07754743099212646, 5.204068183898926
425, 10.0591459274292, 0.07754743099212646, 5.204068183898926
426, 10.0591459274292, 0.07754743099212646, 5.204068183898926
427, 10.060004234313965, 0.07754743099212646, 5.2101006507873535
428, 10.060004234313965, 0.07754743099212646, 5.2101006507873535
429, 10.060004234313965, 0.07754743099212646, 5.2101006507873535
430, 10.060004234313965, 0.07754743099212646, 5.2101006507873535
431, 10.060004234313965, 0.07754743099212646, 5.2101006507873535
432, 10.060004234313965, 0.07754743099212646, 5.2101006507873535
433, 10.060004234313965, 0.07754743099212646, 5.2101006507873535
434, 10.060004234313965, 0.07754743099212646, 5.2101006507873535
435, 10.060004234313965, 0.07754743099212646, 5.2101006507873535
436, 10.060004234313965, 0.07754743099212646, 5.2101006507873535
437, 10.060004234313965, 0.07754743099212646, 5.2101006507873535
438, 10.060004234313965, 0.07754743099212646, 5.2101006507873535
439, 10.061735153198242, 0.07754743099212646, 5.205794811248779
440, 10.061735153198242, 0.07754743099212646, 5.205794811248779
441, 10.061735153198242, 0.07754743099212646, 5.205794811248779
442, 10.061735153198242, 0.07754743099212646, 5.205794811248779
443, 10.061735153198242, 0.07754743099212646, 5.205794811248779
444, 10.061735153198242, 0.07754743099212646, 5.205794811248779
445, 10.061735153198242, 0.07754743099212646, 5.205794811248779
446, 10.061735153198242, 0.07754743099212646, 5.205794811248779
447, 10.062324523925781, 0.07754743099212646, 5.209935188293457
448, 10.062324523925781, 0.07754743099212646, 5.209935188293457
449, 10.062324523925781, 0.07754743099212646, 5.209935188293457
450, 10.062324523925781, 0.07754743099212646, 5.209935188293457
451, 10.062324523925781, 0.07754743099212646, 5.209935188293457
452, 10.062324523925781, 0.07754743099212646, 5.209935188293457
453, 10.062324523925781, 0.07754743099212646, 5.209935188293457
454, 10.062324523925781, 0.07754743099212646, 5.209935188293457
455, 9.830371856689453, 0.07754743099212646, 5.116672515869141
456, 9.598419189453125, 0.07754743099212646, 5.023409843444824
457, 9.598419189453125, 0.07754743099212646, 5.023409843444824
458, 9.350911140441895, 0.07754743099212646, 5.058618068695068
459, 9.103403091430664, 0.07754743099212646, 5.0938262939453125
460, 8.855895042419434, 0.07754743099212646, 5.129034519195557
461, 8.855895042419434, 0.07754743099212646, 5.129034519195557
462, 8.623942375183105, 0.07754743099212646, 5.03577184677124
463, 8.623942375183105, 0.07754743099212646, 5.03577184677124
464, 8.376434326171875, 0.07754743099212646, 5.070980072021484
465, 8.128926277160645, 0.07754743099212646, 5.1061882972717285
466, 7.881417751312256, 0.07754743099212646, 5.141396522521973
467, 7.633909225463867, 0.07754743099212646, 5.176604747772217
468, 7.633909225463867, 0.07754743099212646, 5.176604747772217
469, 7.401956558227539, 0.07754743099212646, 5.0833420753479
470, 7.170003890991211, 0.07754743099212646, 4.990079402923584
471, 6.938051223754883, 0.07754743099212646, 4.896816730499268
472, 6.706098556518555, 0.07754743099212646, 4.803554058074951
473, 6.474145889282227, 0.07754743099212646, 4.710291385650635
474, 6.242193222045898, 0.07754743099212646, 4.617028713226318
475, 6.01024055480957, 0.07754743099212646, 4.523766040802002
476, 5.778287887573242, 0.07754743099212646, 4.4305033683776855
477, 5.778287887573242, 0.07754743099212646, 4.4305033683776855
478, 5.624042510986328, 0.07754743099212646, 4.233758926391602
479, 5.469797134399414, 0.07754743099212646, 4.037014484405518
480, 5.469797134399414, 0.07754743099212646, 4.037014484405518
481, 5.43458890914917, 0.07754743099212646, 3.789506196975708
482, 5.399380683898926, 0.07754743099212646, 3.5419979095458984
483, 5.399380683898926, 0.07754743099212646, 3.5419979095458984
484, 5.492643356323242, 0.07754743099212646, 3.3100452423095703
485, 5.585906028747559, 0.07754743099212646, 3.078092575073242
486, 5.679168701171875, 0.07754743099212646, 2.846139907836914
487, 5.772431373596191, 0.07754743099212646, 2.614187240600586
488, 5.865694046020508, 0.07754743099212646, 2.382234573364258
489, 5.958956718444824, 0.07754743099212646, 2.1502819061279297
490, 6.052219390869141, 0.07754743099212646, 1.9183292388916016
491, 6.052219390869141, 0.07754743099212646, 1.9183292388916016
492, 6.052219390869141, 0.07754743099212646, 1.9183292388916016
493, 6.052219390869141, 0.07754743099212646, 1.9183292388916016
494, 6.052219390869141, 0.07754743099212646, 1.9183292388916016
495, 6.052219390869141, 0.07754743099212646, 1.9183292388916016
496, 6.052219390869141, 0.07754743099212646, 1.9183292388916016
497, 5.958956718444824, 0.07754743099212646, 2.1502819061279297
498, 5.865694046020508, 0.07754743099212646, 2.382234573364258
499, 5.865694046020508, 0.07754743099212646, 2.382234573364258
