1, 3.1480884552001953, 3.0721640586853027, 6.815215587615967
2, 3.1480884552001953, 3.0721640586853027, 6.815215587615967
3, 3.1480884552001953, 3.0721640586853027, 6.815215587615967
4, 3.1480884552001953, 3.0721640586853027, 6.815215587615967
5, 3.1480884552001953, 3.0721640586853027, 6.815215587615967
6, 3.1480884552001953, 3.0721640586853027, 6.815215587615967
7, 3.1480884552001953, 3.0721640586853027, 6.815215587615967
8, 3.1480884552001953, 3.0721640586853027, 6.815215587615967
9, 3.1480884552001953, 3.0721640586853027, 6.815215587615967
10, 3.1480884552001953, 3.0721640586853027, 6.815215587615967
11, 3.1480884552001953, 3.0721640586853027, 6.815215587615967
12, 3.1480884552001953, 3.0721640586853027, 6.815215587615967
13, 3.1480884552001953, 3.0721640586853027, 6.815215587615967
14, 3.1480884552001953, 3.0721640586853027, 6.815215587615967
15, 3.1480884552001953, 3.0721640586853027, 6.815215587615967
16, 3.1480884552001953, 3.0721640586853027, 6.815215587615967
17, 3.0974223613739014, 3.0721640586853027, 6.570403575897217
18, 3.0974223613739014, 3.0721640586853027, 6.570403575897217
19, 2.931138277053833, 3.0721640586853027, 6.383723258972168
20, 2.931138277053833, 3.0721640586853027, 6.383723258972168
21, 2.6937918663024902, 3.0721640586853027, 6.305195331573486
22, 2.4564454555511475, 3.0721640586853027, 6.226667404174805
23, 2.2190990447998047, 3.0721640586853027, 6.148139476776123
24, 1.9817525148391724, 3.0721640586853027, 6.069611549377441
25, 1.9817525148391724, 3.0721640586853027, 6.069611549377441
26, 1.7369403839111328, 3.0721640586853027, 6.120277404785156
27, 1.7369403839111328, 3.0721640586853027, 6.120277404785156
28, 1.7369403839111328, 3.0721640586853027, 6.120277404785156
29, 1.7369403839111328, 3.0721640586853027, 6.120277404785156
30, 1.7369403839111328, 3.0721640586853027, 6.120277404785156
31, 1.815468430519104, 3.0721640586853027, 5.882930755615234
32, 1.8939964771270752, 3.0721640586853027, 5.6455841064453125
33, 1.9725245237350464, 3.0721640586853027, 5.408237457275391
34, 1.9725245237350464, 3.0721640586853027, 5.408237457275391
35, 1.921858549118042, 3.0721640586853027, 5.163425445556641
36, 1.8711925745010376, 3.0721640586853027, 4.918613433837891
37, 1.8711925745010376, 3.0721640586853027, 4.918613433837891
38, 1.8711925745010376, 3.0721640586853027, 4.918613433837891
39, 1.8711925745010376, 3.0721640586853027, 4.918613433837891
40, 1.7049084901809692, 3.0721640586853027, 4.731933116912842
41, 1.7049084901809692, 3.0721640586853027, 4.731933116912842
42, 1.467561960220337, 3.0721640586853027, 4.65340518951416
43, 1.2302154302597046, 3.0721640586853027, 4.5748772621154785
44, 0.9928689002990723, 3.0721640586853027, 4.496349334716797
45, 0.7555223703384399, 3.0721640586853027, 4.417821407318115
46, 0.5181758403778076, 3.0721640586853027, 4.339293479919434
47, 0.5181758403778076, 3.0721640586853027, 4.339293479919434
48, 0.27336373925209045, 3.0721640586853027, 4.389959335327148
49, 0.02855163812637329, 3.0721640586853027, 4.440625190734863
50, -0.21626046299934387, 3.0721640586853027, 4.491291046142578
51, -0.46107256412506104, 3.0721640586853027, 4.541956901550293
52, -0.7058846950531006, 3.0721640586853027, 4.592622756958008
53, -0.9506968259811401, 3.0721640586853027, 4.643288612365723
54, -1.1955089569091797, 3.0721640586853027, 4.6939544677734375
55, -1.1955089569091797, 3.0721640586853027, 4.6939544677734375
56, -1.432855486869812, 3.0721640586853027, 4.615426540374756
57, -1.432855486869812, 3.0721640586853027, 4.615426540374756
58, -1.5991395711898804, 3.0721640586853027, 4.428746223449707
59, -1.7654236555099487, 3.0721640586853027, 4.242065906524658
60, -1.931707739830017, 3.0721640586853027, 4.055385589599609
61, -2.097991943359375, 3.0721640586853027, 3.8687050342559814
62, -2.097991943359375, 3.0721640586853027, 3.8687050342559814
63, -2.097991943359375, 3.0721640586853027, 3.8687050342559814
64, -2.2642760276794434, 3.0721640586853027, 3.6820244789123535
65, -2.2642760276794434, 3.0721640586853027, 3.6820244789123535
66, -2.2642760276794434, 3.0721640586853027, 3.6820244789123535
67, -2.2642760276794434, 3.0721640586853027, 3.6820244789123535
68, -2.501622438430786, 3.0721640586853027, 3.603496551513672
69, -2.738968849182129, 3.0721640586853027, 3.5249686241149902
70, -2.9763152599334717, 3.0721640586853027, 3.4464406967163086
71, -3.2136616706848145, 3.0721640586853027, 3.367912769317627
72, -3.4510080814361572, 3.0721640586853027, 3.2893848419189453
73, -3.6883544921875, 3.0721640586853027, 3.2108569145202637
74, -3.9257009029388428, 3.0721640586853027, 3.132328987121582
75, -3.9257009029388428, 3.0721640586853027, 3.132328987121582
76, -4.170513153076172, 3.0721640586853027, 3.182995080947876
77, -4.415325164794922, 3.0721640586853027, 3.23366117477417
78, -4.660137176513672, 3.0721640586853027, 3.284327268600464
79, -4.660137176513672, 3.0721640586853027, 3.284327268600464
80, -4.846817493438721, 3.0721640586853027, 3.4506113529205322
81, -5.0334978103637695, 3.0721640586853027, 3.6168954372406006
82, -5.0334978103637695, 3.0721640586853027, 3.6168954372406006
83, -5.0334978103637695, 3.0721640586853027, 3.6168954372406006
84, -5.0334978103637695, 3.0721640586853027, 3.6168954372406006
85, -5.0334978103637695, 3.0721640586853027, 3.6168954372406006
86, -5.0334978103637695, 3.0721640586853027, 3.6168954372406006
87, -5.0334978103637695, 3.0721640586853027, 3.6168954372406006
88, -4.846817493438721, 3.0721640586853027, 3.4506113529205322
89, -4.660137176513672, 3.0721640586853027, 3.284327268600464
90, -4.660137176513672, 3.0721640586853027, 3.284327268600464
91, -4.415325164794922, 3.0721640586853027, 3.23366117477417
92, -4.170513153076172, 3.0721640586853027, 3.182995319366455
93, -3.925701141357422, 3.0721640586853027, 3.1323294639587402
94, -3.925701141357422, 3.0721640586853027, 3.1323294639587402
95, -3.688354730606079, 3.0721640586853027, 3.210857391357422
96, -3.4510083198547363, 3.0721640586853027, 3.2893853187561035
97, -3.2136619091033936, 3.0721640586853027, 3.367913246154785
98, -2.976315498352051, 3.0721640586853027, 3.446441173553467
99, -2.738969087600708, 3.0721640586853027, 3.5249691009521484
100, -2.738969087600708, 3.0721640586853027, 3.5249691009521484
101, -2.5726850032806396, 3.0721640586853027, 3.7116496562957764
102, -2.4064009189605713, 3.0721640586853027, 3.8983302116394043
103, -2.4064009189605713, 3.0721640586853027, 3.8983302116394043
104, -2.3557348251342773, 3.0721640586853027, 4.143142223358154
105, -2.3050687313079834, 3.0721640586853027, 4.387954235076904
106, -2.2544026374816895, 3.0721640586853027, 4.632766246795654
107, -2.2037365436553955, 3.0721640586853027, 4.877578258514404
108, -2.1530704498291016, 3.0721640586853027, 5.122390270233154
109, -2.1024043560028076, 3.0721640586853027, 5.367202281951904
110, -2.1024043560028076, 3.0721640586853027, 5.367202281951904
111, -1.9361202716827393, 3.0721640586853027, 5.553882598876953
112, -1.769836187362671, 3.0721640586853027, 5.740562915802002
113, -1.769836187362671, 3.0721640586853027, 5.740562915802002
114, -1.7191702127456665, 3.0721640586853027, 5.985374927520752
115, -1.668504238128662, 3.0721640586853027, 6.230186939239502
116, -1.6178382635116577, 3.0721640586853027, 6.474998950958252
117, -1.5671722888946533, 3.0721640586853027, 6.719810962677002
118, -1.516506314277649, 3.0721640586853027, 6.964622974395752
119, -1.516506314277649, 3.0721640586853027, 6.964622974395752
120, -1.516506314277649, 3.0721640586853027, 6.964622974395752
121, -1.516506314277649, 3.0721640586853027, 6.964622974395752
122, -1.516506314277649, 3.0721640586853027, 6.964622974395752
123, -1.516506314277649, 3.0721640586853027, 6.964622974395752
124, -1.6827903985977173, 3.0721640586853027, 6.777942657470703
125, -1.6827903985977173, 3.0721640586853027, 6.777942657470703
126, -1.7334563732147217, 3.0721640586853027, 6.533130645751953
127, -1.784122347831726, 3.0721640586853027, 6.288318634033203
128, -1.8347883224487305, 3.0721640586853027, 6.043506622314453
129, -1.8854542970657349, 3.0721640586853027, 5.798694610595703
130, -1.8854542970657349, 3.0721640586853027, 5.798694610595703
131, -2.0517385005950928, 3.0721640586853027, 5.612014293670654
132, -2.0517385005950928, 3.0721640586853027, 5.612014293670654
133, -2.1024045944213867, 3.0721640586853027, 5.367202281951904
134, -2.1530706882476807, 3.0721640586853027, 5.122390270233154
135, -2.2037367820739746, 3.0721640586853027, 4.877578258514404
136, -2.2544028759002686, 3.0721640586853027, 4.632766246795654
137, -2.3050689697265625, 3.0721640586853027, 4.387954235076904
138, -2.3557350635528564, 3.0721640586853027, 4.143142223358154
139, -2.4064011573791504, 3.0721640586853027, 3.8983302116394043
140, -2.4570672512054443, 3.0721640586853027, 3.6535181999206543
141, -2.4570672512054443, 3.0721640586853027, 3.6535181999206543
142, -2.6233513355255127, 3.0721640586853027, 3.4668376445770264
143, -2.6233513355255127, 3.0721640586853027, 3.4668376445770264
144, -2.8606977462768555, 3.0721640586853027, 3.3883097171783447
145, -3.0980441570281982, 3.0721640586853027, 3.309781789779663
146, -3.335390567779541, 3.0721640586853027, 3.2312538623809814
147, -3.572736978530884, 3.0721640586853027, 3.1527259349823
148, -3.8100833892822266, 3.0721640586853027, 3.074198007583618
149, -4.047430038452148, 3.0721640586853027, 2.9956700801849365
150, -4.28477668762207, 3.0721640586853027, 2.917142152786255
151, -4.522123336791992, 3.0721640586853027, 2.8386142253875732
152, -4.522123336791992, 3.0721640586853027, 2.8386142253875732
153, -4.766935348510742, 3.0721640586853027, 2.889280319213867
154, -5.011747360229492, 3.0721640586853027, 2.939946413040161
155, -5.256559371948242, 3.0721640586853027, 2.990612506866455
156, -5.256559371948242, 3.0721640586853027, 2.990612506866455
157, -5.443239688873291, 3.0721640586853027, 3.1568965911865234
158, -5.62992000579834, 3.0721640586853027, 3.323180675506592
159, -5.816600322723389, 3.0721640586853027, 3.48946475982666
160, -6.0032806396484375, 3.0721640586853027, 3.6557488441467285
161, -6.189960956573486, 3.0721640586853027, 3.822032928466797
162, -6.189960956573486, 3.0721640586853027, 3.822032928466797
163, -6.189960956573486, 3.0721640586853027, 3.822032928466797
164, -6.427307605743408, 3.0721640586853027, 3.7435050010681152
165, -6.66465425491333, 3.0721640586853027, 3.6649770736694336
166, -6.66465425491333, 3.0721640586853027, 3.6649770736694336
167, -6.830938339233398, 3.0721640586853027, 3.4782965183258057
168, -6.830938339233398, 3.0721640586853027, 3.4782965183258057
169, -6.830938339233398, 3.0721640586853027, 3.4782965183258057
170, -6.830938339233398, 3.0721640586853027, 3.4782965183258057
171, -6.64425802230835, 3.0721640586853027, 3.3120124340057373
172, -6.64425802230835, 3.0721640586853027, 3.3120124340057373
173, -6.3994460105896, 3.0721640586853027, 3.2613463401794434
174, -6.15463399887085, 3.0721640586853027, 3.2106804847717285
175, -5.9098219871521, 3.0721640586853027, 3.1600146293640137
176, -5.66500997543335, 3.0721640586853027, 3.109348773956299
177, -5.4201979637146, 3.0721640586853027, 3.058682918548584
178, -5.17538595199585, 3.0721640586853027, 3.008017063140869
179, -4.9305739402771, 3.0721640586853027, 2.9573512077331543
180, -4.9305739402771, 3.0721640586853027, 2.9573512077331543
181, -4.743893623352051, 3.0721640586853027, 2.791067123413086
182, -4.557213306427002, 3.0721640586853027, 2.6247830390930176
183, -4.370532989501953, 3.0721640586853027, 2.458498954772949
184, -4.183852672576904, 3.0721640586853027, 2.292214870452881
185, -4.183852672576904, 3.0721640586853027, 2.292214870452881
186, -4.105324745178223, 3.0721640586853027, 2.054868459701538
187, -4.105324745178223, 3.0721640586853027, 2.054868459701538
188, -4.105324745178223, 3.0721640586853027, 2.054868459701538
189, -4.105324745178223, 3.0721640586853027, 2.054868459701538
190, -3.86797833442688, 3.0721640586853027, 2.133396625518799
191, -3.630631923675537, 3.0721640586853027, 2.2119245529174805
192, -3.630631923675537, 3.0721640586853027, 2.2119245529174805
193, -3.4643478393554688, 3.0721640586853027, 2.3986051082611084
194, -3.2980637550354004, 3.0721640586853027, 2.5852856636047363
195, -3.131779670715332, 3.0721640586853027, 2.7719662189483643
196, -2.9654955863952637, 3.0721640586853027, 2.958646774291992
197, -2.7992115020751953, 3.0721640586853027, 3.14532732963562
198, -2.632927417755127, 3.0721640586853027, 3.332007884979248
199, -2.4666433334350586, 3.0721640586853027, 3.518688440322876
200, -2.3003592491149902, 3.0721640586853027, 3.705368995666504
201, -2.134075164794922, 3.0721640586853027, 3.892049551010132
202, -2.134075164794922, 3.0721640586853027, 3.892049551010132
203, -2.083409070968628, 3.0721640586853027, 4.136861801147461
204, -2.032742977142334, 3.0721640586853027, 4.381673812866211
205, -2.032742977142334, 3.0721640586853027, 4.381673812866211
206, -2.1112709045410156, 3.0721640586853027, 4.619020462036133
207, -2.1897988319396973, 3.0721640586853027, 4.856367111206055
208, -2.1897988319396973, 3.0721640586853027, 4.856367111206055
209, -2.1391327381134033, 3.0721640586853027, 5.101179122924805
210, -2.0884666442871094, 3.0721640586853027, 5.345991134643555
211, -2.0884666442871094, 3.0721640586853027, 5.345991134643555
212, -1.922182559967041, 3.0721640586853027, 5.5326714515686035
213, -1.7558984756469727, 3.0721640586853027, 5.719351768493652
214, -1.5896143913269043, 3.0721640586853027, 5.906032085418701
215, -1.5896143913269043, 3.0721640586853027, 5.906032085418701
216, -1.352267861366272, 3.0721640586853027, 5.984560012817383
217, -1.352267861366272, 3.0721640586853027, 5.984560012817383
218, -1.352267861366272, 3.0721640586853027, 5.984560012817383
219, -1.352267861366272, 3.0721640586853027, 5.984560012817383
220, -1.352267861366272, 3.0721640586853027, 5.984560012817383
221, -1.352267861366272, 3.0721640586853027, 5.984560012817383
222, -1.352267861366272, 3.0721640586853027, 5.984560012817383
223, -1.5896143913269043, 3.0721640586853027, 5.906032085418701
224, -1.8269609212875366, 3.0721640586853027, 5.8275041580200195
225, -1.8269609212875366, 3.0721640586853027, 5.8275041580200195
226, -1.993245005607605, 3.0721640586853027, 5.640823841094971
227, -1.993245005607605, 3.0721640586853027, 5.640823841094971
228, -2.0439109802246094, 3.0721640586853027, 5.396011829376221
229, -2.0945770740509033, 3.0721640586853027, 5.151199817657471
230, -2.1452431678771973, 3.0721640586853027, 4.906387805938721
231, -2.195909261703491, 3.0721640586853027, 4.661575794219971
232, -2.246575355529785, 3.0721640586853027, 4.416763782501221
233, -2.297241449356079, 3.0721640586853027, 4.171951770782471
234, -2.347907543182373, 3.0721640586853027, 3.9271397590637207
235, -2.398573637008667, 3.0721640586853027, 3.6823277473449707
236, -2.398573637008667, 3.0721640586853027, 3.6823277473449707
237, -2.5648577213287354, 3.0721640586853027, 3.4956471920013428
238, -2.7311418056488037, 3.0721640586853027, 3.308966636657715
239, -2.897425889968872, 3.0721640586853027, 3.122286081314087
240, -3.0637099742889404, 3.0721640586853027, 2.935605525970459
241, -3.229994058609009, 3.0721640586853027, 2.748924970626831
242, -3.396278142929077, 3.0721640586853027, 2.562244415283203
243, -3.5625622272491455, 3.0721640586853027, 2.375563859939575
244, -3.728846311569214, 3.0721640586853027, 2.1888833045959473
245, -3.8951303958892822, 3.0721640586853027, 2.0022027492523193
246, -3.8951303958892822, 3.0721640586853027, 2.0022027492523193
247, -3.945796489715576, 3.0721640586853027, 1.7573906183242798
248, -3.945796489715576, 3.0721640586853027, 1.7573906183242798
249, -3.945796489715576, 3.0721640586853027, 1.7573906183242798
250, -3.99646258354187, 3.0721640586853027, 1.5125784873962402
251, -4.047128677368164, 3.0721640586853027, 1.2677663564682007
252, -4.047128677368164, 3.0721640586853027, 1.2677663564682007
253, -4.213412761688232, 3.0721640586853027, 1.0810859203338623
254, -4.213412761688232, 3.0721640586853027, 1.0810859203338623
255, -4.450759410858154, 3.0721640586853027, 1.0025579929351807
256, -4.450759410858154, 3.0721640586853027, 1.0025579929351807
257, -4.617043495178223, 3.0721640586853027, 0.8158775568008423
258, -4.783327579498291, 3.0721640586853027, 0.6291971206665039
259, -4.783327579498291, 3.0721640586853027, 0.6291971206665039
260, -4.833993434906006, 3.0721640586853027, 0.38438504934310913
261, -4.833993434906006, 3.0721640586853027, 0.38438504934310913
262, -4.833993434906006, 3.0721640586853027, 0.38438504934310913
263, -4.833993434906006, 3.0721640586853027, 0.38438504934310913
264, -4.833993434906006, 3.0721640586853027, 0.38438504934310913
265, -4.833993434906006, 3.0721640586853027, 0.38438504934310913
266, -4.833993434906006, 3.0721640586853027, 0.38438504934310913
267, -4.833993434906006, 3.0721640586853027, 0.38438504934310913
268, -4.6677093505859375, 3.0721640586853027, 0.5710655450820923
269, -4.501425266265869, 3.0721640586853027, 0.7577461004257202
270, -4.335141181945801, 3.0721640586853027, 0.9444266557693481
271, -4.168857097625732, 3.0721640586853027, 1.131107211112976
272, -4.002573013305664, 3.0721640586853027, 1.317787766456604
273, -4.002573013305664, 3.0721640586853027, 1.317787766456604
274, -3.95190691947937, 3.0721640586853027, 1.5625998973846436
275, -3.901240825653076, 3.0721640586853027, 1.807412028312683
276, -3.901240825653076, 3.0721640586853027, 1.807412028312683
277, -3.734956741333008, 3.0721640586853027, 1.994092583656311
278, -3.5686726570129395, 3.0721640586853027, 2.1807730197906494
279, -3.402388572692871, 3.0721640586853027, 2.3674535751342773
280, -3.2361044883728027, 3.0721640586853027, 2.5541341304779053
281, -3.0698204040527344, 3.0721640586853027, 2.740814685821533
282, -2.903536319732666, 3.0721640586853027, 2.927495241165161
283, -2.7372522354125977, 3.0721640586853027, 3.114175796508789
284, -2.5709681510925293, 3.0721640586853027, 3.300856351852417
285, -2.404684066772461, 3.0721640586853027, 3.487536907196045
286, -2.404684066772461, 3.0721640586853027, 3.487536907196045
287, -2.354017972946167, 3.0721640586853027, 3.732348918914795
288, -2.303351879119873, 3.0721640586853027, 3.977160930633545
289, -2.252685785293579, 3.0721640586853027, 4.221972942352295
290, -2.202019691467285, 3.0721640586853027, 4.466784954071045
291, -2.151353597640991, 3.0721640586853027, 4.711596965789795
292, -2.151353597640991, 3.0721640586853027, 4.711596965789795
293, -2.229881525039673, 3.0721640586853027, 4.948943614959717
294, -2.229881525039673, 3.0721640586853027, 4.948943614959717
295, -2.179215431213379, 3.0721640586853027, 5.193755626678467
296, -2.128549337387085, 3.0721640586853027, 5.438567638397217
297, -2.128549337387085, 3.0721640586853027, 5.438567638397217
298, -1.9622652530670166, 3.0721640586853027, 5.625247955322266
299, -1.7959811687469482, 3.0721640586853027, 5.8119282722473145
300, -1.7959811687469482, 3.0721640586853027, 5.8119282722473145
301, -1.558634638786316, 3.0721640586853027, 5.890456199645996
302, -1.558634638786316, 3.0721640586853027, 5.890456199645996
303, -1.558634638786316, 3.0721640586853027, 5.890456199645996
304, -1.558634638786316, 3.0721640586853027, 5.890456199645996
305, -1.558634638786316, 3.0721640586853027, 5.890456199645996
306, -1.558634638786316, 3.0721640586853027, 5.890456199645996
307, -1.7249187231063843, 3.0721640586853027, 5.703775882720947
308, -1.8912028074264526, 3.0721640586853027, 5.517095565795898
309, -2.0574870109558105, 3.0721640586853027, 5.33041524887085
310, -2.0574870109558105, 3.0721640586853027, 5.33041524887085
311, -2.1081531047821045, 3.0721640586853027, 5.0856032371521
312, -2.1588191986083984, 3.0721640586853027, 4.84079122543335
313, -2.2094852924346924, 3.0721640586853027, 4.5959792137146
314, -2.2601513862609863, 3.0721640586853027, 4.35116720199585
315, -2.3108174800872803, 3.0721640586853027, 4.1063551902771
316, -2.361483573913574, 3.0721640586853027, 3.8615431785583496
317, -2.361483573913574, 3.0721640586853027, 3.8615431785583496
318, -2.5277676582336426, 3.0721640586853027, 3.6748626232147217
319, -2.694051742553711, 3.0721640586853027, 3.4881820678710938
320, -2.8603358268737793, 3.0721640586853027, 3.301501512527466
321, -3.0266199111938477, 3.0721640586853027, 3.114820957183838
322, -3.192903995513916, 3.0721640586853027, 2.92814040184021
323, -3.3591880798339844, 3.0721640586853027, 2.741459846496582
324, -3.5254721641540527, 3.0721640586853027, 2.554779291152954
325, -3.691756248474121, 3.0721640586853027, 2.368098735809326
326, -3.8580403327941895, 3.0721640586853027, 2.1814181804656982
327, -3.8580403327941895, 3.0721640586853027, 2.1814181804656982
328, -3.9087064266204834, 3.0721640586853027, 1.9366060495376587
329, -3.9593725204467773, 3.0721640586853027, 1.6917939186096191
330, -3.9593725204467773, 3.0721640586853027, 1.6917939186096191
331, -3.8808445930480957, 3.0721640586853027, 1.4544473886489868
332, -3.802316665649414, 3.0721640586853027, 1.2171008586883545
333, -3.802316665649414, 3.0721640586853027, 1.2171008586883545
334, -3.802316665649414, 3.0721640586853027, 1.2171008586883545
335, -3.802316665649414, 3.0721640586853027, 1.2171008586883545
336, -3.802316665649414, 3.0721640586853027, 1.2171008586883545
337, -3.802316665649414, 3.0721640586853027, 1.2171008586883545
338, -3.802316665649414, 3.0721640586853027, 1.2171008586883545
339, -3.8808445930480957, 3.0721640586853027, 1.4544473886489868
340, -3.9593725204467773, 3.0721640586853027, 1.6917939186096191
341, -3.9593725204467773, 3.0721640586853027, 1.6917939186096191
342, -3.9087064266204834, 3.0721640586853027, 1.9366059303283691
343, -3.9087064266204834, 3.0721640586853027, 1.9366059303283691
344, -3.742422342300415, 3.0721640586853027, 2.123286485671997
345, -3.5761382579803467, 3.0721640586853027, 2.309967041015625
346, -3.4098541736602783, 3.0721640586853027, 2.496647596359253
347, -3.24357008934021, 3.0721640586853027, 2.683328151702881
348, -3.0772860050201416, 3.0721640586853027, 2.870008707046509
349, -2.9110019207000732, 3.0721640586853027, 3.0566892623901367
350, -2.744717836380005, 3.0721640586853027, 3.2433698177337646
351, -2.5784337520599365, 3.0721640586853027, 3.4300503730773926
352, -2.412149667739868, 3.0721640586853027, 3.6167309284210205
353, -2.2458655834198, 3.0721640586853027, 3.8034114837646484
354, -2.2458655834198, 3.0721640586853027, 3.8034114837646484
355, -2.195199489593506, 3.0721640586853027, 4.048223495483398
356, -2.144533395767212, 3.0721640586853027, 4.293035507202148
357, -2.093867301940918, 3.0721640586853027, 4.537847518920898
358, -2.093867301940918, 3.0721640586853027, 4.537847518920898
359, -2.1723952293395996, 3.0721640586853027, 4.77519416809082
360, -2.2509231567382812, 3.0721640586853027, 5.012540817260742
361, -2.2509231567382812, 3.0721640586853027, 5.012540817260742
362, -2.2002570629119873, 3.0721640586853027, 5.257352828979492
363, -2.2002570629119873, 3.0721640586853027, 5.257352828979492
364, -2.033972978591919, 3.0721640586853027, 5.444033145904541
365, -1.8676888942718506, 3.0721640586853027, 5.63071346282959
366, -1.7014048099517822, 3.0721640586853027, 5.817393779754639
367, -1.7014048099517822, 3.0721640586853027, 5.817393779754639
368, -1.46405827999115, 3.0721640586853027, 5.89592170715332
369, -1.2267117500305176, 3.0721640586853027, 5.974449634552002
370, -1.2267117500305176, 3.0721640586853027, 5.974449634552002
371, -1.2267117500305176, 3.0721640586853027, 5.974449634552002
372, -1.2267117500305176, 3.0721640586853027, 5.974449634552002
373, -1.2267117500305176, 3.0721640586853027, 5.974449634552002
374, -1.2267117500305176, 3.0721640586853027, 5.974449634552002
375, -1.2267117500305176, 3.0721640586853027, 5.974449634552002
376, -1.46405827999115, 3.0721640586853027, 5.89592170715332
377, -1.7014048099517822, 3.0721640586853027, 5.817393779754639
378, -1.7014048099517822, 3.0721640586853027, 5.817393779754639
379, -1.8676888942718506, 3.0721640586853027, 5.63071346282959
380, -2.033972978591919, 3.0721640586853027, 5.444033145904541
381, -2.033972978591919, 3.0721640586853027, 5.444033145904541
382, -2.084639072418213, 3.0721640586853027, 5.199221134185791
383, -2.135305166244507, 3.0721640586853027, 4.954409122467041
384, -2.185971260070801, 3.0721640586853027, 4.709597110748291
385, -2.2366373538970947, 3.0721640586853027, 4.464785099029541
386, -2.2873034477233887, 3.0721640586853027, 4.219973087310791
387, -2.3379695415496826, 3.0721640586853027, 3.975161075592041
388, -2.3886356353759766, 3.0721640586853027, 3.730349063873291
389, -2.3886356353759766, 3.0721640586853027, 3.730349063873291
390, -2.554919719696045, 3.0721640586853027, 3.543668508529663
391, -2.7212038040161133, 3.0721640586853027, 3.356987953186035
392, -2.8874878883361816, 3.0721640586853027, 3.1703073978424072
393, -3.05377197265625, 3.0721640586853027, 2.9836268424987793
394, -3.2200560569763184, 3.0721640586853027, 2.7969462871551514
395, -3.3863401412963867, 3.0721640586853027, 2.6102657318115234
396, -3.552624225616455, 3.0721640586853027, 2.4235851764678955
397, -3.7189083099365234, 3.0721640586853027, 2.2369046211242676
398, -3.885192394256592, 3.0721640586853027, 2.0502240657806396
399, -3.885192394256592, 3.0721640586853027, 2.0502240657806396
400, -3.9358584880828857, 3.0721640586853027, 1.8054119348526
401, -3.9358584880828857, 3.0721640586853027, 1.8054119348526
402, -3.857330560684204, 3.0721640586853027, 1.5680654048919678
403, -3.7788026332855225, 3.0721640586853027, 1.3307188749313354
404, -3.7788026332855225, 3.0721640586853027, 1.3307188749313354
405, -3.7788026332855225, 3.0721640586853027, 1.3307188749313354
406, -3.7788026332855225, 3.0721640586853027, 1.3307188749313354
407, -3.8294687271118164, 3.0721640586853027, 1.085906744003296
408, -3.8294687271118164, 3.0721640586853027, 1.085906744003296
409, -3.9957528114318848, 3.0721640586853027, 0.8992263078689575
410, -3.9957528114318848, 3.0721640586853027, 0.8992263078689575
411, -4.233099460601807, 3.0721640586853027, 0.8206983208656311
412, -4.4704461097717285, 3.0721640586853027, 0.7421703338623047
413, -4.4704461097717285, 3.0721640586853027, 0.7421703338623047
414, -4.4704461097717285, 3.0721640586853027, 0.7421703338623047
415, -4.4704461097717285, 3.0721640586853027, 0.7421703338623047
416, -4.4704461097717285, 3.0721640586853027, 0.7421703338623047
417, -4.419780254364014, 3.0721640586853027, 0.9869824647903442
418, -4.419780254364014, 3.0721640586853027, 0.9869824647903442
419, -4.253496170043945, 3.0721640586853027, 1.1736630201339722
420, -4.087212085723877, 3.0721640586853027, 1.3603435754776
421, -3.9209280014038086, 3.0721640586853027, 1.547024130821228
422, -3.9209280014038086, 3.0721640586853027, 1.547024130821228
423, -3.8702619075775146, 3.0721640586853027, 1.7918362617492676
424, -3.8702619075775146, 3.0721640586853027, 1.7918362617492676
425, -3.7039778232574463, 3.0721640586853027, 1.9785168170928955
426, -3.537693738937378, 3.0721640586853027, 2.1651973724365234
427, -3.3714096546173096, 3.0721640586853027, 2.3518779277801514
428, -3.205125570297241, 3.0721640586853027, 2.5385584831237793
429, -3.038841485977173, 3.0721640586853027, 2.7252390384674072
430, -2.8725574016571045, 3.0721640586853027, 2.911919593811035
431, -2.706273317337036, 3.0721640586853027, 3.098600149154663
432, -2.5399892330169678, 3.0721640586853027, 3.285280704498291
433, -2.3737051486968994, 3.0721640586853027, 3.471961259841919
434, -2.3737051486968994, 3.0721640586853027, 3.471961259841919
435, -2.3230390548706055, 3.0721640586853027, 3.716773509979248
436, -2.2723729610443115, 3.0721640586853027, 3.961585521697998
437, -2.2217068672180176, 3.0721640586853027, 4.206397533416748
438, -2.1710407733917236, 3.0721640586853027, 4.451209545135498
439, -2.1203746795654297, 3.0721640586853027, 4.696021556854248
440, -2.1203746795654297, 3.0721640586853027, 4.696021556854248
441, -2.1989026069641113, 3.0721640586853027, 4.93336820602417
442, -2.1989026069641113, 3.0721640586853027, 4.93336820602417
443, -2.1482365131378174, 3.0721640586853027, 5.17818021774292
444, -2.0975704193115234, 3.0721640586853027, 5.42299222946167
445, -2.0975704193115234, 3.0721640586853027, 5.42299222946167
446, -1.931286334991455, 3.0721640586853027, 5.609672546386719
447, -1.7650022506713867, 3.0721640586853027, 5.796352863311768
448, -1.7650022506713867, 3.0721640586853027, 5.796352863311768
449, -1.5276557207107544, 3.0721640586853027, 5.874880790710449
450, -1.290309190750122, 3.0721640586853027, 5.953408718109131
451, -1.0529626607894897, 3.0721640586853027, 6.0319366455078125
452, -0.8156161904335022, 3.0721640586853027, 6.110464572906494
453, -0.8156161904335022, 3.0721640586853027, 6.110464572906494
454, -0.8156161904335022, 3.0721640586853027, 6.110464572906494
455, -0.8156161904335022, 3.0721640586853027, 6.110464572906494
456, -0.8156161904335022, 3.0721640586853027, 6.110464572906494
457, -0.8156161904335022, 3.0721640586853027, 6.110464572906494
458, -0.8156161904335022, 3.0721640586853027, 6.110464572906494
459, -1.0529626607894897, 3.0721640586853027, 6.0319366455078125
460, -1.290309190750122, 3.0721640586853027, 5.953408718109131
461, -1.5276557207107544, 3.0721640586853027, 5.874880790710449
462, -1.5276557207107544, 3.0721640586853027, 5.874880790710449
463, -1.6939398050308228, 3.0721640586853027, 5.6882004737854
464, -1.8602238893508911, 3.0721640586853027, 5.501520156860352
465, -2.026508092880249, 3.0721640586853027, 5.314839839935303
466, -2.1927921772003174, 3.0721640586853027, 5.128159523010254
467, -2.1927921772003174, 3.0721640586853027, 5.128159523010254
468, -2.2434582710266113, 3.0721640586853027, 4.883347511291504
469, -2.2941243648529053, 3.0721640586853027, 4.638535499572754
470, -2.344790458679199, 3.0721640586853027, 4.393723487854004
471, -2.344790458679199, 3.0721640586853027, 4.393723487854004
472, -2.2662625312805176, 3.0721640586853027, 4.156376838684082
473, -2.2662625312805176, 3.0721640586853027, 4.156376838684082
474, -2.3169286251068115, 3.0721640586853027, 3.911564826965332
475, -2.3675947189331055, 3.0721640586853027, 3.666752815246582
476, -2.3675947189331055, 3.0721640586853027, 3.666752815246582
477, -2.533878803253174, 3.0721640586853027, 3.480072259902954
478, -2.533878803253174, 3.0721640586853027, 3.480072259902954
479, -2.7712252140045166, 3.0721640586853027, 3.4015443325042725
480, -3.0085716247558594, 3.0721640586853027, 3.323016405105591
481, -3.245918035507202, 3.0721640586853027, 3.244488477706909
482, -3.483264446258545, 3.0721640586853027, 3.1659605503082275
483, -3.7206108570098877, 3.0721640586853027, 3.087432622909546
484, -3.7206108570098877, 3.0721640586853027, 3.087432622909546
485, -3.9654228687286377, 3.0721640586853027, 3.13809871673584
486, -4.210235118865967, 3.0721640586853027, 3.188764810562134
487, -4.455047130584717, 3.0721640586853027, 3.2394309043884277
488, -4.699859142303467, 3.0721640586853027, 3.2900969982147217
489, -4.944671154022217, 3.0721640586853027, 3.3407630920410156
490, -5.189483165740967, 3.0721640586853027, 3.3914291858673096
491, -5.434295177459717, 3.0721640586853027, 3.4420952796936035
492, -5.679107189178467, 3.0721640586853027, 3.4927613735198975
493, -5.679107189178467, 3.0721640586853027, 3.4927613735198975
494, -5.865787506103516, 3.0721640586853027, 3.659045457839966
495, -6.0524678230285645, 3.0721640586853027, 3.825329542160034
496, -6.0524678230285645, 3.0721640586853027, 3.825329542160034
497, -6.0524678230285645, 3.0721640586853027, 3.825329542160034
498, -6.289814472198486, 3.0721640586853027, 3.7468016147613525
499, -6.289814472198486, 3.0721640586853027, 3.7468016147613525
