1, -0.9313666820526123, -2.9951868057250977, 0.4131529629230499
2, -0.9313666820526123, -2.9951868057250977, 0.4131529629230499
3, -0.9313666820526123, -2.9951868057250977, 0.4131529629230499
4, -0.9313666820526123, -2.9951868057250977, 0.4131529629230499
5, -0.9313666820526123, -2.9951868057250977, 0.4131529629230499
6, -0.9313666820526123, -2.9951868057250977, 0.4131529629230499
7, -0.9313666820526123, -2.9951868057250977, 0.4131529629230499
8, -0.9313666820526123, -2.9951868057250977, 0.4131529629230499
9, -0.9313666820526123, -2.9951868057250977, 0.4131529629230499
10, -0.9313666820526123, -2.9951868057250977, 0.4131529629230499
11, -0.9313666820526123, -2.9951868057250977, 0.4131529629230499
12, -0.9313666820526123, -2.9951868057250977, 0.4131529629230499
13, -0.9313666820526123, -2.9951868057250977, 0.4131529629230499
14, -0.9313666820526123, -2.9951868057250977, 0.4131529629230499
15, -0.9313666820526123, -2.9951868057250977, 0.4131529629230499
16, -0.8057278990745544, -2.9951868057250977, 0.6292892694473267
17, -0.8057278990745544, -2.9951868057250977, 0.6292892694473267
18, -0.8049896955490112, -2.9951868057250977, 0.8792881965637207
19, -0.804251492023468, -2.9951868057250977, 1.1292871236801147
20, -0.804251492023468, -2.9951868057250977, 1.1292871236801147
21, -0.9286116361618042, -2.9951868057250977, 1.3461616039276123
22, -1.0529718399047852, -2.9951868057250977, 1.5630362033843994
23, -1.1773319244384766, -2.9951868057250977, 1.7799108028411865
24, -1.301692008972168, -2.9951868057250977, 1.9967854022979736
25, -1.4260520935058594, -2.9951868057250977, 2.2136600017547607
26, -1.4260520935058594, -2.9951868057250977, 2.2136600017547607
27, -1.6421884298324585, -2.9951868057250977, 2.339298725128174
28, -1.8583247661590576, -2.9951868057250977, 2.464937448501587
29, -1.8583247661590576, -2.9951868057250977, 2.464937448501587
30, -1.8583247661590576, -2.9951868057250977, 2.464937448501587
31, -1.8583247661590576, -2.9951868057250977, 2.464937448501587
32, -2.108323812484741, -2.9951868057250977, 2.4656755924224854
33, -2.358322858810425, -2.9951868057250977, 2.466413736343384
34, -2.6083219051361084, -2.9951868057250977, 2.4671518802642822
35, -2.858320951461792, -2.9951868057250977, 2.4678900241851807
36, -3.1083199977874756, -2.9951868057250977, 2.468628168106079
37, -3.358319044113159, -2.9951868057250977, 2.4693663120269775
38, -3.6083180904388428, -2.9951868057250977, 2.470104455947876
39, -3.8583171367645264, -2.9951868057250977, 2.4708425998687744
40, -4.108315944671631, -2.9951868057250977, 2.471580743789673
41, -4.3583149909973145, -2.9951868057250977, 2.4723188877105713
42, -4.608314037322998, -2.9951868057250977, 2.4730570316314697
43, -4.858313083648682, -2.9951868057250977, 2.473795175552368
44, -5.108312129974365, -2.9951868057250977, 2.4745333194732666
45, -5.358311176300049, -2.9951868057250977, 2.475271463394165
46, -5.608310222625732, -2.9951868057250977, 2.4760096073150635
47, -5.858309268951416, -2.9951868057250977, 2.476747751235962
48, -6.1083083152771, -2.9951868057250977, 2.4774858951568604
49, -6.358307361602783, -2.9951868057250977, 2.478224039077759
50, -6.608306407928467, -2.9951868057250977, 2.4789621829986572
51, -6.85830545425415, -2.9951868057250977, 2.4797003269195557
52, -7.108304500579834, -2.9951868057250977, 2.480438470840454
53, -7.358303546905518, -2.9951868057250977, 2.4811766147613525
54, -7.608302593231201, -2.9951868057250977, 2.481914758682251
55, -7.858301639556885, -2.9951868057250977, 2.4826529026031494
56, -8.10830020904541, -2.9951868057250977, 2.483391046524048
57, -8.358299255371094, -2.9951868057250977, 2.4841291904449463
58, -8.608298301696777, -2.9951868057250977, 2.4848673343658447
59, -8.608298301696777, -2.9951868057250977, 2.4848673343658447
60, -8.608298301696777, -2.9951868057250977, 2.4848673343658447
61, -8.608298301696777, -2.9951868057250977, 2.4848673343658447
62, -8.608298301696777, -2.9951868057250977, 2.4848673343658447
63, -8.608298301696777, -2.9951868057250977, 2.4848673343658447
64, -8.608298301696777, -2.9951868057250977, 2.4848673343658447
65, -8.358299255371094, -2.9951868057250977, 2.4841291904449463
66, -8.10830020904541, -2.9951868057250977, 2.483391046524048
67, -7.858301162719727, -2.9951868057250977, 2.4826529026031494
68, -7.608302116394043, -2.9951868057250977, 2.481914758682251
69, -7.358303070068359, -2.9951868057250977, 2.4811766147613525
70, -7.108304023742676, -2.9951868057250977, 2.480438470840454
71, -6.858304977416992, -2.9951868057250977, 2.4797003269195557
72, -6.608305931091309, -2.9951868057250977, 2.4789621829986572
73, -6.358306884765625, -2.9951868057250977, 2.478224039077759
74, -6.108307838439941, -2.9951868057250977, 2.4774858951568604
75, -5.858308792114258, -2.9951868057250977, 2.476747751235962
76, -5.608309745788574, -2.9951868057250977, 2.4760096073150635
77, -5.608309745788574, -2.9951868057250977, 2.4760096073150635
78, -5.391435146331787, -2.9951868057250977, 2.600369691848755
79, -5.174560546875, -2.9951868057250977, 2.7247297763824463
80, -5.174560546875, -2.9951868057250977, 2.7247297763824463
81, -5.1410017013549805, -2.9951868057250977, 2.782461166381836
82, -5.1410017013549805, -2.9951868057250977, 2.782461166381836
83, -4.924127101898193, -2.9951868057250977, 2.9068212509155273
84, -4.924127101898193, -2.9951868057250977, 2.9068212509155273
85, -4.924127101898193, -2.9951868057250977, 2.9068212509155273
86, -4.924127101898193, -2.9951868057250977, 2.9068212509155273
87, -4.798488140106201, -2.9951868057250977, 3.122957706451416
88, -4.798488140106201, -2.9951868057250977, 3.122957706451416
89, -4.797749996185303, -2.9951868057250977, 3.3729567527770996
90, -4.797011852264404, -2.9951868057250977, 3.622955799102783
91, -4.797011852264404, -2.9951868057250977, 3.622955799102783
92, -4.797011852264404, -2.9951868057250977, 3.622955799102783
93, -4.796273708343506, -2.9951868057250977, 3.872954845428467
94, -4.795535564422607, -2.9951868057250977, 4.12295389175415
95, -4.794797420501709, -2.9951868057250977, 4.372952938079834
96, -4.7940592765808105, -2.9951868057250977, 4.622951984405518
97, -4.7940592765808105, -2.9951868057250977, 4.622951984405518
98, -4.918419361114502, -2.9951868057250977, 4.839826583862305
99, -5.042779445648193, -2.9951868057250977, 5.056701183319092
100, -5.042779445648193, -2.9951868057250977, 5.056701183319092
101, -5.042779445648193, -2.9951868057250977, 5.056701183319092
102, -5.111249923706055, -2.9951868057250977, 5.176108360290527
103, -5.111249923706055, -2.9951868057250977, 5.176108360290527
104, -5.110511779785156, -2.9951868057250977, 5.426107406616211
105, -5.110511779785156, -2.9951868057250977, 5.426107406616211
106, -5.110511779785156, -2.9951868057250977, 5.426107406616211
107, -5.110511779785156, -2.9951868057250977, 5.426107406616211
108, -5.110511779785156, -2.9951868057250977, 5.426107406616211
109, -5.110511779785156, -2.9951868057250977, 5.426107406616211
110, -5.110511779785156, -2.9951868057250977, 5.426107406616211
111, -5.111249923706055, -2.9951868057250977, 5.176108360290527
112, -5.111249923706055, -2.9951868057250977, 5.176108360290527
113, -5.111249923706055, -2.9951868057250977, 5.176108360290527
114, -4.986889839172363, -2.9951868057250977, 4.95923376083374
115, -4.862529754638672, -2.9951868057250977, 4.742359161376953
116, -4.862529754638672, -2.9951868057250977, 4.742359161376953
117, -4.86326789855957, -2.9951868057250977, 4.4923601150512695
118, -4.864006042480469, -2.9951868057250977, 4.242361068725586
119, -4.864744186401367, -2.9951868057250977, 3.9923622608184814
120, -4.865482330322266, -2.9951868057250977, 3.742363452911377
121, -4.866220474243164, -2.9951868057250977, 3.4923646450042725
122, -4.8669586181640625, -2.9951868057250977, 3.242365837097168
123, -4.867696762084961, -2.9951868057250977, 2.9923670291900635
124, -4.867696762084961, -2.9951868057250977, 2.9923670291900635
125, -4.7433366775512695, -2.9951868057250977, 2.7754924297332764
126, -4.7433366775512695, -2.9951868057250977, 2.7754924297332764
127, -4.527200222015381, -2.9951868057250977, 2.6498537063598633
128, -4.311063766479492, -2.9951868057250977, 2.52421498298645
129, -4.311063766479492, -2.9951868057250977, 2.52421498298645
130, -4.061064720153809, -2.9951868057250977, 2.5234768390655518
131, -3.811065912246704, -2.9951868057250977, 2.5227386951446533
132, -3.5610671043395996, -2.9951868057250977, 2.522000551223755
133, -3.311068296432495, -2.9951868057250977, 2.5212624073028564
134, -3.0610694885253906, -2.9951868057250977, 2.520524263381958
135, -2.811070680618286, -2.9951868057250977, 2.5197861194610596
136, -2.5610718727111816, -2.9951868057250977, 2.519047975540161
137, -2.311073064804077, -2.9951868057250977, 2.5183098316192627
138, -2.0610742568969727, -2.9951868057250977, 2.5175716876983643
139, -1.8110753297805786, -2.9951868057250977, 2.516833543777466
140, -1.5610764026641846, -2.9951868057250977, 2.5160953998565674
141, -1.3110774755477905, -2.9951868057250977, 2.515357255935669
142, -1.0610785484313965, -2.9951868057250977, 2.5146191120147705
143, -0.8110796213150024, -2.9951868057250977, 2.513880968093872
144, -0.5610806941986084, -2.9951868057250977, 2.5131428241729736
145, -0.5610806941986084, -2.9951868057250977, 2.5131428241729736
146, -0.5610806941986084, -2.9951868057250977, 2.5131428241729736
147, -0.31108176708221436, -2.9951868057250977, 2.512404680252075
148, -0.06108282506465912, -2.9951868057250977, 2.5116665363311768
149, 0.18891611695289612, -2.9951868057250977, 2.5109283924102783
150, 0.43891507387161255, -2.9951868057250977, 2.51019024848938
151, 0.6889140009880066, -2.9951868057250977, 2.5094521045684814
152, 0.9389129281044006, -2.9951868057250977, 2.508713960647583
153, 1.1889119148254395, -2.9951868057250977, 2.5079758167266846
154, 1.4389108419418335, -2.9951868057250977, 2.507237672805786
155, 1.6889097690582275, -2.9951868057250977, 2.5064995288848877
156, 1.9389086961746216, -2.9951868057250977, 2.5057613849639893
157, 2.1889076232910156, -2.9951868057250977, 2.505023241043091
158, 2.1889076232910156, -2.9951868057250977, 2.505023241043091
159, 2.1889076232910156, -2.9951868057250977, 2.505023241043091
160, 2.1889076232910156, -2.9951868057250977, 2.505023241043091
161, 2.1889076232910156, -2.9951868057250977, 2.505023241043091
162, 2.1889076232910156, -2.9951868057250977, 2.505023241043091
163, 2.1889076232910156, -2.9951868057250977, 2.505023241043091
164, 2.1889076232910156, -2.9951868057250977, 2.505023241043091
165, 2.1889076232910156, -2.9951868057250977, 2.505023241043091
166, 2.3145463466644287, -2.9951868057250977, 2.7211594581604004
167, 2.440185070037842, -2.9951868057250977, 2.937295913696289
168, 2.565823793411255, -2.9951868057250977, 3.1534323692321777
169, 2.691462516784668, -2.9951868057250977, 3.3695688247680664
170, 2.817101240158081, -2.9951868057250977, 3.585705280303955
171, 2.942739963531494, -2.9951868057250977, 3.8018417358398438
172, 3.0683786869049072, -2.9951868057250977, 4.017978191375732
173, 3.0683786869049072, -2.9951868057250977, 4.017978191375732
174, 3.2852532863616943, -2.9951868057250977, 4.142338275909424
175, 3.5021278858184814, -2.9951868057250977, 4.266698360443115
176, 3.5021278858184814, -2.9951868057250977, 4.266698360443115
177, 3.6277666091918945, -2.9951868057250977, 4.482834815979004
178, 3.6277666091918945, -2.9951868057250977, 4.482834815979004
179, 3.8446412086486816, -2.9951868057250977, 4.607194900512695
180, 3.8446412086486816, -2.9951868057250977, 4.607194900512695
181, 4.094640254974365, -2.9951868057250977, 4.606456756591797
182, 4.094640254974365, -2.9951868057250977, 4.606456756591797
183, 4.094640254974365, -2.9951868057250977, 4.606456756591797
184, 4.094640254974365, -2.9951868057250977, 4.606456756591797
185, 4.094640254974365, -2.9951868057250977, 4.606456756591797
186, 4.094640254974365, -2.9951868057250977, 4.606456756591797
187, 4.095378398895264, -2.9951868057250977, 4.8564558029174805
188, 4.096116542816162, -2.9951868057250977, 5.106454849243164
189, 4.096116542816162, -2.9951868057250977, 5.106454849243164
190, 4.096116542816162, -2.9951868057250977, 5.106454849243164
191, 4.096116542816162, -2.9951868057250977, 5.106454849243164
192, 4.096116542816162, -2.9951868057250977, 5.106454849243164
193, 4.096116542816162, -2.9951868057250977, 5.106454849243164
194, 4.096116542816162, -2.9951868057250977, 5.106454849243164
195, 4.096116542816162, -2.9951868057250977, 5.106454849243164
196, 4.096116542816162, -2.9951868057250977, 5.106454849243164
197, 3.879241943359375, -2.9951868057250977, 4.982094764709473
198, 3.662367343902588, -2.9951868057250977, 4.857734680175781
199, 3.445492744445801, -2.9951868057250977, 4.73337459564209
200, 3.445492744445801, -2.9951868057250977, 4.73337459564209
201, 3.3198540210723877, -2.9951868057250977, 4.517238140106201
202, 3.1942152976989746, -2.9951868057250977, 4.3011016845703125
203, 3.0685765743255615, -2.9951868057250977, 4.084965229034424
204, 2.9429378509521484, -2.9951868057250977, 3.8688290119171143
205, 2.8172991275787354, -2.9951868057250977, 3.6526927947998047
206, 2.6916604042053223, -2.9951868057250977, 3.436556577682495
207, 2.566021680831909, -2.9951868057250977, 3.2204203605651855
208, 2.440382957458496, -2.9951868057250977, 3.004284143447876
209, 2.314744234085083, -2.9951868057250977, 2.7881479263305664
210, 2.314744234085083, -2.9951868057250977, 2.7881479263305664
211, 2.097869634628296, -2.9951868057250977, 2.663787841796875
212, 1.8809950351715088, -2.9951868057250977, 2.5394277572631836
213, 1.8809950351715088, -2.9951868057250977, 2.5394277572631836
214, 1.6309961080551147, -2.9951868057250977, 2.540165901184082
215, 1.3809971809387207, -2.9951868057250977, 2.5409040451049805
216, 1.1309982538223267, -2.9951868057250977, 2.541642189025879
217, 0.8809993267059326, -2.9951868057250977, 2.5423803329467773
218, 0.6310003995895386, -2.9951868057250977, 2.543118476867676
219, 0.38100147247314453, -2.9951868057250977, 2.543856620788574
220, 0.13100256025791168, -2.9951868057250977, 2.5445947647094727
221, -0.11899635195732117, -2.9951868057250977, 2.545332908630371
222, -0.3689952492713928, -2.9951868057250977, 2.5460710525512695
223, -0.6189941763877869, -2.9951868057250977, 2.546809196472168
224, -0.8689931035041809, -2.9951868057250977, 2.5475473403930664
225, -1.1189919710159302, -2.9951868057250977, 2.548285484313965
226, -1.3689908981323242, -2.9951868057250977, 2.5490236282348633
227, -1.6189898252487183, -2.9951868057250977, 2.5497617721557617
228, -1.8689887523651123, -2.9951868057250977, 2.55049991607666
229, -2.118987560272217, -2.9951868057250977, 2.5512380599975586
230, -2.3689863681793213, -2.9951868057250977, 2.551976203918457
231, -2.618985176086426, -2.9951868057250977, 2.5527143478393555
232, -2.8689839839935303, -2.9951868057250977, 2.553452491760254
233, -3.1189827919006348, -2.9951868057250977, 2.5541906356811523
234, -3.1189827919006348, -2.9951868057250977, 2.5541906356811523
235, -3.3351190090179443, -2.9951868057250977, 2.6798295974731445
236, -3.3351190090179443, -2.9951868057250977, 2.6798295974731445
237, -3.4594790935516357, -2.9951868057250977, 2.8967041969299316
238, -3.4594790935516357, -2.9951868057250977, 2.8967041969299316
239, -3.4587409496307373, -2.9951868057250977, 3.1467032432556152
240, -3.458002805709839, -2.9951868057250977, 3.396702289581299
241, -3.4572646617889404, -2.9951868057250977, 3.6467013359069824
242, -3.456526517868042, -2.9951868057250977, 3.896700382232666
243, -3.4557883739471436, -2.9951868057250977, 4.14669942855835
244, -3.455050230026245, -2.9951868057250977, 4.396698474884033
245, -3.4543120861053467, -2.9951868057250977, 4.646697521209717
246, -3.4535739421844482, -2.9951868057250977, 4.8966965675354
247, -3.4535739421844482, -2.9951868057250977, 4.8966965675354
248, -3.327935218811035, -2.9951868057250977, 5.112833023071289
249, -3.327935218811035, -2.9951868057250977, 5.112833023071289
250, -3.327935218811035, -2.9951868057250977, 5.112833023071289
251, -3.327935218811035, -2.9951868057250977, 5.112833023071289
252, -3.3271970748901367, -2.9951868057250977, 5.362832069396973
253, -3.3271970748901367, -2.9951868057250977, 5.362832069396973
254, -3.3271970748901367, -2.9951868057250977, 5.362832069396973
255, -3.3271970748901367, -2.9951868057250977, 5.362832069396973
256, -3.2015583515167236, -2.9951868057250977, 5.578968524932861
257, -3.2015583515167236, -2.9951868057250977, 5.578968524932861
258, -3.2015583515167236, -2.9951868057250977, 5.578968524932861
259, -3.2015583515167236, -2.9951868057250977, 5.578968524932861
260, -3.2015583515167236, -2.9951868057250977, 5.578968524932861
261, -3.2015583515167236, -2.9951868057250977, 5.578968524932861
262, -3.202296495437622, -2.9951868057250977, 5.328969478607178
263, -3.2030346393585205, -2.9951868057250977, 5.078970432281494
264, -3.203772783279419, -2.9951868057250977, 4.8289713859558105
265, -3.2045109272003174, -2.9951868057250977, 4.578972339630127
266, -3.205249071121216, -2.9951868057250977, 4.328973293304443
267, -3.2059872150421143, -2.9951868057250977, 4.07897424697876
268, -3.2059872150421143, -2.9951868057250977, 4.07897424697876
269, -3.3316259384155273, -2.9951868057250977, 3.86283802986145
270, -3.4572646617889404, -2.9951868057250977, 3.6467018127441406
271, -3.5829033851623535, -2.9951868057250977, 3.430565595626831
272, -3.5829033851623535, -2.9951868057250977, 3.430565595626831
273, -3.583641529083252, -2.9951868057250977, 3.1805667877197266
274, -3.5843796730041504, -2.9951868057250977, 2.930567979812622
275, -3.5843796730041504, -2.9951868057250977, 2.930567979812622
276, -3.7100183963775635, -2.9951868057250977, 2.7144317626953125
277, -3.7100183963775635, -2.9951868057250977, 2.7144317626953125
278, -3.9268929958343506, -2.9951868057250977, 2.590071678161621
279, -4.143767356872559, -2.9951868057250977, 2.4657115936279297
280, -4.143767356872559, -2.9951868057250977, 2.4657115936279297
281, -4.393766403198242, -2.9951868057250977, 2.466449737548828
282, -4.643765449523926, -2.9951868057250977, 2.4671878814697266
283, -4.893764495849609, -2.9951868057250977, 2.467926025390625
284, -5.143763542175293, -2.9951868057250977, 2.4686641693115234
285, -5.393762588500977, -2.9951868057250977, 2.469402313232422
286, -5.64376163482666, -2.9951868057250977, 2.4701404571533203
287, -5.893760681152344, -2.9951868057250977, 2.4708786010742188
288, -6.143759727478027, -2.9951868057250977, 2.471616744995117
289, -6.143759727478027, -2.9951868057250977, 2.471616744995117
290, -6.3606343269348145, -2.9951868057250977, 2.347256660461426
291, -6.3606343269348145, -2.9951868057250977, 2.347256660461426
292, -6.486273288726807, -2.9951868057250977, 2.131120443344116
293, -6.486454010009766, -2.9951868057250977, 2.130810022354126
294, -6.486454486846924, -2.9951868057250977, 2.1308095455169678
295, -6.486454486846924, -2.9951868057250977, 2.1308095455169678
296, -6.486454486846924, -2.9951868057250977, 2.1308093070983887
297, -6.486454486846924, -2.9951868057250977, 2.1308093070983887
298, -6.486454486846924, -2.9951868057250977, 2.1308093070983887
299, -6.703329086303711, -2.9951868057250977, 2.0064492225646973
300, -6.703329086303711, -2.9951868057250977, 2.0064492225646973
301, -6.703329086303711, -2.9951868057250977, 2.0064492225646973
302, -6.703329086303711, -2.9951868057250977, 2.0064492225646973
303, -6.703329086303711, -2.9951868057250977, 2.0064492225646973
304, -6.704067230224609, -2.9951868057250977, 1.7564502954483032
305, -6.704805374145508, -2.9951868057250977, 1.5064513683319092
306, -6.705543518066406, -2.9951868057250977, 1.2564524412155151
307, -6.706281661987305, -2.9951868057250977, 1.006453514099121
308, -6.707002639770508, -2.9951868057250977, 0.7622127532958984
309, -6.707002639770508, -2.9951868057250977, 0.7622127532958984
310, -6.707002639770508, -2.9951868057250977, 0.7622127532958984
311, -6.707002639770508, -2.9951868057250977, 0.7622127532958984
312, -6.707002639770508, -2.9951868057250977, 0.7622127532958984
313, -6.707002639770508, -2.9951868057250977, 0.7622127532958984
314, -6.707002639770508, -2.9951868057250977, 0.7622127532958984
315, -6.707002639770508, -2.9951868057250977, 0.7622127532958984
316, -6.707002639770508, -2.9951868057250977, 0.7622127532958984
317, -6.706264495849609, -2.9951868057250977, 1.0122116804122925
318, -6.705526351928711, -2.9951868057250977, 1.2622106075286865
319, -6.7047882080078125, -2.9951868057250977, 1.5122095346450806
320, -6.704050064086914, -2.9951868057250977, 1.7622084617614746
321, -6.703311920166016, -2.9951868057250977, 2.012207508087158
322, -6.703311920166016, -2.9951868057250977, 2.012207508087158
323, -6.577672958374023, -2.9951868057250977, 2.228343963623047
324, -6.577672958374023, -2.9951868057250977, 2.228343963623047
325, -6.360798358917236, -2.9951868057250977, 2.3527040481567383
326, -6.143923759460449, -2.9951868057250977, 2.4770641326904297
327, -5.927049160003662, -2.9951868057250977, 2.601424217224121
328, -5.927049160003662, -2.9951868057250977, 2.601424217224121
329, -5.6770501136779785, -2.9951868057250977, 2.6006860733032227
330, -5.427051067352295, -2.9951868057250977, 2.599947929382324
331, -5.177052021026611, -2.9951868057250977, 2.599209785461426
332, -4.927052974700928, -2.9951868057250977, 2.5984716415405273
333, -4.677053928375244, -2.9951868057250977, 2.597733497619629
334, -4.4270548820495605, -2.9951868057250977, 2.5969953536987305
335, -4.177055835723877, -2.9951868057250977, 2.596257209777832
336, -3.9270570278167725, -2.9951868057250977, 2.5955190658569336
337, -3.677058219909668, -2.9951868057250977, 2.594780921936035
338, -3.4270594120025635, -2.9951868057250977, 2.5940427780151367
339, -3.177060604095459, -2.9951868057250977, 2.5933046340942383
340, -2.9270617961883545, -2.9951868057250977, 2.59256649017334
341, -2.67706298828125, -2.9951868057250977, 2.5918283462524414
342, -2.4270641803741455, -2.9951868057250977, 2.591090202331543
343, -2.177065372467041, -2.9951868057250977, 2.5903520584106445
344, -1.927066445350647, -2.9951868057250977, 2.589613914489746
345, -1.677067518234253, -2.9951868057250977, 2.5888757705688477
346, -1.4270685911178589, -2.9951868057250977, 2.588137626647949
347, -1.1770696640014648, -2.9951868057250977, 2.587399482727051
348, -0.9270707368850708, -2.9951868057250977, 2.5866613388061523
349, -0.6770718097686768, -2.9951868057250977, 2.585923194885254
350, -0.4270728826522827, -2.9951868057250977, 2.5851850509643555
351, -0.4270728826522827, -2.9951868057250977, 2.5851850509643555
352, -0.4270728826522827, -2.9951868057250977, 2.5851850509643555
353, -0.4270728826522827, -2.9951868057250977, 2.5851850509643555
354, -0.21019834280014038, -2.9951868057250977, 2.709545135498047
355, -0.21019834280014038, -2.9951868057250977, 2.709545135498047
356, -0.08455953001976013, -2.9951868057250977, 2.9256815910339355
357, -8.817694664001465, -2.9951868057250977, 1.7826365232467651
