1, 0.9645721912384033, 0.07754743099212646, 0.46216461062431335
2, 0.9645721912384033, 0.07754743099212646, 0.46216461062431335
3, 0.9645721912384033, 0.07754743099212646, 0.46216461062431335
4, 0.9645721912384033, 0.07754743099212646, 0.46216461062431335
5, 0.9645721912384033, 0.07754743099212646, 0.46216461062431335
6, 0.9645721912384033, 0.07754743099212646, 0.46216461062431335
7, 0.9645721912384033, 0.07754743099212646, 0.46216461062431335
8, 0.9645721912384033, 0.07754743099212646, 0.46216461062431335
9, 0.9645721912384033, 0.07754743099212646, 0.46216461062431335
10, 0.9645721912384033, 0.07754743099212646, 0.46216461062431335
11, 0.9645721912384033, 0.07754743099212646, 0.46216461062431335
12, 0.9645721912384033, 0.07754743099212646, 0.46216461062431335
13, 0.7458113431930542, 0.07754743099212646, 0.583175778388977
14, 0.7458113431930542, 0.07754743099212646, 0.583175778388977
15, 0.4958533048629761, 0.07754743099212646, 0.5785940885543823
16, 0.4958533048629761, 0.07754743099212646, 0.5785940885543823
17, 0.4958533048629761, 0.07754743099212646, 0.5785940885543823
18, 0.37484216690063477, 0.07754743099212646, 0.3598332405090332
19, 0.25383102893829346, 0.07754743099212646, 0.14107240736484528
20, 0.25383102893829346, 0.07754743099212646, 0.14107240736484528
21, 0.2584127187728882, 0.07754743099212646, -0.10888560116291046
22, 0.2629944086074829, 0.07754743099212646, -0.3588436245918274
23, 0.26757609844207764, 0.07754743099212646, -0.6088016033172607
24, 0.27215778827667236, 0.07754743099212646, -0.8587596416473389
25, 0.2767394781112671, 0.07754743099212646, -1.108717679977417
26, 0.2767394781112671, 0.07754743099212646, -1.108717679977417
27, 0.1557283252477646, 0.07754743099212646, -1.3274785280227661
28, 0.1557283252477646, 0.07754743099212646, -1.3274785280227661
29, 0.1557283252477646, 0.07754743099212646, -1.3274785280227661
30, 0.1557283252477646, 0.07754743099212646, -1.3274785280227661
31, 0.1557283252477646, 0.07754743099212646, -1.3274785280227661
32, 0.1557283252477646, 0.07754743099212646, -1.3274785280227661
33, 0.1557283252477646, 0.07754743099212646, -1.3274785280227661
34, 0.2767395079135895, 0.07754743099212646, -1.108717679977417
35, 0.3977506756782532, 0.07754743099212646, -0.8899568319320679
36, 0.5187618732452393, 0.07754743099212646, -0.6711959838867188
37, 0.5187618732452393, 0.07754743099212646, -0.6711959838867188
38, 0.5141802430152893, 0.07754743099212646, -0.4212379455566406
39, 0.5095986127853394, 0.07754743099212646, -0.1712799072265625
40, 0.5050169825553894, 0.07754743099212646, 0.07867813110351562
41, 0.5004353523254395, 0.07754743099212646, 0.32863616943359375
42, 0.4958536922931671, 0.07754743099212646, 0.5785942077636719
43, 0.4912720322608948, 0.07754743099212646, 0.82855224609375
44, 0.48669037222862244, 0.07754743099212646, 1.0785102844238281
45, 0.4821087121963501, 0.07754743099212646, 1.3284683227539062
46, 0.47752705216407776, 0.07754743099212646, 1.5784263610839844
47, 0.4729453921318054, 0.07754743099212646, 1.8283843994140625
48, 0.4683637320995331, 0.07754743099212646, 2.0783424377441406
49, 0.46378207206726074, 0.07754743099212646, 2.3283004760742188
50, 0.4592004120349884, 0.07754743099212646, 2.578258514404297
51, 0.45461875200271606, 0.07754743099212646, 2.828216552734375
52, 0.4500370919704437, 0.07754743099212646, 3.078174591064453
53, 0.4454554319381714, 0.07754743099212646, 3.3281326293945312
54, 0.44087377190589905, 0.07754743099212646, 3.5780906677246094
55, 0.4362921118736267, 0.07754743099212646, 3.8280487060546875
56, 0.43171045184135437, 0.07754743099212646, 4.078006744384766
57, 0.42712879180908203, 0.07754743099212646, 4.327964782714844
58, 0.4225471317768097, 0.07754743099212646, 4.577922821044922
59, 0.41796547174453735, 0.07754743099212646, 4.827880859375
60, 0.41796547174453735, 0.07754743099212646, 4.827880859375
61, 0.41796547174453735, 0.07754743099212646, 4.827880859375
62, 0.41796547174453735, 0.07754743099212646, 4.827880859375
63, 0.41796547174453735, 0.07754743099212646, 4.827880859375
64, 0.41796547174453735, 0.07754743099212646, 4.827880859375
65, 0.5469123125076294, 0.07754743099212646, 4.613701820373535
66, 0.5469123125076294, 0.07754743099212646, 4.613701820373535
67, 0.5514940023422241, 0.07754743099212646, 4.363743782043457
68, 0.5560756921768188, 0.07754743099212646, 4.113785743713379
69, 0.5606573820114136, 0.07754743099212646, 3.863827705383301
70, 0.5652390718460083, 0.07754743099212646, 3.6138696670532227
71, 0.569820761680603, 0.07754743099212646, 3.3639116287231445
72, 0.5744024515151978, 0.07754743099212646, 3.1139535903930664
73, 0.5789841413497925, 0.07754743099212646, 2.8639955520629883
74, 0.5835658311843872, 0.07754743099212646, 2.61403751373291
75, 0.5881475210189819, 0.07754743099212646, 2.364079475402832
76, 0.5927292108535767, 0.07754743099212646, 2.114121437072754
77, 0.5927292108535767, 0.07754743099212646, 2.114121437072754
78, 0.7216760516166687, 0.07754743099212646, 1.8999422788619995
79, 0.8506228923797607, 0.07754743099212646, 1.6857631206512451
80, 0.8506228923797607, 0.07754743099212646, 1.6857631206512451
81, 1.0693837404251099, 0.07754743099212646, 1.5647519826889038
82, 1.0693837404251099, 0.07754743099212646, 1.5647519826889038
83, 1.319341778755188, 0.07754743099212646, 1.5693336725234985
84, 1.5692998170852661, 0.07754743099212646, 1.5739153623580933
85, 1.8192578554153442, 0.07754743099212646, 1.578497052192688
86, 2.069215774536133, 0.07754743099212646, 1.5830787420272827
87, 2.069215774536133, 0.07754743099212646, 1.5830787420272827
88, 2.2833948135375977, 0.07754743099212646, 1.7120256423950195
89, 2.2833948135375977, 0.07754743099212646, 1.7120256423950195
90, 2.4044060707092285, 0.07754743099212646, 1.9307864904403687
91, 2.5254173278808594, 0.07754743099212646, 2.1495473384857178
92, 2.5254173278808594, 0.07754743099212646, 2.1495473384857178
93, 2.5208356380462646, 0.07754743099212646, 2.399505376815796
94, 2.51625394821167, 0.07754743099212646, 2.649463415145874
95, 2.511672258377075, 0.07754743099212646, 2.899421453475952
96, 2.511672258377075, 0.07754743099212646, 2.899421453475952
97, 2.632683515548706, 0.07754743099212646, 3.118182420730591
98, 2.632683515548706, 0.07754743099212646, 3.118182420730591
99, 2.632495164871216, 0.07754743099212646, 3.12845516204834
100, 2.632495164871216, 0.07754743099212646, 3.12845516204834
101, 2.5035483837127686, 0.07754743099212646, 3.3426342010498047
102, 2.5035483837127686, 0.07754743099212646, 3.3426342010498047
103, 2.5035483837127686, 0.07754743099212646, 3.3426342010498047
104, 2.6245596408843994, 0.07754743099212646, 3.5613951683044434
105, 2.6245596408843994, 0.07754743099212646, 3.5613951683044434
106, 2.6245596408843994, 0.07754743099212646, 3.5613951683044434
107, 2.7455708980560303, 0.07754743099212646, 3.780156135559082
108, 2.7455708980560303, 0.07754743099212646, 3.780156135559082
109, 2.7455708980560303, 0.07754743099212646, 3.780156135559082
110, 2.7455708980560303, 0.07754743099212646, 3.780156135559082
111, 2.7455708980560303, 0.07754743099212646, 3.780156135559082
112, 2.7455708980560303, 0.07754743099212646, 3.780156135559082
113, 2.959750175476074, 0.07754743099212646, 3.9091029167175293
114, 3.173929214477539, 0.07754743099212646, 4.038049697875977
115, 3.241903781890869, 0.07754743099212646, 4.078973770141602
116, 3.241903781890869, 0.07754743099212646, 4.078973770141602
117, 3.241903781890869, 0.07754743099212646, 4.078973770141602
118, 3.3141465187072754, 0.07754743099212646, 4.2095723152160645
119, 3.3141465187072754, 0.07754743099212646, 4.2095723152160645
120, 3.3141465187072754, 0.07754743099212646, 4.2095723152160645
121, 3.3141465187072754, 0.07754743099212646, 4.2095723152160645
122, 3.3141465187072754, 0.07754743099212646, 4.2095723152160645
123, 3.494924545288086, 0.07754743099212646, 4.109571933746338
124, 3.494924545288086, 0.07754743099212646, 4.109571933746338
125, 3.494924545288086, 0.07754743099212646, 4.109571933746338
126, 3.6610240936279297, 0.07754743099212646, 4.2095723152160645
127, 3.6610240936279297, 0.07754743099212646, 4.2095723152160645
128, 3.6610240936279297, 0.07754743099212646, 4.2095723152160645
129, 3.6610240936279297, 0.07754743099212646, 4.2095723152160645
130, 3.6610240936279297, 0.07754743099212646, 4.2095723152160645
131, 3.6610240936279297, 0.07754743099212646, 4.2095723152160645
132, 3.4110660552978516, 0.07754743099212646, 4.204990386962891
133, 3.4110660552978516, 0.07754743099212646, 4.204990386962891
134, 3.4110660552978516, 0.07754743099212646, 4.204990386962891
135, 3.4110660552978516, 0.07754743099212646, 4.204990386962891
136, 3.4110660552978516, 0.07754743099212646, 4.204990386962891
137, 3.4110660552978516, 0.07754743099212646, 4.204990386962891
138, 3.4110660552978516, 0.07754743099212646, 4.204990386962891
139, 3.6610240936279297, 0.07754743099212646, 4.2095723152160645
140, 3.6610240936279297, 0.07754743099212646, 4.2095723152160645
141, 3.8797850608825684, 0.07754743099212646, 4.088561058044434
142, 3.8797850608825684, 0.07754743099212646, 4.088561058044434
143, 3.8797850608825684, 0.07754743099212646, 4.088561058044434
144, 3.8797850608825684, 0.07754743099212646, 4.088561058044434
145, 3.8797850608825684, 0.07754743099212646, 4.088561058044434
146, 3.8797850608825684, 0.07754743099212646, 4.088561058044434
147, 3.834869384765625, 0.07754743099212646, 4.087737560272217
148, 3.834869384765625, 0.07754743099212646, 4.087737560272217
149, 3.834869384765625, 0.07754743099212646, 4.087737560272217
150, 3.834869384765625, 0.07754743099212646, 4.087737560272217
151, 3.761518716812134, 0.07754743099212646, 4.2095723152160645
152, 3.761518716812134, 0.07754743099212646, 4.2095723152160645
153, 3.761518716812134, 0.07754743099212646, 4.2095723152160645
154, 3.5115606784820557, 0.07754743099212646, 4.204990386962891
155, 3.5115606784820557, 0.07754743099212646, 4.204990386962891
156, 3.353071689605713, 0.07754743099212646, 4.109571933746338
157, 3.353071689605713, 0.07754743099212646, 4.109571933746338
158, 3.353071689605713, 0.07754743099212646, 4.109571933746338
159, 3.353071689605713, 0.07754743099212646, 4.109571933746338
160, 3.353071689605713, 0.07754743099212646, 4.109571933746338
161, 3.1722936630249023, 0.07754743099212646, 4.2095723152160645
162, 3.1722936630249023, 0.07754743099212646, 4.2095723152160645
163, 3.1722936630249023, 0.07754743099212646, 4.2095723152160645
164, 2.9581146240234375, 0.07754743099212646, 4.080625534057617
165, 2.9581146240234375, 0.07754743099212646, 4.080625534057617
166, 2.8371036052703857, 0.07754743099212646, 3.8618645668029785
167, 2.716092586517334, 0.07754743099212646, 3.64310359954834
168, 2.5950815677642822, 0.07754743099212646, 3.424342632293701
169, 2.4740705490112305, 0.07754743099212646, 3.2055816650390625
170, 2.4740705490112305, 0.07754743099212646, 3.2055816650390625
171, 2.478652238845825, 0.07754743099212646, 2.9556236267089844
172, 2.48323392868042, 0.07754743099212646, 2.7056655883789062
173, 2.4878156185150146, 0.07754743099212646, 2.455707550048828
174, 2.4923973083496094, 0.07754743099212646, 2.20574951171875
175, 2.4923973083496094, 0.07754743099212646, 2.20574951171875
176, 2.6213440895080566, 0.07754743099212646, 1.9915703535079956
177, 2.750290870666504, 0.07754743099212646, 1.7773911952972412
178, 2.879237651824951, 0.07754743099212646, 1.5632120370864868
179, 2.879237651824951, 0.07754743099212646, 1.5632120370864868
180, 3.09799861907959, 0.07754743099212646, 1.4422008991241455
181, 3.3167595863342285, 0.07754743099212646, 1.3211897611618042
182, 3.3167595863342285, 0.07754743099212646, 1.3211897611618042
183, 3.3167595863342285, 0.07754743099212646, 1.3211897611618042
184, 3.3213412761688232, 0.07754743099212646, 1.071231722831726
185, 3.3213412761688232, 0.07754743099212646, 1.071231722831726
186, 3.2003302574157715, 0.07754743099212646, 0.852470874786377
187, 3.2003302574157715, 0.07754743099212646, 0.852470874786377
188, 3.2003302574157715, 0.07754743099212646, 0.852470874786377
189, 2.9503722190856934, 0.07754743099212646, 0.8478891849517822
190, 2.7004141807556152, 0.07754743099212646, 0.8433074951171875
191, 2.450456142425537, 0.07754743099212646, 0.8387258052825928
192, 2.450456142425537, 0.07754743099212646, 0.8387258052825928
193, 2.2316951751708984, 0.07754743099212646, 0.9597369432449341
194, 2.0129342079162598, 0.07754743099212646, 1.0807480812072754
195, 1.7941733598709106, 0.07754743099212646, 1.2017592191696167
196, 1.5754125118255615, 0.07754743099212646, 1.322770357131958
197, 1.3566516637802124, 0.07754743099212646, 1.4437814950942993
198, 1.1378908157348633, 0.07754743099212646, 1.5647926330566406
199, 0.9191299676895142, 0.07754743099212646, 1.685803771018982
200, 0.700369119644165, 0.07754743099212646, 1.8068149089813232
201, 0.4816082715988159, 0.07754743099212646, 1.9278260469436646
202, 0.4816082715988159, 0.07754743099212646, 1.9278260469436646
203, 0.4816082715988159, 0.07754743099212646, 1.9278260469436646
204, 0.4816082715988159, 0.07754743099212646, 1.9278260469436646
205, 0.4816082715988159, 0.07754743099212646, 1.9278260469436646
206, 0.4816082715988159, 0.07754743099212646, 1.9278260469436646
207, 0.4816082715988159, 0.07754743099212646, 1.9278260469436646
208, 0.700369119644165, 0.07754743099212646, 1.8068149089813232
209, 0.9191299676895142, 0.07754743099212646, 1.685803771018982
210, 1.1378908157348633, 0.07754743099212646, 1.5647926330566406
211, 1.3566516637802124, 0.07754743099212646, 1.4437814950942993
212, 1.5754125118255615, 0.07754743099212646, 1.322770357131958
213, 1.7941733598709106, 0.07754743099212646, 1.2017592191696167
214, 1.7941733598709106, 0.07754743099212646, 1.2017592191696167
215, 2.044131278991699, 0.07754743099212646, 1.2063409090042114
216, 2.2940893173217773, 0.07754743099212646, 1.2109225988388062
217, 2.5440473556518555, 0.07754743099212646, 1.2155042886734009
218, 2.7940053939819336, 0.07754743099212646, 1.2200859785079956
219, 3.0439634323120117, 0.07754743099212646, 1.2246676683425903
220, 3.29392147064209, 0.07754743099212646, 1.229249358177185
221, 3.543879508972168, 0.07754743099212646, 1.2338310480117798
222, 3.793837547302246, 0.07754743099212646, 1.2384127378463745
223, 4.043795585632324, 0.07754743099212646, 1.2429944276809692
224, 4.293753623962402, 0.07754743099212646, 1.247576117515564
225, 4.5437116622924805, 0.07754743099212646, 1.2521578073501587
226, 4.793669700622559, 0.07754743099212646, 1.2567394971847534
227, 5.043627738952637, 0.07754743099212646, 1.2613211870193481
228, 5.293585777282715, 0.07754743099212646, 1.2659028768539429
229, 5.543543815612793, 0.07754743099212646, 1.2704845666885376
230, 5.793501853942871, 0.07754743099212646, 1.2750662565231323
231, 6.043459892272949, 0.07754743099212646, 1.279647946357727
232, 6.293417930603027, 0.07754743099212646, 1.2842296361923218
233, 6.5433759689331055, 0.07754743099212646, 1.2888113260269165
234, 6.5433759689331055, 0.07754743099212646, 1.2888113260269165
235, 6.75755500793457, 0.07754743099212646, 1.4177582263946533
236, 6.75755500793457, 0.07754743099212646, 1.4177582263946533
237, 6.75755500793457, 0.07754743099212646, 1.4177582263946533
238, 6.971734046936035, 0.07754743099212646, 1.5467051267623901
239, 7.1859130859375, 0.07754743099212646, 1.675652027130127
240, 7.1859130859375, 0.07754743099212646, 1.675652027130127
241, 7.1859130859375, 0.07754743099212646, 1.675652027130127
242, 7.400092124938965, 0.07754743099212646, 1.8045989274978638
243, 7.611208915710449, 0.07754743099212646, 1.9317021369934082
244, 7.611208915710449, 0.07754743099212646, 1.9317021369934082
245, 7.611208915710449, 0.07754743099212646, 1.9317021369934082
246, 7.611208915710449, 0.07754743099212646, 1.9317021369934082
247, 7.611208915710449, 0.07754743099212646, 1.9317021369934082
248, 7.606626987457275, 0.07754743099212646, 2.1816601753234863
249, 7.602045059204102, 0.07754743099212646, 2.4316182136535645
250, 7.602045059204102, 0.07754743099212646, 2.4316182136535645
251, 7.723056316375732, 0.07754743099212646, 2.650379180908203
252, 7.723056316375732, 0.07754743099212646, 2.650379180908203
253, 7.723056316375732, 0.07754743099212646, 2.650379180908203
254, 7.9730143547058105, 0.07754743099212646, 2.654960870742798
255, 7.880403518676758, 0.07754743099212646, -2.2956137657165527
