1, 7.77603006362915, -0.5355252027511597, 5.911916255950928
2, 7.77603006362915, -0.5355252027511597, 5.911916255950928
3, 7.77603006362915, -0.5355252027511597, 5.911916255950928
4, 7.77603006362915, -0.5355252027511597, 5.911916255950928
5, 7.77603006362915, -0.5355252027511597, 5.911916255950928
6, 7.77603006362915, -0.5355252027511597, 5.911916255950928
7, 7.77603006362915, -0.5355252027511597, 5.911916255950928
8, 7.77603006362915, -0.5355252027511597, 5.911916255950928
9, 7.77603006362915, -0.5355252027511597, 5.911916255950928
10, 7.77603006362915, -0.5355252027511597, 5.911916255950928
11, 7.77603006362915, -0.5355252027511597, 5.911916255950928
12, 7.77603006362915, -0.5355252027511597, 5.911916255950928
13, 8.011813163757324, -0.5355252027511597, 5.995020389556885
14, 8.011813163757324, -0.5355252027511597, 5.995020389556885
15, 8.011813163757324, -0.5355252027511597, 5.995020389556885
16, 8.201675415039062, -0.5355252027511597, 5.832378387451172
17, 8.201675415039062, -0.5355252027511597, 5.832378387451172
18, 8.28477954864502, -0.5355252027511597, 5.596595287322998
19, 8.367883682250977, -0.5355252027511597, 5.360812187194824
20, 8.367883682250977, -0.5355252027511597, 5.360812187194824
21, 8.321962356567383, -0.5355252027511597, 5.115066051483154
22, 8.276041030883789, -0.5355252027511597, 4.869319915771484
23, 8.230119705200195, -0.5355252027511597, 4.6235737800598145
24, 8.184198379516602, -0.5355252027511597, 4.3778276443481445
25, 8.138277053833008, -0.5355252027511597, 4.132081508636475
26, 8.092355728149414, -0.5355252027511597, 3.8863351345062256
27, 8.092355728149414, -0.5355252027511597, 3.8863351345062256
28, 7.929713726043701, -0.5355252027511597, 3.6964733600616455
29, 7.929713726043701, -0.5355252027511597, 3.6964733600616455
30, 7.929713726043701, -0.5355252027511597, 3.6964733600616455
31, 7.767071723937988, -0.5355252027511597, 3.5066113471984863
32, 7.767071723937988, -0.5355252027511597, 3.5066113471984863
33, 7.5312886238098145, -0.5355252027511597, 3.4235072135925293
34, 7.295505523681641, -0.5355252027511597, 3.3404030799865723
35, 7.295505523681641, -0.5355252027511597, 3.3404030799865723
36, 7.049759387969971, -0.5355252027511597, 3.386324405670166
37, 6.804013252258301, -0.5355252027511597, 3.4322457313537598
38, 6.558267116546631, -0.5355252027511597, 3.4781670570373535
39, 6.558267116546631, -0.5355252027511597, 3.4781670570373535
40, 6.558267116546631, -0.5355252027511597, 3.4781670570373535
41, 6.493092060089111, -0.5355252027511597, 3.663081169128418
42, 6.493092060089111, -0.5355252027511597, 3.663081645965576
43, 6.493092060089111, -0.5355252027511597, 3.663081645965576
44, 6.303230285644531, -0.5355252027511597, 3.825723648071289
45, 6.303230285644531, -0.5355252027511597, 3.825723648071289
46, 6.303230285644531, -0.5355252027511597, 3.825723648071289
47, 6.303230285644531, -0.5355252027511597, 3.825723648071289
48, 6.303230285644531, -0.5355252027511597, 3.825723648071289
49, 6.303230285644531, -0.5355252027511597, 3.825723648071289
50, 6.140588283538818, -0.5355252027511597, 3.63586163520813
51, 5.9779462814331055, -0.5355252027511597, 3.4459996223449707
52, 5.9779462814331055, -0.5355252027511597, 3.4459996223449707
53, 5.742163181304932, -0.5355252027511597, 3.3628954887390137
54, 5.506380081176758, -0.5355252027511597, 3.2797913551330566
55, 5.270596981048584, -0.5355252027511597, 3.1966872215270996
56, 5.270596981048584, -0.5355252027511597, 3.1966872215270996
57, 5.024850845336914, -0.5355252027511597, 3.2426085472106934
58, 4.779104709625244, -0.5355252027511597, 3.288529872894287
59, 4.533358573913574, -0.5355252027511597, 3.334451198577881
60, 4.287612438201904, -0.5355252027511597, 3.3803725242614746
61, 4.041866302490234, -0.5355252027511597, 3.4262938499450684
62, 3.7961199283599854, -0.5355252027511597, 3.472215175628662
63, 3.5503735542297363, -0.5355252027511597, 3.518136501312256
64, 3.5503735542297363, -0.5355252027511597, 3.518136501312256
65, 3.5503735542297363, -0.5355252027511597, 3.518136501312256
66, 3.3046271800994873, -0.5355252027511597, 3.5640578269958496
67, 3.3046271800994873, -0.5355252027511597, 3.5640578269958496
68, 3.0797548294067383, -0.5355252027511597, 3.484799385070801
69, 3.0797548294067383, -0.5355252027511597, 3.484799385070801
70, 3.0797548294067383, -0.5355252027511597, 3.484799385070801
71, 3.0797548294067383, -0.5355252027511597, 3.484799385070801
72, 3.0797548294067383, -0.5355252027511597, 3.484799385070801
73, 3.0797548294067383, -0.5355252027511597, 3.484799385070801
74, 3.0797548294067383, -0.5355252027511597, 3.484799385070801
75, 3.0797548294067383, -0.5355252027511597, 3.484799385070801
76, 3.0797548294067383, -0.5355252027511597, 3.484799385070801
77, 3.0797548294067383, -0.5355252027511597, 3.484799385070801
78, 3.0797548294067383, -0.5355252027511597, 3.484799385070801
79, 3.0797548294067383, -0.5355252027511597, 3.484799385070801
80, 3.0797548294067383, -0.5355252027511597, 3.484799385070801
81, 3.0797548294067383, -0.5355252027511597, 3.484799385070801
82, 3.0797548294067383, -0.5355252027511597, 3.484799385070801
83, 3.0797548294067383, -0.5355252027511597, 3.484799385070801
84, 3.0338335037231445, -0.5355252027511597, 3.2390530109405518
85, 3.0338335037231445, -0.5355252027511597, 3.2390530109405518
86, 3.0338335037231445, -0.5355252027511597, 3.2390530109405518
87, 3.0338335037231445, -0.5355252027511597, 3.2390530109405518
88, 2.7880871295928955, -0.5355252027511597, 3.2849743366241455
89, 2.7880871295928955, -0.5355252027511597, 3.2849743366241455
90, 2.5523040294647217, -0.5355252027511597, 3.2018702030181885
91, 2.316520929336548, -0.5355252027511597, 3.1187660694122314
92, 2.316520929336548, -0.5355252027511597, 3.1187660694122314
93, 2.316520929336548, -0.5355252027511597, 3.1187660694122314
94, 2.270599603652954, -0.5355252027511597, 2.8730196952819824
95, 2.2246782779693604, -0.5355252027511597, 2.6272733211517334
96, 2.1787569522857666, -0.5355252027511597, 2.3815269470214844
97, 2.132835626602173, -0.5355252027511597, 2.1357805728912354
98, 2.086914300918579, -0.5355252027511597, 1.8900343179702759
99, 2.0409929752349854, -0.5355252027511597, 1.6442880630493164
100, 2.0409929752349854, -0.5355252027511597, 1.6442880630493164
101, 2.0409929752349854, -0.5355252027511597, 1.6442880630493164
102, 2.0409929752349854, -0.5355252027511597, 1.6442880630493164
103, 2.0409929752349854, -0.5355252027511597, 1.6442880630493164
104, 2.0409929752349854, -0.5355252027511597, 1.6442880630493164
105, 1.7952467203140259, -0.5355252027511597, 1.6902092695236206
106, 1.7952467203140259, -0.5355252027511597, 1.6902092695236206
107, 1.6053848266601562, -0.5355252027511597, 1.852851390838623
108, 1.4155229330062866, -0.5355252027511597, 2.015493392944336
109, 1.4155229330062866, -0.5355252027511597, 2.015493392944336
110, 1.4155229330062866, -0.5355252027511597, 2.015493392944336
111, 1.4614441394805908, -0.5355252027511597, 2.261239767074585
112, 1.4614441394805908, -0.5355252027511597, 2.261239767074585
113, 1.4614441394805908, -0.5355252027511597, 2.261239767074585
114, 1.4614441394805908, -0.5355252027511597, 2.261239767074585
115, 1.7071903944015503, -0.5355252027511597, 2.215318441390991
116, 1.9529366493225098, -0.5355252027511597, 2.1693971157073975
117, 1.9529366493225098, -0.5355252027511597, 2.1693971157073975
118, 1.9529366493225098, -0.5355252027511597, 2.1693971157073975
119, 1.9529366493225098, -0.5355252027511597, 2.1693971157073975
120, 1.9529366493225098, -0.5355252027511597, 2.1693971157073975
121, 2.1155786514282227, -0.5355252027511597, 2.3592591285705566
122, 2.1155786514282227, -0.5355252027511597, 2.3592591285705566
123, 2.1614999771118164, -0.5355252027511597, 2.6050055027008057
124, 2.20742130279541, -0.5355252027511597, 2.8507518768310547
125, 2.20742130279541, -0.5355252027511597, 2.8507518768310547
126, 2.370063304901123, -0.5355252027511597, 3.040613889694214
127, 2.532705307006836, -0.5355252027511597, 3.230475902557373
128, 2.532705307006836, -0.5355252027511597, 3.230475902557373
129, 2.7684884071350098, -0.5355252027511597, 3.31358003616333
130, 3.0042715072631836, -0.5355252027511597, 3.396684169769287
131, 3.0042715072631836, -0.5355252027511597, 3.396684169769287
132, 3.2500178813934326, -0.5355252027511597, 3.3507628440856934
133, 3.4957642555236816, -0.5355252027511597, 3.3048415184020996
134, 3.7415106296539307, -0.5355252027511597, 3.258920192718506
135, 3.7415106296539307, -0.5355252027511597, 3.258920192718506
136, 3.93137264251709, -0.5355252027511597, 3.096278190612793
137, 3.93137264251709, -0.5355252027511597, 3.096278190612793
138, 3.93137264251709, -0.5355252027511597, 3.096278190612793
139, 3.93137264251709, -0.5355252027511597, 3.096278190612793
140, 3.93137264251709, -0.5355252027511597, 3.096278190612793
141, 3.93137264251709, -0.5355252027511597, 3.096278190612793
142, 3.685626268386841, -0.5355252027511597, 3.1421995162963867
143, 3.439879894256592, -0.5355252027511597, 3.1881208419799805
144, 3.439879894256592, -0.5355252027511597, 3.1881208419799805
145, 3.2500178813934326, -0.5355252027511597, 3.3507628440856934
146, 3.2500178813934326, -0.5355252027511597, 3.3507628440856934
147, 3.0042715072631836, -0.5355252027511597, 3.396684169769287
148, 2.7585251331329346, -0.5355252027511597, 3.442605495452881
149, 2.5127787590026855, -0.5355252027511597, 3.4885268211364746
150, 2.2670323848724365, -0.5355252027511597, 3.5344481468200684
151, 2.0212860107421875, -0.5355252027511597, 3.580369472503662
152, 2.0212860107421875, -0.5355252027511597, 3.580369472503662
153, 1.8314241170883179, -0.5355252027511597, 3.743011474609375
154, 1.6415622234344482, -0.5355252027511597, 3.905653476715088
155, 1.4517003297805786, -0.5355252027511597, 4.068295478820801
156, 1.261838436126709, -0.5355252027511597, 4.230937480926514
157, 1.0719765424728394, -0.5355252027511597, 4.393579483032227
158, 0.8821146488189697, -0.5355252027511597, 4.5562214851379395
159, 0.6922527551651001, -0.5355252027511597, 4.718863487243652
160, 1.0229631662368774, 2.0644748210906982, -0.2873844802379608
