1, 1.1461222171783447, 0.09943583607673645, -0.29953575134277344
2, 1.1461222171783447, 0.09943583607673645, -0.29953575134277344
3, 1.1461222171783447, 0.09943583607673645, -0.29953575134277344
4, 1.1461222171783447, 0.09943583607673645, -0.29953575134277344
5, 1.1461222171783447, 0.09943583607673645, -0.29953575134277344
6, 1.1461222171783447, 0.09943583607673645, -0.29953575134277344
7, 1.1461222171783447, 0.09943583607673645, -0.29953575134277344
8, 1.1461222171783447, 0.09943583607673645, -0.29953575134277344
9, 1.1461222171783447, 0.09943583607673645, -0.29953575134277344
10, 1.1461222171783447, 0.09943583607673645, -0.29953575134277344
11, 1.1461222171783447, 0.09943583607673645, -0.29953575134277344
12, 1.1461222171783447, 0.09943583607673645, -0.29953575134277344
13, 1.1461222171783447, 0.09943583607673645, -0.29953575134277344
14, 1.1461222171783447, 0.09943583607673645, -0.29953575134277344
15, 1.1461222171783447, 0.09943583607673645, -0.29953575134277344
16, 1.1461222171783447, 0.09943583607673645, -0.29953575134277344
17, 1.387298583984375, 0.09943583607673645, -0.23370283842086792
18, 1.387298583984375, 0.09943583607673645, -0.23370283842086792
19, 1.629079818725586, 0.09943583607673645, -0.2972780764102936
20, 1.8708610534667969, 0.09943583607673645, -0.36085331439971924
21, 2.112642288208008, 0.09943583607673645, -0.4244285523891449
22, 2.3544235229492188, 0.09943583607673645, -0.48800379037857056
23, 2.3544235229492188, 0.09943583607673645, -0.48800379037857056
24, 2.595599889755249, 0.09943583607673645, -0.42217087745666504
25, 2.8367762565612793, 0.09943583607673645, -0.3563379645347595
26, 2.8367762565612793, 0.09943583607673645, -0.3563379645347595
27, 3.0785574913024902, 0.09943583607673645, -0.4199132025241852
28, 3.0785574913024902, 0.09943583607673645, -0.4199132025241852
29, 3.0785574913024902, 0.09943583607673645, -0.4199132025241852
30, 3.320338726043701, 0.09943583607673645, -0.48348844051361084
31, 3.320338726043701, 0.09943583607673645, -0.48348844051361084
32, 3.320338726043701, 0.09943583607673645, -0.48348844051361084
33, 3.562119960784912, 0.09943583607673645, -0.5470637083053589
34, 3.562119960784912, 0.09943583607673645, -0.5470637083053589
35, 3.562119960784912, 0.09943583607673645, -0.5470637083053589
36, 3.803901195526123, 0.09943583607673645, -0.6106389760971069
37, 3.803901195526123, 0.09943583607673645, -0.6106389760971069
38, 3.803901195526123, 0.09943583607673645, -0.6106389760971069
39, 3.803901195526123, 0.09943583607673645, -0.6106389760971069
40, 4.045077800750732, 0.09943583607673645, -0.5448060631752014
41, 4.286254405975342, 0.09943583607673645, -0.4789731502532959
42, 4.286254405975342, 0.09943583607673645, -0.4789731502532959
43, 4.528035640716553, 0.09943583607673645, -0.542548418045044
44, 4.769816875457764, 0.09943583607673645, -0.606123685836792
45, 5.011598110198975, 0.09943583607673645, -0.66969895362854
46, 5.2533793449401855, 0.09943583607673645, -0.7332742214202881
47, 5.2533793449401855, 0.09943583607673645, -0.7332742214202881
48, 5.494555950164795, 0.09943583607673645, -0.6674413084983826
49, 5.735732555389404, 0.09943583607673645, -0.601608395576477
50, 5.976909160614014, 0.09943583607673645, -0.5357754826545715
51, 6.218085765838623, 0.09943583607673645, -0.469942569732666
52, 6.459262371063232, 0.09943583607673645, -0.4041096568107605
53, 6.700438976287842, 0.09943583607673645, -0.338276743888855
54, 6.941615581512451, 0.09943583607673645, -0.27244383096694946
55, 6.941615581512451, 0.09943583607673645, -0.27244383096694946
56, 7.183396816253662, 0.09943583607673645, -0.3360190689563751
57, 7.425178050994873, 0.09943583607673645, -0.3995943069458008
58, 7.666959285736084, 0.09943583607673645, -0.46316954493522644
59, 7.908740520477295, 0.09943583607673645, -0.5267447829246521
60, 7.908740520477295, 0.09943583607673645, -0.5267447829246521
61, 7.908740520477295, 0.09943583607673645, -0.5267447829246521
62, 8.150522232055664, 0.09943583607673645, -0.5903199911117554
63, 8.150522232055664, 0.09943583607673645, -0.5903199911117554
64, 8.328123092651367, 0.09943583607673645, -0.7662683725357056
65, 8.328123092651367, 0.09943583607673645, -0.7662683725357056
66, 8.393956184387207, 0.09943583607673645, -1.0074447393417358
67, 8.393956184387207, 0.09943583607673645, -1.0074447393417358
68, 8.57155704498291, 0.09943583607673645, -1.183393120765686
69, 8.749157905578613, 0.09943583607673645, -1.3593415021896362
70, 8.749157905578613, 0.09943583607673645, -1.3593415021896362
71, 8.990939140319824, 0.09943583607673645, -1.4229167699813843
72, 9.232720375061035, 0.09943583607673645, -1.4864920377731323
73, 9.232720375061035, 0.09943583607673645, -1.4864920377731323
74, 9.410321235656738, 0.09943583607673645, -1.6624404191970825
75, 9.410321235656738, 0.09943583607673645, -1.6624404191970825
76, 9.65210247039795, 0.09943583607673645, -1.7260156869888306
77, 9.89388370513916, 0.09943583607673645, -1.7895909547805786
78, 9.89388370513916, 0.09943583607673645, -1.7895909547805786
79, 10.13506031036377, 0.09943583607673645, -1.7237579822540283
80, 10.376236915588379, 0.09943583607673645, -1.6579251289367676
81, 10.43910026550293, 0.09943583607673645, -1.64076566696167
82, 10.43910026550293, 0.09943583607673645, -1.64076566696167
83, 10.68088150024414, 0.09943583607673645, -1.704340934753418
84, 10.922662734985352, 0.09943583607673645, -1.767916202545166
85, 10.922662734985352, 0.09943583607673645, -1.767916202545166
86, 11.163839340209961, 0.09943583607673645, -1.7020833492279053
87, 11.388474464416504, 0.09943583607673645, -1.64076566696167
88, 11.388474464416504, 0.09943583607673645, -1.64076566696167
89, 11.388474464416504, 0.09943583607673645, -1.64076566696167
90, 11.630255699157715, 0.09943583607673645, -1.704340934753418
91, 11.630255699157715, 0.09943583607673645, -1.704340934753418
92, 11.871432304382324, 0.09943583607673645, -1.6385080814361572
93, 11.871432304382324, 0.09943583607673645, -1.6385080814361572
94, 12.047380447387695, 0.09943583607673645, -1.460906982421875
95, 12.223328590393066, 0.09943583607673645, -1.2833058834075928
96, 12.223328590393066, 0.09943583607673645, -1.2833058834075928
97, 12.223328590393066, 0.09943583607673645, -1.2833058834075928
98, 12.399276733398438, 0.09943583607673645, -1.1057047843933105
99, 12.575224876403809, 0.09943583607673645, -0.9281036257743835
100, 12.75117301940918, 0.09943583607673645, -0.7505024671554565
101, 12.92712116241455, 0.09943583607673645, -0.5729013085365295
102, 13.103069305419922, 0.09943583607673645, -0.39530014991760254
103, 13.103069305419922, 0.09943583607673645, -0.39530014991760254
104, 13.103069305419922, 0.09943583607673645, -0.39530014991760254
105, 13.103069305419922, 0.09943583607673645, -0.39530014991760254
106, 13.103069305419922, 0.09943583607673645, -0.39530014991760254
107, 13.103069305419922, 0.09943583607673645, -0.39530014991760254
108, 12.925468444824219, 0.09943583607673645, -0.21935173869132996
109, 12.925468444824219, 0.09943583607673645, -0.21935173869132996
110, 12.925468444824219, 0.09943583607673645, -0.21935173869132996
111, 12.925468444824219, 0.09943583607673645, -0.21935173869132996
112, 13.10141658782959, 0.09943583607673645, -0.041750580072402954
113, 13.10141658782959, 0.09943583607673645, -0.041750580072402954
114, 13.3425931930542, 0.09943583607673645, 0.024082332849502563
115, 13.583769798278809, 0.09943583607673645, 0.08991524577140808
116, 13.583769798278809, 0.09943583607673645, 0.08991524577140808
117, 13.82555103302002, 0.09943583607673645, 0.026340052485466003
118, 14.06733226776123, 0.09943583607673645, -0.037235140800476074
119, 14.309113502502441, 0.09943583607673645, -0.10081033408641815
120, 14.309113502502441, 0.09943583607673645, -0.10081033408641815
121, 14.399913787841797, 0.09943583607673645, -0.1907658576965332
122, 14.399913787841797, 0.09943583607673645, -0.1907658576965332
123, 14.399913787841797, 0.09943583607673645, -0.1907658576965332
124, 14.399913787841797, 0.09943583607673645, -0.1907658576965332
125, 14.641090393066406, 0.09943583607673645, -0.12493294477462769
126, 14.641090393066406, 0.09943583607673645, -0.12493294477462769
127, 14.641090393066406, 0.09943583607673645, -0.12493294477462769
128, 14.641090393066406, 0.09943583607673645, -0.12493294477462769
129, 14.641090393066406, 0.09943583607673645, -0.12493294477462769
130, 14.641090393066406, 0.09943583607673645, -0.12493294477462769
131, 14.882871627807617, 0.09943583607673645, -0.18850813806056976
132, 14.882871627807617, 0.09943583607673645, -0.18850813806056976
133, 15.124048233032227, 0.09943583607673645, -0.12267522513866425
134, 15.365224838256836, 0.09943583607673645, -0.05684231221675873
135, 15.606401443481445, 0.09943583607673645, 0.00899060070514679
136, 15.847578048706055, 0.09943583607673645, 0.07482351362705231
137, 16.088754653930664, 0.09943583607673645, 0.14065642654895782
138, 16.088754653930664, 0.09943583607673645, 0.14065642654895782
139, 16.088754653930664, 0.09943583607673645, 0.14065642654895782
140, 16.088754653930664, 0.09943583607673645, 0.14065642654895782
141, 16.088754653930664, 0.09943583607673645, 0.14065642654895782
142, 16.088754653930664, 0.09943583607673645, 0.14065642654895782
143, 15.846973419189453, 0.09943583607673645, 0.20423169434070587
144, 15.605192184448242, 0.09943583607673645, 0.2678069472312927
145, 15.605192184448242, 0.09943583607673645, 0.2678069472312927
146, 15.364015579223633, 0.09943583607673645, 0.2019740641117096
147, 15.122838973999023, 0.09943583607673645, 0.13614118099212646
148, 14.881662368774414, 0.09943583607673645, 0.07030829787254333
149, 14.640485763549805, 0.09943583607673645, 0.004475414752960205
150, 14.399309158325195, 0.09943583607673645, -0.061357468366622925
151, 14.158132553100586, 0.09943583607673645, -0.12719035148620605
152, 13.916955947875977, 0.09943583607673645, -0.19302323460578918
153, 13.675779342651367, 0.09943583607673645, -0.2588561177253723
154, 13.434602737426758, 0.09943583607673645, -0.32468900084495544
155, 13.434602737426758, 0.09943583607673645, -0.32468900084495544
156, 13.434602737426758, 0.09943583607673645, -0.32468900084495544
157, 13.193426132202148, 0.09943583607673645, -0.3905218839645386
158, 13.193426132202148, 0.09943583607673645, -0.3905218839645386
159, 13.017477989196777, 0.09943583607673645, -0.5681229829788208
160, 12.841529846191406, 0.09943583607673645, -0.745724081993103
161, 12.665581703186035, 0.09943583607673645, -0.9233251810073853
162, 12.489633560180664, 0.09943583607673645, -1.1009262800216675
163, 12.313685417175293, 0.09943583607673645, -1.2785273790359497
164, 12.137737274169922, 0.09943583607673645, -1.456128478050232
165, 11.96178913116455, 0.09943583607673645, -1.6337295770645142
166, 11.96178913116455, 0.09943583607673645, -1.6337295770645142
167, 11.720612525939941, 0.09943583607673645, -1.699562430381775
168, 11.720612525939941, 0.09943583607673645, -1.699562430381775
169, 11.497003555297852, 0.09943583607673645, -1.64076566696167
170, 11.497003555297852, 0.09943583607673645, -1.64076566696167
171, 11.255826950073242, 0.09943583607673645, -1.7065985202789307
172, 11.255826950073242, 0.09943583607673645, -1.7065985202789307
173, 11.014045715332031, 0.09943583607673645, -1.6430232524871826
174, 11.014045715332031, 0.09943583607673645, -1.6430232524871826
175, 10.772869110107422, 0.09943583607673645, -1.7088561058044434
176, 10.772869110107422, 0.09943583607673645, -1.7088561058044434
177, 10.531087875366211, 0.09943583607673645, -1.6452808380126953
178, 10.531087875366211, 0.09943583607673645, -1.6452808380126953
179, 10.531087875366211, 0.09943583607673645, -1.6452808380126953
180, 10.531087875366211, 0.09943583607673645, -1.6452808380126953
181, 10.289911270141602, 0.09943583607673645, -1.711113691329956
182, 10.289911270141602, 0.09943583607673645, -1.711113691329956
183, 10.04813003540039, 0.09943583607673645, -1.647538423538208
184, 10.02237319946289, 0.09943583607673645, -1.64076566696167
185, 10.02237319946289, 0.09943583607673645, -1.64076566696167
186, 10.02237319946289, 0.09943583607673645, -1.64076566696167
187, 9.781196594238281, 0.09943583607673645, -1.7065985202789307
188, 9.781196594238281, 0.09943583607673645, -1.7065985202789307
189, 9.53941535949707, 0.09943583607673645, -1.6430232524871826
190, 9.29763412475586, 0.09943583607673645, -1.5794479846954346
191, 9.055852890014648, 0.09943583607673645, -1.5158727169036865
192, 8.814071655273438, 0.09943583607673645, -1.4522974491119385
193, 8.814071655273438, 0.09943583607673645, -1.4522974491119385
194, 8.572895050048828, 0.09943583607673645, -1.5181303024291992
195, 8.331718444824219, 0.09943583607673645, -1.58396315574646
196, 8.09054183959961, 0.09943583607673645, -1.6497960090637207
197, 7.849365711212158, 0.09943583607673645, -1.7156288623809814
198, 7.849365711212158, 0.09943583607673645, -1.7156288623809814
199, 7.849365711212158, 0.09943583607673645, -1.7156288623809814
200, 7.608189582824707, 0.09943583607673645, -1.7814617156982422
201, 7.608189582824707, 0.09943583607673645, -1.7814617156982422
202, 7.608189582824707, 0.09943583607673645, -1.7814617156982422
203, 7.608189582824707, 0.09943583607673645, -1.7814617156982422
204, 7.366408348083496, 0.09943583607673645, -1.7178864479064941
205, 7.366408348083496, 0.09943583607673645, -1.7178864479064941
206, 7.366408348083496, 0.09943583607673645, -1.7178864479064941
207, 7.190460205078125, 0.09943583607673645, -1.8954875469207764
208, 7.190460205078125, 0.09943583607673645, -1.8954875469207764
209, 7.126884937286377, 0.09943583607673645, -2.1372687816619873
210, 7.063309669494629, 0.09943583607673645, -2.3790500164031982
211, 7.063309669494629, 0.09943583607673645, -2.3790500164031982
212, 7.063309669494629, 0.09943583607673645, -2.3790500164031982
213, 7.063309669494629, 0.09943583607673645, -2.3790500164031982
214, 7.063309669494629, 0.09943583607673645, -2.3790500164031982
215, 7.063309669494629, 0.09943583607673645, -2.3790500164031982
216, 7.063309669494629, 0.09943583607673645, -2.3790500164031982
217, 7.063309669494629, 0.09943583607673645, -2.3790500164031982
218, 6.997476577758789, 0.09943583607673645, -2.137873649597168
219, 6.931643486022949, 0.09943583607673645, -1.8966972827911377
220, 6.865810394287109, 0.09943583607673645, -1.6555209159851074
221, 6.865810394287109, 0.09943583607673645, -1.6555209159851074
222, 6.865810394287109, 0.09943583607673645, -1.6555209159851074
223, 6.624029159545898, 0.09943583607673645, -1.5919456481933594
224, 6.624029159545898, 0.09943583607673645, -1.5919456481933594
225, 6.624029159545898, 0.09943583607673645, -1.5919456481933594
226, 6.624029159545898, 0.09943583607673645, -1.5919456481933594
227, 6.624029159545898, 0.09943583607673645, -1.5919456481933594
228, 6.624029159545898, 0.09943583607673645, -1.5919456481933594
229, 6.624029159545898, 0.09943583607673645, -1.5919456481933594
230, 6.624029159545898, 0.09943583607673645, -1.5919456481933594
231, 6.624029159545898, 0.09943583607673645, -1.5919456481933594
232, 6.3822479248046875, 0.09943583607673645, -1.5283703804016113
233, 6.3822479248046875, 0.09943583607673645, -1.5283703804016113
234, 6.3822479248046875, 0.09943583607673645, -1.5283703804016113
235, 6.3822479248046875, 0.09943583607673645, -1.5283703804016113
236, 6.3822479248046875, 0.09943583607673645, -1.5283703804016113
237, 6.3822479248046875, 0.09943583607673645, -1.5283703804016113
238, 6.3822479248046875, 0.09943583607673645, -1.5283703804016113
239, 6.3822479248046875, 0.09943583607673645, -1.5283703804016113
240, 6.3822479248046875, 0.09943583607673645, -1.5283703804016113
241, 6.140466690063477, 0.09943583607673645, -1.4647951126098633
242, 6.140466690063477, 0.09943583607673645, -1.4647951126098633
243, 6.140466690063477, 0.09943583607673645, -1.4647951126098633
244, 5.898685455322266, 0.09943583607673645, -1.4012198448181152
245, 5.898685455322266, 0.09943583607673645, -1.4012198448181152
246, 5.898685455322266, 0.09943583607673645, -1.4012198448181152
247, 5.898685455322266, 0.09943583607673645, -1.4012198448181152
248, 5.898685455322266, 0.09943583607673645, -1.4012198448181152
249, 5.7227373123168945, 0.09943583607673645, -1.5788209438323975
250, 5.7227373123168945, 0.09943583607673645, -1.5788209438323975
251, 5.7227373123168945, 0.09943583607673645, -1.5788209438323975
252, 5.611834526062012, 0.09943583607673645, -1.690765619277954
253, 5.611834526062012, 0.09943583607673645, -1.690765619277954
254, 5.611834526062012, 0.09943583607673645, -1.690765619277954
255, 5.611834526062012, 0.09943583607673645, -1.690765619277954
256, 5.611834526062012, 0.09943583607673645, -1.690765619277954
257, 5.611834526062012, 0.09943583607673645, -1.690765619277954
258, 5.611834526062012, 0.09943583607673645, -1.690765619277954
259, 5.611834526062012, 0.09943583607673645, -1.690765619277954
260, 5.611834526062012, 0.09943583607673645, -1.690765619277954
261, 5.611834526062012, 0.09943583607673645, -1.690765619277954
262, 5.611834526062012, 0.09943583607673645, -1.690765619277954
263, 5.611834526062012, 0.09943583607673645, -1.690765619277954
264, 5.611834526062012, 0.09943583607673645, -1.690765619277954
265, 5.370053291320801, 0.09943583607673645, -1.627190351486206
266, 5.370053291320801, 0.09943583607673645, -1.627190351486206
267, 5.370053291320801, 0.09943583607673645, -1.627190351486206
268, 5.19410514831543, 0.09943583607673645, -1.8047914505004883
269, 5.19410514831543, 0.09943583607673645, -1.8047914505004883
270, 5.178964614868164, 0.09943583607673645, -1.8089243173599243
271, 5.178964614868164, 0.09943583607673645, -1.8089243173599243
272, 5.178964614868164, 0.09943583607673645, -1.8089243173599243
273, 5.003016471862793, 0.09943583607673645, -1.986525535583496
274, 5.003016471862793, 0.09943583607673645, -1.986525535583496
275, 5.003016471862793, 0.09943583607673645, -1.986525535583496
276, 4.761235237121582, 0.09943583607673645, -1.922950267791748
277, 4.761235237121582, 0.09943583607673645, -1.922950267791748
278, 4.520059108734131, 0.09943583607673645, -1.9887831211090088
279, 4.520059108734131, 0.09943583607673645, -1.9887831211090088
280, 4.520059108734131, 0.09943583607673645, -1.9887831211090088
281, 4.520059108734131, 0.09943583607673645, -1.9887831211090088
282, 4.520059108734131, 0.09943583607673645, -1.9887831211090088
283, 4.520059108734131, 0.09943583607673645, -1.9887831211090088
284, 4.520059108734131, 0.09943583607673645, -1.9887831211090088
285, 4.761235237121582, 0.09943583607673645, -1.9229501485824585
286, 5.002411365509033, 0.09943583607673645, -1.8571171760559082
287, 5.002411365509033, 0.09943583607673645, -1.8571171760559082
288, 5.01861047744751, 0.09943583607673645, -1.8407657146453857
289, 5.01861047744751, 0.09943583607673645, -1.8407657146453857
290, 5.01861047744751, 0.09943583607673645, -1.8407657146453857
291, 5.01861047744751, 0.09943583607673645, -1.8407657146453857
292, 5.01861047744751, 0.09943583607673645, -1.8407657146453857
293, 5.01861047744751, 0.09943583607673645, -1.8407657146453857
294, 5.01861047744751, 0.09943583607673645, -1.8407657146453857
295, 5.01861047744751, 0.09943583607673645, -1.8407657146453857
296, 5.01861047744751, 0.09943583607673645, -1.8407657146453857
297, 5.01861047744751, 0.09943583607673645, -1.8407657146453857
298, 5.260391712188721, 0.09943583607673645, -1.9043408632278442
299, 5.260391712188721, 0.09943583607673645, -1.9043408632278442
300, 5.260391712188721, 0.09943583607673645, -1.9043408632278442
301, 5.288262367248535, 0.09943583607673645, -1.8762084245681763
302, 5.288262367248535, 0.09943583607673645, -1.8762084245681763
303, 5.288262367248535, 0.09943583607673645, -1.8762084245681763
304, 5.288262367248535, 0.09943583607673645, -1.8762084245681763
305, 5.250397205352783, 0.09943583607673645, -1.737491488456726
306, 5.250397205352783, 0.09943583607673645, -1.737491488456726
307, 5.250397205352783, 0.09943583607673645, -1.737491488456726
308, 5.250397205352783, 0.09943583607673645, -1.737491488456726
309, 5.250397205352783, 0.09943583607673645, -1.737491488456726
310, 5.491573333740234, 0.09943583607673645, -1.6716585159301758
311, 5.7327494621276855, 0.09943583607673645, -1.6058255434036255
312, 5.973925590515137, 0.09943583607673645, -1.5399925708770752
313, 6.215101718902588, 0.09943583607673645, -1.474159598350525
314, 6.456277847290039, 0.09943583607673645, -1.4083266258239746
315, 6.456277847290039, 0.09943583607673645, -1.4083266258239746
316, 6.69805908203125, 0.09943583607673645, -1.471901774406433
317, 6.939840316772461, 0.09943583607673645, -1.5354769229888916
318, 7.181621551513672, 0.09943583607673645, -1.59905207157135
319, 7.423402786254883, 0.09943583607673645, -1.6626272201538086
320, 7.665184020996094, 0.09943583607673645, -1.726202368736267
321, 7.665184020996094, 0.09943583607673645, -1.726202368736267
322, 7.906360149383545, 0.09943583607673645, -1.6603693962097168
323, 8.147536277770996, 0.09943583607673645, -1.5945364236831665
324, 8.388712882995605, 0.09943583607673645, -1.5287034511566162
325, 8.629889488220215, 0.09943583607673645, -1.462870478630066
326, 8.629889488220215, 0.09943583607673645, -1.462870478630066
327, 8.871670722961426, 0.09943583607673645, -1.5264456272125244
328, 9.113451957702637, 0.09943583607673645, -1.590020775794983
329, 9.355233192443848, 0.09943583607673645, -1.6535959243774414
330, 9.597014427185059, 0.09943583607673645, -1.7171710729599
331, 9.83879566192627, 0.09943583607673645, -1.7807462215423584
332, 10.067054748535156, 0.09943583607673645, -1.8407657146453857
333, 10.067054748535156, 0.09943583607673645, -1.8407657146453857
334, 10.308231353759766, 0.09943583607673645, -1.7749327421188354
335, 10.549407958984375, 0.09943583607673645, -1.7090997695922852
336, 10.549407958984375, 0.09943583607673645, -1.7090997695922852
337, 10.791189193725586, 0.09943583607673645, -1.7726749181747437
338, 11.032970428466797, 0.09943583607673645, -1.8362500667572021
339, 11.032970428466797, 0.09943583607673645, -1.8362500667572021
340, 11.274147033691406, 0.09943583607673645, -1.7704170942306519
341, 11.515323638916016, 0.09943583607673645, -1.7045841217041016
342, 11.756500244140625, 0.09943583607673645, -1.6387511491775513
343, 11.997676849365234, 0.09943583607673645, -1.572918176651001
344, 12.238853454589844, 0.09943583607673645, -1.5070852041244507
345, 12.238853454589844, 0.09943583607673645, -1.5070852041244507
346, 12.414801597595215, 0.09943583607673645, -1.329483985900879
347, 12.590749740600586, 0.09943583607673645, -1.1518828868865967
348, 12.766697883605957, 0.09943583607673645, -0.9742817282676697
349, 12.942646026611328, 0.09943583607673645, -0.7966805696487427
350, 13.1185941696167, 0.09943583607673645, -0.6190794110298157
351, 13.29454231262207, 0.09943583607673645, -0.44147825241088867
352, 13.470490455627441, 0.09943583607673645, -0.26387709379196167
353, 13.470490455627441, 0.09943583607673645, -0.26387709379196167
354, 13.71166706085205, 0.09943583607673645, -0.19804415106773376
355, 13.95284366607666, 0.09943583607673645, -0.13221120834350586
356, 14.19402027130127, 0.09943583607673645, -0.06637826561927795
357, 14.435196876525879, 0.09943583607673645, -0.0005453228950500488
358, 14.676373481750488, 0.09943583607673645, 0.06528761982917786
359, 14.917550086975098, 0.09943583607673645, 0.13112056255340576
360, 15.158726692199707, 0.09943583607673645, 0.19695350527763367
361, 15.399903297424316, 0.09943583607673645, 0.2627864480018616
362, 15.641079902648926, 0.09943583607673645, 0.3286193907260895
363, 15.641079902648926, 0.09943583607673645, 0.3286193907260895
364, 15.882861137390137, 0.09943583607673645, 0.2650442123413086
365, 16.124643325805664, 0.09943583607673645, 0.2014690488576889
366, 16.366424560546875, 0.09943583607673645, 0.1378938853740692
367, 16.608205795288086, 0.09943583607673645, 0.07431872189044952
368, 16.849987030029297, 0.09943583607673645, 0.010743558406829834
369, 17.091768264770508, 0.09943583607673645, -0.052831605076789856
370, 17.33354949951172, 0.09943583607673645, -0.11640676856040955
371, 17.57533073425293, 0.09943583607673645, -0.17998193204402924
372, 17.81711196899414, 0.09943583607673645, -0.24355709552764893
373, 18.05889320373535, 0.09943583607673645, -0.3071322441101074
374, 18.300674438476562, 0.09943583607673645, -0.3707073926925659
375, 18.300674438476562, 0.09943583607673645, -0.3707073926925659
376, 18.541851043701172, 0.09943583607673645, -0.304874449968338
377, 18.78302764892578, 0.09943583607673645, -0.2390415072441101
378, 19.02420425415039, 0.09943583607673645, -0.1732085645198822
379, 19.02420425415039, 0.09943583607673645, -0.1732085645198822
380, 19.2659854888916, 0.09943583607673645, -0.2367837280035019
381, 19.507766723632812, 0.09943583607673645, -0.3003588914871216
382, 19.749547958374023, 0.09943583607673645, -0.3639340400695801
383, 19.991329193115234, 0.09943583607673645, -0.4275091886520386
384, 20.233110427856445, 0.09943583607673645, -0.49108433723449707
385, 20.474891662597656, 0.09943583607673645, -0.5546594858169556
386, 20.474891662597656, 0.09943583607673645, -0.5546594858169556
387, 20.716068267822266, 0.09943583607673645, -0.48882654309272766
388, 20.957244873046875, 0.09943583607673645, -0.42299360036849976
389, 21.198421478271484, 0.09943583607673645, -0.35716065764427185
390, 21.198421478271484, 0.09943583607673645, -0.35716065764427185
391, 21.24927520751953, 0.09943583607673645, -0.3058289885520935
392, 21.24927520751953, 0.09943583607673645, -0.3058289885520935
393, 21.24927520751953, 0.09943583607673645, -0.3058288097381592
394, 21.24927520751953, 0.09943583607673645, -0.3058288097381592
395, 21.24927520751953, 0.09943583607673645, -0.3058288097381592
396, 21.24927520751953, 0.09943583607673645, -0.3058277368545532
397, 21.24927520751953, 0.09943583607673645, -0.3058277368545532
398, 21.24927520751953, 0.09943583607673645, -0.3058277368545532
399, 21.24927520751953, 0.09943583607673645, -0.30582764744758606
400, 21.24927520751953, 0.09943583607673645, -0.30582764744758606
401, 21.24927520751953, 0.09943583607673645, -0.30582767724990845
402, 21.24927520751953, 0.09943583607673645, -0.30582767724990845
403, 21.24927520751953, 0.09943583607673645, -0.30582767724990845
404, 21.24927520751953, 0.09943583607673645, -0.30582740902900696
405, 21.24927520751953, 0.09943583607673645, -0.30582740902900696
406, 21.24927520751953, 0.09943583607673645, -0.3058268427848816
407, 21.24927520751953, 0.09943583607673645, -0.3058268427848816
408, 21.218523025512695, 0.09943583607673645, -0.1931665539741516
409, 21.218523025512695, 0.09943583607673645, -0.1931665539741516
410, 21.218523025512695, 0.09943583607673645, -0.1931665539741516
411, 21.218523025512695, 0.09943583607673645, -0.1931665539741516
412, 21.459699630737305, 0.09943583607673645, -0.1273336112499237
413, 21.700876235961914, 0.09943583607673645, -0.0615006685256958
414, 21.700876235961914, 0.09943583607673645, -0.0615006685256958
415, 21.741981506347656, 0.09943583607673645, -0.07230883836746216
416, 21.741981506347656, 0.09943583607673645, -0.07230883836746216
417, 21.741981506347656, 0.09943583607673645, -0.07230883836746216
418, 21.741981506347656, 0.09943583607673645, -0.07230883836746216
419, 21.741981506347656, 0.09943583607673645, -0.07230883836746216
420, 21.741981506347656, 0.09943583607673645, -0.07230883836746216
421, 21.741981506347656, 0.09943583607673645, -0.07230883836746216
422, 21.822765350341797, 0.09943583607673645, 0.009234428405761719
423, 21.822765350341797, 0.09943583607673645, 0.009234428405761719
424, 21.822765350341797, 0.09943583607673645, 0.009234428405761719
425, 22.064546585083008, 0.09943583607673645, -0.05434073507785797
426, 22.30632781982422, 0.09943583607673645, -0.11791589856147766
427, 22.30632781982422, 0.09943583607673645, -0.11791589856147766
428, 22.483928680419922, 0.09943583607673645, -0.29386425018310547
429, 22.661529541015625, 0.09943583607673645, -0.4698126018047333
430, 22.839130401611328, 0.09943583607673645, -0.6457609534263611
431, 23.01673126220703, 0.09943583607673645, -0.8217092752456665
432, 23.01673126220703, 0.09943583607673645, -0.8217092752456665
433, 23.258512496948242, 0.09943583607673645, -0.885284423828125
434, 23.500293731689453, 0.09943583607673645, -0.9488595724105835
435, 23.742074966430664, 0.09943583607673645, -1.012434720993042
436, 23.983856201171875, 0.09943583607673645, -1.0760098695755005
437, 23.983856201171875, 0.09943583607673645, -1.0760098695755005
438, 24.225032806396484, 0.09943583607673645, -1.0101768970489502
439, 24.225032806396484, 0.09943583607673645, -1.0101768970489502
440, 24.225032806396484, 0.09943583607673645, -1.0101768970489502
441, 14.338150024414062, 2.8994359970092773, -1.0844355821609497
