1, -10.89771556854248, 0.07216382026672363, 8.181387901306152
2, -10.89771556854248, 0.07216382026672363, 8.181387901306152
3, -10.89771556854248, 0.07216382026672363, 8.181387901306152
4, -10.89771556854248, 0.07216382026672363, 8.181387901306152
5, -10.89771556854248, 0.07216382026672363, 8.181387901306152
6, -10.89771556854248, 0.07216382026672363, 8.181387901306152
7, -10.89771556854248, 0.07216382026672363, 8.181387901306152
8, -10.89771556854248, 0.07216382026672363, 8.181387901306152
9, -10.89771556854248, 0.07216382026672363, 8.181387901306152
10, -10.89771556854248, 0.07216382026672363, 8.181387901306152
11, -10.89771556854248, 0.07216382026672363, 8.181387901306152
12, -10.89771556854248, 0.07216382026672363, 8.181387901306152
13, -10.89771556854248, 0.07216382026672363, 8.181387901306152
14, -10.89771556854248, 0.07216382026672363, 8.181387901306152
15, -10.89771556854248, 0.07216382026672363, 8.181387901306152
16, -10.89771556854248, 0.07216382026672363, 8.181387901306152
17, -10.672638893127441, 0.07216382026672363, 8.072574615478516
18, -10.672638893127441, 0.07216382026672363, 8.072574615478516
19, -10.532123565673828, 0.07216382026672363, 7.865800857543945
20, -10.391608238220215, 0.07216382026672363, 7.659027099609375
21, -10.391608238220215, 0.07216382026672363, 7.659027099609375
22, -10.166531562805176, 0.07216382026672363, 7.550213813781738
23, -10.166531562805176, 0.07216382026672363, 7.550213813781738
24, -9.91720199584961, 0.07216382026672363, 7.568517208099365
25, -9.667872428894043, 0.07216382026672363, 7.586820602416992
26, -9.418542861938477, 0.07216382026672363, 7.605123996734619
27, -9.16921329498291, 0.07216382026672363, 7.623427391052246
28, -8.919883728027344, 0.07216382026672363, 7.641730785369873
29, -8.670554161071777, 0.07216382026672363, 7.6600341796875
30, -8.421224594116211, 0.07216382026672363, 7.678337574005127
31, -8.421224594116211, 0.07216382026672363, 7.678337574005127
32, -8.21445083618164, 0.07216382026672363, 7.818853378295898
33, -8.21445083618164, 0.07216382026672363, 7.818853378295898
34, -7.965121746063232, 0.07216382026672363, 7.837156772613525
35, -2.2443559169769287, 0.07216382026672363, 5.445797920227051
