1, -12.761614799499512, 2.8048131465911865, -11.55482006072998
2, -12.761614799499512, 2.8048131465911865, -11.55482006072998
3, -12.761614799499512, 2.8048131465911865, -11.55482006072998
4, -12.761614799499512, 2.8048131465911865, -11.55482006072998
5, -12.761614799499512, 2.8048131465911865, -11.55482006072998
6, -12.761614799499512, 2.8048131465911865, -11.55482006072998
7, -12.761614799499512, 2.8048131465911865, -11.55482006072998
8, -12.761614799499512, 2.8048131465911865, -11.55482006072998
9, -12.761614799499512, 2.8048131465911865, -11.55482006072998
10, -12.761614799499512, 2.8048131465911865, -11.55482006072998
11, -12.761614799499512, 2.8048131465911865, -11.55482006072998
12, -12.761614799499512, 2.8048131465911865, -11.55482006072998
13, -12.909865379333496, 2.8048131465911865, -11.756120681762695
14, -12.909865379333496, 2.8048131465911865, -11.756120681762695
15, -13.138904571533203, 2.8048131465911865, -11.856327056884766
16, -13.36794376373291, 2.8048131465911865, -11.956533432006836
17, -13.596982955932617, 2.8048131465911865, -12.056739807128906
18, -13.596982955932617, 2.8048131465911865, -12.056739807128906
19, -13.845438957214355, 2.8048131465911865, -12.029001235961914
20, -14.093894958496094, 2.8048131465911865, -12.001262664794922
21, -14.342350959777832, 2.8048131465911865, -11.97352409362793
22, -14.342350959777832, 2.8048131465911865, -11.97352409362793
23, -14.342350959777832, 2.8048131465911865, -11.97352409362793
24, -14.442557334899902, 2.8048131465911865, -11.744484901428223
25, -14.542763710021973, 2.8048131465911865, -11.515445709228516
26, -14.642970085144043, 2.8048131465911865, -11.286406517028809
27, -14.642970085144043, 2.8048131465911865, -11.286406517028809
28, -14.642970085144043, 2.8048131465911865, -11.286406517028809
29, -14.743176460266113, 2.8048131465911865, -11.057367324829102
30, -14.843382835388184, 2.8048131465911865, -10.828328132629395
31, -14.843382835388184, 2.8048131465911865, -10.828328132629395
32, -14.843382835388184, 2.8048131465911865, -10.828328132629395
33, -14.843382835388184, 2.8048131465911865, -10.828328132629395
34, -14.843382835388184, 2.8048131465911865, -10.828328132629395
35, -14.843382835388184, 2.8048131465911865, -10.828328132629395
36, -14.71173095703125, 2.8048131465911865, -10.925284385681152
37, -14.71173095703125, 2.8048131465911865, -10.925284385681152
38, -14.71173095703125, 2.8048131465911865, -10.925284385681152
39, -14.71173095703125, 2.8048131465911865, -10.925284385681152
40, -14.71173095703125, 2.8048131465911865, -10.925284385681152
41, -14.71173095703125, 2.8048131465911865, -10.925284385681152
42, -14.71173095703125, 2.8048131465911865, -10.925284385681152
43, -14.71173095703125, 2.8048131465911865, -10.925284385681152
44, -14.71173095703125, 2.8048131465911865, -10.925284385681152
45, -14.71173095703125, 2.8048131465911865, -10.925284385681152
46, -14.71173095703125, 2.8048131465911865, -10.925284385681152
47, -14.71173095703125, 2.8048131465911865, -10.925284385681152
48, -14.71173095703125, 2.8048131465911865, -10.925284385681152
49, -14.71173095703125, 2.8048131465911865, -10.925284385681152
50, -14.71173095703125, 2.8048131465911865, -10.925284385681152
51, -14.71173095703125, 2.8048131465911865, -10.925284385681152
52, -14.71173095703125, 2.8048131465911865, -10.925284385681152
53, -14.71173095703125, 2.8048131465911865, -10.925284385681152
54, -14.71173095703125, 2.8048131465911865, -10.925284385681152
55, -14.71173095703125, 2.8048131465911865, -10.925284385681152
56, -14.71173095703125, 2.8048131465911865, -10.925284385681152
57, -14.71173095703125, 2.8048131465911865, -10.925284385681152
58, -14.71173095703125, 2.8048131465911865, -10.925284385681152
59, -14.71173095703125, 2.8048131465911865, -10.925284385681152
60, -14.71173095703125, 2.8048131465911865, -10.925284385681152
61, -14.71173095703125, 2.8048131465911865, -10.925284385681152
62, -14.71173095703125, 2.8048131465911865, -10.925284385681152
63, -14.71173095703125, 2.8048131465911865, -10.925284385681152
64, -14.71173095703125, 2.8048131465911865, -10.925284385681152
65, -14.71173095703125, 2.8048131465911865, -10.925284385681152
66, -14.71173095703125, 2.8048131465911865, -10.925284385681152
67, -14.71173095703125, 2.8048131465911865, -10.925284385681152
68, -14.71173095703125, 2.8048131465911865, -10.925284385681152
69, -14.71173095703125, 2.8048131465911865, -10.925284385681152
70, -14.71173095703125, 2.8048131465911865, -10.925284385681152
71, -14.739469528198242, 2.8048131465911865, -11.17374038696289
72, -14.739469528198242, 2.8048131465911865, -11.17374038696289
73, -14.739469528198242, 2.8048131465911865, -11.17374038696289
74, -14.538168907165527, 2.8048131465911865, -11.321990966796875
75, -14.538168907165527, 2.8048131465911865, -11.321990966796875
76, -14.538168907165527, 2.8048131465911865, -11.321990966796875
77, -14.538168907165527, 2.8048131465911865, -11.321990966796875
78, -14.538168907165527, 2.8048131465911865, -11.321990966796875
79, -14.538168907165527, 2.8048131465911865, -11.321990966796875
80, -14.638375282287598, 2.8048131465911865, -11.092951774597168
81, -14.704206466674805, 2.8048131465911865, -10.942482948303223
82, -14.704206466674805, 2.8048131465911865, -10.942482948303223
83, -14.704206466674805, 2.8048131465911865, -10.942482948303223
84, -14.704206466674805, 2.8048131465911865, -10.942482948303223
85, -14.704206466674805, 2.8048131465911865, -10.942482948303223
86, -14.704206466674805, 2.8048131465911865, -10.942482948303223
87, -14.50290584564209, 2.8048131465911865, -11.090733528137207
88, -14.301605224609375, 2.8048131465911865, -11.238984107971191
89, -14.301605224609375, 2.8048131465911865, -11.238984107971191
90, -14.053149223327637, 2.8048131465911865, -11.266722679138184
91, -13.804693222045898, 2.8048131465911865, -11.294461250305176
92, -13.55623722076416, 2.8048131465911865, -11.322199821472168
93, -13.307781219482422, 2.8048131465911865, -11.34993839263916
94, -13.307781219482422, 2.8048131465911865, -11.34993839263916
95, -13.078742027282715, 2.8048131465911865, -11.24973201751709
96, -12.849702835083008, 2.8048131465911865, -11.14952564239502
97, -12.849702835083008, 2.8048131465911865, -11.14952564239502
98, -12.701452255249023, 2.8048131465911865, -10.948225021362305
99, -12.553201675415039, 2.8048131465911865, -10.74692440032959
100, -12.553201675415039, 2.8048131465911865, -10.74692440032959
101, -12.525463104248047, 2.8048131465911865, -10.498468399047852
102, -12.497724533081055, 2.8048131465911865, -10.250012397766113
103, -12.469985961914062, 2.8048131465911865, -10.001556396484375
104, -12.44224739074707, 2.8048131465911865, -9.753100395202637
105, -12.414508819580078, 2.8048131465911865, -9.504644393920898
106, -12.386770248413086, 2.8048131465911865, -9.25618839263916
107, -12.359031677246094, 2.8048131465911865, -9.007732391357422
108, -12.331293106079102, 2.8048131465911865, -8.759276390075684
109, -12.331293106079102, 2.8048131465911865, -8.759276390075684
110, -12.431499481201172, 2.8048131465911865, -8.530237197875977
111, -12.531705856323242, 2.8048131465911865, -8.30119800567627
112, -12.631912231445312, 2.8048131465911865, -8.072158813476562
113, -12.631912231445312, 2.8048131465911865, -8.072158813476562
114, -12.833212852478027, 2.8048131465911865, -7.923908233642578
115, -13.034513473510742, 2.8048131465911865, -7.775657653808594
116, -13.235814094543457, 2.8048131465911865, -7.627407073974609
117, -13.437114715576172, 2.8048131465911865, -7.479156494140625
118, -13.437114715576172, 2.8048131465911865, -7.479156494140625
119, -13.437114715576172, 2.8048131465911865, -7.479156494140625
120, -13.40937614440918, 2.8048131465911865, -7.2307000160217285
121, -13.381637573242188, 2.8048131465911865, -6.982243537902832
122, -13.381637573242188, 2.8048131465911865, -6.982243537902832
123, -13.481843948364258, 2.8048131465911865, -6.753204822540283
124, -13.481843948364258, 2.8048131465911865, -6.753204822540283
125, -13.481843948364258, 2.8048131465911865, -6.753204822540283
126, -13.481843948364258, 2.8048131465911865, -6.753204822540283
127, -13.454105377197266, 2.8048131465911865, -6.504748344421387
128, -13.426366806030273, 2.8048131465911865, -6.25629186630249
129, -13.426366806030273, 2.8048131465911865, -6.25629186630249
130, -13.426366806030273, 2.8048131465911865, -6.25629186630249
131, -13.197327613830566, 2.8048131465911865, -6.156085968017578
132, -12.96828842163086, 2.8048131465911865, -6.055880069732666
133, -12.96828842163086, 2.8048131465911865, -6.055880069732666
134, -12.820037841796875, 2.8048131465911865, -5.854579925537109
135, -12.67178726196289, 2.8048131465911865, -5.653279781341553
136, -12.523536682128906, 2.8048131465911865, -5.451979637145996
137, -12.375286102294922, 2.8048131465911865, -5.2506794929504395
138, -12.227035522460938, 2.8048131465911865, -5.049379348754883
139, -12.078784942626953, 2.8048131465911865, -4.848079204559326
140, -11.930534362792969, 2.8048131465911865, -4.6467790603637695
141, -11.782283782958984, 2.8048131465911865, -4.445478916168213
142, -11.634033203125, 2.8048131465911865, -4.244178771972656
143, -11.634033203125, 2.8048131465911865, -4.244178771972656
144, -11.634033203125, 2.8048131465911865, -4.244178771972656
145, -11.634033203125, 2.8048131465911865, -4.244178771972656
146, -11.606294631958008, 2.8048131465911865, -3.9957222938537598
147, -11.606294631958008, 2.8048131465911865, -3.9957222938537598
148, -11.606294631958008, 2.8048131465911865, -3.9957222938537598
149, -11.606294631958008, 2.8048131465911865, -3.9957222938537598
150, -11.606294631958008, 2.8048131465911865, -3.9957222938537598
151, -11.606294631958008, 2.8048131465911865, -3.9957222938537598
152, -11.606294631958008, 2.8048131465911865, -3.9957222938537598
153, -11.634033203125, 2.8048131465911865, -4.244178771972656
154, -11.634033203125, 2.8048131465911865, -4.244178771972656
155, -11.782283782958984, 2.8048131465911865, -4.445478916168213
156, -11.930534362792969, 2.8048131465911865, -4.6467790603637695
157, -11.930534362792969, 2.8048131465911865, -4.6467790603637695
158, -11.958272933959961, 2.8048131465911865, -4.895235538482666
159, -11.986011505126953, 2.8048131465911865, -5.1436920166015625
160, -11.986011505126953, 2.8048131465911865, -5.1436920166015625
161, -11.986011505126953, 2.8048131465911865, -5.1436920166015625
162, -11.986011505126953, 2.8048131465911865, -5.1436920166015625
163, -11.986011505126953, 2.8048131465911865, -5.1436920166015625
164, -11.986011505126953, 2.8048131465911865, -5.1436920166015625
165, -11.986011505126953, 2.8048131465911865, -5.1436920166015625
166, -11.986011505126953, 2.8048131465911865, -5.1436920166015625
167, -11.737555503845215, 2.8048131465911865, -5.171430587768555
168, -11.737555503845215, 2.8048131465911865, -5.171430587768555
169, -11.737555503845215, 2.8048131465911865, -5.171430587768555
170, -11.58930492401123, 2.8048131465911865, -4.970130443572998
171, -11.441054344177246, 2.8048131465911865, -4.768830299377441
172, -11.441054344177246, 2.8048131465911865, -4.768830299377441
173, -11.441054344177246, 2.8048131465911865, -4.768830299377441
174, -11.541260719299316, 2.8048131465911865, -4.539791584014893
175, -11.641467094421387, 2.8048131465911865, -4.310752868652344
176, -11.741673469543457, 2.8048131465911865, -4.081714153289795
177, -11.741673469543457, 2.8048131465911865, -4.081714153289795
178, -11.741673469543457, 2.8048131465911865, -4.081714153289795
179, -11.741673469543457, 2.8048131465911865, -4.081714153289795
180, -11.741673469543457, 2.8048131465911865, -4.081714153289795
181, -11.741673469543457, 2.8048131465911865, -4.081714153289795
182, -11.741673469543457, 2.8048131465911865, -4.081714153289795
183, -11.741673469543457, 2.8048131465911865, -4.081714153289795
184, -11.76941204071045, 2.8048131465911865, -4.330170631408691
185, -11.797150611877441, 2.8048131465911865, -4.578627109527588
186, -11.797150611877441, 2.8048131465911865, -4.578627109527588
187, -11.945401191711426, 2.8048131465911865, -4.7799272537231445
188, -12.09365177154541, 2.8048131465911865, -4.981227397918701
189, -12.09365177154541, 2.8048131465911865, -4.981227397918701
190, -12.09365177154541, 2.8048131465911865, -4.981227397918701
191, -12.241902351379395, 2.8048131465911865, -5.182527542114258
192, -12.390152931213379, 2.8048131465911865, -5.3838276863098145
193, -12.538403511047363, 2.8048131465911865, -5.585127830505371
194, -12.686654090881348, 2.8048131465911865, -5.786427974700928
195, -12.686654090881348, 2.8048131465911865, -5.786427974700928
196, -12.915693283081055, 2.8048131465911865, -5.88663387298584
197, -13.144732475280762, 2.8048131465911865, -5.986839771270752
198, -13.144732475280762, 2.8048131465911865, -5.986839771270752
199, -13.292983055114746, 2.8048131465911865, -6.188139915466309
200, -13.44123363494873, 2.8048131465911865, -6.389440059661865
201, -13.44123363494873, 2.8048131465911865, -6.389440059661865
202, -13.468972206115723, 2.8048131465911865, -6.637896537780762
203, -13.468972206115723, 2.8048131465911865, -6.637896537780762
204, -13.468972206115723, 2.8048131465911865, -6.637896537780762
205, -13.468972206115723, 2.8048131465911865, -6.637896537780762
206, -13.368765830993652, 2.8048131465911865, -6.8669352531433105
207, -13.368765830993652, 2.8048131465911865, -6.8669352531433105
208, -13.167465209960938, 2.8048131465911865, -7.015185832977295
209, -12.966164588928223, 2.8048131465911865, -7.163436412811279
210, -12.764863967895508, 2.8048131465911865, -7.311686992645264
211, -12.563563346862793, 2.8048131465911865, -7.459937572479248
212, -12.563563346862793, 2.8048131465911865, -7.459937572479248
213, -12.315107345581055, 2.8048131465911865, -7.48767614364624
214, -12.066651344299316, 2.8048131465911865, -7.515414714813232
215, -12.066651344299316, 2.8048131465911865, -7.515414714813232
216, -12.066651344299316, 2.8048131465911865, -7.515414714813232
217, -12.066651344299316, 2.8048131465911865, -7.515414714813232
218, -12.066651344299316, 2.8048131465911865, -7.515414714813232
219, -12.066651344299316, 2.8048131465911865, -7.515414714813232
220, -12.066651344299316, 2.8048131465911865, -7.515414714813232
221, -12.315107345581055, 2.8048131465911865, -7.48767614364624
222, -12.563563346862793, 2.8048131465911865, -7.459937572479248
223, -12.563563346862793, 2.8048131465911865, -7.459937572479248
224, -12.764863967895508, 2.8048131465911865, -7.311686992645264
225, -12.966164588928223, 2.8048131465911865, -7.163436412811279
226, -13.167465209960938, 2.8048131465911865, -7.015185832977295
227, -13.167465209960938, 2.8048131465911865, -7.015185832977295
228, -13.267671585083008, 2.8048131465911865, -6.786147117614746
229, -13.367877960205078, 2.8048131465911865, -6.557108402252197
230, -13.367877960205078, 2.8048131465911865, -6.557108402252197
231, -13.340139389038086, 2.8048131465911865, -6.308651924133301
232, -13.312400817871094, 2.8048131465911865, -6.060195446014404
233, -13.312400817871094, 2.8048131465911865, -6.060195446014404
234, -13.312400817871094, 2.8048131465911865, -6.060195446014404
235, -13.083361625671387, 2.8048131465911865, -5.959989547729492
236, -12.85432243347168, 2.8048131465911865, -5.85978364944458
237, -12.625283241271973, 2.8048131465911865, -5.759577751159668
238, -12.625283241271973, 2.8048131465911865, -5.759577751159668
239, -12.477032661437988, 2.8048131465911865, -5.558277606964111
240, -12.328782081604004, 2.8048131465911865, -5.356977462768555
241, -12.18053150177002, 2.8048131465911865, -5.155677318572998
242, -12.032280921936035, 2.8048131465911865, -4.954377174377441
243, -11.88403034210205, 2.8048131465911865, -4.753077030181885
244, -11.735779762268066, 2.8048131465911865, -4.551776885986328
245, -11.587529182434082, 2.8048131465911865, -4.3504767417907715
246, -11.587529182434082, 2.8048131465911865, -4.3504767417907715
247, -11.587529182434082, 2.8048131465911865, -4.3504767417907715
248, -11.587529182434082, 2.8048131465911865, -4.3504767417907715
249, -11.55979061126709, 2.8048131465911865, -4.102020263671875
250, -11.55979061126709, 2.8048131465911865, -4.102020263671875
251, -11.55979061126709, 2.8048131465911865, -4.102020263671875
252, -11.55979061126709, 2.8048131465911865, -4.102020263671875
253, -11.55979061126709, 2.8048131465911865, -4.102020263671875
254, -11.55979061126709, 2.8048131465911865, -4.102020263671875
255, -11.45958423614502, 2.8048131465911865, -4.331058979034424
256, -11.93548583984375, 2.8048131465911865, -2.4447803497314453
