1, 2.4825878143310547, 0.07754743099212646, 4.13878059387207
2, 2.4825878143310547, 0.07754743099212646, 4.13878059387207
3, 2.4825878143310547, 0.07754743099212646, 4.13878059387207
4, 2.4825878143310547, 0.07754743099212646, 4.13878059387207
5, 2.4825878143310547, 0.07754743099212646, 4.13878059387207
6, 2.4825878143310547, 0.07754743099212646, 4.13878059387207
7, 2.4825878143310547, 0.07754743099212646, 4.13878059387207
8, 2.4825878143310547, 0.07754743099212646, 4.13878059387207
9, 2.4825878143310547, 0.07754743099212646, 4.13878059387207
10, 2.4825878143310547, 0.07754743099212646, 4.13878059387207
11, 2.4825878143310547, 0.07754743099212646, 4.13878059387207
12, 2.4825878143310547, 0.07754743099212646, 4.13878059387207
13, 2.4825878143310547, 0.07754743099212646, 4.13878059387207
14, 2.4825878143310547, 0.07754743099212646, 4.13878059387207
15, 2.4825878143310547, 0.07754743099212646, 4.13878059387207
16, 2.4825878143310547, 0.07754743099212646, 4.13878059387207
17, 2.4825878143310547, 0.07754743099212646, 4.13878059387207
18, 2.4825878143310547, 0.07754743099212646, 4.13878059387207
19, 2.4816806316375732, 0.07754743099212646, 3.888782262802124
20, 2.480773448944092, 0.07754743099212646, 3.6387839317321777
21, 2.4798662662506104, 0.07754743099212646, 3.3887856006622314
22, 2.478959083557129, 0.07754743099212646, 3.138787269592285
23, 2.4780519008636475, 0.07754743099212646, 2.888788938522339
24, 2.477144718170166, 0.07754743099212646, 2.6387906074523926
25, 2.4762375354766846, 0.07754743099212646, 2.3887922763824463
26, 2.4762375354766846, 0.07754743099212646, 2.3887922763824463
27, 2.4762375354766846, 0.07754743099212646, 2.3887922763824463
28, 2.4762375354766846, 0.07754743099212646, 2.3887922763824463
29, 2.4762375354766846, 0.07754743099212646, 2.3887922763824463
30, 2.4762375354766846, 0.07754743099212646, 2.3887922763824463
31, 2.4762375354766846, 0.07754743099212646, 2.3887922763824463
32, 2.477144718170166, 0.07754743099212646, 2.6387906074523926
33, 2.4780519008636475, 0.07754743099212646, 2.888788938522339
34, 2.478959083557129, 0.07754743099212646, 3.138787269592285
35, 2.478959083557129, 0.07754743099212646, 3.138787269592285
36, 2.6047439575195312, 0.07754743099212646, 3.3548386096954346
37, 2.6047439575195312, 0.07754743099212646, 3.3548386096954346
38, 2.7402470111846924, 0.07754743099212646, 3.432417154312134
39, 2.7402470111846924, 0.07754743099212646, 3.432417154312134
40, 2.7402470111846924, 0.07754743099212646, 3.432417154312134
41, 2.7402470111846924, 0.07754743099212646, 3.432417154312134
42, 2.7402470111846924, 0.07754743099212646, 3.432417154312134
43, 2.7402470111846924, 0.07754743099212646, 3.432417154312134
44, 2.7402470111846924, 0.07754743099212646, 3.432417154312134
45, 2.7402470111846924, 0.07754743099212646, 3.432417154312134
46, 2.7402470111846924, 0.07754743099212646, 3.432417154312134
47, 2.7402470111846924, 0.07754743099212646, 3.432417154312134
48, 2.7402470111846924, 0.07754743099212646, 3.432417154312134
49, 2.7402470111846924, 0.07754743099212646, 3.432417154312134
50, 2.7402470111846924, 0.07754743099212646, 3.432417154312134
51, 2.7402470111846924, 0.07754743099212646, 3.432417154312134
52, 2.7402470111846924, 0.07754743099212646, 3.432417154312134
53, 2.7402470111846924, 0.07754743099212646, 3.432417154312134
54, 2.7402470111846924, 0.07754743099212646, 3.432417154312134
55, 2.8660318851470947, 0.07754743099212646, 3.648468494415283
56, 2.8660318851470947, 0.07754743099212646, 3.648468494415283
57, 2.8660318851470947, 0.07754743099212646, 3.648468494415283
58, 2.8660318851470947, 0.07754743099212646, 3.648468494415283
59, 2.8660318851470947, 0.07754743099212646, 3.648468494415283
60, 2.8660318851470947, 0.07754743099212646, 3.648468494415283
61, 2.8660318851470947, 0.07754743099212646, 3.648468494415283
62, 2.8660318851470947, 0.07754743099212646, 3.648468494415283
63, 2.649073362350464, 0.07754743099212646, 3.52425479888916
64, 2.649073362350464, 0.07754743099212646, 3.52425479888916
65, 2.5232884883880615, 0.07754743099212646, 3.3082034587860107
66, 2.5232884883880615, 0.07754743099212646, 3.3082034587860107
67, 2.52238130569458, 0.07754743099212646, 3.0582051277160645
68, 2.52238130569458, 0.07754743099212646, 3.0582051277160645
69, 2.52238130569458, 0.07754743099212646, 3.0582051277160645
70, 2.52238130569458, 0.07754743099212646, 3.0582051277160645
71, 2.52238130569458, 0.07754743099212646, 3.0582051277160645
72, 2.52238130569458, 0.07754743099212646, 3.0582051277160645
73, 2.52238130569458, 0.07754743099212646, 3.0582051277160645
74, 2.5214741230010986, 0.07754743099212646, 2.808206796646118
75, 2.520566940307617, 0.07754743099212646, 2.558208465576172
76, 2.5196597576141357, 0.07754743099212646, 2.3082101345062256
77, 2.5196597576141357, 0.07754743099212646, 2.3082101345062256
78, 2.5196597576141357, 0.07754743099212646, 2.3082101345062256
79, 2.5196597576141357, 0.07754743099212646, 2.3082101345062256
80, 2.6438732147216797, 0.07754743099212646, 2.0912516117095947
81, 2.7680869102478027, 0.07754743099212646, 1.8742930889129639
82, 2.892300605773926, 0.07754743099212646, 1.657334566116333
83, 3.016514301300049, 0.07754743099212646, 1.4403760433197021
84, 3.016514301300049, 0.07754743099212646, 1.4403760433197021
85, 3.2325656414031982, 0.07754743099212646, 1.3145912885665894
86, 3.4486169815063477, 0.07754743099212646, 1.1888065338134766
87, 3.4486169815063477, 0.07754743099212646, 1.1888065338134766
88, 3.698615312576294, 0.07754743099212646, 1.1878993511199951
89, 3.698615312576294, 0.07754743099212646, 1.1878993511199951
90, 3.915573835372925, 0.07754743099212646, 1.3121129274368286
91, 4.132532119750977, 0.07754743099212646, 1.436326503753662
92, 4.349490642547607, 0.07754743099212646, 1.5605400800704956
93, 4.566449165344238, 0.07754743099212646, 1.684753656387329
94, 4.783407688140869, 0.07754743099212646, 1.8089672327041626
95, 4.783407688140869, 0.07754743099212646, 1.8089672327041626
96, 4.9091925621032715, 0.07754743099212646, 2.0250186920166016
97, 5.034977436065674, 0.07754743099212646, 2.241070032119751
98, 5.160762310028076, 0.07754743099212646, 2.4571213722229004
99, 5.2865471839904785, 0.07754743099212646, 2.67317271232605
100, 5.412332057952881, 0.07754743099212646, 2.889224052429199
101, 5.412332057952881, 0.07754743099212646, 2.889224052429199
102, 5.413239002227783, 0.07754743099212646, 3.1392223834991455
103, 5.413239002227783, 0.07754743099212646, 3.1392223834991455
104, 5.28902530670166, 0.07754743099212646, 3.3561809062957764
105, 5.28902530670166, 0.07754743099212646, 3.3561809062957764
106, 5.28902530670166, 0.07754743099212646, 3.3561809062957764
107, 5.28902530670166, 0.07754743099212646, 3.3561809062957764
108, 5.28902530670166, 0.07754743099212646, 3.3561809062957764
109, 5.163240432739258, 0.07754743099212646, 3.140129566192627
110, 5.0374555587768555, 0.07754743099212646, 2.9240782260894775
111, 4.911670684814453, 0.07754743099212646, 2.708026885986328
112, 4.785885810852051, 0.07754743099212646, 2.4919755458831787
113, 4.660100936889648, 0.07754743099212646, 2.2759242057800293
114, 4.534316062927246, 0.07754743099212646, 2.05987286567688
115, 4.408531188964844, 0.07754743099212646, 1.8438215255737305
116, 4.282746315002441, 0.07754743099212646, 1.627770185470581
117, 4.156961441040039, 0.07754743099212646, 1.4117188453674316
118, 4.156961441040039, 0.07754743099212646, 1.4117188453674316
119, 4.156054496765137, 0.07754743099212646, 1.1617205142974854
120, 4.156054496765137, 0.07754743099212646, 1.1617205142974854
121, 4.28026819229126, 0.07754743099212646, 0.9447619915008545
122, 4.404481887817383, 0.07754743099212646, 0.7278034687042236
123, 4.528695583343506, 0.07754743099212646, 0.5108449459075928
124, 4.652909278869629, 0.07754743099212646, 0.2938864529132843
125, 4.777122974395752, 0.07754743099212646, 0.07692795991897583
126, 4.901336669921875, 0.07754743099212646, -0.14003053307533264
127, 5.025550365447998, 0.07754743099212646, -0.3569890260696411
128, 5.149764060974121, 0.07754743099212646, -0.573947548866272
129, 5.273977756500244, 0.07754743099212646, -0.7909060716629028
130, 5.273977756500244, 0.07754743099212646, -0.7909060716629028
131, 5.273070812225342, 0.07754743099212646, -1.0409044027328491
132, 5.2721638679504395, 0.07754743099212646, -1.2909027338027954
133, 5.271256923675537, 0.07754743099212646, -1.5409010648727417
134, 5.270349979400635, 0.07754743099212646, -1.790899395942688
135, 5.269443035125732, 0.07754743099212646, -2.040897846221924
136, 5.26853609085083, 0.07754743099212646, -2.29089617729187
137, 5.267629146575928, 0.07754743099212646, -2.5408945083618164
138, 5.267629146575928, 0.07754743099212646, -2.5408945083618164
139, 5.267629146575928, 0.07754743099212646, -2.5408945083618164
140, 5.267629146575928, 0.07754743099212646, -2.5408945083618164
141, 5.267629146575928, 0.07754743099212646, -2.5408945083618164
142, 5.267629146575928, 0.07754743099212646, -2.5408945083618164
143, 5.267629146575928, 0.07754743099212646, -2.5408945083618164
144, 5.26853609085083, 0.07754743099212646, -2.29089617729187
145, 5.26853609085083, 0.07754743099212646, -2.29089617729187
146, 5.144322395324707, 0.07754743099212646, -2.0739376544952393
147, 5.144322395324707, 0.07754743099212646, -2.0739376544952393
148, 5.145229339599609, 0.07754743099212646, -1.823939323425293
149, 5.146136283874512, 0.07754743099212646, -1.5739409923553467
150, 5.147043228149414, 0.07754743099212646, -1.3239426612854004
151, 5.147950172424316, 0.07754743099212646, -1.073944330215454
152, 5.148857116699219, 0.07754743099212646, -0.823945939540863
153, 5.149764060974121, 0.07754743099212646, -0.573947548866272
154, 5.150671005249023, 0.07754743099212646, -0.3239491581916809
155, 5.151577949523926, 0.07754743099212646, -0.07395076751708984
156, 5.152484893798828, 0.07754743099212646, 0.17604762315750122
157, 5.1533918380737305, 0.07754743099212646, 0.4260460138320923
158, 5.154298782348633, 0.07754743099212646, 0.6760444045066833
159, 5.155205726623535, 0.07754743099212646, 0.9260427951812744
160, 5.1561126708984375, 0.07754743099212646, 1.1760411262512207
161, 5.15701961517334, 0.07754743099212646, 1.426039457321167
162, 5.157926559448242, 0.07754743099212646, 1.6760377883911133
163, 5.1588335037231445, 0.07754743099212646, 1.9260361194610596
164, 5.159740447998047, 0.07754743099212646, 2.176034450531006
165, 5.160647392272949, 0.07754743099212646, 2.426032781600952
166, 5.161554336547852, 0.07754743099212646, 2.6760311126708984
167, 5.162461280822754, 0.07754743099212646, 2.9260294437408447
168, 5.163368225097656, 0.07754743099212646, 3.176027774810791
169, 5.164275169372559, 0.07754743099212646, 3.4260261058807373
170, 5.165182113647461, 0.07754743099212646, 3.6760244369506836
171, 5.165182113647461, 0.07754743099212646, 3.6760244369506836
172, 5.290966987609863, 0.07754743099212646, 3.892075777053833
173, 5.416751861572266, 0.07754743099212646, 4.108127117156982
174, 5.542536735534668, 0.07754743099212646, 4.324178695678711
175, 5.542536735534668, 0.07754743099212646, 4.324178695678711
176, 5.759495258331299, 0.07754743099212646, 4.448392391204834
177, 5.759495258331299, 0.07754743099212646, 4.448392391204834
178, 5.759495258331299, 0.07754743099212646, 4.448392391204834
179, 5.759495258331299, 0.07754743099212646, 4.448392391204834
180, 5.759495258331299, 0.07754743099212646, 4.448392391204834
181, 5.759495258331299, 0.07754743099212646, 4.448392391204834
182, 5.6337103843688965, 0.07754743099212646, 4.2323408126831055
183, 5.507925510406494, 0.07754743099212646, 4.016289710998535
184, 5.507925510406494, 0.07754743099212646, 4.016289710998535
185, 5.507018566131592, 0.07754743099212646, 3.766291379928589
186, 5.507018566131592, 0.07754743099212646, 3.766291379928589
187, 5.631232261657715, 0.07754743099212646, 3.549332857131958
188, 5.631232261657715, 0.07754743099212646, 3.549332857131958
189, 5.847283363342285, 0.07754743099212646, 3.4235479831695557
190, 6.0633344650268555, 0.07754743099212646, 3.2977631092071533
191, 6.279385566711426, 0.07754743099212646, 3.171978235244751
192, 6.495436668395996, 0.07754743099212646, 3.0461933612823486
193, 6.495436668395996, 0.07754743099212646, 3.0461933612823486
194, 6.7454352378845215, 0.07754743099212646, 3.045286178588867
195, 6.7454352378845215, 0.07754743099212646, 3.045286178588867
196, 6.7454352378845215, 0.07754743099212646, 3.045286178588867
197, 6.995433807373047, 0.07754743099212646, 3.0443789958953857
198, 5.4510393142700195, 0.07754743099212646, 0.5780721306800842
