1, 3.2571518421173096, 0.046541884541511536, -3.651766538619995
2, 3.2571518421173096, 0.046541884541511536, -3.651766538619995
3, 3.2571518421173096, 0.046541884541511536, -3.651766538619995
4, 3.2571518421173096, 0.046541884541511536, -3.651766538619995
5, 3.2571518421173096, 0.046541884541511536, -3.651766538619995
6, 3.2571518421173096, 0.046541884541511536, -3.651766538619995
7, 3.2571518421173096, 0.046541884541511536, -3.651766538619995
8, 3.2571518421173096, 0.046541884541511536, -3.651766538619995
9, 3.2571518421173096, 0.046541884541511536, -3.651766538619995
10, 3.2571518421173096, 0.046541884541511536, -3.651766538619995
11, 3.2571518421173096, 0.046541884541511536, -3.651766538619995
12, 3.2571518421173096, 0.046541884541511536, -3.651766538619995
13, 3.2571518421173096, 0.046541884541511536, -3.651766538619995
14, 3.2571518421173096, 0.046541884541511536, -3.651766538619995
15, 3.2571518421173096, 0.046541884541511536, -3.651766538619995
16, 3.2571518421173096, 0.046541884541511536, -3.651766538619995
17, 3.238267183303833, 0.046541884541511536, -3.4024808406829834
18, 3.2193825244903564, 0.046541884541511536, -3.1531951427459717
19, 3.2193825244903564, 0.046541884541511536, -3.1531951427459717
20, 3.0783851146698, 0.046541884541511536, -2.946749687194824
21, 2.937387704849243, 0.046541884541511536, -2.7403042316436768
22, 2.7963902950286865, 0.046541884541511536, -2.5338587760925293
23, 2.65539288520813, 0.046541884541511536, -2.327413320541382
24, 2.65539288520813, 0.046541884541511536, -2.327413320541382
25, 2.65539288520813, 0.046541884541511536, -2.327413320541382
26, 2.65539288520813, 0.046541884541511536, -2.327413320541382
27, 2.65539288520813, 0.046541884541511536, -2.327413320541382
28, 2.65539288520813, 0.046541884541511536, -2.327413320541382
29, 2.65539288520813, 0.046541884541511536, -2.327413320541382
30, 2.7963902950286865, 0.046541884541511536, -2.5338587760925293
31, 2.937387704849243, 0.046541884541511536, -2.7403042316436768
32, 3.0783851146698, 0.046541884541511536, -2.946749687194824
33, 3.2193825244903564, 0.046541884541511536, -3.1531951427459717
34, 3.360379934310913, 0.046541884541511536, -3.359640598297119
35, 3.5013773441314697, 0.046541884541511536, -3.5660860538482666
36, 3.6423747539520264, 0.046541884541511536, -3.772531509399414
37, 3.6423747539520264, 0.046541884541511536, -3.772531509399414
38, 3.8677048683166504, 0.046541884541511536, -3.880819797515869
39, 3.8677048683166504, 0.046541884541511536, -3.880819797515869
40, 3.8677048683166504, 0.046541884541511536, -3.880819797515869
41, 3.886589527130127, 0.046541884541511536, -4.130105495452881
42, 3.9054741859436035, 0.046541884541511536, -4.379391193389893
43, 3.92435884475708, 0.046541884541511536, -4.628676891326904
44, 3.9432435035705566, 0.046541884541511536, -4.877962589263916
45, 3.962128162384033, 0.046541884541511536, -5.127248287200928
46, 3.9810128211975098, 0.046541884541511536, -5.3765339851379395
47, 3.9998974800109863, 0.046541884541511536, -5.625819683074951
48, 4.018782138824463, 0.046541884541511536, -5.875105381011963
49, 4.0376667976379395, 0.046541884541511536, -6.124391078948975
50, 4.056551456451416, 0.046541884541511536, -6.373676776885986
51, 4.075436115264893, 0.046541884541511536, -6.622962474822998
52, 4.075436115264893, 0.046541884541511536, -6.622962474822998
53, 4.216433525085449, 0.046541884541511536, -6.829407691955566
54, 4.357430934906006, 0.046541884541511536, -7.035853385925293
55, 4.4984283447265625, 0.046541884541511536, -7.2422990798950195
56, 4.639425754547119, 0.046541884541511536, -7.448744773864746
57, 4.780423164367676, 0.11224806308746338, -7.655190467834473
58, 4.921420574188232, 0.1766396164894104, -7.861636161804199
59, 5.062417984008789, 0.19732138514518738, -8.068081855773926
60, 5.062417984008789, 0.19732138514518738, -8.068081855773926
61, 5.062417984008789, 0.19732138514518738, -8.068081855773926
62, 5.062417984008789, 0.19732138514518738, -8.068081855773926
63, 5.287748336791992, 0.18015913665294647, -8.176369667053223
64, 5.287748336791992, 0.18015913665294647, -8.176369667053223
65, 5.287748336791992, 0.18015913665294647, -8.176369667053223
66, 5.513078689575195, 0.10525497794151306, -8.28465747833252
67, 5.738409042358398, 0.046541884541511536, -8.392945289611816
68, 5.738409042358398, 0.046541884541511536, -8.392945289611816
69, 5.98769474029541, 0.046541884541511536, -8.37406063079834
70, 5.98769474029541, 0.046541884541511536, -8.37406063079834
71, 6.213025093078613, 0.046541884541511536, -8.482348442077637
72, -0.21162012219429016, 0.046541884541511536, -0.4607016444206238
