1, 5.839999675750732, 2.8994359970092773, -2.1943814754486084
2, 5.839999675750732, 2.8994359970092773, -2.1943814754486084
3, 5.839999675750732, 2.8994359970092773, -2.1943814754486084
4, 5.839999675750732, 2.8994359970092773, -2.1943814754486084
5, 5.839999675750732, 2.8994359970092773, -2.1943814754486084
6, 5.839999675750732, 2.8994359970092773, -2.1943814754486084
7, 5.839999675750732, 2.8994359970092773, -2.1943814754486084
8, 5.839999675750732, 2.8994359970092773, -2.1943814754486084
9, 5.839999675750732, 2.8994359970092773, -2.1943814754486084
10, 5.839999675750732, 2.8994359970092773, -2.1943814754486084
11, 5.839999675750732, 2.8994359970092773, -2.1943814754486084
12, 5.839999675750732, 2.8994359970092773, -2.1943814754486084
13, 5.839999675750732, 2.8994359970092773, -2.1943814754486084
14, 5.839999675750732, 2.8994359970092773, -2.1943814754486084
15, 5.839999675750732, 2.8994359970092773, -2.1943814754486084
16, 5.81425666809082, 2.8994359970092773, -2.4430525302886963
17, 5.788513660430908, 2.8994359970092773, -2.691723585128784
18, 5.762770652770996, 2.8994359970092773, -2.940394639968872
19, 5.737027645111084, 2.8994359970092773, -3.18906569480896
20, 5.711284637451172, 2.8994359970092773, -3.437736749649048
21, 0.9328323006629944, 0.19372150301933289, -4.653153419494629
