1, -1.3683786392211914, 3.0721640586853027, 7.6279473304748535
2, -1.3683786392211914, 3.0721640586853027, 7.6279473304748535
3, -1.3683786392211914, 3.0721640586853027, 7.6279473304748535
4, -1.3683786392211914, 3.0721640586853027, 7.6279473304748535
5, -1.3683786392211914, 3.0721640586853027, 7.6279473304748535
6, -1.3683786392211914, 3.0721640586853027, 7.6279473304748535
7, -1.3683786392211914, 3.0721640586853027, 7.6279473304748535
8, -1.3683786392211914, 3.0721640586853027, 7.6279473304748535
9, -1.3683786392211914, 3.0721640586853027, 7.6279473304748535
10, -1.3683786392211914, 3.0721640586853027, 7.6279473304748535
11, -1.3683786392211914, 3.0721640586853027, 7.6279473304748535
12, -1.3683786392211914, 3.0721640586853027, 7.6279473304748535
13, -1.3683786392211914, 3.0721640586853027, 7.6279473304748535
14, -1.3683786392211914, 3.0721640586853027, 7.6279473304748535
15, -1.3683786392211914, 3.0721640586853027, 7.6279473304748535
16, -1.3683786392211914, 3.0721640586853027, 7.6279473304748535
17, -1.3683786392211914, 3.0721640586853027, 7.6279473304748535
18, -1.3683786392211914, 3.0721640586853027, 7.6279473304748535
19, -1.4404098987579346, 3.0721640586853027, 7.388549327850342
20, -1.5124411582946777, 3.0721640586853027, 7.14915132522583
21, -1.584472417831421, 3.0721640586853027, 6.909753322601318
22, -1.656503677368164, 3.0721640586853027, 6.670355319976807
23, -1.7285349369049072, 3.0721640586853027, 6.430957317352295
24, -1.8005661964416504, 3.0721640586853027, 6.191559314727783
25, -1.8725974559783936, 3.0721640586853027, 5.9521613121032715
26, -1.9446287155151367, 3.0721640586853027, 5.71276330947876
27, -2.01665997505188, 3.0721640586853027, 5.473365306854248
28, -2.088691234588623, 3.0721640586853027, 5.233967304229736
29, -2.160722494125366, 3.0721640586853027, 4.994569301605225
30, -2.2327537536621094, 3.0721640586853027, 4.755171298980713
31, -2.3047850131988525, 3.0721640586853027, 4.515773296356201
32, -2.3047850131988525, 3.0721640586853027, 4.515773296356201
33, -2.247466802597046, 3.0721640586853027, 4.272432804107666
34, -2.1901485919952393, 3.0721640586853027, 4.029092311859131
35, -2.1901485919952393, 3.0721640586853027, 4.029092311859131
36, -2.2621798515319824, 3.0721640586853027, 3.78969407081604
37, -2.2621798515319824, 3.0721640586853027, 3.78969407081604
38, -2.204861640930176, 3.0721640586853027, 3.546353578567505
39, -2.147543430328369, 3.0721640586853027, 3.3030130863189697
40, -2.147543430328369, 3.0721640586853027, 3.3030130863189697
41, -2.147543430328369, 3.0721640586853027, 3.3030130863189697
42, -2.147543430328369, 3.0721640586853027, 3.3030130863189697
43, -2.147543430328369, 3.0721640586853027, 3.3030130863189697
44, -1.9081451892852783, 3.0721640586853027, 3.2309818267822266
45, -1.9081451892852783, 3.0721640586853027, 3.2309818267822266
46, -1.9081451892852783, 3.0721640586853027, 3.2309818267822266
47, -1.9081451892852783, 3.0721640586853027, 3.2309818267822266
48, -1.9081451892852783, 3.0721640586853027, 3.2309818267822266
49, -1.9081451892852783, 3.0721640586853027, 3.2309818267822266
50, -1.8361139297485352, 3.0721640586853027, 3.4703800678253174
51, -1.8361139297485352, 3.0721640586853027, 3.4703800678253174
52, -1.8934321403503418, 3.0721640586853027, 3.7137205600738525
53, -1.9507503509521484, 3.0721640586853027, 3.9570610523223877
54, -1.9507503509521484, 3.0721640586853027, 3.9570610523223877
55, -1.8787190914154053, 3.0721640586853027, 4.1964592933654785
56, -1.8787190914154053, 3.0721640586853027, 4.1964592933654785
57, -1.696639060974121, 3.0721640586853027, 4.36776876449585
58, -1.514559030532837, 3.0721640586853027, 4.539078235626221
59, -1.514559030532837, 3.0721640586853027, 4.539078235626221
60, -1.2712185382843018, 3.0721640586853027, 4.596396446228027
61, -1.0278780460357666, 3.0721640586853027, 4.653714656829834
62, -0.7845374941825867, 3.0721640586853027, 4.711032867431641
63, -0.7036784291267395, 3.0721640586853027, 4.730079174041748
64, -0.7036784291267395, 3.0721640586853027, 4.730079174041748
65, -0.46428021788597107, 3.0721640586853027, 4.658048152923584
66, -0.22488200664520264, 3.0721640586853027, 4.58601713180542
67, 0.014516204595565796, 3.0721640586853027, 4.513986110687256
68, 0.25391441583633423, 3.0721640586853027, 4.441955089569092
69, 0.49331262707710266, 3.0721640586853027, 4.369924068450928
70, 0.49331262707710266, 3.0721640586853027, 4.369924068450928
71, 0.736653208732605, 3.0721640586853027, 4.427242279052734
72, 0.9799937605857849, 3.0721640586853027, 4.484560489654541
73, 1.2233343124389648, 3.0721640586853027, 4.541878700256348
74, 1.4666748046875, 3.0721640586853027, 4.599196910858154
75, 1.7100152969360352, 3.0721640586853027, 4.656515121459961
76, 1.9533557891845703, 3.0721640586853027, 4.713833332061768
77, 2.1966962814331055, 3.0721640586853027, 4.771151542663574
78, 2.1966962814331055, 3.0721640586853027, 4.771151542663574
79, 2.3787763118743896, 3.0721640586853027, 4.942461013793945
80, 2.560856342315674, 3.0721640586853027, 5.113770484924316
81, 2.742936372756958, 3.0721640586853027, 5.2850799560546875
82, 2.742936372756958, 3.0721640586853027, 5.2850799560546875
83, 2.742936372756958, 3.0721640586853027, 5.2850799560546875
84, 2.742936372756958, 3.0721640586853027, 5.2850799560546875
85, 2.814967632293701, 3.0721640586853027, 5.524477958679199
86, 2.814967632293701, 3.0721640586853027, 5.524477958679199
87, 2.814967632293701, 3.0721640586853027, 5.524477958679199
88, 2.643658399581909, 3.0721640586853027, 5.7065582275390625
89, 2.643658399581909, 3.0721640586853027, 5.7065582275390625
90, 2.643658399581909, 3.0721640586853027, 5.7065582275390625
91, 2.643658399581909, 3.0721640586853027, 5.7065582275390625
92, 2.643658399581909, 3.0721640586853027, 5.7065582275390625
93, 2.8869988918304443, 3.0721640586853027, 5.763876438140869
94, 2.8869988918304443, 3.0721640586853027, 5.763876438140869
95, 2.8869988918304443, 3.0721640586853027, 5.763876438140869
96, 2.8869988918304443, 3.0721640586853027, 5.763876438140869
97, 2.8869988918304443, 3.0721640586853027, 5.763876438140869
98, 2.814967632293701, 3.0721640586853027, 5.524478435516357
99, 2.814967632293701, 3.0721640586853027, 5.524478435516357
100, 2.632887601852417, 3.0721640586853027, 5.353168964385986
101, 2.450807571411133, 3.0721640586853027, 5.181859493255615
102, 2.2687275409698486, 3.0721640586853027, 5.010550022125244
103, 2.0866475105285645, 3.0721640586853027, 4.839240550994873
104, 1.9045674800872803, 3.0721640586853027, 4.667931079864502
105, 1.9045674800872803, 3.0721640586853027, 4.667931079864502
106, 1.6612269878387451, 3.0721640586853027, 4.610612869262695
107, 1.41788649559021, 3.0721640586853027, 4.553294658660889
108, 1.1745460033416748, 3.0721640586853027, 4.495976448059082
109, 0.9312054514884949, 3.0721640586853027, 4.438658237457275
110, 0.6878648996353149, 3.0721640586853027, 4.381340026855469
111, 0.6878648996353149, 3.0721640586853027, 4.381340026855469
112, 0.4484666585922241, 3.0721640586853027, 4.453371047973633
113, 0.2090684324502945, 3.0721640586853027, 4.525402069091797
114, -0.030329793691635132, 3.0721640586853027, 4.597433090209961
115, -0.26972800493240356, 3.0721640586853027, 4.669464111328125
116, -0.26972800493240356, 3.0721640586853027, 4.669464111328125
117, -0.5130685567855835, 3.0721640586853027, 4.612145900726318
118, -0.7564091086387634, 3.0721640586853027, 4.554827690124512
119, -0.9997496604919434, 3.0721640586853027, 4.497509479522705
120, -1.2430901527404785, 3.0721640586853027, 4.440191268920898
121, -1.4864306449890137, 3.0721640586853027, 4.382873058319092
122, -1.4864306449890137, 3.0721640586853027, 4.382873058319092
123, -1.6685106754302979, 3.0721640586853027, 4.211563587188721
124, -1.850590705871582, 3.0721640586853027, 4.04025411605835
125, -1.850590705871582, 3.0721640586853027, 4.04025411605835
126, -1.9226219654083252, 3.0721640586853027, 3.800855875015259
127, -1.9226219654083252, 3.0721640586853027, 3.800855875015259
128, -1.8653037548065186, 3.0721640586853027, 3.5575153827667236
129, -1.807985544204712, 3.0721640586853027, 3.3141748905181885
130, -1.807985544204712, 3.0721640586853027, 3.3141748905181885
131, -1.807985544204712, 3.0721640586853027, 3.3141748905181885
132, -1.807985544204712, 3.0721640586853027, 3.3141748905181885
133, -1.5646450519561768, 3.0721640586853027, 3.371493101119995
134, -1.5646450519561768, 3.0721640586853027, 3.371493101119995
135, -1.5646450519561768, 3.0721640586853027, 3.371493101119995
136, -1.5646450519561768, 3.0721640586853027, 3.371493101119995
137, -1.5646450519561768, 3.0721640586853027, 3.371493101119995
138, -1.321304440498352, 2.9403886795043945, 3.4288113117218018
139, -1.321304440498352, 2.9403886795043945, 3.4288113117218018
140, -1.321304440498352, 2.9403886795043945, 3.4288113117218018
141, -1.321304440498352, 2.9403886795043945, 3.4288113117218018
142, -1.0819061994552612, 2.7595062255859375, 3.3567800521850586
143, -0.8425079584121704, 2.596376419067383, 3.2847487926483154
144, -0.8425079584121704, 2.596376419067383, 3.2847487926483154
145, -0.8425079584121704, 2.596376419067383, 3.2847487926483154
146, -0.8425079584121704, 2.596376419067383, 3.2847487926483154
147, -0.8425079584121704, 2.596376419067383, 3.2847487926483154
148, -0.6031097173690796, 2.416592597961426, 3.2127177715301514
149, -0.6031097173690796, 2.416592597961426, 3.2127177715301514
150, -0.6031097173690796, 2.416592597961426, 3.2127177715301514
151, -0.6031097173690796, 2.416592597961426, 3.2127177715301514
152, -0.6031097173690796, 2.416592597961426, 3.2127177715301514
153, -0.6031097173690796, 2.416592597961426, 3.2127177715301514
154, -0.6031097173690796, 2.416592597961426, 3.2127177715301514
155, -0.6031097173690796, 2.416592597961426, 3.2127177715301514
156, -0.6031097173690796, 2.416592597961426, 3.2127177715301514
157, -0.6031097173690796, 2.416592597961426, 3.2127177715301514
158, -0.6031097173690796, 2.416592597961426, 3.2127177715301514
159, -0.6031097173690796, 2.416592597961426, 3.2127177715301514
160, -0.6031097173690796, 2.416592597961426, 3.2127177715301514
161, -0.6031097173690796, 2.416592597961426, 3.2127177715301514
162, -0.6031097173690796, 2.416592597961426, 3.2127177715301514
163, -0.8425079584121704, 2.596376419067383, 3.2847490310668945
164, -1.0819061994552612, 2.7595062255859375, 3.3567802906036377
165, -1.0819061994552612, 2.7595062255859375, 3.3567802906036377
166, -1.3252466917037964, 2.942641258239746, 3.299462080001831
167, -1.5685871839523315, 3.0721640586853027, 3.2421438694000244
168, -1.5685871839523315, 3.0721640586853027, 3.2421438694000244
169, -1.5685871839523315, 3.0721640586853027, 3.2421438694000244
170, -1.5685871839523315, 3.0721640586853027, 3.2421438694000244
171, -1.5685871839523315, 3.0721640586853027, 3.2421438694000244
172, -1.5685871839523315, 3.0721640586853027, 3.2421438694000244
173, -1.7506670951843262, 3.0721640586853027, 3.0708343982696533
174, -1.9327470064163208, 3.0721640586853027, 2.8995249271392822
175, -1.9327470064163208, 3.0721640586853027, 2.8995249271392822
176, -1.9327470064163208, 3.0721640586853027, 2.8995249271392822
177, -1.9327470064163208, 3.0721640586853027, 2.8995249271392822
178, -1.9327470064163208, 3.0721640586853027, 2.8995249271392822
179, -1.9327470064163208, 3.0721640586853027, 2.8995249271392822
180, -1.9327470064163208, 3.0721640586853027, 2.8995249271392822
181, -1.9327470064163208, 3.0721640586853027, 2.8995249271392822
182, -1.9327470064163208, 3.0721640586853027, 2.8995249271392822
183, -2.1148269176483154, 3.0721640586853027, 2.728215456008911
184, -2.2969067096710205, 3.0721640586853027, 2.55690598487854
185, -2.2969067096710205, 3.0721640586853027, 2.55690598487854
186, -2.5402472019195557, 3.0721640586853027, 2.4995875358581543
187, -2.783587694168091, 3.0721640586853027, 2.4422690868377686
188, -3.026928186416626, 3.0721640586853027, 2.384950637817383
189, -3.270268678665161, 3.0721640586853027, 2.327632188796997
190, -3.5136091709136963, 3.0721640586853027, 2.2703137397766113
191, -3.5136091709136963, 3.0721640586853027, 2.2703137397766113
192, -3.6956889629364014, 3.0721640586853027, 2.0990042686462402
193, -3.8777687549591064, 3.0721640586853027, 1.9276947975158691
194, -3.8777687549591064, 3.0721640586853027, 1.9276947975158691
195, -3.9497997760772705, 3.0721640586853027, 1.6882965564727783
196, -4.021831035614014, 3.0721640586853027, 1.4488983154296875
197, -4.021831035614014, 3.0721640586853027, 1.4488983154296875
198, -3.964512586593628, 3.0721640586853027, 1.2055578231811523
199, -3.964512586593628, 3.0721640586853027, 1.2055578231811523
200, -3.964512586593628, 3.0721640586853027, 1.2055578231811523
201, -3.964512586593628, 3.0721640586853027, 1.2055578231811523
202, -3.964512586593628, 3.0721640586853027, 1.2055578231811523
203, -3.964512586593628, 3.0721640586853027, 1.2055578231811523
204, -3.964512586593628, 3.0721640586853027, 1.2055578231811523
205, -4.021831035614014, 3.0721640586853027, 1.4488983154296875
206, -4.021831035614014, 3.0721640586853027, 1.4488983154296875
207, -3.9498000144958496, 3.0721640586853027, 1.6882965564727783
208, -3.8777689933776855, 3.0721640586853027, 1.9276947975158691
209, -3.8057379722595215, 3.0721640586853027, 2.16709303855896
210, -3.8057379722595215, 3.0721640586853027, 2.16709303855896
211, -3.8630564212799072, 3.0721640586853027, 2.410433530807495
212, -3.8630564212799072, 3.0721640586853027, 2.410433530807495
213, -4.034365653991699, 3.0721640586853027, 2.5925133228302
214, -4.20567512512207, 3.0721640586853027, 2.7745931148529053
215, -4.376984596252441, 3.0721640586853027, 2.9566729068756104
216, -4.5482940673828125, 3.0721640586853027, 3.1387526988983154
217, -4.719603538513184, 3.0721640586853027, 3.3208324909210205
218, -4.890913009643555, 3.0721640586853027, 3.5029122829437256
219, -4.890913009643555, 3.0721640586853027, 3.5029122829437256
220, -4.948231220245361, 3.0721640586853027, 3.7462527751922607
221, -4.948231220245361, 3.0721640586853027, 3.7462527751922607
222, -5.119540691375732, 3.0721640586853027, 3.928332567214966
223, -5.119540691375732, 3.0721640586853027, 3.928332567214966
224, -5.358939170837402, 3.0721640586853027, 4.000363349914551
225, -5.598337650299072, 3.0721640586853027, 4.072394371032715
226, -5.598337650299072, 3.0721640586853027, 4.072394371032715
227, -5.841678142547607, 3.0721640586853027, 4.01507568359375
228, -5.841678142547607, 3.0721640586853027, 4.01507568359375
229, -6.081076622009277, 3.0721640586853027, 4.087106704711914
230, -6.320475101470947, 3.0721640586853027, 4.159137725830078
231, -6.320475101470947, 3.0721640586853027, 4.159137725830078
232, -6.491784572601318, 3.0721640586853027, 4.341217517852783
233, -6.6630940437316895, 3.0721640586853027, 4.523297309875488
234, -6.8344035148620605, 3.0721640586853027, 4.705377101898193
235, -7.005712985992432, 3.0721640586853027, 4.887456893920898
236, -7.177022457122803, 3.0721640586853027, 5.0695366859436035
237, -7.177022457122803, 3.0721640586853027, 5.0695366859436035
238, -7.234341144561768, 3.0721640586853027, 5.312877178192139
239, -7.291659832000732, 3.0721640586853027, 5.556217670440674
240, -7.348978519439697, 3.0721640586853027, 5.799558162689209
241, -7.406297206878662, 3.0721640586853027, 6.042898654937744
242, -7.463615894317627, 3.0721640586853027, 6.286239147186279
243, -7.463615894317627, 3.0721640586853027, 6.286239147186279
244, -7.391584873199463, 3.0721640586853027, 6.525637626647949
245, -7.319553852081299, 3.0721640586853027, 6.765036106109619
246, -7.247522830963135, 3.0721640586853027, 7.004434585571289
247, -7.175491809844971, 3.0721640586853027, 7.243833065032959
248, -7.175491809844971, 3.0721640586853027, 7.243833065032959
249, -7.040844440460205, 3.0721640586853027, 7.370515823364258
250, -7.040844440460205, 3.0721640586853027, 7.370515823364258
251, -7.040844440460205, 3.0721640586853027, 7.370515823364258
252, -7.040844440460205, 3.0721640586853027, 7.370515823364258
253, -7.040844440460205, 3.0721640586853027, 7.370515823364258
254, -7.040844440460205, 3.0721640586853027, 7.370515823364258
255, -7.040844440460205, 3.0721640586853027, 7.370515823364258
256, -7.040844440460205, 3.0721640586853027, 7.370515823364258
257, -7.040844440460205, 3.0721640586853027, 7.370515823364258
258, -7.040844440460205, 3.0721640586853027, 7.370515823364258
259, -7.22292423248291, 3.0721640586853027, 7.199206352233887
260, -7.22292423248291, 3.0721640586853027, 7.199206352233887
261, -7.294955253601074, 3.0721640586853027, 6.959807872772217
262, -7.366986274719238, 3.0721640586853027, 6.720409393310547
263, -7.439017295837402, 3.0721640586853027, 6.481010913848877
264, -7.511048316955566, 3.0721640586853027, 6.241612434387207
265, -7.511048316955566, 3.0721640586853027, 6.241612434387207
266, -7.453729629516602, 3.0721640586853027, 5.998271942138672
267, -7.396410942077637, 3.0721640586853027, 5.754931449890137
268, -7.339092254638672, 3.0721640586853027, 5.511590957641602
269, -7.281773567199707, 3.0721640586853027, 5.268250465393066
270, -7.224454879760742, 3.0721640586853027, 5.024909973144531
271, -7.224454879760742, 3.0721640586853027, 5.024909973144531
272, -7.053145408630371, 3.0721640586853027, 4.842830181121826
273, -6.8818359375, 3.0721640586853027, 4.660750389099121
274, -6.710526466369629, 3.0721640586853027, 4.478670597076416
275, -6.539216995239258, 3.0721640586853027, 4.296590805053711
276, -6.367907524108887, 3.0721640586853027, 4.114511013031006
277, -6.196598052978516, 3.0721640586853027, 3.932431221008301
278, -6.0252885818481445, 3.0721640586853027, 3.7503514289855957
279, -5.853979110717773, 3.0721640586853027, 3.5682716369628906
280, -5.853979110717773, 3.0721640586853027, 3.5682716369628906
281, -5.6145806312561035, 3.0721640586853027, 3.4962406158447266
282, -5.375182151794434, 3.0721640586853027, 3.4242095947265625
283, -5.135783672332764, 3.0721640586853027, 3.3521785736083984
284, -4.896385192871094, 3.0721640586853027, 3.2801475524902344
285, -4.656986713409424, 3.0721640586853027, 3.2081165313720703
286, -4.417588233947754, 3.0721640586853027, 3.1360855102539062
287, -4.417588233947754, 3.0721640586853027, 3.1360855102539062
288, -4.174247741699219, 3.0721640586853027, 3.193403959274292
289, -3.9309072494506836, 3.0721640586853027, 3.2507224082946777
290, -3.6875667572021484, 3.0721640586853027, 3.3080408573150635
291, -3.4442262649536133, 3.0721640586853027, 3.365359306335449
292, -3.200885772705078, 3.0721640586853027, 3.422677755355835
293, -2.957545280456543, 3.0721640586853027, 3.4799962043762207
294, -2.714204788208008, 3.0721640586853027, 3.5373146533966064
295, -2.714204788208008, 3.0721640586853027, 3.5373146533966064
296, -2.5321249961853027, 3.0721640586853027, 3.7086241245269775
297, -2.3500452041625977, 3.0721640586853027, 3.8799335956573486
298, -2.3500452041625977, 3.0721640586853027, 3.8799335956573486
299, -2.3500452041625977, 3.0721640586853027, 3.8799335956573486
300, -2.3500452041625977, 3.0721640586853027, 3.8799335956573486
301, -2.3500452041625977, 3.0721640586853027, 3.8799335956573486
302, -2.3500452041625977, 3.0721640586853027, 3.8799335956573486
303, -2.4220762252807617, 3.0721640586853027, 3.640535354614258
304, -2.494107246398926, 3.0721640586853027, 3.401137113571167
305, -2.494107246398926, 3.0721640586853027, 3.401137113571167
306, -2.676187038421631, 3.0721640586853027, 3.229827642440796
307, -2.858266830444336, 3.0721640586853027, 3.058518171310425
308, -3.040346622467041, 3.0721640586853027, 2.8872087001800537
309, -3.222426414489746, 3.0721640586853027, 2.7158992290496826
310, -3.404506206512451, 3.0721640586853027, 2.5445897579193115
311, -3.5865859985351562, 3.0721640586853027, 2.3732802867889404
312, -3.7686657905578613, 3.0721640586853027, 2.2019708156585693
313, -3.7686657905578613, 3.0721640586853027, 2.2019708156585693
314, -3.8406968116760254, 3.0721640586853027, 1.9625725746154785
315, -3.9127278327941895, 3.0721640586853027, 1.7231743335723877
316, -3.9127278327941895, 3.0721640586853027, 1.7231743335723877
317, -3.8554093837738037, 3.0721640586853027, 1.4798338413238525
318, -3.798090934753418, 3.0721640586853027, 1.2364933490753174
319, -3.798090934753418, 3.0721640586853027, 1.2364933490753174
320, -3.626781463623047, 3.0721640586853027, 1.0544135570526123
321, -3.455471992492676, 3.0721640586853027, 0.8723337650299072
322, -3.455471992492676, 3.0721640586853027, 0.8723337650299072
323, -3.216073751449585, 3.0721640586853027, 0.8003028035163879
324, -2.976675510406494, 3.0721640586853027, 0.7282718420028687
325, -2.7372772693634033, 3.0721640586853027, 0.6562408804893494
326, -2.4978790283203125, 3.0721640586853027, 0.5842099189758301
327, -2.461472511291504, 3.0721640586853027, 0.5732558369636536
328, -2.461472511291504, 3.0721640586853027, 0.5732558369636536
329, -2.2181320190429688, 3.0721640586853027, 0.6305743455886841
330, -2.2181320190429688, 3.0721640586853027, 0.6305743455886841
331, -2.2181320190429688, 3.0721640586853027, 0.6305743455886841
332, -2.2181320190429688, 3.0721640586853027, 0.6305743455886841
333, -2.2181320190429688, 3.0721640586853027, 0.6305743455886841
334, -2.2181320190429688, 3.0721640586853027, 0.6305743455886841
335, -2.2181320190429688, 3.0721640586853027, 0.6305743455886841
336, -2.2181320190429688, 3.0721640586853027, 0.6305743455886841
337, -2.4575302600860596, 3.0721640586853027, 0.7026053071022034
338, -2.6969285011291504, 3.0721640586853027, 0.7746362686157227
339, -2.936326742172241, 3.0721640586853027, 0.8466672301292419
340, -3.175724983215332, 3.0721640586853027, 0.9186981916427612
341, -3.175724983215332, 3.0721640586853027, 0.9186981916427612
342, -3.419065475463867, 3.0721640586853027, 0.8613796234130859
343, -3.6624059677124023, 3.0721640586853027, 0.8040610551834106
344, -3.9057464599609375, 3.0721640586853027, 0.7467424869537354
345, -4.149086952209473, 3.0721640586853027, 0.6894239187240601
346, -4.392427444458008, 3.0721640586853027, 0.6321053504943848
347, -4.392427444458008, 3.0721640586853027, 0.6321053504943848
348, -4.574507236480713, 3.0721640586853027, 0.4607958197593689
349, -4.756587028503418, 3.0721640586853027, 0.289486289024353
350, -4.756587028503418, 3.0721640586853027, 0.289486289024353
351, -4.756587028503418, 3.0721640586853027, 0.289486289024353
352, -4.938666820526123, 3.0721640586853027, 0.11817675828933716
353, -4.938666820526123, 3.0721640586853027, 0.11817675828933716
354, -5.182007312774658, 3.0721640586853027, 0.06085824966430664
355, -5.182007312774658, 3.0721640586853027, 0.06085824966430664
356, -5.421405792236328, 3.0721640586853027, 0.13288921117782593
357, -5.421405792236328, 3.0721640586853027, 0.13288921117782593
358, -5.421405792236328, 3.0721640586853027, 0.13288921117782593
359, -5.421405792236328, 3.0721640586853027, 0.13288921117782593
360, -5.421405792236328, 3.0721640586853027, 0.13288921117782593
361, -5.421405792236328, 3.0721640586853027, 0.13288921117782593
362, -5.421405792236328, 3.0721640586853027, 0.13288921117782593
363, -5.421405792236328, 3.0721640586853027, 0.13288921117782593
364, -5.421405792236328, 3.0721640586853027, 0.13288921117782593
365, -5.182007312774658, 3.0721640586853027, 0.060858264565467834
366, -4.942608833312988, 3.0721640586853027, -0.011172682046890259
367, -4.942608833312988, 3.0721640586853027, -0.011172682046890259
368, -4.942608833312988, 3.0721640586853027, -0.011172682046890259
369, -4.942608833312988, 3.0721640586853027, -0.011172682046890259
370, -4.942608833312988, 3.0721640586853027, -0.011172682046890259
371, -4.942608833312988, 3.0721640586853027, -0.011172682046890259
372, -4.870577812194824, 3.0721640586853027, 0.2282256782054901
373, -4.79854679107666, 3.0721640586853027, 0.4676240384578705
374, -4.79854679107666, 3.0721640586853027, 0.4676240384578705
375, -4.616466999053955, 3.0721640586853027, 0.6389335989952087
376, -4.43438720703125, 3.0721640586853027, 0.8102431297302246
377, -4.252307415008545, 3.0721640586853027, 0.9815527200698853
378, -4.07022762298584, 3.0721640586853027, 1.152862310409546
379, -4.07022762298584, 3.0721640586853027, 1.152862310409546
380, -3.998196601867676, 3.0721640586853027, 1.3922606706619263
381, -3.998196601867676, 3.0721640586853027, 1.3922606706619263
382, -4.055515289306641, 3.0721640586853027, 1.6356011629104614
383, -4.055946350097656, 3.0721640586853027, 1.637430191040039
384, -4.055946350097656, 3.0721640586853027, 1.637430191040039
385, -3.983915328979492, 3.0721640586853027, 1.8768285512924194
386, -3.983915328979492, 3.0721640586853027, 1.8768285512924194
387, -4.041234016418457, 3.0721640586853027, 2.120169162750244
388, -4.041234016418457, 3.0721640586853027, 2.120169162750244
389, -4.212543487548828, 3.0721640586853027, 2.302248954772949
390, -4.383852958679199, 3.0721640586853027, 2.4843287467956543
391, -4.55516242980957, 3.0721640586853027, 2.6664085388183594
392, -4.726471900939941, 3.0721640586853027, 2.8484883308410645
393, -4.726471900939941, 3.0721640586853027, 2.8484883308410645
394, -4.965870380401611, 3.0721640586853027, 2.9205193519592285
395, -5.205268859863281, 3.0721640586853027, 2.9925503730773926
396, -5.444667339324951, 3.0721640586853027, 3.0645813941955566
397, -5.684065818786621, 3.0721640586853027, 3.1366124153137207
398, -5.684065818786621, 3.0721640586853027, 3.1366124153137207
399, -5.927406311035156, 3.0721640586853027, 3.079293966293335
400, -6.170746803283691, 3.0721640586853027, 3.021975517272949
401, -6.414087295532227, 3.0721640586853027, 2.9646570682525635
402, -6.657427787780762, 3.0721640586853027, 2.9073386192321777
403, -6.900768280029297, 3.0721640586853027, 2.850020170211792
404, -7.144108772277832, 3.0721640586853027, 2.7927017211914062
405, -7.144108772277832, 3.0721640586853027, 2.7927017211914062
406, -7.383507251739502, 3.0721640586853027, 2.8647327423095703
407, -7.383507251739502, 3.0721640586853027, 2.8647327423095703
408, -7.383507251739502, 3.0721640586853027, 2.8647327423095703
409, -7.565587043762207, 3.0721640586853027, 2.693423271179199
410, -7.747666835784912, 3.0721640586853027, 2.522113800048828
411, -7.929746627807617, 3.0721640586853027, 2.350804328918457
412, -8.111825942993164, 3.0721640586853027, 2.179494857788086
413, -8.111825942993164, 3.0721640586853027, 2.179494857788086
414, -8.3551664352417, 3.0721640586853027, 2.1221764087677
415, -8.3551664352417, 3.0721640586853027, 2.1221764087677
416, -8.3551664352417, 3.0721640586853027, 2.1221764087677
417, -8.3551664352417, 3.0721640586853027, 2.1221764087677
418, -8.3551664352417, 3.0721640586853027, 2.1221764087677
419, -8.3551664352417, 3.0721640586853027, 2.1221764087677
420, -8.3551664352417, 3.0721640586853027, 2.1221764087677
421, -8.3551664352417, 3.0721640586853027, 2.1221764087677
422, -8.297847747802734, 3.0721640586853027, 1.878835916519165
423, -8.24052906036377, 3.0721640586853027, 1.6354954242706299
424, -8.24052906036377, 3.0721640586853027, 1.6354954242706299
425, -8.069219589233398, 3.0721640586853027, 1.4534156322479248
426, -7.897910118103027, 3.0721640586853027, 1.2713358402252197
427, -7.897910118103027, 3.0721640586853027, 1.2713358402252197
428, -7.8405914306640625, 3.0721640586853027, 1.0279953479766846
429, -7.783272743225098, 3.08134388923645, 0.7846548557281494
430, -7.725954055786133, 3.1542673110961914, 0.5413143634796143
431, -7.668635368347168, 3.114849328994751, 0.2979738712310791
432, -7.611316680908203, 3.0754311084747314, 0.05463339388370514
433, -7.553997993469238, 3.0721640586853027, -0.18870708346366882
434, -7.496679306030273, 3.0721640586853027, -0.4320475459098816
435, -7.439360618591309, 3.0721640586853027, -0.6753880381584167
436, -7.382041931152344, 3.0721640586853027, -0.9187285304069519
437, -7.382041931152344, 3.0721640586853027, -0.9187285304069519
438, -7.454072952270508, 3.0721640586853027, -1.1581268310546875
439, -7.526103973388672, 3.0721640586853027, -1.3975250720977783
440, -7.598134994506836, 3.0721640586853027, -1.6369233131408691
441, -7.670166015625, 3.0721640586853027, -1.87632155418396
442, -7.742197036743164, 3.0721640586853027, -2.115719795227051
443, -7.742197036743164, 3.0721640586853027, -2.115719795227051
444, -7.742197036743164, 3.0721640586853027, -2.115719795227051
445, -7.742197036743164, 3.0721640586853027, -2.115719795227051
446, -7.742197036743164, 3.0721640586853027, -2.115719795227051
447, -7.742197036743164, 3.0721640586853027, -2.115719795227051
448, -7.742197036743164, 3.0721640586853027, -2.115719795227051
449, -7.670166015625, 3.0721640586853027, -1.8763214349746704
450, -7.598134994506836, 3.0721640586853027, -1.63692307472229
451, -7.526103973388672, 3.0721640586853027, -1.3975247144699097
452, -7.454072952270508, 3.0721640586853027, -1.1581263542175293
453, -7.454072952270508, 3.0721640586853027, -1.1581263542175293
454, -7.511391639709473, 3.0721640586853027, -0.9147858619689941
455, -7.5687103271484375, 3.0721640586853027, -0.671445369720459
456, -7.626029014587402, 3.0721640586853027, -0.42810484766960144
457, -7.683347702026367, 3.078235626220703, -0.1847643256187439
458, -7.740666389465332, 3.1176538467407227, 0.05857619643211365
459, -7.797985076904297, 3.157071828842163, 0.3019167184829712
460, -7.855303764343262, 3.17710280418396, 0.5452572107315063
461, -7.912622451782227, 3.0797667503356934, 0.7885977029800415
462, -7.969941139221191, 3.0721640586853027, 1.0319381952285767
463, -7.969941139221191, 3.0721640586853027, 1.0319381952285767
464, -7.897910118103027, 3.0721640586853027, 1.271336555480957
465, -7.825879096984863, 3.0721640586853027, 1.5107349157333374
466, -7.753848075866699, 3.0721640586853027, 1.7501332759857178
467, -7.681817054748535, 3.0721640586853027, 1.9895316362380981
468, -7.609786033630371, 3.0721640586853027, 2.2289299964904785
469, -7.537755012512207, 3.0721640586853027, 2.4683284759521484
470, -7.537755012512207, 3.0721640586853027, 2.4683284759521484
471, -7.355675220489502, 3.0721640586853027, 2.6396379470825195
472, -7.173595428466797, 3.0721640586853027, 2.8109474182128906
473, -7.173595428466797, 3.0721640586853027, 2.8109474182128906
474, -6.930254936218262, 3.0721640586853027, 2.8682658672332764
475, -6.686914443969727, 3.0721640586853027, 2.925584316253662
476, -6.443573951721191, 3.0721640586853027, 2.982902765274048
477, -6.200233459472656, 3.0721640586853027, 3.0402212142944336
478, -5.956892967224121, 3.0721640586853027, 3.0975396633148193
479, -5.713552474975586, 3.0721640586853027, 3.154858112335205
480, -5.470211982727051, 3.0721640586853027, 3.212176561355591
481, -5.470211982727051, 3.0721640586853027, 3.212176561355591
482, -5.230813503265381, 3.0721640586853027, 3.1401455402374268
483, -4.991415023803711, 3.0721640586853027, 3.0681145191192627
484, -4.991415023803711, 3.0721640586853027, 3.0681145191192627
485, -4.82010555267334, 3.0721640586853027, 2.8860347270965576
486, -4.648796081542969, 3.0721640586853027, 2.7039549350738525
487, -4.477486610412598, 3.0721640586853027, 2.5218751430511475
488, -4.306177139282227, 3.0721640586853027, 2.3397953510284424
489, -4.1348676681518555, 3.0721640586853027, 2.1577155590057373
490, -4.1348676681518555, 3.0721640586853027, 2.1577155590057373
491, -4.077548980712891, 3.0721640586853027, 1.9143750667572021
492, -4.020230293273926, 3.0721640586853027, 1.671034574508667
493, -3.96291184425354, 3.0721640586853027, 1.4276940822601318
494, -3.96291184425354, 3.0721640586853027, 1.4276940822601318
495, -3.96291184425354, 3.0721640586853027, 1.4276940822601318
496, -3.96291184425354, 3.0721640586853027, 1.4276940822601318
497, -4.034942626953125, 3.0721640586853027, 1.188295841217041
498, -4.034942626953125, 3.0721640586853027, 1.188295841217041
499, -4.21702241897583, 3.0721640586853027, 1.01698637008667
