1, -8.849238395690918, -2.9951868057250977, 1.778130292892456
2, -8.849238395690918, -2.9951868057250977, 1.778130292892456
3, -8.849238395690918, -2.9951868057250977, 1.778130292892456
4, -8.849238395690918, -2.9951868057250977, 1.778130292892456
5, -8.849238395690918, -2.9951868057250977, 1.778130292892456
6, -8.849238395690918, -2.9951868057250977, 1.778130292892456
7, -8.849238395690918, -2.9951868057250977, 1.778130292892456
8, -8.849238395690918, -2.9951868057250977, 1.778130292892456
9, -8.849238395690918, -2.9951868057250977, 1.778130292892456
10, -8.849238395690918, -2.9951868057250977, 1.778130292892456
11, -8.849238395690918, -2.9951868057250977, 1.778130292892456
12, -8.849238395690918, -2.9951868057250977, 1.778130292892456
13, -8.849238395690918, -2.9951868057250977, 1.778130292892456
14, -8.849238395690918, -2.9951868057250977, 1.778130292892456
15, -8.849238395690918, -2.9951868057250977, 1.778130292892456
16, -8.849238395690918, -2.9951868057250977, 1.778130292892456
17, -8.849238395690918, -2.9951868057250977, 1.778130292892456
18, -8.849238395690918, -2.9951868057250977, 1.778130292892456
19, -8.849238395690918, -2.9951868057250977, 1.778130292892456
20, -8.849238395690918, -2.9951868057250977, 1.778132438659668
21, -8.849238395690918, -2.9951868057250977, 1.778132438659668
22, -8.849238395690918, -2.9951868057250977, 1.778132438659668
23, -8.849238395690918, -2.9951868057250977, 1.778132438659668
24, -8.849238395690918, -2.9951868057250977, 1.778132438659668
25, -8.971299171447754, -2.9951868057250977, 1.9963093996047974
26, -8.971299171447754, -2.9951868057250977, 1.9963093996047974
27, -8.971299171447754, -2.9951868057250977, 1.9963093996047974
28, -8.971299171447754, -2.9951868057250977, 1.9963093996047974
29, -8.753122329711914, -2.9951868057250977, 2.1183700561523438
30, -8.644097328186035, -2.9951868057250977, 2.1793646812438965
31, -8.644097328186035, -2.9951868057250977, 2.1793646812438965
32, -8.644097328186035, -2.9951868057250977, 2.1793646812438965
33, -8.516180992126465, -2.9951868057250977, 2.394160747528076
34, -8.516180992126465, -2.9951868057250977, 2.394160747528076
35, -8.298004150390625, -2.9951868057250977, 2.516221523284912
36, -8.298004150390625, -2.9951868057250977, 2.516221523284912
37, -8.048027038574219, -2.9951868057250977, 2.512840747833252
38, -7.7980499267578125, -2.9951868057250977, 2.509459972381592
39, -7.548072814941406, -2.9951868057250977, 2.5060791969299316
40, -7.298095703125, -2.9951868057250977, 2.5026984214782715
41, -7.298095703125, -2.9951868057250977, 2.5026984214782715
42, -7.298095703125, -2.9951868057250977, 2.5026984214782715
43, -7.298095703125, -2.9951868057250977, 2.5026984214782715
44, -7.08329963684082, -2.9951868057250977, 2.374782085418701
45, -7.08329963684082, -2.9951868057250977, 2.374782085418701
46, -6.961238861083984, -2.9951868057250977, 2.1566052436828613
47, -6.839178085327148, -2.9951868057250977, 1.938428282737732
48, -6.839178085327148, -2.9951868057250977, 1.938428282737732
49, -6.839595317840576, -2.9951868057250977, 1.9075663089752197
50, -6.839595317840576, -2.9951868057250977, 1.9075660705566406
51, -6.839595317840576, -2.9951868057250977, 1.9075660705566406
52, -6.839595317840576, -2.9951868057250977, 1.907565712928772
53, -6.839595317840576, -2.9951868057250977, 1.907565712928772
54, -6.6247992515563965, -2.9951868057250977, 1.7796493768692017
55, -6.6247992515563965, -2.9951868057250977, 1.7796493768692017
56, -6.6247992515563965, -2.9951868057250977, 1.7796493768692017
57, -6.628180027008057, -2.9951868057250977, 1.5296722650527954
58, -6.628180027008057, -2.9951868057250977, 1.5296722650527954
59, -6.756096363067627, -2.9951868057250977, 1.3148760795593262
60, -6.884012699127197, -2.9951868057250977, 1.100079894065857
61, -6.884012699127197, -2.9951868057250977, 1.100079894065857
62, -6.887393474578857, -2.9951868057250977, 0.8501027822494507
63, -6.887393474578857, -2.9951868057250977, 0.8501027822494507
64, -6.838222503662109, -2.9951868057250977, 0.7622127532958984
65, -6.838222503662109, -2.9951868057250977, 0.7622127532958984
66, -6.838222503662109, -2.9951868057250977, 0.7622127532958984
67, -6.838222503662109, -2.9951868057250977, 0.7622127532958984
68, -6.838222503662109, -2.9951868057250977, 0.7622127532958984
69, -6.838222503662109, -2.9951868057250977, 0.7622127532958984
70, -6.6200456619262695, -2.9951868057250977, 0.8842735290527344
71, -6.6200456619262695, -2.9951868057250977, 0.8842735290527344
72, -6.6200456619262695, -2.9951868057250977, 0.8842735290527344
73, -6.4150824546813965, -2.9951868057250977, 0.7622127532958984
74, -6.4150824546813965, -2.9951868057250977, 0.7622127532958984
75, -6.4150824546813965, -2.9951868057250977, 0.7622127532958984
76, -6.4150824546813965, -2.9951868057250977, 0.7622127532958984
77, -6.4150824546813965, -2.9951868057250977, 0.7622127532958984
78, -6.4150824546813965, -2.9951868057250977, 0.7622127532958984
79, -6.4150824546813965, -2.9951868057250977, 0.7622127532958984
80, -6.4150824546813965, -2.9951868057250977, 0.7622127532958984
81, -6.4150824546813965, -2.9951868057250977, 0.7622127532958984
82, -6.4150824546813965, -2.9951868057250977, 0.7622127532958984
83, -6.4150824546813965, -2.9951868057250977, 0.7622127532958984
84, -6.4150824546813965, -2.9951868057250977, 0.7622127532958984
85, -6.411701679229736, -2.9951868057250977, 1.0121898651123047
86, -6.411701679229736, -2.9951868057250977, 1.0121898651123047
87, -6.533762454986572, -2.9951868057250977, 1.230366826057434
88, -6.655823230743408, -2.9951868057250977, 1.4485437870025635
89, -6.655823230743408, -2.9951868057250977, 1.4485437870025635
90, -6.652442455291748, -2.9951868057250977, 1.6985208988189697
91, -6.649061679840088, -2.9951868057250977, 1.948498010635376
92, -6.649061679840088, -2.9951868057250977, 1.948498010635376
93, -6.521145343780518, -2.9951868057250977, 2.1632943153381348
94, -6.521145343780518, -2.9951868057250977, 2.1632943153381348
95, -6.302968502044678, -2.9951868057250977, 2.2853550910949707
96, -6.084791660308838, -2.9951868057250977, 2.4074158668518066
97, -5.866614818572998, -2.9951868057250977, 2.5294766426086426
98, -5.866614818572998, -2.9951868057250977, 2.5294766426086426
99, -5.616637706756592, -2.9951868057250977, 2.5260958671569824
100, -5.3666605949401855, -2.9951868057250977, 2.5227150917053223
101, -5.116683483123779, -2.9951868057250977, 2.519334316253662
102, -4.866706371307373, -2.9951868057250977, 2.515953540802002
103, -4.616729259490967, -2.9951868057250977, 2.512572765350342
104, -4.3667521476745605, -2.9951868057250977, 2.5091919898986816
105, -4.116775035858154, -2.9951868057250977, 2.5058112144470215
106, -4.116775035858154, -2.9951868057250977, 2.5058112144470215
107, -4.116775035858154, -2.9951868057250977, 2.5058112144470215
108, -3.866797924041748, -2.9951868057250977, 2.5024304389953613
109, -3.616820812225342, -2.9951868057250977, 2.499049663543701
110, -3.3668437004089355, -2.9951868057250977, 2.495668888092041
111, -3.1168665885925293, -2.9951868057250977, 2.492288112640381
112, -2.866889476776123, -2.9951868057250977, 2.4889073371887207
113, -2.616912364959717, -2.9951868057250977, 2.4855265617370605
114, -2.3669352531433105, -2.9951868057250977, 2.4821457862854004
115, -2.1169581413269043, -2.9951868057250977, 2.4787650108337402
116, -1.866981029510498, -2.9951868057250977, 2.47538423538208
117, -1.866981029510498, -2.9951868057250977, 2.47538423538208
118, -1.866981029510498, -2.9951868057250977, 2.47538423538208
119, -1.866981029510498, -2.9951868057250977, 2.47538423538208
120, -1.866981029510498, -2.9951868057250977, 2.47538423538208
121, -1.866981029510498, -2.9951868057250977, 2.47538423538208
122, -1.866981029510498, -2.9951868057250977, 2.47538423538208
123, -2.1169581413269043, -2.9951868057250977, 2.4787650108337402
124, -2.3669352531433105, -2.9951868057250977, 2.4821457862854004
125, -2.616912364959717, -2.9951868057250977, 2.4855265617370605
126, -2.866889476776123, -2.9951868057250977, 2.4889073371887207
127, -3.1168665885925293, -2.9951868057250977, 2.492288112640381
128, -3.3668437004089355, -2.9951868057250977, 2.495668888092041
129, -3.616820812225342, -2.9951868057250977, 2.499049663543701
130, -3.866797924041748, -2.9951868057250977, 2.5024304389953613
131, -4.116775035858154, -2.9951868057250977, 2.5058112144470215
132, -4.3667521476745605, -2.9951868057250977, 2.5091919898986816
133, -4.3667521476745605, -2.9951868057250977, 2.5091919898986816
134, -4.3667521476745605, -2.9951868057250977, 2.5091919898986816
135, -4.3667521476745605, -2.9951868057250977, 2.5091919898986816
136, -4.58154821395874, -2.9951868057250977, 2.637108325958252
137, -4.79634428024292, -2.9951868057250977, 2.7650246620178223
138, -4.79634428024292, -2.9951868057250977, 2.7650246620178223
139, -4.79634428024292, -2.9951868057250977, 2.7650246620178223
140, -4.79296350479126, -2.9951868057250977, 3.0150017738342285
141, -4.7895827293396, -2.9951868057250977, 3.2649788856506348
142, -4.7862019538879395, -2.9951868057250977, 3.514955997467041
143, -4.782821178436279, -2.9951868057250977, 3.7649331092834473
144, -4.782821178436279, -2.9951868057250977, 3.7649331092834473
145, -4.904881954193115, -2.9951868057250977, 3.983109951019287
146, -5.026942729949951, -2.9951868057250977, 4.201286792755127
147, -3.46621036529541, -2.9951868057250977, 6.299952030181885
