1, 8.54043197631836, 0.07754743099212646, 1.0249860286712646
2, 8.54043197631836, 0.07754743099212646, 1.0249860286712646
3, 8.54043197631836, 0.07754743099212646, 1.0249860286712646
4, 8.54043197631836, 0.07754743099212646, 1.0249860286712646
5, 8.54043197631836, 0.07754743099212646, 1.0249860286712646
6, 8.54043197631836, 0.07754743099212646, 1.0249860286712646
7, 8.54043197631836, 0.07754743099212646, 1.0249860286712646
8, 8.54043197631836, 0.07754743099212646, 1.0249860286712646
9, 8.54043197631836, 0.07754743099212646, 1.0249860286712646
10, 8.54043197631836, 0.07754743099212646, 1.0249860286712646
11, 8.54043197631836, 0.07754743099212646, 1.0249860286712646
12, 8.54043197631836, 0.07754743099212646, 1.0249860286712646
13, 8.54043197631836, 0.07754743099212646, 1.0249860286712646
14, 8.54043197631836, 0.07754743099212646, 1.0249860286712646
15, 8.54043197631836, 0.07754743099212646, 1.0249860286712646
16, 8.54043197631836, 0.07754743099212646, 1.0249860286712646
17, 8.79025650024414, 0.07754743099212646, 1.0156153440475464
18, 9.040081024169922, 0.07754743099212646, 1.0062446594238281
19, 9.040081024169922, 0.07754743099212646, 1.0062446594238281
20, 9.261120796203613, 0.07754743099212646, 1.1230416297912598
21, 9.482160568237305, 0.07754743099212646, 1.2398386001586914
22, 9.482160568237305, 0.07754743099212646, 1.2398386001586914
23, 9.615187644958496, 0.07754743099212646, 1.4515074491500854
24, 8.016739845275879, 0.07754743099212646, 5.568202972412109
