1, 9.73147964477539, 2.8994359970092773, -0.5166759490966797
2, 9.73147964477539, 2.8994359970092773, -0.5166759490966797
3, 9.73147964477539, 2.8994359970092773, -0.5166759490966797
4, 9.73147964477539, 2.8994359970092773, -0.5166759490966797
5, 9.73147964477539, 2.8994359970092773, -0.5166759490966797
6, 9.73147964477539, 2.8994359970092773, -0.5166759490966797
7, 9.73147964477539, 2.8994359970092773, -0.5166759490966797
8, 9.73147964477539, 2.8994359970092773, -0.5166759490966797
9, 9.73147964477539, 2.8994359970092773, -0.5166759490966797
10, 9.73147964477539, 2.8994359970092773, -0.5166759490966797
11, 9.73147964477539, 2.8994359970092773, -0.5166759490966797
12, 9.73147964477539, 2.8994359970092773, -0.5166759490966797
13, 9.73147964477539, 2.8994359970092773, -0.5166759490966797
14, 9.73147964477539, 2.8994359970092773, -0.5166759490966797
15, 9.90356731414795, 2.8994359970092773, -0.6980202198028564
16, 10.075654983520508, 2.8994359970092773, -0.8793644905090332
17, 10.075654983520508, 2.8994359970092773, -0.8793644905090332
18, 10.134015083312988, 2.8994359970092773, -1.1224571466445923
19, 19.606393814086914, 0.09943583607673645, -0.9405426383018494
