1, -8.86913013458252, -2.9951868057250977, 2.188028573989868
2, -8.86913013458252, -2.9951868057250977, 2.188028573989868
3, -8.86913013458252, -2.9951868057250977, 2.188028573989868
4, -8.86913013458252, -2.9951868057250977, 2.188028573989868
5, -8.86913013458252, -2.9951868057250977, 2.188028573989868
6, -8.86913013458252, -2.9951868057250977, 2.188028573989868
7, -8.86913013458252, -2.9951868057250977, 2.188028573989868
8, -8.86913013458252, -2.9951868057250977, 2.188028573989868
9, -8.86913013458252, -2.9951868057250977, 2.188028573989868
10, -8.86913013458252, -2.9951868057250977, 2.188028573989868
11, -8.86913013458252, -2.9951868057250977, 2.188028573989868
12, -8.86913013458252, -2.9951868057250977, 2.188028573989868
13, -8.86913013458252, -2.9951868057250977, 2.188028573989868
14, -8.86913013458252, -2.9951868057250977, 2.188028573989868
15, -8.86913013458252, -2.9951868057250977, 2.188028573989868
16, -8.86913013458252, -2.9951868057250977, 2.188028573989868
17, -8.86913013458252, -2.9951868057250977, 2.188028573989868
18, -8.86913013458252, -2.9951868057250977, 2.188028573989868
19, -8.86913013458252, -2.9951868057250977, 2.188028573989868
20, -8.686177253723145, -2.9951868057250977, 2.358405113220215
21, -8.686177253723145, -2.9951868057250977, 2.358405113220215
22, -8.442546844482422, -2.9951868057250977, 2.4144790172576904
23, -8.1989164352417, -2.9951868057250977, 2.470552921295166
24, -7.955286026000977, -2.9951868057250977, 2.5266268253326416
25, -7.711655616760254, -2.9951868057250977, 2.582700729370117
26, -7.711655616760254, -2.9951868057250977, 2.582700729370117
27, -7.472628593444824, -2.9951868057250977, 2.5094470977783203
28, -7.2336015701293945, -2.9951868057250977, 2.4361934661865234
29, -6.994574546813965, -2.9951868057250977, 2.3629398345947266
30, -6.994574546813965, -2.9951868057250977, 2.3629398345947266
31, -6.994574546813965, -2.9951868057250977, 2.3629398345947266
32, -6.755547523498535, -2.9951868057250977, 2.2896862030029297
33, -6.755547523498535, -2.9951868057250977, 2.2896862030029297
34, -6.5119171142578125, -2.9951868057250977, 2.3457601070404053
35, -6.26828670501709, -2.9951868057250977, 2.401834011077881
36, -6.024656295776367, -2.9951868057250977, 2.4579079151153564
37, -5.7810258865356445, -2.9951868057250977, 2.513981819152832
38, -5.537395477294922, -2.9951868057250977, 2.5700557231903076
39, -5.293765068054199, -2.9951868057250977, 2.626129627227783
40, -5.293765068054199, -2.9951868057250977, 2.626129627227783
41, -5.0547380447387695, -2.9951868057250977, 2.5528759956359863
42, -4.81571102142334, -2.9951868057250977, 2.4796223640441895
43, -4.81571102142334, -2.9951868057250977, 2.4796223640441895
44, -4.572080612182617, -2.9951868057250977, 2.535696268081665
45, -4.3284502029418945, -2.9951868057250977, 2.5917701721191406
46, -4.084819793701172, -2.9951868057250977, 2.647844076156616
47, -3.841189384460449, -2.9951868057250977, 2.703917980194092
48, -3.841189384460449, -2.9951868057250977, 2.703917980194092
49, -3.658236265182495, -2.9951868057250977, 2.8742945194244385
50, -3.658236265182495, -2.9951868057250977, 2.8742945194244385
51, -3.584982395172119, -2.9951868057250977, 3.113321542739868
52, -3.511728525161743, -2.9951868057250977, 3.352348566055298
53, -3.438474655151367, -2.9951868057250977, 3.5913755893707275
54, -3.438474655151367, -2.9951868057250977, 3.5913755893707275
55, -3.438474655151367, -2.9951868057250977, 3.5913755893707275
56, -3.365220785140991, -2.9951868057250977, 3.8304026126861572
57, -3.2919669151306152, -2.9951868057250977, 4.069429397583008
58, -3.2919669151306152, -2.9951868057250977, 4.069429397583008
59, -3.2919669151306152, -2.9951868057250977, 4.069429397583008
60, -3.2919669151306152, -2.9951868057250977, 4.069429397583008
61, -3.2919669151306152, -2.9951868057250977, 4.069429397583008
62, -3.2919669151306152, -2.9951868057250977, 4.069429397583008
63, -3.2919669151306152, -2.9951868057250977, 4.069429397583008
64, -3.365220785140991, -2.9951868057250977, 3.830402374267578
65, -3.438474655151367, -2.9951868057250977, 3.5913753509521484
66, -3.511728525161743, -2.9951868057250977, 3.3523483276367188
67, -3.584982395172119, -2.9951868057250977, 3.113321304321289
68, -3.584982395172119, -2.9951868057250977, 3.113321304321289
69, -3.5289087295532227, -2.9951868057250977, 2.8696908950805664
70, -3.5289087295532227, -2.9951868057250977, 2.8696908950805664
71, -3.358532190322876, -2.9951868057250977, 2.6867377758026123
72, -3.358532190322876, -2.9951868057250977, 2.6867377758026123
73, -3.1195051670074463, -2.9951868057250977, 2.6134839057922363
74, -2.8804781436920166, -2.9951868057250977, 2.5402300357818604
75, -2.641451120376587, -2.9951868057250977, 2.4669761657714844
76, -2.4024240970611572, -2.9951868057250977, 2.3937222957611084
77, -2.1633970737457275, -2.9951868057250977, 2.3204684257507324
78, -2.1633970737457275, -2.9951868057250977, 2.3204684257507324
79, -1.9197667837142944, -2.9951868057250977, 2.376542091369629
80, -1.6761364936828613, -2.9951868057250977, 2.4326157569885254
81, -1.4325062036514282, -2.9951868057250977, 2.488689422607422
82, -1.1888759136199951, -2.9951868057250977, 2.5447630882263184
83, -0.945245623588562, -2.9951868057250977, 2.600836753845215
84, -0.7016153335571289, -2.9951868057250977, 2.6569104194641113
85, -0.4579850435256958, -2.9951868057250977, 2.712984085083008
86, -0.2143547385931015, -2.9951868057250977, 2.7690577507019043
87, -0.2143547385931015, -2.9951868057250977, 2.7690577507019043
88, -0.031401559710502625, -2.9951868057250977, 2.939434289932251
89, -0.031401559710502625, -2.9951868057250977, 2.939434289932251
90, -0.031401559710502625, -2.9951868057250977, 2.939434289932251
91, -0.031401559710502625, -2.9951868057250977, 2.939434289932251
92, -0.031401559710502625, -2.9951868057250977, 2.939434289932251
93, -0.031401559710502625, -2.9951868057250977, 2.939434289932251
94, -0.031401559710502625, -2.9951868057250977, 2.939434289932251
95, -0.2143547087907791, -2.9951868057250977, 2.7690577507019043
96, -0.3973078727722168, -2.9951868057250977, 2.5986812114715576
97, -0.3973078727722168, -2.9951868057250977, 2.5986812114715576
98, -0.6409382224082947, -2.9951868057250977, 2.542607307434082
99, -0.8845685720443726, -2.9951868057250977, 2.4865336418151855
100, -1.1281988620758057, -2.9951868057250977, 2.430459976196289
101, -1.3718291521072388, -2.9951868057250977, 2.3743863105773926
102, -1.6154594421386719, -2.9951868057250977, 2.318312644958496
103, -1.859089732170105, -2.9951868057250977, 2.2622389793395996
104, -1.859089732170105, -2.9951868057250977, 2.2622389793395996
105, -2.098116636276245, -2.9951868057250977, 2.3354928493499756
106, -2.337143659591675, -2.9951868057250977, 2.4087467193603516
107, -2.5761706829071045, -2.9951868057250977, 2.4820005893707275
108, -2.815197706222534, -2.9951868057250977, 2.5552544593811035
109, -3.054224729537964, -2.9951868057250977, 2.6285083293914795
110, -3.2932517528533936, -2.9951868057250977, 2.7017621994018555
111, -3.2932517528533936, -2.9951868057250977, 2.7017621994018555
112, -3.4636282920837402, -2.9951868057250977, 2.8847153186798096
113, -3.634004831314087, -2.9951868057250977, 3.0676684379577637
114, -3.634004831314087, -2.9951868057250977, 3.0676684379577637
115, -3.6900784969329834, -2.9951868057250977, 3.3112988471984863
116, -3.6900784969329834, -2.9951868057250977, 3.3112988471984863
117, -3.6168246269226074, -2.9951868057250977, 3.550325870513916
118, -3.5435707569122314, -2.9951868057250977, 3.7893528938293457
119, -3.5435707569122314, -2.9951868057250977, 3.7893528938293457
120, -3.3606176376342773, -2.9951868057250977, 3.9597294330596924
121, -3.3606176376342773, -2.9951868057250977, 3.9597294330596924
122, -3.3606176376342773, -2.9951868057250977, 3.9597294330596924
123, -3.3606176376342773, -2.9951868057250977, 3.9597294330596924
124, -3.3606176376342773, -2.9951868057250977, 3.9597294330596924
125, -3.3606176376342773, -2.9951868057250977, 3.9597294330596924
126, -3.4338715076446533, -2.9951868057250977, 3.7207024097442627
127, -3.5071253776550293, -2.9951868057250977, 3.481675386428833
128, -3.5803792476654053, -2.9951868057250977, 3.2426483631134033
129, -3.5803792476654053, -2.9951868057250977, 3.2426483631134033
130, -3.524305582046509, -2.9951868057250977, 2.9990179538726807
131, -3.4682319164276123, -2.9951868057250977, 2.755387544631958
132, -3.4682319164276123, -2.9951868057250977, 2.755387544631958
133, -3.2978553771972656, -2.9951868057250977, 2.572434425354004
134, -3.2978553771972656, -2.9951868057250977, 2.572434425354004
135, -3.058828353881836, -2.9951868057250977, 2.499180555343628
136, -2.8198013305664062, -2.9951868057250977, 2.425926685333252
137, -2.5807743072509766, -2.9951868057250977, 2.352672815322876
138, -2.5807743072509766, -2.9951868057250977, 2.352672815322876
139, -2.337143898010254, -2.9951868057250977, 2.4087467193603516
140, -2.0935134887695312, -2.9951868057250977, 2.464820384979248
141, -1.8498831987380981, -2.9951868057250977, 2.5208940505981445
142, -1.606252908706665, -2.9951868057250977, 2.576967716217041
143, -1.362622618675232, -2.9951868057250977, 2.6330413818359375
144, -1.1189923286437988, -2.9951868057250977, 2.689115047454834
145, -1.1189923286437988, -2.9951868057250977, 2.689115047454834
146, -0.8799653649330139, -2.9951868057250977, 2.615861177444458
147, -0.640938401222229, -2.9951868057250977, 2.542607307434082
148, -0.4019114375114441, -2.9951868057250977, 2.469353437423706
149, -0.16288448870182037, -2.9951868057250977, 2.39609956741333
150, 0.07614246010780334, -2.9951868057250977, 2.322845697402954
151, 0.31516939401626587, -2.9951868057250977, 2.249591827392578
152, 0.31516939401626587, -2.9951868057250977, 2.249591827392578
153, 0.5587997436523438, -2.9951868057250977, 2.3056654930114746
154, 0.8024300932884216, -2.9951868057250977, 2.361739158630371
155, 1.0460604429244995, -2.9951868057250977, 2.4178128242492676
156, 1.2896907329559326, -2.9951868057250977, 2.473886489868164
157, 1.2896907329559326, -2.9951868057250977, 2.473886489868164
158, 1.5287176370620728, -2.9951868057250977, 2.400632619857788
159, 1.767744541168213, -2.9951868057250977, 2.327378749847412
160, 2.0067715644836426, -2.9951868057250977, 2.254124879837036
161, 2.0067715644836426, -2.9951868057250977, 2.254124879837036
162, 2.0067715644836426, -2.9951868057250977, 2.254124879837036
163, 2.0067715644836426, -2.9951868057250977, 2.254124879837036
164, 2.2504019737243652, -2.9951868057250977, 2.3101987838745117
165, 2.2504019737243652, -2.9951868057250977, 2.3101987838745117
166, 2.2504019737243652, -2.9951868057250977, 2.3101987838745117
167, 2.323655843734741, -2.9951868057250977, 2.5492258071899414
168, 2.396909713745117, -2.9951868057250977, 2.788252830505371
169, 2.470163583755493, -2.9951868057250977, 3.027279853820801
170, 2.543417453765869, -2.9951868057250977, 3.2663068771362305
171, 2.616671323776245, -2.9951868057250977, 3.50533390045166
172, 2.689925193786621, -2.9951868057250977, 3.74436092376709
173, 2.689925193786621, -2.9951868057250977, 3.74436092376709
174, 2.689925193786621, -2.9951868057250977, 3.74436092376709
175, 2.689925193786621, -2.9951868057250977, 3.74436092376709
176, 2.689925193786621, -2.9951868057250977, 3.74436092376709
177, 2.689925193786621, -2.9951868057250977, 3.74436092376709
178, 2.506972074508667, -2.9951868057250977, 3.573984384536743
179, 2.506972074508667, -2.9951868057250977, 3.573984384536743
180, 2.433718204498291, -2.9951868057250977, 3.3349573612213135
181, 2.360464334487915, -2.9951868057250977, 3.095930337905884
182, 2.287210464477539, -2.9951868057250977, 2.856903314590454
183, 2.287210464477539, -2.9951868057250977, 2.856903314590454
184, 2.104257345199585, -2.9951868057250977, 2.6865267753601074
185, 1.9213042259216309, -2.9951868057250977, 2.5161502361297607
186, 1.9213042259216309, -2.9951868057250977, 2.5161502361297607
187, 1.6776739358901978, -2.9951868057250977, 2.460076332092285
188, 1.4340436458587646, -2.9951868057250977, 2.4040024280548096
189, 1.4340436458587646, -2.9951868057250977, 2.4040024280548096
190, 1.195016622543335, -2.9951868057250977, 2.4772562980651855
191, 0.95598965883255, -2.9951868057250977, 2.5505101680755615
192, 0.7169626951217651, -2.9951868057250977, 2.6237640380859375
193, 0.4779357314109802, -2.9951868057250977, 2.6970179080963135
194, 0.4779357314109802, -2.9951868057250977, 2.6970179080963135
195, 0.23430539667606354, -2.9951868057250977, 2.640944004058838
196, -0.00932493805885315, -2.9951868057250977, 2.5848703384399414
197, -0.25295525789260864, -2.9951868057250977, 2.528796672821045
198, -0.4965856075286865, -2.9951868057250977, 2.4727230072021484
199, -0.7402159571647644, -2.9951868057250977, 2.416649341583252
200, -0.9838463068008423, -2.9951868057250977, 2.3605756759643555
201, -1.2274765968322754, -2.9951868057250977, 2.304502010345459
202, -1.4711068868637085, -2.9951868057250977, 2.2484283447265625
203, -1.4711068868637085, -2.9951868057250977, 2.2484283447265625
204, -1.7101337909698486, -2.9951868057250977, 2.3216822147369385
205, -1.9491606950759888, -2.9951868057250977, 2.3949360847473145
206, -2.188187599182129, -2.9951868057250977, 2.4681899547576904
207, -2.4272146224975586, -2.9951868057250977, 2.5414438247680664
208, -2.6662416458129883, -2.9951868057250977, 2.6146976947784424
209, -2.905268669128418, -2.9951868057250977, 2.6879515647888184
210, -2.905268669128418, -2.9951868057250977, 2.6879515647888184
211, -3.1488990783691406, -2.9951868057250977, 2.631877899169922
212, -3.1488990783691406, -2.9951868057250977, 2.631877899169922
213, -3.3879261016845703, -2.9951868057250977, 2.705131769180298
214, -3.3879261016845703, -2.9951868057250977, 2.705131769180298
215, -3.558302640914917, -2.9951868057250977, 2.888084888458252
216, -3.558302640914917, -2.9951868057250977, 2.888084888458252
217, -3.6143763065338135, -2.9951868057250977, 3.1317152976989746
218, -3.67044997215271, -2.9951868057250977, 3.3753457069396973
219, -3.67044997215271, -2.9951868057250977, 3.3753457069396973
220, -3.597196102142334, -2.9951868057250977, 3.614372730255127
221, -3.523942232131958, -2.9951868057250977, 3.8533997535705566
222, -3.450688362121582, -2.9951868057250977, 4.092426776885986
223, -3.377434492111206, -2.9951868057250977, 4.331453800201416
224, -3.30418062210083, -2.9951868057250977, 4.570480823516846
225, -3.230926752090454, -2.9951868057250977, 4.809507846832275
226, -3.157672882080078, -2.9951868057250977, 5.048534870147705
227, -3.084419012069702, -2.9951868057250977, 5.287561893463135
228, -3.084419012069702, -2.9951868057250977, 5.287561893463135
229, -3.084419012069702, -2.9951868057250977, 5.287561893463135
230, -3.084419012069702, -2.9951868057250977, 5.287561893463135
231, -3.084419012069702, -2.9951868057250977, 5.287561893463135
232, -3.084419012069702, -2.9951868057250977, 5.287561893463135
233, -3.084419012069702, -2.9951868057250977, 5.287561893463135
234, -3.157672882080078, -2.9951868057250977, 5.048534870147705
235, -3.230926752090454, -2.9951868057250977, 4.809507846832275
236, -3.230926752090454, -2.9951868057250977, 4.809507846832275
237, -3.1748530864715576, -2.9951868057250977, 4.565877437591553
238, -3.1748530864715576, -2.9951868057250977, 4.565877437591553
239, -3.0561683177948, -2.9951868057250977, 4.438431739807129
240, -3.0561683177948, -2.9951868057250977, 4.438431739807129
241, -3.0561683177948, -2.9951868057250977, 4.438431739807129
242, -3.0561683177948, -2.9951868057250977, 4.438431739807129
243, -3.0561683177948, -2.9951868057250977, 4.438431739807129
244, -3.129422187805176, -2.9951868057250977, 4.199404716491699
245, -3.129422187805176, -2.9951868057250977, 4.199404716491699
246, -3.129422187805176, -2.9951868057250977, 4.199404716491699
247, -3.129422187805176, -2.9951868057250977, 4.199404716491699
248, -2.890395164489746, -2.9951868057250977, 4.126151084899902
249, -2.890395164489746, -2.9951868057250977, 4.126151084899902
250, -2.8686938285827637, -2.9951868057250977, 4.13114595413208
251, -2.8686938285827637, -2.9951868057250977, 4.13114595413208
252, -2.8686940670013428, -2.9951868057250977, 4.13114595413208
253, -2.8686940670013428, -2.9951868057250977, 4.13114595413208
254, -2.8686940670013428, -2.9951868057250977, 4.13114595413208
255, -2.8686940670013428, -2.9951868057250977, 4.13114595413208
256, -2.8686940670013428, -2.9951868057250977, 4.13114595413208
257, -2.8686940670013428, -2.9951868057250977, 4.13114595413208
258, -3.0390706062316895, -2.9951868057250977, 4.314099311828613
259, -3.209447145462036, -2.9951868057250977, 4.4970526695251465
260, -3.209447145462036, -2.9951868057250977, 4.4970526695251465
261, -3.2655210494995117, -2.9951868057250977, 4.740683078765869
262, -3.2655210494995117, -2.9951868057250977, 4.740683078765869
263, -3.2655210494995117, -2.9951868057250977, 4.740683078765869
264, -3.2655210494995117, -2.9951868057250977, 4.740683078765869
265, -3.0324418544769287, -2.9951868057250977, 4.794328212738037
266, -3.0324418544769287, -2.9951868057250977, 4.794328212738037
267, -3.0324418544769287, -2.9951868057250977, 4.794328212738037
268, -3.0324418544769287, -2.9951868057250977, 4.794328212738037
269, -3.0324418544769287, -2.9951868057250977, 4.794328212738037
270, -3.0324418544769287, -2.9951868057250977, 4.794328212738037
271, -3.0324418544769287, -2.9951868057250977, 4.794328212738037
272, -3.088515520095825, -2.9951868057250977, 5.03795862197876
273, -3.088515520095825, -2.9951868057250977, 5.03795862197876
274, -3.015261650085449, -2.9951868057250977, 5.2769856452941895
275, -3.015261650085449, -2.9951868057250977, 5.2769856452941895
276, -3.015261650085449, -2.9951868057250977, 5.2769856452941895
277, -3.015261650085449, -2.9951868057250977, 5.2769856452941895
278, -3.011249542236328, -2.9951868057250977, 5.275755882263184
279, -3.011249542236328, -2.9951868057250977, 5.275755882263184
280, -3.011249542236328, -2.9951868057250977, 5.275755882263184
281, -3.011249542236328, -2.9951868057250977, 5.275755882263184
282, -3.084503412246704, -2.9951868057250977, 5.036728858947754
283, -3.15775728225708, -2.9951868057250977, 4.797701835632324
284, -3.15775728225708, -2.9951868057250977, 4.797701835632324
285, -3.1016836166381836, -2.9951868057250977, 4.554071426391602
286, -3.060413360595703, -2.9951868057250977, 4.374758720397949
287, -3.060413360595703, -2.9951868057250977, 4.374758720397949
288, -3.060413360595703, -2.9951868057250977, 4.374758720397949
289, -3.060413360595703, -2.9951868057250977, 4.374758720397949
290, -3.060413360595703, -2.9951868057250977, 4.374758720397949
291, -3.060413360595703, -2.9951868057250977, 4.374758720397949
292, -3.133667230606079, -2.9951868057250977, 4.1357316970825195
293, -3.133667230606079, -2.9951868057250977, 4.1357316970825195
294, -3.133667230606079, -2.9951868057250977, 4.1357316970825195
295, -3.133667230606079, -2.9951868057250977, 4.1357316970825195
296, -3.133667230606079, -2.9951868057250977, 4.1357316970825195
297, -2.914543390274048, -2.9951868057250977, 4.186164855957031
298, -2.914543390274048, -2.9951868057250977, 4.186164855957031
299, -2.9145431518554688, -2.9951868057250977, 4.186164855957031
300, -2.9145431518554688, -2.9951868057250977, 4.186164855957031
301, -2.9145431518554688, -2.9951868057250977, 4.186164855957031
302, -2.9145431518554688, -2.9951868057250977, 4.186164855957031
303, -2.886014461517334, -2.9951868057250977, 4.062212944030762
304, -2.886014461517334, -2.9951868057250977, 4.062212944030762
305, -2.886014461517334, -2.9951868057250977, 4.062212944030762
306, -2.886014461517334, -2.9951868057250977, 4.062212944030762
307, -2.823281764984131, -2.9951868057250977, 4.076651573181152
308, -2.823281764984131, -2.9951868057250977, 4.076651573181152
309, -2.823281764984131, -2.9951868057250977, 4.076651573181152
310, -2.823281764984131, -2.9951868057250977, 4.076651573181152
311, -2.823281764984131, -2.9951868057250977, 4.076651573181152
312, -2.823281764984131, -2.9951868057250977, 4.076651573181152
313, -2.823281764984131, -2.9951868057250977, 4.076651573181152
314, -2.823281764984131, -2.9951868057250977, 4.076651573181152
315, -2.823281764984131, -2.9951868057250977, 4.076651573181152
316, -2.823281764984131, -2.9951868057250977, 4.076651573181152
317, -2.823281764984131, -2.9951868057250977, 4.076651573181152
318, -2.823281764984131, -2.9951868057250977, 4.076651573181152
319, -2.9936583042144775, -2.9951868057250977, 4.2596049308776855
320, -3.164034843444824, -2.9951868057250977, 4.442558288574219
321, -3.164034843444824, -2.9951868057250977, 4.442558288574219
322, -3.2201087474823, -2.9951868057250977, 4.686188697814941
323, -3.2761826515197754, -2.9951868057250977, 4.929819107055664
324, -3.2761826515197754, -2.9951868057250977, 4.929819107055664
325, -3.2029287815093994, -2.9951868057250977, 5.168846130371094
326, -3.2029287815093994, -2.9951868057250977, 5.168846130371094
327, -3.2029287815093994, -2.9951868057250977, 5.168846130371094
328, -3.2029287815093994, -2.9951868057250977, 5.168846130371094
329, -3.2029287815093994, -2.9951868057250977, 5.168846130371094
330, -3.0325522422790527, -2.9951868057250977, 4.9858927726745605
331, -3.020531415939331, -2.9951868057250977, 4.972984790802002
332, -3.020531415939331, -2.9951868057250977, 4.972984790802002
333, -3.020531415939331, -2.9951868057250977, 4.972984790802002
334, -3.020531415939331, -2.9951868057250977, 4.972984790802002
335, -3.020531415939331, -2.9951868057250977, 4.972984790802002
336, -3.020531415939331, -2.9951868057250977, 4.972984790802002
337, -3.020531415939331, -2.9951868057250977, 4.972984790802002
338, -3.020531415939331, -2.9951868057250977, 4.972984790802002
339, 3.3188836574554443, -2.9951868057250977, 5.940219402313232
