1, 9.38595199584961, 0.07754743099212646, 2.884028196334839
2, 9.38595199584961, 0.07754743099212646, 2.884028196334839
3, 9.38595199584961, 0.07754743099212646, 2.884028196334839
4, 9.38595199584961, 0.07754743099212646, 2.884028196334839
5, 9.38595199584961, 0.07754743099212646, 2.884028196334839
6, 9.38595199584961, 0.07754743099212646, 2.884028196334839
7, 9.38595199584961, 0.07754743099212646, 2.884028196334839
8, 9.38595199584961, 0.07754743099212646, 2.884028196334839
9, 9.38595199584961, 0.07754743099212646, 2.884028196334839
10, 9.38595199584961, 0.07754743099212646, 2.884028196334839
11, 9.38595199584961, 0.07754743099212646, 2.884028196334839
12, 9.38595199584961, 0.07754743099212646, 2.884028196334839
13, 9.38595199584961, 0.07754743099212646, 2.884028196334839
14, 9.38595199584961, 0.07754743099212646, 2.884028196334839
15, 9.38595199584961, 0.07754743099212646, 2.884028196334839
16, 9.617769241333008, 0.07754743099212646, 2.7904281616210938
17, 9.617769241333008, 0.07754743099212646, 2.7904281616210938
18, 9.617769241333008, 0.07754743099212646, 2.7904281616210938
19, 9.617769241333008, 0.07754743099212646, 2.7904281616210938
20, 9.617769241333008, 0.07754743099212646, 2.7904281616210938
21, 9.849586486816406, 0.07754743099212646, 2.6968281269073486
22, 9.849586486816406, 0.07754743099212646, 2.6968281269073486
23, 9.849586486816406, 0.07754743099212646, 2.6968281269073486
24, 9.884434700012207, 0.13351567089557648, 2.4492688179016113
25, 9.919282913208008, 0.08641789108514786, 2.201709508895874
26, 9.919282913208008, 0.08641789108514786, 2.201709508895874
27, 9.825682640075684, 0.11503802984952927, 1.9698927402496338
28, 9.73208236694336, 0.07754743099212646, 1.7380759716033936
29, 9.73208236694336, 0.07754743099212646, 1.7380759716033936
30, 9.73208236694336, 0.07754743099212646, 1.7380759716033936
31, 9.73208236694336, 0.07754743099212646, 1.7380759716033936
32, 9.73208236694336, 0.07754743099212646, 1.7380759716033936
33, 9.73208236694336, 0.07754743099212646, 1.7380759716033936
34, 9.73208236694336, 0.07754743099212646, 1.7380759716033936
35, 9.73208236694336, 0.07754743099212646, 1.7380759716033936
36, 9.73208236694336, 0.07754743099212646, 1.7380759716033936
37, 9.73208236694336, 0.07754743099212646, 1.7380759716033936
38, 9.73208236694336, 0.07754743099212646, 1.7380759716033936
39, 9.73208236694336, 0.07754743099212646, 1.7380759716033936
40, 9.73208236694336, 0.07754743099212646, 1.7380759716033936
41, 9.73208236694336, 0.07754743099212646, 1.7380759716033936
42, 9.73208236694336, 0.07754743099212646, 1.7380759716033936
43, 9.825682640075684, 0.11503802984952927, 1.9698927402496338
44, 9.825682640075684, 0.11503802984952927, 1.9698927402496338
45, 9.790834426879883, 0.07754743099212646, 2.217452049255371
46, 9.767401695251465, 0.07754743099212646, 2.3839166164398193
47, 9.767401695251465, 0.07754743099212646, 2.3839166164398193
48, 9.767401695251465, 0.07754743099212646, 2.3839166164398193
49, 9.861001968383789, 0.07754743099212646, 2.6157333850860596
50, 9.861001968383789, 0.07754743099212646, 2.6157333850860596
51, 9.861001968383789, 0.07754743099212646, 2.6157333850860596
52, 9.707042694091797, 0.07754743099212646, 2.812701940536499
53, 9.707042694091797, 0.07754743099212646, 2.812701940536499
54, 9.475225448608398, 0.07754743099212646, 2.906301975250244
55, 9.243408203125, 0.07754743099212646, 2.9999022483825684
56, 9.011590957641602, 0.07754743099212646, 3.0935025215148926
57, 8.779773712158203, 0.07754743099212646, 3.187102794647217
58, 8.779773712158203, 0.07754743099212646, 3.187102794647217
59, 8.532214164733887, 0.07754743099212646, 3.152254581451416
60, 8.28465461730957, 0.07754743099212646, 3.1174063682556152
61, 8.037095069885254, 0.07754743099212646, 3.0825581550598145
62, 7.7895355224609375, 0.07754743099212646, 3.0477099418640137
63, 7.541975975036621, 0.07754743099212646, 3.012861728668213
64, 7.294416427612305, 0.07754743099212646, 2.978013515472412
65, 7.294416427612305, 0.07754743099212646, 2.978013515472412
66, 7.0625996589660645, 0.07754743099212646, 3.0716137886047363
67, 7.0625996589660645, 0.07754743099212646, 3.0716137886047363
68, 6.815040588378906, 0.07754743099212646, 3.0367655754089355
69, 6.56748104095459, 0.07754743099212646, 3.0019173622131348
70, 6.56748104095459, 0.07754743099212646, 3.0019173622131348
71, 6.37051248550415, 0.07754743099212646, 2.8479583263397217
72, 6.37051248550415, 0.07754743099212646, 2.8479583263397217
73, 6.122953414916992, 0.07754743099212646, 2.813110113143921
74, 5.875394344329834, 0.07754743099212646, 2.77826189994812
75, 5.875394344329834, 0.07754743099212646, 2.77826189994812
76, 5.643577575683594, 0.07754743099212646, 2.8718619346618652
77, 5.4117608070373535, 0.07754743099212646, 2.9654622077941895
78, 5.179944038391113, 0.07754743099212646, 3.0590624809265137
79, 5.179944038391113, 0.07754743099212646, 3.0590624809265137
80, 5.025984764099121, 0.07754743099212646, 3.256031036376953
81, 4.872025489807129, 0.07754743099212646, 3.4529995918273926
82, 4.718066215515137, 0.07754743099212646, 3.649968147277832
83, 4.5641069412231445, 0.07754743099212646, 3.8469367027282715
84, 4.5641069412231445, 0.07754743099212646, 3.8469367027282715
85, 4.332290172576904, 0.07754743099212646, 3.9405369758605957
86, 4.100473403930664, 0.07754743099212646, 4.03413724899292
87, 3.868656635284424, 0.07754743099212646, 4.127737522125244
88, 3.6659791469573975, 0.07754743099212646, 4.2095723152160645
89, 3.6659791469573975, 0.07754743099212646, 4.2095723152160645
90, 3.41841983795166, 0.07754743099212646, 4.174724102020264
91, 3.41841983795166, 0.07754743099212646, 4.174724102020264
92, 3.41841983795166, 0.07754743099212646, 4.174724102020264
93, 3.41841983795166, 0.07754743099212646, 4.174724102020264
94, 3.3350670337677, 0.07754743099212646, 4.109571933746338
95, 3.3350670337677, 0.07754743099212646, 4.109571933746338
96, 3.3350670337677, 0.07754743099212646, 4.109571933746338
97, 3.3350670337677, 0.07754743099212646, 4.109571933746338
98, 3.3350670337677, 0.07754743099212646, 4.109571933746338
99, 3.3350670337677, 0.07754743099212646, 4.109571933746338
100, 3.3350670337677, 0.07754743099212646, 4.109571933746338
101, 3.3350670337677, 0.07754743099212646, 4.109571933746338
102, 3.3350670337677, 0.07754743099212646, 4.109571933746338
103, 3.3350670337677, 0.07754743099212646, 4.109571933746338
104, 3.10325026512146, 0.07754743099212646, 4.203172206878662
105, 3.10325026512146, 0.07754743099212646, 4.203172206878662
106, 3.10325026512146, 0.07754743099212646, 4.203172206878662
107, 2.9062817096710205, 0.07754743099212646, 4.04921293258667
108, 2.9062817096710205, 0.07754743099212646, 4.04921293258667
109, 2.8126816749572754, 0.07754743099212646, 3.8173961639404297
110, 2.7190816402435303, 0.07754743099212646, 3.5855793952941895
111, 2.625481605529785, 0.07754743099212646, 3.353762626647949
112, 2.53188157081604, 0.07754743099212646, 3.121945858001709
113, 2.438281536102295, 0.07754743099212646, 2.8901290893554688
114, 2.438281536102295, 0.07754743099212646, 2.8901290893554688
115, 2.4731297492980957, 0.07754743099212646, 2.6425697803497314
116, 2.5079779624938965, 0.07754743099212646, 2.395010471343994
117, 2.5428261756896973, 0.07754743099212646, 2.147451162338257
118, 2.5428261756896973, 0.07754743099212646, 2.147451162338257
119, 2.6967854499816895, 0.07754743099212646, 1.950482726097107
120, 2.8507447242736816, 0.07754743099212646, 1.753514289855957
121, 3.004703998565674, 0.07754743099212646, 1.5565458536148071
122, 3.158663272857666, 0.07754743099212646, 1.3595774173736572
123, 3.158663272857666, 0.07754743099212646, 1.3595774173736572
124, 3.3904800415039062, 0.07754743099212646, 1.2659772634506226
125, 3.6222968101501465, 0.07754743099212646, 1.172377109527588
126, 3.6222968101501465, 0.07754743099212646, 1.172377109527588
127, 3.869856119155884, 0.07754743099212646, 1.2072254419326782
128, 3.869856119155884, 0.07754743099212646, 1.2072254419326782
129, 4.066824436187744, 0.07754743099212646, 1.3611845970153809
130, 4.263792991638184, 0.07754743099212646, 1.515143871307373
131, 4.460761547088623, 0.07754743099212646, 1.6691031455993652
132, 4.460761547088623, 0.07754743099212646, 1.6691031455993652
133, 4.460761547088623, 0.07754743099212646, 1.6691031455993652
134, 4.692578315734863, 0.07754743099212646, 1.5755029916763306
135, 4.9243950843811035, 0.07754743099212646, 1.481902837753296
136, 4.9243950843811035, 0.07754743099212646, 1.481902837753296
137, 4.9243950843811035, 0.07754743099212646, 1.481902837753296
138, 4.959243297576904, 0.07754743099212646, 1.2343435287475586
139, 4.994091510772705, 0.07754743099212646, 0.9867842197418213
140, 5.028939723968506, 0.07754743099212646, 0.739224910736084
141, 5.063787937164307, 0.07754743099212646, 0.49166563153266907
142, 5.098636150360107, 0.07754743099212646, 0.24410635232925415
143, 5.133484363555908, 0.07754743099212646, -0.0034529268741607666
144, 5.168332576751709, 0.07754743099212646, -0.2510122060775757
145, 5.20318078994751, 0.07754743099212646, -0.4985714852809906
146, 5.2380290031433105, 0.07754743099212646, -0.7461307644844055
147, 5.272877216339111, 0.07754743099212646, -0.993690013885498
148, 5.307725429534912, 0.07754743099212646, -1.2412493228912354
149, 5.342573642730713, 0.07754743099212646, -1.4888086318969727
150, 5.377421855926514, 0.07754743099212646, -1.73636794090271
151, 5.377421855926514, 0.07754743099212646, -1.73636794090271
152, 5.2838215827941895, 0.07754743099212646, -1.9681847095489502
153, 5.190221309661865, 0.07754743099212646, -2.2000014781951904
154, 5.190221309661865, 0.07754743099212646, -2.2000014781951904
155, 5.225069522857666, 0.07754743099212646, -2.4475607872009277
156, 5.225069522857666, 0.07754743099212646, -2.4475607872009277
157, 5.225069522857666, 0.07754743099212646, -2.4475607872009277
158, 5.225069522857666, 0.07754743099212646, -2.4475607872009277
159, 5.225069522857666, 0.07754743099212646, -2.4475607872009277
160, 5.225069522857666, 0.07754743099212646, -2.4475607872009277
161, 5.225069522857666, 0.07754743099212646, -2.4475607872009277
162, 5.190221309661865, 0.07754743099212646, -2.2000014781951904
163, 5.1553730964660645, 0.07754743099212646, -1.9524421691894531
164, 5.1553730964660645, 0.07754743099212646, -1.9524421691894531
165, 5.248973369598389, 0.07754743099212646, -1.720625400543213
166, 5.342573642730713, 0.07754743099212646, -1.4888086318969727
167, 5.436173915863037, 0.07754743099212646, -1.2569918632507324
168, 5.436173915863037, 0.07754743099212646, -1.2569918632507324
169, 5.436173915863037, 0.07754743099212646, -1.2569918632507324
170, 5.529774188995361, 0.07754743099212646, -1.0251750946044922
171, 5.529774188995361, 0.07754743099212646, -1.0251750946044922
172, 5.4949259757995605, 0.07754743099212646, -0.7776157855987549
173, 5.46007776260376, 0.07754743099212646, -0.5300564765930176
174, 5.425229549407959, 0.07754743099212646, -0.2824971675872803
175, 5.390381336212158, 0.07754743099212646, -0.03493785858154297
176, 5.355533123016357, 0.07754743099212646, 0.21262145042419434
177, 5.320684909820557, 0.07754743099212646, 0.46018075942993164
178, 5.285836696624756, 0.07754743099212646, 0.707740068435669
179, 5.250988483428955, 0.07754743099212646, 0.9552993774414062
180, 5.216140270233154, 0.07754743099212646, 1.2028586864471436
181, 5.1812920570373535, 0.07754743099212646, 1.4504179954528809
182, 5.146443843841553, 0.07754743099212646, 1.6979773044586182
183, 5.111595630645752, 0.07754743099212646, 1.9455366134643555
184, 5.076747417449951, 0.07754743099212646, 2.1930959224700928
185, 5.04189920425415, 0.07754743099212646, 2.44065523147583
186, 5.00705099105835, 0.07754743099212646, 2.6882145404815674
187, 4.972202777862549, 0.07754743099212646, 2.9357738494873047
188, 4.972202777862549, 0.07754743099212646, 2.9357738494873047
189, 5.065803050994873, 0.07754743099212646, 3.167590618133545
190, 5.159403324127197, 0.07754743099212646, 3.399407386779785
191, 5.2530035972595215, 0.07754743099212646, 3.6312241554260254
192, 5.346603870391846, 0.07754743099212646, 3.8630409240722656
193, 5.44020414352417, 0.07754743099212646, 4.094857692718506
194, 5.44020414352417, 0.07754743099212646, 4.094857692718506
195, 5.44020414352417, 0.07754743099212646, 4.094857692718506
196, 5.533804416656494, 0.07754743099212646, 4.326674461364746
197, 5.533804416656494, 0.07754743099212646, 4.326674461364746
198, 5.730772972106934, 0.07754743099212646, 4.480633735656738
199, 5.730772972106934, 0.07754743099212646, 4.480633735656738
200, 5.978332042694092, 0.07754743099212646, 4.515481948852539
201, 6.22589111328125, 0.07754743099212646, 4.55033016204834
202, 6.473450183868408, 0.07754743099212646, 4.585178375244141
203, 6.721009254455566, 0.07754743099212646, 4.620026588439941
204, 6.968568325042725, 0.07754743099212646, 4.654874801635742
205, 6.968568325042725, 0.07754743099212646, 4.654874801635742
206, 6.968568325042725, 0.07754743099212646, 4.654874801635742
207, 6.968568325042725, 0.07754743099212646, 4.654874801635742
208, 6.968568325042725, 0.07754743099212646, 4.654874801635742
209, 6.968568325042725, 0.07754743099212646, 4.654874801635742
210, 7.165536880493164, 0.07754743099212646, 4.808834075927734
211, 7.3625054359436035, 0.07754743099212646, 4.962793350219727
212, 7.3625054359436035, 0.07754743099212646, 4.962793350219727
213, 7.610064506530762, 0.07754743099212646, 4.997641563415527
214, 7.85762357711792, 0.07754743099212646, 5.032489776611328
215, 8.105182647705078, 0.07754743099212646, 5.067337989807129
216, 8.352742195129395, 0.07754743099212646, 5.10218620300293
217, 8.600301742553711, 0.07754743099212646, 5.1370344161987305
218, 8.847861289978027, 0.07754743099212646, 5.171882629394531
219, 8.847861289978027, 0.07754743099212646, 5.171882629394531
220, 9.07967758178711, 0.07754743099212646, 5.078282356262207
221, 9.311493873596191, 0.07754743099212646, 4.984682083129883
222, 9.311493873596191, 0.07754743099212646, 4.984682083129883
223, 9.311493873596191, 0.07754743099212646, 4.984682083129883
224, 9.311493873596191, 0.07754743099212646, 4.984682083129883
225, 9.311493873596191, 0.07754743099212646, 4.984682083129883
226, 9.311493873596191, 0.07754743099212646, 4.984682083129883
227, 9.311493873596191, 0.07754743099212646, 4.984682083129883
228, 9.311493873596191, 0.07754743099212646, 4.984682083129883
229, 9.559053421020508, 0.07754743099212646, 5.019530296325684
230, 9.806612968444824, 0.07754743099212646, 5.054378509521484
231, 9.806612968444824, 0.07754743099212646, 5.054378509521484
232, 10.003581047058105, 0.07754743099212646, 5.208337783813477
233, 10.003581047058105, 0.07754743099212646, 5.208337783813477
234, 10.003581047058105, 0.07754743099212646, 5.208337783813477
235, 10.005854606628418, 0.07754743099212646, 5.213968753814697
236, 10.005854606628418, 0.07754743099212646, 5.213968753814697
237, 10.005854606628418, 0.07754743099212646, 5.213968753814697
238, 10.005854606628418, 0.07754743099212646, 5.213968753814697
239, 10.005854606628418, 0.07754743099212646, 5.213968753814697
240, 10.005854606628418, 0.07754743099212646, 5.213968753814697
241, 10.005854606628418, 0.07754743099212646, 5.213968753814697
242, 10.005854606628418, 0.07754743099212646, 5.213968753814697
243, 10.005854606628418, 0.07754743099212646, 5.213968753814697
244, 10.005854606628418, 0.07754743099212646, 5.213968753814697
245, 10.02919864654541, 0.07754743099212646, 5.184103488922119
246, 10.02919864654541, 0.07754743099212646, 5.184103488922119
247, 10.02919864654541, 0.07754743099212646, 5.184103488922119
248, 10.02919864654541, 0.07754743099212646, 5.184103488922119
249, 10.02919864654541, 0.07754743099212646, 5.184103488922119
250, 10.02919864654541, 0.07754743099212646, 5.184103488922119
251, 10.040265083312988, 0.07754743099212646, 5.21151065826416
252, 10.040265083312988, 0.07754743099212646, 5.21151065826416
253, 10.040265083312988, 0.07754743099212646, 5.21151065826416
254, 10.040265083312988, 0.07754743099212646, 5.21151065826416
255, 10.040265083312988, 0.07754743099212646, 5.21151065826416
256, 10.040265083312988, 0.07754743099212646, 5.21151065826416
257, 10.040265083312988, 0.07754743099212646, 5.21151065826416
258, 9.792705535888672, 0.07754743099212646, 5.176662445068359
259, 9.792705535888672, 0.07754743099212646, 5.176662445068359
260, 9.59573745727539, 0.07754743099212646, 5.022703170776367
261, 9.59573745727539, 0.07754743099212646, 5.022703170776367
262, 9.348177909851074, 0.07754743099212646, 4.987854957580566
263, 9.100618362426758, 0.07754743099212646, 4.953006744384766
264, 8.853058815002441, 0.07754743099212646, 4.918158531188965
265, 8.605499267578125, 0.07754743099212646, 4.883310317993164
266, 8.357939720153809, 0.07754743099212646, 4.848462104797363
267, 8.110380172729492, 0.07754743099212646, 4.8136138916015625
268, 7.862821102142334, 0.07754743099212646, 4.778765678405762
269, 7.615262031555176, 0.07754743099212646, 4.743917465209961
270, 7.367702960968018, 0.07754743099212646, 4.70906925201416
271, 7.120143890380859, 0.07754743099212646, 4.674221038818359
272, 6.872584819793701, 0.07754743099212646, 4.639372825622559
273, 6.625025749206543, 0.07754743099212646, 4.604524612426758
274, 6.377466678619385, 0.07754743099212646, 4.569676399230957
275, 6.129907608032227, 0.07754743099212646, 4.534828186035156
276, 5.882348537445068, 0.07754743099212646, 4.4999799728393555
277, 5.882348537445068, 0.07754743099212646, 4.4999799728393555
278, 5.685379981994629, 0.07754743099212646, 4.346020698547363
279, 5.4884114265441895, 0.07754743099212646, 4.192061424255371
280, 5.4884114265441895, 0.07754743099212646, 4.192061424255371
281, 5.394811153411865, 0.07754743099212646, 3.960244655609131
282, 5.394811153411865, 0.07754743099212646, 3.960244655609131
283, 5.429659366607666, 0.07754743099212646, 3.7126853466033936
284, 5.464507579803467, 0.07754743099212646, 3.4651260375976562
285, 5.499355792999268, 0.07754743099212646, 3.217566728591919
286, 5.534204006195068, 0.07754743099212646, 2.9700074195861816
287, 5.569052219390869, 0.07754743099212646, 2.7224481105804443
288, 5.60390043258667, 0.07754743099212646, 2.474888801574707
289, 5.60390043258667, 0.07754743099212646, 2.474888801574707
290, 5.757859706878662, 0.07754743099212646, 2.2779202461242676
291, 5.911818981170654, 0.07754743099212646, 2.080951690673828
292, 6.0657782554626465, 0.07754743099212646, 1.8839832544326782
293, 6.219737529754639, 0.07754743099212646, 1.6870148181915283
294, 6.373696804046631, 0.07754743099212646, 1.4900463819503784
295, 6.373696804046631, 0.07754743099212646, 1.4900463819503784
296, 6.605513572692871, 0.07754743099212646, 1.3964462280273438
297, 6.605513572692871, 0.07754743099212646, 1.3964462280273438
298, 6.8530731201171875, 0.07754743099212646, 1.431294560432434
299, 7.100632667541504, 0.07754743099212646, 1.4661428928375244
300, 7.100632667541504, 0.07754743099212646, 1.4661428928375244
301, 7.297601222991943, 0.07754743099212646, 1.6201021671295166
302, 7.494569778442383, 0.07754743099212646, 1.7740614414215088
303, 7.593332290649414, 0.07754743099212646, 1.851258635520935
304, 7.593332290649414, 0.07754743099212646, 1.851258635520935
305, 7.593332290649414, 0.07754743099212646, 1.8512591123580933
306, 7.593332290649414, 0.07754743099212646, 1.8512591123580933
307, 7.558484077453613, 0.07754743099212646, 2.098818302154541
308, 7.558484077453613, 0.07754743099212646, 2.098818302154541
309, 7.6520843505859375, 0.07754743099212646, 2.3306350708007812
310, 7.6520843505859375, 0.07754743099212646, 2.3306350708007812
311, 7.6520843505859375, 0.07754743099212646, 2.3306350708007812
312, 7.899643898010254, 0.07754743099212646, 2.365483522415161
313, 5.6879963874816895, 0.07754743099212646, 3.946524143218994
