1, 5.019829750061035, 2.8994359970092773, -1.9205862283706665
2, 5.019829750061035, 2.8994359970092773, -1.9205862283706665
3, 5.019829750061035, 2.8994359970092773, -1.9205862283706665
4, 5.019829750061035, 2.8994359970092773, -1.9205862283706665
5, 5.019829750061035, 2.8994359970092773, -1.9205862283706665
6, 5.019829750061035, 2.8994359970092773, -1.9205862283706665
7, 5.019829750061035, 2.8994359970092773, -1.9205862283706665
8, 5.019829750061035, 2.8994359970092773, -1.9205862283706665
9, 5.019829750061035, 2.8994359970092773, -1.9205862283706665
10, 5.019829750061035, 2.8994359970092773, -1.9205862283706665
11, 5.019829750061035, 2.8994359970092773, -1.9205862283706665
12, 5.019829750061035, 2.8994359970092773, -1.9205862283706665
13, 5.019829750061035, 2.8994359970092773, -1.9205862283706665
14, 5.019829750061035, 2.8994359970092773, -1.9205862283706665
15, 4.954478740692139, 2.8994359970092773, -2.161893606185913
16, 4.889127731323242, 2.8994359970092773, -2.40320086479187
17, 4.823776721954346, 2.8994359970092773, -2.644508123397827
18, 4.758425712585449, 2.8994359970092773, -2.885815382003784
19, 4.758425712585449, 2.8994359970092773, -2.885815382003784
20, 4.822483539581299, 2.8994359970092773, -3.127469301223755
21, 4.886541366577148, 2.8994359970092773, -3.3691232204437256
22, 10.020548820495605, 0.09943583607673645, -1.6546822786331177
