1, -7.352391242980957, -2.9951868057250977, 2.3454434871673584
2, -7.352391242980957, -2.9951868057250977, 2.3454434871673584
3, -7.352391242980957, -2.9951868057250977, 2.3454434871673584
4, -7.352391242980957, -2.9951868057250977, 2.3454434871673584
5, -7.352391242980957, -2.9951868057250977, 2.3454434871673584
6, -7.352391242980957, -2.9951868057250977, 2.3454434871673584
7, -7.352391242980957, -2.9951868057250977, 2.3454434871673584
8, -7.352391242980957, -2.9951868057250977, 2.3454434871673584
9, -7.352391242980957, -2.9951868057250977, 2.3454434871673584
10, -7.352391242980957, -2.9951868057250977, 2.3454434871673584
11, -7.352391242980957, -2.9951868057250977, 2.3454434871673584
12, -7.352391242980957, -2.9951868057250977, 2.3454434871673584
13, -7.352391242980957, -2.9951868057250977, 2.3454434871673584
14, -7.352391242980957, -2.9951868057250977, 2.3454434871673584
15, -7.352391242980957, -2.9951868057250977, 2.3454434871673584
16, -7.352391242980957, -2.9951868057250977, 2.3454434871673584
17, -7.597883701324463, -2.9951868057250977, 2.298184394836426
18, -7.843376159667969, -2.9951868057250977, 2.250925302505493
19, -7.843376159667969, -2.9951868057250977, 2.250925302505493
20, -8.079608917236328, -2.9951868057250977, 2.3327438831329346
21, -8.079608917236328, -2.9951868057250977, 2.3327438831329346
22, -8.325101852416992, -2.9951868057250977, 2.285484790802002
23, -8.570594787597656, -2.9951868057250977, 2.2382256984710693
24, -8.81608772277832, -2.9951868057250977, 2.1909666061401367
25, -8.81608772277832, -2.9951868057250977, 2.1909666061401367
26, -8.81608772277832, -2.9951868057250977, 2.1909666061401367
27, -8.81608772277832, -2.9951868057250977, 2.1909666061401367
28, -8.81608772277832, -2.9951868057250977, 2.1909666061401367
29, -8.81608772277832, -2.9951868057250977, 2.1909666061401367
30, -8.81608772277832, -2.9951868057250977, 2.1909666061401367
31, -8.81608772277832, -2.9951868057250977, 2.1909666061401367
32, -8.81608772277832, -2.9951868057250977, 2.1909666061401367
33, -8.81608772277832, -2.9951868057250977, 2.1909666061401367
34, -8.627114295959473, -2.9951868057250977, 2.354640483856201
35, -8.627114295959473, -2.9951868057250977, 2.354640483856201
36, -8.381621360778809, -2.9951868057250977, 2.401899814605713
37, -8.136128425598145, -2.9951868057250977, 2.4491591453552246
38, -7.890635967254639, -2.9951868057250977, 2.4964184761047363
39, -7.645143508911133, -2.9951868057250977, 2.543677806854248
40, -7.399651050567627, -2.9951868057250977, 2.5909371376037598
41, -7.154158592224121, -2.9951868057250977, 2.6381964683532715
42, -7.154158592224121, -2.9951868057250977, 2.6381964683532715
43, -6.91792631149292, -2.9951868057250977, 2.55637788772583
44, -6.681694030761719, -2.9951868057250977, 2.4745593070983887
45, -6.445461750030518, -2.9951868057250977, 2.3927407264709473
46, -6.209229469299316, -2.9951868057250977, 2.310922145843506
47, -6.209229469299316, -2.9951868057250977, 2.310922145843506
48, -5.9637370109558105, -2.9951868057250977, 2.3581814765930176
49, -5.718244552612305, -2.9951868057250977, 2.4054408073425293
50, -5.472752094268799, -2.9951868057250977, 2.452700138092041
51, -5.227259635925293, -2.9951868057250977, 2.4999594688415527
52, -4.981767177581787, -2.9951868057250977, 2.5472187995910645
53, -4.736274719238281, -2.9951868057250977, 2.594478130340576
54, -4.490782260894775, -2.9951868057250977, 2.641737461090088
55, -4.2452898025512695, -2.9951868057250977, 2.6889967918395996
56, -4.2452898025512695, -2.9951868057250977, 2.6889967918395996
57, -4.009057521820068, -2.9951868057250977, 2.607178211212158
58, -3.772825241088867, -2.9951868057250977, 2.525359630584717
59, -3.536592960357666, -2.9951868057250977, 2.4435410499572754
60, -3.300360679626465, -2.9951868057250977, 2.361722469329834
61, -3.0641283988952637, -2.9951868057250977, 2.2799038887023926
62, -3.0641283988952637, -2.9951868057250977, 2.2799038887023926
63, -2.818635940551758, -2.9951868057250977, 2.3271632194519043
64, -2.573143482208252, -2.9951868057250977, 2.374422550201416
65, -2.327651023864746, -2.9951868057250977, 2.4216818809509277
66, -2.0821585655212402, -2.9951868057250977, 2.4689412117004395
67, -2.0821585655212402, -2.9951868057250977, 2.4689412117004395
68, -1.8459261655807495, -2.9951868057250977, 2.387122631072998
69, -1.8459261655807495, -2.9951868057250977, 2.387122631072998
70, -1.8459261655807495, -2.9951868057250977, 2.387122631072998
71, -1.8459261655807495, -2.9951868057250977, 2.387122631072998
72, -1.6822521686553955, -2.9951868057250977, 2.1981494426727295
73, -1.6822521686553955, -2.9951868057250977, 2.1981494426727295
74, -1.6349929571151733, -2.9951868057250977, 1.9526569843292236
75, -1.5877337455749512, -2.9951868057250977, 1.7071645259857178
76, -1.540474534034729, -2.9951868057250977, 1.461672067642212
77, -1.4932153224945068, -2.9951868057250977, 1.216179609298706
78, -1.4932153224945068, -2.9951868057250977, 1.216179609298706
79, -1.4932153224945068, -2.9951868057250977, 1.216179609298706
80, -1.4459561109542847, -2.9951868057250977, 0.9706870913505554
81, -1.4459561109542847, -2.9951868057250977, 0.9706870913505554
82, -1.527774691581726, -2.9951868057250977, 0.7344547510147095
83, -1.527774691581726, -2.9951868057250977, 0.7344547510147095
84, -1.661250114440918, -2.9951868057250977, 0.6188486814498901
85, -1.661250114440918, -2.9951868057250977, 0.6188486814498901
86, -1.661250114440918, -2.9951868057250977, 0.6188486814498901
87, -1.661250114440918, -2.9951868057250977, 0.6188486814498901
88, -1.661250114440918, -2.9951868057250977, 0.6188486814498901
89, -1.6139909029006958, -2.9951868057250977, 0.3733561635017395
90, -1.6139909029006958, -2.9951868057250977, 0.3733561635017395
91, -1.6139909029006958, -2.9951868057250977, 0.3733561635017395
92, -1.6139909029006958, -2.9951868057250977, 0.3733561635017395
93, -1.6139909029006958, -2.9951868057250977, 0.3733561635017395
94, -1.6139909029006958, -2.9951868057250977, 0.3733561635017395
95, -1.6139909029006958, -2.9951868057250977, 0.3733561635017395
96, -1.6139909029006958, -2.9951868057250977, 0.3733561635017395
97, -1.5321723222732544, -2.9951868057250977, 0.609588623046875
98, -1.450353741645813, -2.9951868057250977, 0.8458210229873657
99, -1.3685351610183716, -2.9951868057250977, 1.0820534229278564
100, -1.3685351610183716, -2.9951868057250977, 1.0820534229278564
101, -1.4157943725585938, -2.9951868057250977, 1.3275458812713623
102, -1.463053584098816, -2.9951868057250977, 1.5730383396148682
103, -1.510312795639038, -2.9951868057250977, 1.818530797958374
104, -1.5575720071792603, -2.9951868057250977, 2.06402325630188
105, -1.5575720071792603, -2.9951868057250977, 2.06402325630188
106, -1.7212460041046143, -2.9951868057250977, 2.2529964447021484
107, -1.8849198818206787, -2.9951868057250977, 2.441969633102417
108, -1.8849198818206787, -2.9951868057250977, 2.441969633102417
109, -2.12115216255188, -2.9951868057250977, 2.5237882137298584
110, -2.357384443283081, -2.9951868057250977, 2.6056067943573
111, -2.5936167240142822, -2.9951868057250977, 2.687425374984741
112, -2.5936167240142822, -2.9951868057250977, 2.687425374984741
113, -2.839109182357788, -2.9951868057250977, 2.6401662826538086
114, -3.084601640701294, -2.9951868057250977, 2.592906951904297
115, -3.084601640701294, -2.9951868057250977, 2.592906951904297
116, -3.320833921432495, -2.9951868057250977, 2.6747255325317383
117, -3.320833921432495, -2.9951868057250977, 2.6747255325317383
118, -3.320833921432495, -2.9951868057250977, 2.6747255325317383
119, -3.3439760208129883, -2.9951868057250977, 2.7949390411376953
120, -3.3439760208129883, -2.9951868057250977, 2.7949390411376953
121, -3.3439760208129883, -2.9951868057250977, 2.7949390411376953
122, -3.3439760208129883, -2.9951868057250977, 2.7949390411376953
123, -3.5802083015441895, -2.9951868057250977, 2.8767576217651367
124, -3.5802083015441895, -2.9951868057250977, 2.8767576217651367
125, -3.5802083015441895, -2.9951868057250977, 2.8767576217651367
126, -3.5802083015441895, -2.9951868057250977, 2.8767576217651367
127, -3.498389720916748, -2.9951868057250977, 3.112990140914917
128, -3.4165711402893066, -2.9951868057250977, 3.3492226600646973
129, -3.3347525596618652, -2.9951868057250977, 3.5854551792144775
130, -3.252933979034424, -2.9951868057250977, 3.821687698364258
131, -3.1711153984069824, -2.9951868057250977, 4.057919979095459
132, -3.1711153984069824, -2.9951868057250977, 4.057919979095459
133, -3.1711153984069824, -2.9951868057250977, 4.057919979095459
134, -3.1711153984069824, -2.9951868057250977, 4.057919979095459
135, -3.1711153984069824, -2.9951868057250977, 4.057919979095459
136, -3.1711153984069824, -2.9951868057250977, 4.057919979095459
137, -3.1711153984069824, -2.9951868057250977, 4.057919979095459
138, -3.1711153984069824, -2.9951868057250977, 4.057919979095459
139, -3.1711153984069824, -2.9951868057250977, 4.057919979095459
140, -3.1711153984069824, -2.9951868057250977, 4.057919979095459
141, -3.1711153984069824, -2.9951868057250977, 4.057919979095459
142, -2.9256229400634766, -2.9951868057250977, 4.105179309844971
143, -2.9256229400634766, -2.9951868057250977, 4.105179309844971
144, -2.9256229400634766, -2.9951868057250977, 4.105179309844971
145, -2.9256229400634766, -2.9951868057250977, 4.105179309844971
146, -2.9256229400634766, -2.9951868057250977, 4.105179309844971
147, -2.9256229400634766, -2.9951868057250977, 4.105179309844971
148, -2.9256229400634766, -2.9951868057250977, 4.105179309844971
149, -2.9256229400634766, -2.9951868057250977, 4.105179309844971
150, -2.9752304553985596, -2.9951868057250977, 4.062212944030762
151, -2.9752304553985596, -2.9951868057250977, 4.062212944030762
152, -2.9752304553985596, -2.9951868057250977, 4.062212944030762
153, -2.9752304553985596, -2.9951868057250977, 4.062212944030762
154, -3.21146297454834, -2.9951868057250977, 4.144031524658203
155, -3.21146297454834, -2.9951868057250977, 4.144031524658203
156, -3.21146297454834, -2.9951868057250977, 4.144031524658203
157, -3.4004359245300293, -2.9951868057250977, 3.9803574085235596
158, -3.4004359245300293, -2.9951868057250977, 3.9803574085235596
159, -3.4822542667388916, -2.9951868057250977, 3.7441248893737793
160, -3.564072608947754, -2.9951868057250977, 3.507892370223999
161, -3.564072608947754, -2.9951868057250977, 3.507892370223999
162, -3.516813278198242, -2.9951868057250977, 3.262399911880493
163, -3.4695539474487305, -2.9951868057250977, 3.0169074535369873
164, -3.4222946166992188, -2.9951868057250977, 2.7714149951934814
165, -3.4222946166992188, -2.9951868057250977, 2.7714149951934814
166, -3.258620500564575, -2.9951868057250977, 2.582442045211792
167, -3.258620500564575, -2.9951868057250977, 2.582442045211792
168, -3.022387981414795, -2.9951868057250977, 2.5006237030029297
169, -2.7861554622650146, -2.9951868057250977, 2.4188053607940674
170, -2.5499229431152344, -2.9951868057250977, 2.336987018585205
171, -2.5499229431152344, -2.9951868057250977, 2.336987018585205
172, -2.3044304847717285, -2.9951868057250977, 2.384246349334717
173, -2.0589380264282227, -2.9951868057250977, 2.4315056800842285
174, -1.8134455680847168, -2.9951868057250977, 2.4787650108337402
175, -1.567953109741211, -2.9951868057250977, 2.526024341583252
176, -1.322460651397705, -2.9951868057250977, 2.5732836723327637
177, -1.0769681930541992, -2.9951868057250977, 2.6205430030822754
178, -0.8314757347106934, -2.9951868057250977, 2.667802333831787
179, -0.5859832763671875, -2.9951868057250977, 2.715061664581299
180, -0.34049078822135925, -2.9951868057250977, 2.7623209953308105
181, -0.094998300075531, -2.9951868057250977, 2.8095803260803223
182, -0.094998300075531, -2.9951868057250977, 2.8095803260803223
183, -0.094998300075531, -2.9951868057250977, 2.8095803260803223
184, -0.094998300075531, -2.9951868057250977, 2.8095803260803223
185, -0.094998300075531, -2.9951868057250977, 2.8095803260803223
186, -0.094998300075531, -2.9951868057250977, 2.8095803260803223
187, -0.094998300075531, -2.9951868057250977, 2.8095803260803223
188, -0.094998300075531, -2.9951868057250977, 2.8095803260803223
189, -0.094998300075531, -2.9951868057250977, 2.8095803260803223
190, -0.01317993551492691, -2.9951868057250977, 3.0458128452301025
191, 0.06863842904567719, -2.9951868057250977, 3.282045364379883
192, 0.06863842904567719, -2.9951868057250977, 3.282045364379883
193, 0.06863842904567719, -2.9951868057250977, 3.282045364379883
194, 0.06863842904567719, -2.9951868057250977, 3.282045364379883
195, 0.06863842904567719, -2.9951868057250977, 3.282045364379883
196, 0.06863842904567719, -2.9951868057250977, 3.282045364379883
197, 0.06863842904567719, -2.9951868057250977, 3.282045364379883
198, -0.013179905712604523, -2.9951868057250977, 3.0458128452301025
199, -0.09499824047088623, -2.9951868057250977, 2.8095803260803223
200, -0.09499824047088623, -2.9951868057250977, 2.8095803260803223
201, -0.09499824047088623, -2.9951868057250977, 2.8095803260803223
202, -0.3404906988143921, -2.9951868057250977, 2.7623209953308105
203, -0.585983157157898, -2.9951868057250977, 2.715061664581299
204, -0.8314756155014038, -2.9951868057250977, 2.667802333831787
205, -1.0769680738449097, -2.9951868057250977, 2.6205430030822754
206, -1.3224605321884155, -2.9951868057250977, 2.5732836723327637
207, -1.5679529905319214, -2.9951868057250977, 2.526024341583252
208, -1.8134454488754272, -2.9951868057250977, 2.4787650108337402
209, -2.0589380264282227, -2.9951868057250977, 2.4315056800842285
210, -2.3044304847717285, -2.9951868057250977, 2.384246349334717
211, -2.5499229431152344, -2.9951868057250977, 2.336987018585205
212, -2.5499229431152344, -2.9951868057250977, 2.336987018585205
213, -2.7861554622650146, -2.9951868057250977, 2.4188053607940674
214, -3.022387981414795, -2.9951868057250977, 2.5006237030029297
215, -3.258620500564575, -2.9951868057250977, 2.582442045211792
216, -3.258620500564575, -2.9951868057250977, 2.582442045211792
217, -3.4222946166992188, -2.9951868057250977, 2.7714149951934814
218, -3.5859687328338623, -2.9951868057250977, 2.960387945175171
219, -3.5859687328338623, -2.9951868057250977, 2.960387945175171
220, -3.633228302001953, -2.9951868057250977, 3.2058804035186768
221, -3.633228302001953, -2.9951868057250977, 3.2058804035186768
222, -3.633228302001953, -2.9951868057250977, 3.2058804035186768
223, -3.633228302001953, -2.9951868057250977, 3.2058804035186768
224, -3.633228302001953, -2.9951868057250977, 3.2058804035186768
225, -3.633228302001953, -2.9951868057250977, 3.2058804035186768
226, -3.633228302001953, -2.9951868057250977, 3.2058804035186768
227, -3.5859689712524414, -2.9951868057250977, 2.960387945175171
228, -3.5387096405029297, -2.9951868057250977, 2.714895486831665
229, -3.5387096405029297, -2.9951868057250977, 2.714895486831665
230, -3.5387096405029297, -2.9951868057250977, 2.714895486831665
231, -3.5387096405029297, -2.9951868057250977, 2.714895486831665
232, -3.5387096405029297, -2.9951868057250977, 2.714895486831665
233, -3.3024771213531494, -2.9951868057250977, 2.6330771446228027
234, -3.066244602203369, -2.9951868057250977, 2.5512588024139404
235, -2.830012083053589, -2.9951868057250977, 2.469440460205078
236, -2.5937795639038086, -2.9951868057250977, 2.387622117996216
237, -2.3575470447540283, -2.9951868057250977, 2.3058037757873535
238, -2.3575470447540283, -2.9951868057250977, 2.3058037757873535
239, -2.1120545864105225, -2.9951868057250977, 2.3530631065368652
240, -1.8665621280670166, -2.9951868057250977, 2.400322437286377
241, -1.6210696697235107, -2.9951868057250977, 2.4475817680358887
242, -1.3755772113800049, -2.9951868057250977, 2.4948410987854004
243, -1.130084753036499, -2.9951868057250977, 2.542100429534912
244, -0.8845922946929932, -2.9951868057250977, 2.589359760284424
245, -0.6390998363494873, -2.9951868057250977, 2.6366190910339355
246, -0.39360737800598145, -2.9951868057250977, 2.6838784217834473
247, -0.39360737800598145, -2.9951868057250977, 2.6838784217834473
248, -0.2046343982219696, -2.9951868057250977, 2.847552537918091
249, -0.015661418437957764, -2.9951868057250977, 3.0112266540527344
250, -0.015661418437957764, -2.9951868057250977, 3.0112266540527344
251, -0.015661418437957764, -2.9951868057250977, 3.0112266540527344
252, -0.06292089074850082, -2.9951868057250977, 3.2567191123962402
253, -0.11018036305904388, -2.9951868057250977, 3.502211570739746
254, -0.15743982791900635, -2.9951868057250977, 3.747704029083252
255, -16.460636138916016, 3.0567448139190674, -3.9473485946655273
