1, 11.348532676696777, 0.07754743099212646, 3.2382709980010986
2, 11.348532676696777, 0.07754743099212646, 3.2382709980010986
3, 11.348532676696777, 0.07754743099212646, 3.2382709980010986
4, 11.348532676696777, 0.07754743099212646, 3.2382709980010986
5, 11.348532676696777, 0.07754743099212646, 3.2382709980010986
6, 11.348532676696777, 0.07754743099212646, 3.2382709980010986
7, 11.348532676696777, 0.07754743099212646, 3.2382709980010986
8, 11.348532676696777, 0.07754743099212646, 3.2382709980010986
9, 11.348532676696777, 0.07754743099212646, 3.2382709980010986
10, 11.348532676696777, 0.07754743099212646, 3.2382709980010986
11, 11.348532676696777, 0.07754743099212646, 3.2382709980010986
12, 11.348532676696777, 0.07754743099212646, 3.2382709980010986
13, 11.348532676696777, 0.07754743099212646, 3.2382709980010986
14, 11.348532676696777, 0.07754743099212646, 3.2382709980010986
15, 11.418841361999512, 0.07754743099212646, 3.4781806468963623
16, 11.489150047302246, 0.07754743099212646, 3.718090295791626
17, 11.489150047302246, 0.07754743099212646, 3.718090295791626
18, 11.489150047302246, 0.07754743099212646, 3.718090295791626
19, 11.489150047302246, 0.07754743099212646, 3.718090295791626
20, 11.489150047302246, 0.07754743099212646, 3.718090295791626
21, 11.489150047302246, 0.07754743099212646, 3.718090295791626
22, 11.489150047302246, 0.07754743099212646, 3.718090295791626
23, 11.246227264404297, 0.07754743099212646, 3.659024715423584
24, 11.246227264404297, 0.07754743099212646, 3.659024715423584
25, 11.065382957458496, 0.07754743099212646, 3.4864113330841064
26, 11.065382957458496, 0.07754743099212646, 3.4864113330841064
27, 10.995074272155762, 0.07754743099212646, 3.2465016841888428
28, 10.924765586853027, 0.07754743099212646, 3.006592035293579
29, 10.854456901550293, 0.07754743099212646, 2.7666823863983154
30, 10.854456901550293, 0.07754743099212646, 2.7666823863983154
31, 10.854456901550293, 0.07754743099212646, 2.7666823863983154
32, 10.611534118652344, 0.07754743099212646, 2.7076168060302734
33, 10.550640106201172, 0.07754743099212646, 2.6928107738494873
34, 10.550640106201172, 0.07754743099212646, 2.6928107738494873
35, 10.550640106201172, 0.07754743099212646, 2.6928107738494873
36, 10.550640106201172, 0.07754743099212646, 2.6928107738494873
37, 10.482552528381348, 0.14542658627033234, 2.4604814052581787
38, 10.482552528381348, 0.14542658627033234, 2.4604814052581787
39, 10.482552528381348, 0.14542658627033234, 2.4604814052581787
40, 10.482552528381348, 0.14542658627033234, 2.4604814052581787
41, 10.482552528381348, 0.14542658627033234, 2.4604814052581787
42, 10.482552528381348, 0.14542658627033234, 2.4604814052581787
43, 10.482552528381348, 0.14542658627033234, 2.4604814052581787
44, 10.482552528381348, 0.14542658627033234, 2.4604814052581787
45, 10.482552528381348, 0.14542658627033234, 2.4604814052581787
46, 10.482552528381348, 0.14542658627033234, 2.4604814052581787
47, 10.482552528381348, 0.14542658627033234, 2.4604814052581787
48, 10.482552528381348, 0.14542658627033234, 2.4604814052581787
49, 10.482552528381348, 0.14542658627033234, 2.4604814052581787
50, 10.482552528381348, 0.14542658627033234, 2.4604814052581787
51, 10.30993938446045, 0.2775474488735199, 2.6413254737854004
52, 10.30993938446045, 0.2775474488735199, 2.6413254737854004
53, 10.070029258728027, 0.12524403631687164, 2.711634397506714
54, 10.049599647521973, 0.10974527895450592, 2.717621326446533
55, 10.049599647521973, 0.10974527895450592, 2.717621326446533
56, 10.049599647521973, 0.10974527895450592, 2.717621326446533
57, 10.049599647521973, 0.10974527895450592, 2.717621326446533
58, 10.049599647521973, 0.10974527895450592, 2.717621326446533
59, 10.049599647521973, 0.10974527895450592, 2.717621326446533
60, 10.049599647521973, 0.10974527895450592, 2.717621326446533
61, 10.049599647521973, 0.10974527895450592, 2.717621326446533
62, 10.049599647521973, 0.10974527895450592, 2.717621326446533
63, 10.049599647521973, 0.10974527895450592, 2.717621326446533
64, 10.049599647521973, 0.10974527895450592, 2.717621326446533
65, 10.049599647521973, 0.10974527895450592, 2.717621326446533
66, 10.049599647521973, 0.10974527895450592, 2.717621326446533
67, 10.049599647521973, 0.10974527895450592, 2.717621326446533
68, 10.049599647521973, 0.10974527895450592, 2.717621326446533
69, 10.049599647521973, 0.10974527895450592, 2.717621326446533
70, 10.049599647521973, 0.10974527895450592, 2.717621326446533
71, 10.049599647521973, 0.10974527895450592, 2.717621326446533
72, 10.049599647521973, 0.10974527895450592, 2.717621326446533
73, 10.049599647521973, 0.10974527895450592, 2.717621326446533
74, 10.049599647521973, 0.10974527895450592, 2.717621326446533
75, 10.049599647521973, 0.10974527895450592, 2.717621326446533
76, 9.868755340576172, 0.07754743099212646, 2.5450079441070557
77, 9.868755340576172, 0.07754743099212646, 2.5450079441070557
78, 9.798446655273438, 0.07754743099212646, 2.305098295211792
79, 9.767401695251465, 0.07754743099212646, 2.1991655826568604
80, 9.767401695251465, 0.07754743099212646, 2.1991655826568604
81, 9.767401695251465, 0.07754743099212646, 2.1991655826568604
82, 9.826467514038086, 0.1119234710931778, 1.9562432765960693
83, 9.826467514038086, 0.1119234710931778, 1.9562432765960693
84, 9.756158828735352, 0.07754743099212646, 1.7163336277008057
85, 9.756158828735352, 0.07754743099212646, 1.7163336277008057
86, 9.756158828735352, 0.07754743099212646, 1.7163336277008057
87, 9.756158828735352, 0.07754743099212646, 1.7163336277008057
88, 9.756158828735352, 0.07754743099212646, 1.7163336277008057
89, 9.756158828735352, 0.07754743099212646, 1.7163336277008057
90, 9.756158828735352, 0.07754743099212646, 1.7163336277008057
91, 9.756158828735352, 0.07754743099212646, 1.7163336277008057
92, 9.57531452178955, 0.07754743099212646, 1.5437201261520386
93, 9.57531452178955, 0.07754743099212646, 1.5437201261520386
94, 9.337066650390625, 0.07754743099212646, 1.4857912063598633
95, 9.337066650390625, 0.07754743099212646, 1.4857910871505737
96, 9.337066650390625, 0.07754743099212646, 1.4857910871505737
97, 9.337066650390625, 0.07754743099212646, 1.4857912063598633
98, 9.337066650390625, 0.07754743099212646, 1.4857912063598633
99, 9.337066650390625, 0.07754743099212646, 1.4857910871505737
100, 9.337066650390625, 0.07754743099212646, 1.4857910871505737
101, 9.337065696716309, 0.07754743099212646, 1.4857898950576782
102, 9.337065696716309, 0.07754743099212646, 1.4857898950576782
103, 9.337065696716309, 0.07754743099212646, 1.4857898950576782
104, 9.337065696716309, 0.07754743099212646, 1.4857898950576782
105, 9.337065696716309, 0.07754743099212646, 1.4857900142669678
106, 9.337065696716309, 0.07754743099212646, 1.4857900142669678
107, 9.337065696716309, 0.07754743099212646, 1.4857900142669678
108, 9.337065696716309, 0.07754743099212646, 1.4857900142669678
109, 9.337065696716309, 0.07754743099212646, 1.4857900142669678
110, 9.337065696716309, 0.07754743099212646, 1.4857900142669678
111, 9.337065696716309, 0.07754743099212646, 1.4857900142669678
112, 9.337065696716309, 0.07754743099212646, 1.4857900142669678
113, 9.337064743041992, 0.07754743099212646, 1.4857892990112305
114, 9.337064743041992, 0.07754743099212646, 1.4857892990112305
115, 9.337064743041992, 0.07754743099212646, 1.4857892990112305
116, 9.337064743041992, 0.07754743099212646, 1.4857892990112305
117, 9.337064743041992, 0.07754743099212646, 1.4857892990112305
118, 9.337064743041992, 0.07754743099212646, 1.4857892990112305
119, 9.337064743041992, 0.07754743099212646, 1.4857892990112305
120, 9.337064743041992, 0.07754743099212646, 1.4857892990112305
121, 9.337064743041992, 0.07754743099212646, 1.4857892990112305
122, 9.337064743041992, 0.07754743099212646, 1.4857892990112305
123, 9.517909049987793, 0.07754743099212646, 1.6584028005599976
124, 9.698753356933594, 0.07754743099212646, 1.8310163021087646
125, 9.698753356933594, 0.07754743099212646, 1.8310163021087646
126, 9.764665603637695, 0.07754743099212646, 2.0559239387512207
127, 9.764665603637695, 0.07754743099212646, 2.0559241771698
128, 9.764665603637695, 0.07754743099212646, 2.0559241771698
129, 9.945509910583496, 0.11582615971565247, 2.2285375595092773
130, 9.945509910583496, 0.11582615971565247, 2.2285375595092773
131, 9.945509910583496, 0.11582615971565247, 2.2285375595092773
132, 9.886444091796875, 0.12252688407897949, 2.4714598655700684
133, 9.827378273010254, 0.07754743099212646, 2.7143821716308594
134, 9.827378273010254, 0.07754743099212646, 2.7143821716308594
135, 9.654765129089355, 0.07754743099212646, 2.895226240158081
136, 9.482151985168457, 0.07754743099212646, 3.0760703086853027
137, 9.482151985168457, 0.07754743099212646, 3.0760703086853027
138, 9.242241859436035, 0.07754743099212646, 3.146379232406616
139, 7.986915588378906, 0.07754743099212646, 6.451138973236084
