1, -1.3709475994110107, -2.9951868057250977, 0.21211065351963043
2, -1.3709475994110107, -2.9951868057250977, 0.21211065351963043
3, -1.3709475994110107, -2.9951868057250977, 0.21211065351963043
4, -1.3709475994110107, -2.9951868057250977, 0.21211065351963043
5, -1.3709475994110107, -2.9951868057250977, 0.21211065351963043
6, -1.3709475994110107, -2.9951868057250977, 0.21211065351963043
7, -1.3709475994110107, -2.9951868057250977, 0.21211065351963043
8, -1.3709475994110107, -2.9951868057250977, 0.21211065351963043
9, -1.3709475994110107, -2.9951868057250977, 0.21211065351963043
10, -1.3709475994110107, -2.9951868057250977, 0.21211065351963043
11, -1.3709475994110107, -2.9951868057250977, 0.21211065351963043
12, -1.3709475994110107, -2.9951868057250977, 0.21211065351963043
13, -1.3709475994110107, -2.9951868057250977, 0.21211065351963043
14, -1.3709475994110107, -2.9951868057250977, 0.21211065351963043
15, -1.146305799484253, -2.9951868057250977, 0.3218197226524353
16, -1.146305799484253, -2.9951868057250977, 0.3218197226524353
17, -1.0066148042678833, -2.9951868057250977, 0.529151439666748
18, -1.0066148042678833, -2.9951868057250977, 0.529151439666748
19, -0.9893047213554382, -2.9951868057250977, 0.778551459312439
20, -0.9719946384429932, -2.9951868057250977, 1.0279514789581299
21, -0.9719946384429932, -2.9951868057250977, 1.0279514789581299
22, -0.9719946384429932, -2.9951868057250977, 1.0279514789581299
23, -0.9546845555305481, -2.9951868057250977, 1.2773514986038208
24, -0.937374472618103, -2.9951868057250977, 1.5267515182495117
25, -0.937374472618103, -2.9951868057250977, 1.5267515182495117
26, -0.937374472618103, -2.9951868057250977, 1.5267515182495117
27, -0.920064389705658, -2.9951868057250977, 1.7761515378952026
28, -0.920064389705658, -2.9951868057250977, 1.7761515378952026
29, -0.7803733944892883, -2.9951868057250977, 1.9834833145141602
30, -0.7803733944892883, -2.9951868057250977, 1.9834833145141602
31, -0.7803733944892883, -2.9951868057250977, 1.9834833145141602
32, -0.6406824588775635, -2.9951868057250977, 2.190814971923828
33, -0.6406824588775635, -2.9951868057250977, 2.190814971923828
34, -0.41604071855545044, -2.9951868057250977, 2.3005239963531494
35, -0.1913989633321762, -2.9951868057250977, 2.4102330207824707
36, 0.03324279189109802, -2.9951868057250977, 2.519942045211792
37, 0.03324279189109802, -2.9951868057250977, 2.519942045211792
38, 0.03324279189109802, -2.9951868057250977, 2.519942045211792
39, 0.03324279189109802, -2.9951868057250977, 2.519942045211792
40, 0.28264278173446655, -2.9951868057250977, 2.502631902694702
41, 0.5320428013801575, -2.9951868057250977, 2.4853217601776123
42, 0.7814428210258484, -2.9951868057250977, 2.4680116176605225
43, 1.0308427810668945, -2.9951868057250977, 2.4507014751434326
44, 1.2802428007125854, -2.9951868057250977, 2.4333913326263428
45, 1.5296428203582764, -2.9951868057250977, 2.416081190109253
46, 1.7790428400039673, -2.9951868057250977, 2.398771047592163
47, -12.213229179382324, 2.8048131465911865, -7.23618745803833
