1, 6.037252902984619, 2.8994359970092773, -3.6098737716674805
2, 6.037252902984619, 2.8994359970092773, -3.6098737716674805
3, 6.037252902984619, 2.8994359970092773, -3.6098737716674805
4, 6.037252902984619, 2.8994359970092773, -3.6098737716674805
5, 6.037252902984619, 2.8994359970092773, -3.6098737716674805
6, 6.037252902984619, 2.8994359970092773, -3.6098737716674805
7, 6.037252902984619, 2.8994359970092773, -3.6098737716674805
8, 6.037252902984619, 2.8994359970092773, -3.6098737716674805
9, 6.037252902984619, 2.8994359970092773, -3.6098737716674805
10, 6.037252902984619, 2.8994359970092773, -3.6098737716674805
11, 6.037252902984619, 2.8994359970092773, -3.6098737716674805
12, 6.037252902984619, 2.8994359970092773, -3.6098737716674805
13, 5.78927755355835, 2.8994359970092773, -3.6416263580322266
14, 5.78927755355835, 2.8994359970092773, -3.6416263580322266
15, 5.78927755355835, 2.8994359970092773, -3.6416263580322266
16, 5.637791156768799, 2.8994359970092773, -3.4427497386932373
17, 5.486304759979248, 2.8994359970092773, -3.243873119354248
18, 5.334818363189697, 2.8994359970092773, -3.044996500015259
19, 5.1833319664001465, 2.8994359970092773, -2.8461198806762695
20, 5.031845569610596, 2.8994359970092773, -2.6472432613372803
21, 4.880359172821045, 2.8994359970092773, -2.448366641998291
22, 4.728872776031494, 2.8994359970092773, -2.2494900226593018
23, 4.577386379241943, 2.8994359970092773, -2.0506134033203125
24, 4.577386379241943, 2.8994359970092773, -2.0506134033203125
25, 4.545633792877197, 2.8994359970092773, -1.802638053894043
26, 4.545633792877197, 2.8994359970092773, -1.802638053894043
27, 4.3941473960876465, 2.8994359970092773, -1.6037613153457642
28, 4.3941473960876465, 2.8994359970092773, -1.6037613153457642
29, 4.3623948097229, 2.8994359970092773, -1.3557859659194946
30, 4.330642223358154, 2.8994359970092773, -1.107810616493225
31, 4.330642223358154, 2.8994359970092773, -1.107810616493225
32, 4.397123336791992, 2.8994359970092773, -0.9489073157310486
33, 4.397123336791992, 2.8994359970092773, -0.9489073157310486
34, 4.365370750427246, 2.8994359970092773, -0.7009319067001343
35, 4.3336181640625, 2.8994359970092773, -0.45295652747154236
36, 4.3336181640625, 2.8994359970092773, -0.45295652747154236
37, 4.3336181640625, 2.8994359970092773, -0.45295652747154236
38, 4.3336181640625, 2.8994359970092773, -0.45295652747154236
39, 4.3336181640625, 2.8994359970092773, -0.45295652747154236
40, 4.3336181640625, 2.8994359970092773, -0.45295652747154236
41, 4.3336181640625, 2.8994359970092773, -0.45295652747154236
42, 4.3336181640625, 2.8994359970092773, -0.45295652747154236
43, 4.3336181640625, 2.8994359970092773, -0.45295652747154236
44, 4.3336181640625, 2.8994359970092773, -0.45295652747154236
45, 4.3336181640625, 2.8994359970092773, -0.45295652747154236
46, 4.3336181640625, 2.8994359970092773, -0.45295652747154236
47, 4.182131767272949, 2.8994359970092773, -0.25407975912094116
48, 4.182131767272949, 2.8994359970092773, -0.25407975912094116
49, 4.182131767272949, 2.8994359970092773, -0.25407975912094116
50, 4.182131767272949, 2.8994359970092773, -0.25407975912094116
51, 3.951502561569214, 2.8994359970092773, -0.15759053826332092
52, 3.951502561569214, 2.8994359970092773, -0.15759053826332092
53, 3.7035272121429443, 2.8994359970092773, -0.18934300541877747
54, 3.455551862716675, 2.8994359970092773, -0.221095472574234
55, 3.2075765132904053, 2.8994359970092773, -0.25284793972969055
56, 2.9596011638641357, 2.8994359970092773, -0.2846004068851471
57, 2.711625814437866, 2.8994359970092773, -0.31635287404060364
58, 2.4636504650115967, 2.8994359970092773, -0.3481053411960602
59, 2.215675115585327, 2.8994359970092773, -0.3798578083515167
60, 2.215675115585327, 2.8994359970092773, -0.3798578083515167
61, 2.016798496246338, 2.8994359970092773, -0.531343936920166
62, 1.817921757698059, 2.8994359970092773, -0.6828300952911377
63, 1.6190450191497803, 2.8994359970092773, -0.8343162536621094
64, 1.4201682806015015, 2.8994359970092773, -0.985802412033081
65, 1.2212915420532227, 2.8994359970092773, -1.1372885704040527
66, 1.2212915420532227, 2.8994359970092773, -1.1372885704040527
67, 1.1248023509979248, 2.8994359970092773, -1.367917776107788
68, 1.028313159942627, 2.8994359970092773, -1.5985469818115234
69, 0.9318239688873291, 2.8994359970092773, -1.8291761875152588
70, 0.8353347778320312, 2.8994359970092773, -2.059805393218994
71, 0.8353347778320312, 2.8994359970092773, -2.059805393218994
72, 0.8670873045921326, 2.8994359970092773, -2.3077807426452637
73, 0.8988398313522339, 2.8994359970092773, -2.555756092071533
74, 0.9305923581123352, 2.8994359970092773, -2.8037314414978027
75, 0.9623448848724365, 2.8994359970092773, -3.0517067909240723
76, 0.9623448848724365, 2.8994359970092773, -3.0517067909240723
77, 0.9623448848724365, 2.8994359970092773, -3.0517067909240723
78, 0.9940974116325378, 2.8994359970092773, -3.299682140350342
79, 0.9940974116325378, 2.8994359970092773, -3.299682140350342
80, 1.085212230682373, 2.8994359970092773, -3.4193010330200195
81, 1.085212230682373, 2.8994359970092773, -3.4193010330200195
82, 1.085212230682373, 2.8994359970092773, -3.4193010330200195
83, 1.085212230682373, 2.8994359970092773, -3.4193010330200195
84, 1.085212230682373, 2.8994359970092773, -3.4193010330200195
85, 1.085212230682373, 2.8994359970092773, -3.4193010330200195
86, 1.0852121114730835, 2.8994359970092773, -3.419299840927124
87, 1.0852121114730835, 2.8994359970092773, -3.419299840927124
88, 0.9337259531021118, 2.8994359970092773, -3.2204232215881348
89, 0.9337259531021118, 2.8994359970092773, -3.2204232215881348
90, 0.9019734263420105, 2.8994359970092773, -2.9724478721618652
91, 0.8702208995819092, 2.8994359970092773, -2.7244725227355957
92, 0.8384683728218079, 2.8994359970092773, -2.476497173309326
93, 0.8067158460617065, 2.8994359970092773, -2.2285218238830566
94, 0.7749633193016052, 2.8994359970092773, -1.980546474456787
95, 0.7749633193016052, 2.8994359970092773, -1.980546474456787
96, 0.8714525103569031, 2.8994359970092773, -1.7499172687530518
97, 0.9679417014122009, 2.8994359970092773, -1.5192880630493164
98, 1.0644309520721436, 2.8994359970092773, -1.288658857345581
99, 1.0644309520721436, 2.8994359970092773, -1.288658857345581
100, 1.2633076906204224, 2.8994359970092773, -1.1371726989746094
101, 1.4621844291687012, 2.8994359970092773, -0.9856865406036377
102, 1.66106116771698, 2.8994359970092773, -0.834200382232666
103, 1.8599379062652588, 2.8994359970092773, -0.6827142238616943
104, 2.058814525604248, 2.8994359970092773, -0.5312280654907227
105, 2.2576911449432373, 2.8994359970092773, -0.379741907119751
106, 2.2576911449432373, 2.8994359970092773, -0.379741907119751
107, 2.505666494369507, 2.8994359970092773, -0.34798938035964966
108, 2.7536418437957764, 2.8994359970092773, -0.31623685359954834
109, 3.001617193222046, 2.8994359970092773, -0.284484326839447
110, 3.2495925426483154, 2.8994359970092773, -0.2527318000793457
111, 3.497567892074585, 2.8994359970092773, -0.22097927331924438
112, 3.7455432415008545, 2.8994359970092773, -0.18922674655914307
113, 3.7455432415008545, 2.8994359970092773, -0.18922674655914307
114, 3.97617244720459, 2.8994359970092773, -0.28571587800979614
115, 4.206801891326904, 2.8994359970092773, -0.3822050094604492
116, 4.437431335449219, 2.8994359970092773, -0.4786941409111023
117, 4.668060779571533, 2.8994359970092773, -0.5751832723617554
118, 4.898690223693848, 2.8994359970092773, -0.6716724038124084
119, 4.898690223693848, 2.8994359970092773, -0.6716724038124084
120, 5.146665573120117, 2.8994359970092773, -0.6399198770523071
121, 5.394640922546387, 2.8994359970092773, -0.608167290687561
122, 5.642616271972656, 2.8994359970092773, -0.5764147043228149
123, 5.642616271972656, 2.8994359970092773, -0.5764147043228149
124, 5.873245716094971, 2.8994359970092773, -0.672903835773468
125, 5.873245716094971, 2.8994359970092773, -0.672903835773468
126, 6.12122106552124, 2.8994359970092773, -0.6411511898040771
127, 6.36919641494751, 2.8994359970092773, -0.609398603439331
128, 6.617171764373779, 2.8994359970092773, -0.577646017074585
129, 6.865147113800049, 2.8994359970092773, -0.5458934307098389
130, 7.113122463226318, 2.8994359970092773, -0.5141408443450928
131, 7.113122463226318, 2.8994359970092773, -0.5141408443450928
132, 7.311999320983887, 2.8994359970092773, -0.36265456676483154
133, 7.311999320983887, 2.8994359970092773, -0.36265456676483154
134, 7.311999320983887, 2.8994359970092773, -0.36265456676483154
135, 7.510876178741455, 2.8994359970092773, -0.21116825938224792
136, 7.510876178741455, 2.8994359970092773, -0.21116825938224792
137, 7.758851528167725, 2.8994359970092773, -0.17941564321517944
138, 8.006826400756836, 2.8994359970092773, -0.14766302704811096
139, 8.254801750183105, 2.8994359970092773, -0.11591041088104248
140, 8.502777099609375, 2.8994359970092773, -0.084157794713974
141, 8.696161270141602, 2.8994359970092773, -0.05939537286758423
142, 8.696161270141602, 2.8994359970092773, -0.05939537286758423
143, 8.926790237426758, 2.8994359970092773, -0.15588445961475372
144, 9.157419204711914, 2.8994359970092773, -0.2523735463619232
145, 9.38804817199707, 2.8994359970092773, -0.3488626480102539
146, 9.618677139282227, 2.8994359970092773, -0.4453517198562622
147, 9.849306106567383, 2.8994359970092773, -0.5418407917022705
148, 10.079935073852539, 2.8994359970092773, -0.6383298635482788
149, 10.310564041137695, 2.8994359970092773, -0.7348189353942871
150, 10.541193008422852, 2.8994359970092773, -0.8313080072402954
151, 10.771821975708008, 2.8994359970092773, -0.9277970790863037
152, 10.771821975708008, 2.8994359970092773, -0.9277970790863037
153, 11.019797325134277, 2.8994359970092773, -0.8960444331169128
154, 11.019797325134277, 2.8994359970092773, -0.8960444331169128
155, 11.019797325134277, 2.8994359970092773, -0.8960444331169128
156, 11.019797325134277, 2.8994359970092773, -0.8960444331169128
157, 11.051549911499023, 2.8994359970092773, -1.1440198421478271
158, 11.051549911499023, 2.8994359970092773, -1.1440198421478271
159, 11.051549911499023, 2.8994359970092773, -1.1440198421478271
160, 11.051549911499023, 2.8994359970092773, -1.1440198421478271
161, 11.051549911499023, 2.8994359970092773, -1.1440198421478271
162, 11.051549911499023, 2.8994359970092773, -1.1440198421478271
163, 11.051549911499023, 2.8994359970092773, -1.1440198421478271
164, 11.051549911499023, 2.8994359970092773, -1.1440198421478271
165, 11.148038864135742, 2.8994359970092773, -0.9133905172348022
166, 11.148038864135742, 2.8994359970092773, -0.9133905172348022
167, 11.346915245056152, 2.8994359970092773, -0.761904239654541
168, 11.346915245056152, 2.8994359970092773, -0.761904239654541
169, 11.594890594482422, 2.8994359970092773, -0.7301516532897949
170, 11.842865943908691, 2.8994359970092773, -0.6983990669250488
171, 12.090841293334961, 2.8994359970092773, -0.6666464805603027
172, 12.33881664276123, 2.8994359970092773, -0.6348938941955566
173, 12.33881664276123, 2.8994359970092773, -0.6348938941955566
174, 12.569445610046387, 2.8994359970092773, -0.7313829660415649
175, 12.569445610046387, 2.8994359970092773, -0.7313829660415649
176, 12.569445610046387, 2.8994359970092773, -0.7313829660415649
177, 12.569445610046387, 2.8994359970092773, -0.7313829660415649
178, 12.569445610046387, 2.8994359970092773, -0.7313829660415649
179, 12.800074577331543, 2.8994359970092773, -0.8278720378875732
180, 12.800074577331543, 2.8994359970092773, -0.8278720378875732
181, 13.048049926757812, 2.8994359970092773, -0.7961194515228271
182, 13.296025276184082, 2.8994359970092773, -0.764366865158081
183, 13.296025276184082, 2.8994359970092773, -0.764366865158081
184, 13.296025276184082, 2.8994359970092773, -0.764366865158081
185, 13.296025276184082, 2.8994359970092773, -0.764366865158081
186, 13.494901657104492, 2.8994359970092773, -0.6128805875778198
187, 13.494901657104492, 2.8994359970092773, -0.6128805875778198
188, 13.494901657104492, 2.8994359970092773, -0.6128805875778198
189, 13.494901657104492, 2.8994359970092773, -0.6128805875778198
190, 13.494901657104492, 2.8994359970092773, -0.6128805875778198
191, 9.73147964477539, 2.8994359970092773, -0.5166759490966797
