1, 11.21296215057373, 2.8994359970092773, -1.0057810544967651
2, 11.21296215057373, 2.8994359970092773, -1.0057810544967651
3, 11.21296215057373, 2.8994359970092773, -1.0057810544967651
4, 11.21296215057373, 2.8994359970092773, -1.0057810544967651
5, 11.21296215057373, 2.8994359970092773, -1.0057810544967651
6, 11.21296215057373, 2.8994359970092773, -1.0057810544967651
7, 11.21296215057373, 2.8994359970092773, -1.0057810544967651
8, 11.21296215057373, 2.8994359970092773, -1.0057810544967651
9, 11.21296215057373, 2.8994359970092773, -1.0057810544967651
10, 11.21296215057373, 2.8994359970092773, -1.0057810544967651
11, 11.21296215057373, 2.8994359970092773, -1.0057810544967651
12, 11.21296215057373, 2.8994359970092773, -1.0057810544967651
13, 11.21296215057373, 2.8994359970092773, -1.0057810544967651
14, 11.21296215057373, 2.8994359970092773, -1.0057810544967651
15, 11.21296215057373, 2.8994359970092773, -1.0057810544967651
16, 11.00399398803711, 2.8994359970092773, -1.1430124044418335
17, 11.00399398803711, 2.8994359970092773, -1.1430124044418335
18, 10.754406929016113, 2.8994359970092773, -1.157374382019043
19, 10.504819869995117, 2.8994359970092773, -1.1717363595962524
20, 10.504819869995117, 2.8994359970092773, -1.1717363595962524
21, 10.281490325927734, 2.8994359970092773, -1.0593805313110352
22, 10.058160781860352, 2.8994359970092773, -0.9470247030258179
23, 9.834831237792969, 2.8994359970092773, -0.8346688747406006
24, 9.834831237792969, 2.8994359970092773, -0.8346688747406006
25, 9.834831237792969, 2.8994359970092773, -0.8346688747406006
26, 9.834831237792969, 2.8994359970092773, -0.8346688747406006
27, 9.834831237792969, 2.8994359970092773, -0.8346688747406006
28, 10.04379940032959, 2.8994359970092773, -0.6974375247955322
29, 10.04379940032959, 2.8994359970092773, -0.6974375247955322
30, 10.293386459350586, 2.8994359970092773, -0.6830756068229675
31, 10.542973518371582, 2.8994359970092773, -0.6687136888504028
32, 10.792560577392578, 2.8994359970092773, -0.6543517708778381
33, 11.042147636413574, 2.8994359970092773, -0.6399898529052734
34, 11.042147636413574, 2.8994359970092773, -0.6399898529052734
35, 11.042147636413574, 2.8994359970092773, -0.6399898529052734
36, 11.042147636413574, 2.8994359970092773, -0.6399898529052734
37, 11.042147636413574, 2.8994359970092773, -0.6399898529052734
38, 11.042147636413574, 2.8994359970092773, -0.6399898529052734
39, 10.818818092346191, 2.8994359970092773, -0.5276341438293457
40, 10.818818092346191, 2.8994359970092773, -0.5276341438293457
41, 10.569231033325195, 2.8994359970092773, -0.5419960618019104
42, 10.3196439743042, 2.8994359970092773, -0.5563579797744751
43, 10.070056915283203, 2.8994359970092773, -0.5707198977470398
44, 9.820469856262207, 2.8994359970092773, -0.5850818157196045
45, 9.570882797241211, 2.8994359970092773, -0.5994437336921692
46, 9.321295738220215, 2.8994359970092773, -0.6138056516647339
47, 9.321295738220215, 2.8994359970092773, -0.6138056516647339
48, 9.097966194152832, 2.8994359970092773, -0.5014499425888062
49, 8.87463665008545, 2.8994359970092773, -0.38909420371055603
50, 8.651307106018066, 2.8994359970092773, -0.2767384648323059
51, 8.427977561950684, 2.8994359970092773, -0.1643827259540558
52, 8.427977561950684, 2.8994359970092773, -0.1643827259540558
53, 8.178390502929688, 2.8994359970092773, -0.17874465882778168
54, 7.928803443908691, 2.8994359970092773, -0.19310659170150757
55, 7.679216384887695, 2.8994359970092773, -0.20746852457523346
56, 7.679216384887695, 2.8994359970092773, -0.20746852457523346
57, 7.470248699188232, 2.8994359970092773, -0.3446999192237854
58, 7.2612810134887695, 2.8994359970092773, -0.48193129897117615
59, 7.2612810134887695, 2.8994359970092773, -0.48193129897117615
60, 7.011693954467773, 2.8994359970092773, -0.49629324674606323
61, 6.762106895446777, 2.8994359970092773, -0.5106551647186279
62, 6.512519836425781, 2.8994359970092773, -0.5250170826911926
63, 6.262932777404785, 2.8994359970092773, -0.5393790006637573
64, 6.013345718383789, 2.8994359970092773, -0.553740918636322
65, 5.763758659362793, 2.8994359970092773, -0.5681028366088867
66, 5.514171600341797, 2.8994359970092773, -0.5824647545814514
67, 5.264584541320801, 2.8994359970092773, -0.5968266725540161
68, 5.014997482299805, 2.8994359970092773, -0.6111885905265808
69, 4.765410423278809, 2.8994359970092773, -0.6255505084991455
70, 4.765410423278809, 2.8994359970092773, -0.6255505084991455
71, 4.542080879211426, 2.8994359970092773, -0.5131947994232178
72, 4.318751335144043, 2.8994359970092773, -0.40083906054496765
73, 4.09542179107666, 2.8994359970092773, -0.28848332166671753
74, 3.8720920085906982, 2.8994359970092773, -0.1761275827884674
75, 3.8720920085906982, 2.8994359970092773, -0.1761275827884674
76, 3.8720920085906982, 2.8994359970092773, -0.1761275827884674
77, 3.8720920085906982, 2.8994359970092773, -0.1761275827884674
78, 3.8720920085906982, 2.8994359970092773, -0.1761275827884674
79, 3.8720920085906982, 2.8994359970092773, -0.1761275827884674
80, 3.622504949569702, 2.8994359970092773, -0.1904895156621933
81, 3.372917890548706, 2.8994359970092773, -0.2048514485359192
82, 3.372917890548706, 2.8994359970092773, -0.2048514485359192
83, 3.163949966430664, 2.8994359970092773, -0.34208279848098755
84, 3.163949966430664, 2.8994359970092773, -0.34208279848098755
85, 3.163949966430664, 2.8994359970092773, -0.34208279848098755
86, 2.954982042312622, 2.8994359970092773, -0.4793141484260559
87, 2.954982042312622, 2.8994359970092773, -0.4793141484260559
88, 2.8426263332366943, 2.8994359970092773, -0.7026439309120178
89, 9.521086692810059, 0.09943583607673645, -1.016154408454895
