1, 14.347123146057129, 2.8994359970092773, -1.0736743211746216
2, 14.347123146057129, 2.8994359970092773, -1.0736743211746216
3, 14.347123146057129, 2.8994359970092773, -1.0736743211746216
4, 14.347123146057129, 2.8994359970092773, -1.0736743211746216
5, 14.347123146057129, 2.8994359970092773, -1.0736743211746216
6, 14.347123146057129, 2.8994359970092773, -1.0736743211746216
7, 14.347123146057129, 2.8994359970092773, -1.0736743211746216
8, 14.347123146057129, 2.8994359970092773, -1.0736743211746216
9, 14.347123146057129, 2.8994359970092773, -1.0736743211746216
10, 14.347123146057129, 2.8994359970092773, -1.0736743211746216
11, 14.347123146057129, 2.8994359970092773, -1.0736743211746216
12, 14.347123146057129, 2.8994359970092773, -1.0736743211746216
13, 14.347123146057129, 2.8994359970092773, -1.0736743211746216
14, 14.347123146057129, 2.8994359970092773, -1.0736743211746216
15, 14.347123146057129, 2.8994359970092773, -1.0736743211746216
16, 14.347123146057129, 2.8994359970092773, -1.0736743211746216
17, 14.347123146057129, 2.8994359970092773, -1.0736743211746216
18, 14.347123146057129, 2.8994359970092773, -1.0736743211746216
19, 14.098583221435547, 2.8994359970092773, -1.1006498336791992
20, 13.850042343139648, 2.8994359970092773, -1.1276253461837769
21, 13.60150146484375, 2.8994359970092773, -1.1546008586883545
22, 13.60150146484375, 2.8994359970092773, -1.1546008586883545
23, 13.372771263122559, 2.8994359970092773, -1.053692102432251
24, 13.144041061401367, 2.8994359970092773, -0.9527834057807922
25, 12.915310859680176, 2.8994359970092773, -0.8518747091293335
26, 12.686580657958984, 2.8994359970092773, -0.7509660124778748
27, 12.457850456237793, 2.8994359970092773, -0.650057315826416
28, 12.457850456237793, 2.8994359970092773, -0.650057315826416
29, 12.209310531616211, 2.8994359970092773, -0.6770328283309937
30, 11.960770606994629, 2.8994359970092773, -0.7040083408355713
31, 11.712230682373047, 2.8994359970092773, -0.7309838533401489
32, 11.712230682373047, 2.8994359970092773, -0.7309838533401489
33, 11.712230682373047, 2.8994359970092773, -0.7309838533401489
34, 11.463689804077148, 2.8994359970092773, -0.7579593658447266
35, 11.21514892578125, 2.8994359970092773, -0.7849348783493042
36, 10.966608047485352, 2.8994359970092773, -0.8119103908538818
37, 10.718067169189453, 2.8994359970092773, -0.8388859033584595
38, 10.469526290893555, 2.8994359970092773, -0.8658614158630371
39, 10.220985412597656, 2.8994359970092773, -0.8928369283676147
40, 9.972444534301758, 2.8994359970092773, -0.9198124408721924
41, 9.972444534301758, 2.8994359970092773, -0.9198124408721924
42, 9.743714332580566, 2.8994359970092773, -0.8189037442207336
43, 9.743714332580566, 2.8994359970092773, -0.8189037442207336
44, 9.743714332580566, 2.8994359970092773, -0.8189037442207336
45, 9.743714332580566, 2.8994359970092773, -0.8189037442207336
46, 9.743714332580566, 2.8994359970092773, -0.8189037442207336
47, 9.743714332580566, 2.8994359970092773, -0.8189037442207336
48, 9.743714332580566, 2.8994359970092773, -0.8189037442207336
49, 9.972444534301758, 2.8994359970092773, -0.9198124408721924
50, 9.972444534301758, 2.8994359970092773, -0.9198124408721924
51, 9.972444534301758, 2.8994359970092773, -0.9198124408721924
52, 9.972444534301758, 2.8994359970092773, -0.9198124408721924
53, 9.972444534301758, 2.8994359970092773, -0.9198124408721924
54, 9.972444534301758, 2.8994359970092773, -0.9198124408721924
55, 9.824812889099121, 2.8994359970092773, -0.7180578708648682
56, 9.677181243896484, 2.8994359970092773, -0.516303300857544
57, 9.677181243896484, 2.8994359970092773, -0.516303300857544
58, 9.448451042175293, 2.8994359970092773, -0.41539454460144043
59, 9.219720840454102, 2.8994359970092773, -0.3144857883453369
60, 8.99099063873291, 2.8994359970092773, -0.2135770320892334
61, 8.762260437011719, 2.8994359970092773, -0.11266827583312988
62, 8.619897842407227, 2.8994359970092773, -0.04986243695020676
63, 8.619897842407227, 2.8994359970092773, -0.04986243695020676
64, 8.371357917785645, 2.8994359970092773, -0.0768379494547844
65, 8.122817993164062, 2.8994359970092773, -0.10381346195936203
66, 7.874277591705322, 2.8994359970092773, -0.13078898191452026
67, 7.874277591705322, 2.8994359970092773, -0.13078898191452026
68, 7.723982810974121, 2.8994359970092773, -0.24076557159423828
69, 7.723982810974121, 2.8994359970092773, -0.24076557159423828
70, 7.723982810974121, 2.8994359970092773, -0.24076557159423828
71, 7.723982810974121, 2.8994359970092773, -0.24076557159423828
72, 7.723982810974121, 2.8994359970092773, -0.24076557159423828
73, 7.723982810974121, 2.8994359970092773, -0.24076557159423828
74, 7.723982810974121, 2.8994359970092773, -0.24076557159423828
75, 7.723982810974121, 2.8994359970092773, -0.24076557159423828
76, 7.723982810974121, 2.8994359970092773, -0.24076557159423828
77, 7.723982810974121, 2.8994359970092773, -0.24076557159423828
78, 7.723982810974121, 2.8994359970092773, -0.24076557159423828
79, 7.723982810974121, 2.8994359970092773, -0.24076557159423828
80, 7.723982810974121, 2.8994359970092773, -0.24076557159423828
81, 7.723982810974121, 2.8994359970092773, -0.24076557159423828
82, 7.723982810974121, 2.8994359970092773, -0.24076557159423828
83, 7.723982810974121, 2.8994359970092773, -0.24076557159423828
84, 7.723982810974121, 2.8994359970092773, -0.24076557159423828
85, 7.723982810974121, 2.8994359970092773, -0.24076557159423828
86, 7.723982810974121, 2.8994359970092773, -0.24076557159423828
87, 7.723982810974121, 2.8994359970092773, -0.24076557159423828
88, 7.723982810974121, 2.8994359970092773, -0.24076557159423828
89, 7.49525260925293, 2.8994359970092773, -0.13985687494277954
90, 7.49525260925293, 2.8994359970092773, -0.13985687494277954
91, 7.49525260925293, 2.8994359970092773, -0.13985687494277954
92, 7.2934980392456055, 2.8994359970092773, -0.2874886095523834
93, 7.091743469238281, 2.8994359970092773, -0.4351203441619873
94, 6.889988899230957, 2.8994359970092773, -0.5827521085739136
95, 6.889988899230957, 2.8994359970092773, -0.5827521085739136
96, 6.641448497772217, 2.8994359970092773, -0.609727680683136
97, 6.392908096313477, 2.8994359970092773, -0.6367032527923584
98, 6.144367694854736, 2.8994359970092773, -0.6636788249015808
99, 5.895827293395996, 2.8994359970092773, -0.6906543970108032
100, 5.647286891937256, 2.8994359970092773, -0.7176299691200256
101, 5.434126377105713, 2.8994359970092773, -0.7407655715942383
102, 5.434126377105713, 2.8994359970092773, -0.7407655715942383
103, 5.2053961753845215, 2.8994359970092773, -0.6398569345474243
104, 4.97666597366333, 2.8994359970092773, -0.5389482975006104
105, 4.747935771942139, 2.8994359970092773, -0.4380396604537964
106, 4.519205570220947, 2.8994359970092773, -0.3371310234069824
107, 4.290475368499756, 2.8994359970092773, -0.23622238636016846
108, 4.0617451667785645, 2.8994359970092773, -0.1353137493133545
109, 4.0617451667785645, 2.8994359970092773, -0.1353137493133545
110, 4.0617451667785645, 2.8994359970092773, -0.1353137493133545
111, 4.0617451667785645, 2.8994359970092773, -0.1353137493133545
112, 4.0617451667785645, 2.8994359970092773, -0.1353137493133545
113, 4.088720798492432, 2.8994359970092773, -0.38385412096977234
114, 4.115696430206299, 2.8994359970092773, -0.6323944926261902
115, 4.142672061920166, 2.8994359970092773, -0.8809348344802856
116, 4.142672061920166, 2.8994359970092773, -0.8809348344802856
117, 4.290303707122803, 2.8994359970092773, -1.0826892852783203
118, 4.4379353523254395, 2.8994359970092773, -1.284443736076355
119, 4.585566997528076, 2.8994359970092773, -1.4861981868743896
120, 4.733198642730713, 2.8994359970092773, -1.6879526376724243
121, 4.733198642730713, 2.8994359970092773, -1.6879526376724243
122, 4.733198642730713, 2.8994359970092773, -1.6879526376724243
123, 4.733198642730713, 2.8994359970092773, -1.6879526376724243
124, 4.733198642730713, 2.8994359970092773, -1.6879526376724243
125, 4.733198642730713, 2.8994359970092773, -1.6879526376724243
126, 4.733198642730713, 2.8994359970092773, -1.6879526376724243
127, 4.585566997528076, 2.8994359970092773, -1.4861981868743896
128, 4.4379353523254395, 2.8994359970092773, -1.284443736076355
129, 4.290303707122803, 2.8994359970092773, -1.0826892852783203
130, 4.290303707122803, 2.8994359970092773, -1.0826892852783203
131, 4.2633280754089355, 2.8994359970092773, -0.8341488838195801
132, 4.2633280754089355, 2.8994359970092773, -0.8341488838195801
133, 4.364236831665039, 2.8994359970092773, -0.6054188013076782
134, 4.364236831665039, 2.8994359970092773, -0.6054188013076782
135, 4.364236831665039, 2.8994359970092773, -0.6054188013076782
136, 4.612777233123779, 2.8994359970092773, -0.578443169593811
137, 4.8613176345825195, 2.8994359970092773, -0.5514675378799438
138, 5.10985803604126, 2.8994359970092773, -0.5244919061660767
139, 5.10985803604126, 2.8994359970092773, -0.5244919061660767
140, 5.338588237762451, 2.8994359970092773, -0.6254004836082458
141, 5.567318439483643, 2.8994359970092773, -0.726309061050415
142, 5.567318439483643, 2.8994359970092773, -0.726309061050415
143, 5.815858840942383, 2.8994359970092773, -0.6993333697319031
144, 6.064399242401123, 2.8994359970092773, -0.6723576784133911
145, 6.312939643859863, 2.8994359970092773, -0.6453819870948792
146, 6.5614800453186035, 2.8994359970092773, -0.6184062957763672
147, 6.810020446777344, 2.8994359970092773, -0.5914306044578552
148, 7.058560848236084, 2.8994359970092773, -0.5644549131393433
149, 7.058560848236084, 2.8994359970092773, -0.5644549131393433
150, 7.260315418243408, 2.8994359970092773, -0.4168230891227722
151, 7.462069988250732, 2.8994359970092773, -0.26919126510620117
152, 7.663824558258057, 2.8994359970092773, -0.12155944108963013
153, 7.663824558258057, 2.8994359970092773, -0.12155944108963013
154, 7.912364959716797, 2.8994359970092773, -0.09458374977111816
155, 8.160904884338379, 2.8994359970092773, -0.0676080584526062
156, 8.409444808959961, 2.8994359970092773, -0.04063236713409424
157, 8.482566833496094, 2.8994359970092773, -0.03269597887992859
158, 8.482566833496094, 2.8994359970092773, -0.03269597887992859
159, 8.711297035217285, 2.8994359970092773, -0.1336045265197754
160, 8.940027236938477, 2.8994359970092773, -0.2345130741596222
161, 9.168757438659668, 2.8994359970092773, -0.335421621799469
162, 9.39748764038086, 2.8994359970092773, -0.4363301694393158
163, 9.62621784210205, 2.8994359970092773, -0.5372387170791626
164, 9.854948043823242, 2.8994359970092773, -0.638147234916687
165, 10.083678245544434, 2.8994359970092773, -0.7390557527542114
166, 10.312408447265625, 2.8994359970092773, -0.8399642705917358
167, 10.312408447265625, 2.8994359970092773, -0.8399642705917358
168, 10.560948371887207, 2.8994359970092773, -0.8129885196685791
169, 10.809488296508789, 2.8994359970092773, -0.7860127687454224
170, 11.058028221130371, 2.8994359970092773, -0.7590370178222656
171, 11.306568145751953, 2.8994359970092773, -0.7320612668991089
172, 11.555108070373535, 2.8994359970092773, -0.7050855159759521
173, 11.803647994995117, 2.8994359970092773, -0.6781097650527954
174, 12.0521879196167, 2.8994359970092773, -0.6511340141296387
175, 12.300727844238281, 2.8994359970092773, -0.6241582632064819
176, 12.549267768859863, 2.8994359970092773, -0.5971825122833252
177, 12.549267768859863, 2.8994359970092773, -0.5971825122833252
178, 12.777997970581055, 2.8994359970092773, -0.6980910301208496
179, 12.777997970581055, 2.8994359970092773, -0.6980910301208496
180, 12.777997970581055, 2.8994359970092773, -0.6980910301208496
181, 12.777997970581055, 2.8994359970092773, -0.6980910301208496
182, 12.777997970581055, 2.8994359970092773, -0.6980910301208496
183, 12.777997970581055, 2.8994359970092773, -0.6980910301208496
184, 12.777997970581055, 2.8994359970092773, -0.6980910301208496
185, 12.777997970581055, 2.8994359970092773, -0.6980910301208496
186, 12.529458045959473, 2.8994359970092773, -0.7250667810440063
187, 12.28091812133789, 2.8994359970092773, -0.7520425319671631
188, 12.032378196716309, 2.8994359970092773, -0.7790182828903198
189, 11.783838272094727, 2.8994359970092773, -0.8059940338134766
190, 11.535298347473145, 2.8994359970092773, -0.8329697847366333
191, 11.286758422851562, 2.8994359970092773, -0.85994553565979
192, 11.03821849822998, 2.8994359970092773, -0.8869212865829468
193, 10.789678573608398, 2.8994359970092773, -0.9138970375061035
194, 10.541138648986816, 2.8994359970092773, -0.9408727884292603
195, 10.292598724365234, 2.8994359970092773, -0.967848539352417
196, 10.292598724365234, 2.8994359970092773, -0.967848539352417
197, 10.063868522644043, 2.8994359970092773, -0.8669400215148926
198, 9.835138320922852, 2.8994359970092773, -0.7660315036773682
199, 9.60640811920166, 2.8994359970092773, -0.6651229858398438
200, 9.377677917480469, 2.8994359970092773, -0.5642144680023193
201, 9.148947715759277, 2.8994359970092773, -0.46330592036247253
202, 8.920217514038086, 2.8994359970092773, -0.36239737272262573
203, 8.691487312316895, 2.8994359970092773, -0.26148882508277893
204, 8.462757110595703, 2.8994359970092773, -0.16058027744293213
205, 8.234026908874512, 2.8994359970092773, -0.05967172980308533
206, 8.234026908874512, 2.8994359970092773, -0.05967172980308533
207, 8.234026908874512, 2.8994359970092773, -0.05967172980308533
208, 8.234026908874512, 2.8994359970092773, -0.05967172980308533
209, 8.234026908874512, 2.8994359970092773, -0.05967172980308533
210, 8.234026908874512, 2.8994359970092773, -0.05967172980308533
211, 8.234026908874512, 2.8994359970092773, -0.05967172980308533
212, 8.462757110595703, 2.8994359970092773, -0.16058023273944855
213, 8.691487312316895, 2.8994359970092773, -0.26148873567581177
214, 8.920217514038086, 2.8994359970092773, -0.3623972535133362
215, 9.148947715759277, 2.8994359970092773, -0.4633057713508606
216, 9.377677917480469, 2.8994359970092773, -0.564214289188385
217, 9.377677917480469, 2.8994359970092773, -0.564214289188385
218, 9.525309562683105, 2.8994359970092773, -0.7659686803817749
219, 9.672941207885742, 2.8994359970092773, -0.9677230715751648
220, 9.820572853088379, 2.8994359970092773, -1.1694774627685547
221, 9.820572853088379, 2.8994359970092773, -1.1694774627685547
222, 9.820572853088379, 2.8994359970092773, -1.1694774627685547
223, 9.820572853088379, 2.8994359970092773, -1.1694774627685547
224, 9.820572853088379, 2.8994359970092773, -1.1694774627685547
225, 9.820572853088379, 2.8994359970092773, -1.1694774627685547
226, 9.820572853088379, 2.8994359970092773, -1.1694774627685547
227, 9.672941207885742, 2.8994359970092773, -0.96772301197052
228, 9.525309562683105, 2.8994359970092773, -0.7659685611724854
229, 9.525309562683105, 2.8994359970092773, -0.7659685611724854
230, 9.296579360961914, 2.8994359970092773, -0.6650600433349609
231, 9.067849159240723, 2.8994359970092773, -0.5641515254974365
232, 8.839118957519531, 2.8994359970092773, -0.4632429778575897
233, 8.61038875579834, 2.8994359970092773, -0.3623344302177429
234, 8.381658554077148, 2.8994359970092773, -0.2614258825778961
235, 8.152928352355957, 2.8994359970092773, -0.16051733493804932
236, 7.924198150634766, 2.8994359970092773, -0.059608787298202515
237, 7.924198150634766, 2.8994359970092773, -0.059608787298202515
238, 7.924198150634766, 2.8994359970092773, -0.059608787298202515
239, 7.722443580627441, 2.8994359970092773, -0.20724061131477356
240, 7.520689010620117, 2.8994359970092773, -0.3548724353313446
241, 7.318934440612793, 2.8994359970092773, -0.5025042295455933
242, 7.318934440612793, 2.8994359970092773, -0.5025042295455933
243, 7.070394039154053, 2.8994359970092773, -0.52947998046875
244, 6.8218536376953125, 2.8994359970092773, -0.5564557313919067
245, 6.573313236236572, 2.8994359970092773, -0.5834314823150635
246, 6.324772834777832, 2.8994359970092773, -0.6104072332382202
247, 6.076232433319092, 2.8994359970092773, -0.637382984161377
248, 5.827692031860352, 2.8994359970092773, -0.6643587350845337
249, 5.579151630401611, 2.8994359970092773, -0.6913344860076904
250, 5.330611228942871, 2.8994359970092773, -0.7183102369308472
251, 5.330611228942871, 2.8994359970092773, -0.7183102369308472
252, 5.10188102722168, 2.8994359970092773, -0.6174017190933228
253, 5.10188102722168, 2.8994359970092773, -0.6174017190933228
254, 4.8533406257629395, 2.8994359970092773, -0.6443774104118347
255, 4.604800224304199, 2.8994359970092773, -0.6713531017303467
256, 4.604800224304199, 2.8994359970092773, -0.6713531017303467
257, 4.403045654296875, 2.8994359970092773, -0.8189849257469177
258, 4.403045654296875, 2.8994359970092773, -0.8189849257469177
259, 4.3021368980407715, 2.8994359970092773, -1.0477150678634644
260, 4.3021368980407715, 2.8994359970092773, -1.0477150678634644
261, 4.329112529754639, 2.8994359970092773, -1.2962554693222046
262, 4.356088161468506, 2.8994359970092773, -1.5447958707809448
263, 4.356088161468506, 2.8994359970092773, -1.5447958707809448
264, 4.503719806671143, 2.8994359970092773, -1.7465503215789795
265, 4.503719806671143, 2.8994359970092773, -1.7465503215789795
266, 4.732450008392334, 2.8994359970092773, -1.847458839416504
267, 4.961180210113525, 2.8994359970092773, -1.9483673572540283
268, 5.189910411834717, 2.8994359970092773, -2.0492758750915527
269, 5.189910411834717, 2.8994359970092773, -2.0492758750915527
270, 5.3375420570373535, 2.8994359970092773, -2.251030206680298
271, 5.3375420570373535, 2.8994359970092773, -2.251030206680298
272, 5.3375420570373535, 2.8994359970092773, -2.251030206680298
273, 5.236633777618408, 2.8994359970092773, -2.4797604084014893
274, 5.135725498199463, 2.8994359970092773, -2.7084906101226807
275, 5.034817218780518, 2.8994359970092773, -2.937220811843872
276, 5.034817218780518, 2.8994359970092773, -2.937220811843872
277, 5.034817218780518, 2.8994359970092773, -2.937220811843872
278, 5.034817218780518, 2.8994359970092773, -2.937220811843872
279, 5.034817218780518, 2.8994359970092773, -2.937220811843872
280, 4.887185573577881, 2.8994359970092773, -2.735466480255127
281, 4.887185573577881, 2.8994359970092773, -2.735466480255127
282, 4.860209941864014, 2.8994359970092773, -2.4869260787963867
283, 4.8332343101501465, 2.8994359970092773, -2.2383856773376465
284, 4.8332343101501465, 2.8994359970092773, -2.2383856773376465
285, 4.68560266494751, 2.8994359970092773, -2.0366313457489014
286, 4.537971019744873, 2.8994359970092773, -1.8348768949508667
287, 4.390339374542236, 2.8994359970092773, -1.633122444152832
288, 4.390339374542236, 2.8994359970092773, -1.633122444152832
289, 4.363363742828369, 2.8994359970092773, -1.3845820426940918
290, 4.336388111114502, 2.8994359970092773, -1.1360416412353516
291, 4.309412479400635, 2.8994359970092773, -0.8875012397766113
292, 4.282436847686768, 2.8994359970092773, -0.6389608383178711
293, 4.282436847686768, 2.8994359970092773, -0.6389608383178711
294, 4.134805202484131, 2.8994359970092773, -0.4372064173221588
295, 3.987173318862915, 2.8994359970092773, -0.23545199632644653
296, 3.987173318862915, 2.8994359970092773, -0.23545199632644653
297, 3.7584431171417236, 2.8994359970092773, -0.1345435082912445
298, 3.7584431171417236, 2.8994359970092773, -0.1345435082912445
299, 3.5099027156829834, 2.8994359970092773, -0.16151922941207886
300, 3.5099027156829834, 2.8994359970092773, -0.16151922941207886
301, 3.3081483840942383, 2.8994359970092773, -0.3091510534286499
302, 3.106394052505493, 2.8994359970092773, -0.45678287744522095
303, 3.106394052505493, 2.8994359970092773, -0.45678287744522095
304, 3.106394052505493, 2.8994359970092773, -0.45678287744522095
305, 2.904639720916748, 2.8994359970092773, -0.604414701461792
306, 2.702885389328003, 2.8994359970092773, -0.752046525478363
307, 2.501131057739258, 2.8994359970092773, -0.8996783494949341
308, 2.501131057739258, 2.8994359970092773, -0.8996783494949341
309, 2.2525906562805176, 2.8994359970092773, -0.9266541004180908
310, 2.0040502548217773, 2.8994359970092773, -0.9536298513412476
311, 1.755509853363037, 2.8994359970092773, -0.9806056022644043
312, 1.755509853363037, 2.8994359970092773, -0.9806056022644043
313, 1.755509853363037, 2.8994359970092773, -0.9806056022644043
314, 1.5069694519042969, 2.8994359970092773, -1.007581353187561
315, 1.2584290504455566, 2.8994359970092773, -1.0345571041107178
316, 1.2584290504455566, 2.8994359970092773, -1.0345571041107178
317, 1.2584290504455566, 2.8994359970092773, -1.0345571041107178
318, 1.1575205326080322, 2.8994359970092773, -1.2632871866226196
319, 6.6384077072143555, 0.09943583607673645, -1.5895814895629883
