1, 0.8721863031387329, -0.5355252027511597, 4.507651329040527
2, 0.8721863031387329, -0.5355252027511597, 4.507651329040527
3, 0.8721863031387329, -0.5355252027511597, 4.507651329040527
4, 0.8721863031387329, -0.5355252027511597, 4.507651329040527
5, 0.8721863031387329, -0.5355252027511597, 4.507651329040527
6, 0.8721863031387329, -0.5355252027511597, 4.507651329040527
7, 0.8721863031387329, -0.5355252027511597, 4.507651329040527
8, 0.8721863031387329, -0.5355252027511597, 4.507651329040527
9, 0.8721863031387329, -0.5355252027511597, 4.507651329040527
10, 0.8721863031387329, -0.5355252027511597, 4.507651329040527
11, 0.8721863031387329, -0.5355252027511597, 4.507651329040527
12, 0.8721863031387329, -0.5355252027511597, 4.507651329040527
13, 0.8721863031387329, -0.5355252027511597, 4.507651329040527
14, 0.8721863031387329, -0.5355252027511597, 4.507651329040527
15, 0.8721863031387329, -0.5355252027511597, 4.507651329040527
16, 0.8721863031387329, -0.5355252027511597, 4.507651329040527
17, 0.8721863031387329, -0.5355252027511597, 4.507651329040527
18, 0.8721863031387329, -0.5355252027511597, 4.507651329040527
19, 0.7961167097091675, -0.5355252027511597, 4.269505500793457
20, 0.720047116279602, -0.5355252027511597, 4.031359672546387
21, 0.6439775228500366, -0.5355252027511597, 3.7932138442993164
22, 0.5679079294204712, -0.5355252027511597, 3.555068016052246
23, 0.49183833599090576, -0.5355252027511597, 3.316922187805176
24, 0.41576874256134033, -0.5355252027511597, 3.0787763595581055
25, 0.3396991491317749, -0.5355252027511597, 2.840630531311035
26, 0.3396991491317749, -0.5355252027511597, 2.840630531311035
27, 0.39289388060569763, -0.5355252027511597, 2.596355438232422
28, 0.44608861207962036, -0.5355252027511597, 2.3520803451538086
29, 0.4992833435535431, -0.5355252027511597, 2.1078052520751953
30, 0.4992833435535431, -0.5355252027511597, 2.1078052520751953
31, 0.4992833435535431, -0.5355252027511597, 2.1078052520751953
32, 0.4992833435535431, -0.5355252027511597, 2.1078052520751953
33, 0.4992833435535431, -0.5355252027511597, 2.1078052520751953
34, 0.4992833435535431, -0.5355252027511597, 2.1078052520751953
35, 0.743558406829834, -0.5355252027511597, 2.1610000133514404
36, 0.9878334999084473, -0.5355252027511597, 2.2141947746276855
37, 0.9878334999084473, -0.5355252027511597, 2.2141947746276855
38, 1.2259793281555176, -0.5355252027511597, 2.13812518119812
39, 1.2259793281555176, -0.5355252027511597, 2.13812518119812
40, 1.394184947013855, -0.5355252027511597, 1.953174114227295
41, 1.5623905658721924, -0.5355252027511597, 1.7682230472564697
42, 1.7305961847305298, -0.5355252027511597, 1.5832719802856445
43, 1.8988018035888672, -0.5355252027511597, 1.3983209133148193
44, 2.067007303237915, -0.5355252027511597, 1.2133698463439941
45, 2.235212802886963, -0.5355252027511597, 1.028418779373169
46, 2.4034183025360107, -0.5355252027511597, 0.8434677124023438
47, 2.4034183025360107, -0.5355252027511597, 0.8434677124023438
48, 2.4034183025360107, -0.5355252027511597, 0.8434677124023438
49, 2.4034183025360107, -0.5355252027511597, 0.8434677124023438
50, 2.4034183025360107, -0.5355252027511597, 0.8434677124023438
51, 2.4034183025360107, -0.5355252027511597, 0.8434677124023438
52, 2.3502235412597656, -0.5355252027511597, 1.087742805480957
53, 2.2970287799835205, -0.5355252027511597, 1.3320178985595703
54, 2.2438340187072754, -0.5355252027511597, 1.5762929916381836
55, 2.1906392574310303, -0.5355252027511597, 1.8205680847167969
56, 2.137444496154785, -0.5355252027511597, 2.06484317779541
57, 2.137444496154785, -0.5355252027511597, 2.06484317779541
58, 2.2135140895843506, -0.5355252027511597, 2.3029890060424805
59, 2.289583683013916, -0.5355252027511597, 2.541134834289551
60, 2.3656532764434814, -0.5355252027511597, 2.779280662536621
61, 2.441722869873047, -0.5355252027511597, 3.0174264907836914
62, 2.441722869873047, -0.5355252027511597, 3.0174264907836914
63, 2.626673936843872, -0.5355252027511597, 3.1856319904327393
64, 2.626673936843872, -0.5355252027511597, 3.1856319904327393
65, 2.8709490299224854, -0.5355252027511597, 3.2388267517089844
66, 3.1152241230010986, -0.5355252027511597, 3.2920215129852295
67, 3.1152241230010986, -0.5355252027511597, 3.2920215129852295
68, 3.300175189971924, -0.5355252027511597, 3.4602270126342773
69, 3.300175189971924, -0.5355252027511597, 3.4602270126342773
70, 3.300175189971924, -0.5355252027511597, 3.4602270126342773
71, 3.485126256942749, -0.5355252027511597, 3.628432512283325
72, 3.485126256942749, -0.5355252027511597, 3.628432512283325
73, 3.485126256942749, -0.5355252027511597, 3.628432512283325
74, 3.485126256942749, -0.5355252027511597, 3.628432512283325
75, 3.653331756591797, -0.5355252027511597, 3.4434814453125
76, 3.653331756591797, -0.5355252027511597, 3.4434814453125
77, 3.891477584838867, -0.5355252027511597, 3.3674118518829346
78, 4.1296234130859375, -0.5355252027511597, 3.291342258453369
79, 4.367769241333008, -0.5355252027511597, 3.2152726650238037
80, 4.605915069580078, -0.5355252027511597, 3.1392030715942383
81, 4.605915069580078, -0.5355252027511597, 3.1392030715942383
82, 4.850190162658691, -0.5355252027511597, 3.1923978328704834
83, 5.094465255737305, -0.5355252027511597, 3.2455925941467285
84, 5.338740348815918, -0.5355252027511597, 3.2987873554229736
85, 5.338740348815918, -0.5355252027511597, 3.2987873554229736
86, 5.576886177062988, -0.5355252027511597, 3.222717761993408
87, 5.815032005310059, -0.5355252027511597, 3.1466481685638428
88, 5.815032005310059, -0.5355252027511597, 3.1466481685638428
89, 6.059307098388672, -0.5355252027511597, 3.199842929840088
90, 6.059307098388672, -0.5355252027511597, 3.199842929840088
91, 6.297452926635742, -0.5355252027511597, 3.1237733364105225
92, 6.297452926635742, -0.5355252027511597, 3.1237733364105225
93, 6.5417280197143555, -0.5355252027511597, 3.1769680976867676
94, 6.786003112792969, -0.5355252027511597, 3.2301628589630127
95, 7.030278205871582, -0.5355252027511597, 3.283357620239258
96, 7.274553298950195, -0.5355252027511597, 3.336552381515503
97, 7.518828392028809, -0.5355252027511597, 3.389747142791748
98, 7.763103485107422, -0.5355252027511597, 3.442941904067993
99, 8.007378578186035, -0.5355252027511597, 3.4961366653442383
100, 8.007378578186035, -0.5355252027511597, 3.4961366653442383
101, 8.007378578186035, -0.5355252027511597, 3.4961366653442383
102, 8.007378578186035, -0.5355252027511597, 3.4961366653442383
103, 8.007378578186035, -0.5355252027511597, 3.4961366653442383
104, 8.007378578186035, -0.5355252027511597, 3.4961366653442383
105, 8.007378578186035, -0.5355252027511597, 3.4961366653442383
106, 7.763103485107422, -0.5355252027511597, 3.442941904067993
107, 7.518828392028809, -0.5355252027511597, 3.389747142791748
108, 7.274553298950195, -0.5355252027511597, 3.336552381515503
109, 7.030278205871582, -0.5355252027511597, 3.283357620239258
110, 7.030278205871582, -0.5355252027511597, 3.283357620239258
111, 6.845327377319336, -0.5355252027511597, 3.11515212059021
112, 6.66037654876709, -0.5355252027511597, 2.946946620941162
113, 6.66037654876709, -0.5355252027511597, 2.946946620941162
114, 6.5843071937561035, -0.5355252027511597, 2.708800792694092
115, 6.5843071937561035, -0.5355252027511597, 2.708800792694092
116, 6.637502193450928, -0.5355252027511597, 2.4645256996154785
117, 6.637502193450928, -0.5355252027511597, 2.4645256996154785
118, 6.805707931518555, -0.5355252027511597, 2.2795746326446533
119, 6.805707931518555, -0.5355252027511597, 2.2795746326446533
120, 6.805707931518555, -0.5355252027511597, 2.2795746326446533
121, 6.805707931518555, -0.5355252027511597, 2.2795746326446533
122, 6.805707931518555, -0.5355252027511597, 2.2795746326446533
123, 6.805707931518555, -0.5355252027511597, 2.2795746326446533
124, 6.7525129318237305, -0.5355252027511597, 2.5238497257232666
125, 6.699317932128906, -0.5355252027511597, 2.76812481880188
126, 6.699317932128906, -0.5355252027511597, 2.76812481880188
127, 6.699317932128906, -0.5355252027511597, 2.76812481880188
128, 6.699317932128906, -0.5355252027511597, 2.76812481880188
129, 6.531112194061279, -0.5355252027511597, 2.953075885772705
130, 6.362906455993652, -0.5355252027511597, 3.1380269527435303
131, 6.362906455993652, -0.5355252027511597, 3.1380269527435303
132, 6.362906455993652, -0.5355252027511597, 3.1380269527435303
133, 6.362906455993652, -0.5355252027511597, 3.1380269527435303
134, 6.362906455993652, -0.5355252027511597, 3.1380269527435303
135, 6.362906455993652, -0.5355252027511597, 3.1380269527435303
136, 6.362906455993652, -0.5355252027511597, 3.1380269527435303
137, 6.531112194061279, -0.5355252027511597, 2.953075885772705
138, 6.531112194061279, -0.5355252027511597, 2.953075885772705
139, 6.5843071937561035, -0.5355252027511597, 2.708800792694092
140, 6.637502193450928, -0.5355252027511597, 2.4645256996154785
141, 6.690697193145752, -0.5355252027511597, 2.2202506065368652
142, 6.743892192840576, -0.5355252027511597, 1.975975513458252
143, 6.743892192840576, -0.5355252027511597, 1.975975513458252
144, 6.912097930908203, -0.5355252027511597, 1.7910245656967163
145, 7.08030366897583, -0.5355252027511597, 1.6060736179351807
146, 7.08030366897583, -0.5355252027511597, 1.6060736179351807
147, 7.08030366897583, -0.5355252027511597, 1.6060736179351807
148, 7.08030366897583, -0.5355252027511597, 1.6060736179351807
149, 7.08030366897583, -0.5355252027511597, 1.6060736179351807
150, 7.08030366897583, -0.5355252027511597, 1.6060736179351807
151, 7.08030366897583, -0.5355252027511597, 1.6060736179351807
152, 7.08030366897583, -0.5355252027511597, 1.6060736179351807
153, 7.027108669281006, -0.5355252027511597, 1.850348711013794
154, 6.973913669586182, -0.5355252027511597, 2.0946238040924072
155, 6.973913669586182, -0.5355252027511597, 2.0946238040924072
156, 6.805707931518555, -0.5355252027511597, 2.2795748710632324
157, 6.637502193450928, -0.5355252027511597, 2.4645259380340576
158, 6.637502193450928, -0.5355252027511597, 2.4645259380340576
159, 6.5843071937561035, -0.5355252027511597, 2.708801031112671
160, 6.531112194061279, -0.5355252027511597, 2.953076124191284
161, 6.477917194366455, -0.5355252027511597, 3.1973512172698975
162, 6.424722194671631, -0.5355252027511597, 3.4416263103485107
163, 6.371527194976807, -0.5355252027511597, 3.685901403427124
164, 6.318332195281982, -0.5355252027511597, 3.9301764965057373
165, 6.265137195587158, -0.5355252027511597, 4.17445182800293
166, 6.211942195892334, -0.5355252027511597, 4.418726921081543
167, 6.211942195892334, -0.5355252027511597, 4.418726921081543
168, 6.28801155090332, -0.5355252027511597, 4.656872749328613
169, 6.28801155090332, -0.5355252027511597, 4.656872749328613
170, 6.234816551208496, -0.5355252027511597, 4.901147842407227
171, 6.234816551208496, -0.5355252027511597, 4.901147842407227
172, 6.234816551208496, -0.5355252027511597, 4.901147842407227
173, 0.18544888496398926, -0.5355252027511597, 2.1036221981048584
