1, 7.715845584869385, 0.09943583607673645, -0.7345246076583862
2, 7.715845584869385, 0.09943583607673645, -0.7345246076583862
3, 7.715845584869385, 0.09943583607673645, -0.7345246076583862
4, 7.715845584869385, 0.09943583607673645, -0.7345246076583862
5, 7.715845584869385, 0.09943583607673645, -0.7345246076583862
6, 7.715845584869385, 0.09943583607673645, -0.7345246076583862
7, 7.715845584869385, 0.09943583607673645, -0.7345246076583862
8, 7.715845584869385, 0.09943583607673645, -0.7345246076583862
9, 7.715845584869385, 0.09943583607673645, -0.7345246076583862
10, 7.715845584869385, 0.09943583607673645, -0.7345246076583862
11, 7.715845584869385, 0.09943583607673645, -0.7345246076583862
12, 7.715845584869385, 0.09943583607673645, -0.7345246076583862
13, 7.715845584869385, 0.09943583607673645, -0.7345246076583862
14, 7.715845584869385, 0.09943583607673645, -0.7345246076583862
15, 7.715845584869385, 0.09943583607673645, -0.7345246076583862
16, 7.715845584869385, 0.09943583607673645, -0.7345246076583862
17, 7.715845584869385, 0.09943583607673645, -0.7345246076583862
18, 7.715845584869385, 0.09943583607673645, -0.7345246076583862
19, 7.947863578796387, 0.09943583607673645, -0.641424298286438
20, 8.17988109588623, 0.09943583607673645, -0.5483239889144897
21, 8.17988109588623, 0.09943583607673645, -0.5483239889144897
22, 8.427364349365234, 0.09943583607673645, -0.5837057828903198
23, 8.427364349365234, 0.09943583607673645, -0.5837057828903198
24, 8.427364349365234, 0.09943583607673645, -0.5837057828903198
25, 8.427364349365234, 0.09943583607673645, -0.5837057828903198
26, 8.427364349365234, 0.09943583607673645, -0.5837057828903198
27, 8.674847602844238, 0.09943583607673645, -0.6190875768661499
28, 8.674847602844238, 0.09943583607673645, -0.6190875768661499
29, 8.674847602844238, 0.09943583607673645, -0.6190875768661499
30, 8.674847602844238, 0.09943583607673645, -0.6190875768661499
31, 8.674847602844238, 0.09943583607673645, -0.6190875768661499
32, 8.674847602844238, 0.09943583607673645, -0.6190875768661499
33, 8.674847602844238, 0.09943583607673645, -0.6190875768661499
34, 8.674847602844238, 0.09943583607673645, -0.6190875768661499
35, 8.906866073608398, 0.09943583607673645, -0.5259872674942017
36, 8.906866073608398, 0.09943583607673645, -0.5259872674942017
37, 8.906866073608398, 0.09943583607673645, -0.5259872674942017
38, 8.906866073608398, 0.09943583607673645, -0.5259872674942017
39, 8.906866073608398, 0.09943583607673645, -0.5259872674942017
40, 9.10350227355957, 0.09943583607673645, -0.6803706288337708
41, 9.10350227355957, 0.09943583607673645, -0.6803706288337708
42, 9.196602821350098, 0.09943583607673645, -0.9123886227607727
43, 9.289703369140625, 0.09943583607673645, -1.1444065570831299
44, 9.382803916931152, 0.09943583607673645, -1.3764245510101318
45, 9.382803916931152, 0.09943583607673645, -1.3764245510101318
46, 9.382803916931152, 0.09943583607673645, -1.3764245510101318
47, 9.382803916931152, 0.09943583607673645, -1.3764245510101318
48, 9.382803916931152, 0.09943583607673645, -1.3764245510101318
49, 9.382803916931152, 0.09943583607673645, -1.3764245510101318
50, 9.41818618774414, 0.09943583607673645, -1.1289409399032593
51, 9.41818618774414, 0.09943583607673645, -1.1289409399032593
52, 9.41818618774414, 0.09943583607673645, -1.1289409399032593
53, 9.41818618774414, 0.09943583607673645, -1.1289409399032593
54, 9.41818618774414, 0.09943583607673645, -1.1289409399032593
55, 9.41818618774414, 0.09943583607673645, -1.1289409399032593
56, 9.447122573852539, 0.09943583607673645, -1.2010538578033447
57, 9.447122573852539, 0.09943583607673645, -1.2010538578033447
58, 9.41174030303955, 0.09943583607673645, -1.4485374689102173
59, 9.41174030303955, 0.09943583607673645, -1.4485374689102173
60, 9.41174030303955, 0.09943583607673645, -1.4485374689102173
61, 9.41174030303955, 0.09943583607673645, -1.4485374689102173
62, 9.41174030303955, 0.09943583607673645, -1.4485374689102173
63, 9.41174030303955, 0.09943583607673645, -1.4485374689102173
64, 9.41174030303955, 0.09943583607673645, -1.4485374689102173
65, 9.41174030303955, 0.09943583607673645, -1.4485374689102173
66, 9.41174030303955, 0.09943583607673645, -1.4485374689102173
67, 9.41174030303955, 0.09943583607673645, -1.4485374689102173
68, 9.41174030303955, 0.09943583607673645, -1.4485374689102173
69, 9.41174030303955, 0.09943583607673645, -1.4485374689102173
70, 9.41174030303955, 0.09943583607673645, -1.4485374689102173
71, 9.41174030303955, 0.09943583607673645, -1.4485374689102173
72, 9.41174030303955, 0.09943583607673645, -1.4485374689102173
73, 9.41174030303955, 0.09943583607673645, -1.4485374689102173
74, 9.41174030303955, 0.09943583607673645, -1.4485374689102173
75, 9.41174030303955, 0.09943583607673645, -1.4485374689102173
76, 9.41174030303955, 0.09943583607673645, -1.4485374689102173
77, 9.41174030303955, 0.09943583607673645, -1.4485374689102173
78, 9.41174030303955, 0.09943583607673645, -1.4485374689102173
79, 9.41174030303955, 0.09943583607673645, -1.4485374689102173
80, 9.41174030303955, 0.09943583607673645, -1.4485374689102173
81, 9.41174030303955, 0.09943583607673645, -1.4485374689102173
82, 9.41174030303955, 0.09943583607673645, -1.4485374689102173
83, 9.41174030303955, 0.09943583607673645, -1.4485374689102173
84, 9.41174030303955, 0.09943583607673645, -1.4485374689102173
85, 9.41174030303955, 0.09943583607673645, -1.4485374689102173
86, 9.41174030303955, 0.09943583607673645, -1.4485374689102173
87, 9.41174030303955, 0.09943583607673645, -1.4485374689102173
88, 9.41174030303955, 0.09943583607673645, -1.4485374689102173
89, 9.41174030303955, 0.09943583607673645, -1.4485374689102173
90, 9.41174030303955, 0.09943583607673645, -1.4485374689102173
91, 9.41174030303955, 0.09943583607673645, -1.4485374689102173
92, 9.41174030303955, 0.09943583607673645, -1.4485374689102173
93, 9.41174030303955, 0.09943583607673645, -1.4485374689102173
94, 9.41174030303955, 0.09943583607673645, -1.4485374689102173
95, 9.41174030303955, 0.09943583607673645, -1.4485374689102173
96, 9.41174030303955, 0.09943583607673645, -1.4485374689102173
97, 9.41174030303955, 0.09943583607673645, -1.4485374689102173
98, 9.41174030303955, 0.09943583607673645, -1.4485374689102173
99, 9.41174030303955, 0.09943583607673645, -1.4485374689102173
100, 9.41174030303955, 0.09943583607673645, -1.4485374689102173
101, 9.41174030303955, 0.09943583607673645, -1.4485374689102173
102, 9.41174030303955, 0.09943583607673645, -1.4485374689102173
103, 9.41174030303955, 0.09943583607673645, -1.4485374689102173
104, 9.41174030303955, 0.09943583607673645, -1.4485374689102173
105, 9.41174030303955, 0.09943583607673645, -1.4485374689102173
106, 9.41174030303955, 0.09943583607673645, -1.4485374689102173
107, 9.41174030303955, 0.09943583607673645, -1.4485374689102173
108, 9.41174030303955, 0.09943583607673645, -1.4485374689102173
109, 9.41174030303955, 0.09943583607673645, -1.4485374689102173
110, 9.41174030303955, 0.09943583607673645, -1.4485374689102173
111, 9.41174030303955, 0.09943583607673645, -1.4485374689102173
112, 9.41174030303955, 0.09943583607673645, -1.4485374689102173
113, 9.41174030303955, 0.09943583607673645, -1.4485374689102173
114, 9.41174030303955, 0.09943583607673645, -1.4485374689102173
115, 9.41174030303955, 0.09943583607673645, -1.4485374689102173
116, 9.41174030303955, 0.09943583607673645, -1.4485374689102173
117, 9.41174030303955, 0.09943583607673645, -1.4485374689102173
118, 9.41174030303955, 0.09943583607673645, -1.4485374689102173
119, 9.41174030303955, 0.09943583607673645, -1.4485374689102173
120, 9.41174030303955, 0.09943583607673645, -1.4485374689102173
121, 9.41174030303955, 0.09943583607673645, -1.4485374689102173
122, 9.41174030303955, 0.09943583607673645, -1.4485374689102173
123, 9.41174030303955, 0.09943583607673645, -1.4485374689102173
124, 9.41174030303955, 0.09943583607673645, -1.4485374689102173
125, 9.41174030303955, 0.09943583607673645, -1.4485374689102173
126, 9.41174030303955, 0.09943583607673645, -1.4485374689102173
127, 9.41174030303955, 0.09943583607673645, -1.4485374689102173
128, 9.41174030303955, 0.09943583607673645, -1.4485374689102173
129, 9.41174030303955, 0.09943583607673645, -1.4485374689102173
130, 9.41174030303955, 0.09943583607673645, -1.4485374689102173
131, 9.41174030303955, 0.09943583607673645, -1.4485374689102173
132, 9.41174030303955, 0.09943583607673645, -1.4485374689102173
133, 9.41174030303955, 0.09943583607673645, -1.4485374689102173
134, 9.41174030303955, 0.09943583607673645, -1.4485374689102173
135, 9.41174030303955, 0.09943583607673645, -1.4485374689102173
136, 9.41174030303955, 0.09943583607673645, -1.4485374689102173
137, 9.41174030303955, 0.09943583607673645, -1.4485374689102173
138, 9.41174030303955, 0.09943583607673645, -1.4485374689102173
139, 9.41174030303955, 0.09943583607673645, -1.4485374689102173
140, 9.41174030303955, 0.09943583607673645, -1.4485374689102173
141, 9.41174030303955, 0.09943583607673645, -1.4485374689102173
142, 9.41174030303955, 0.09943583607673645, -1.4485374689102173
143, 9.41174030303955, 0.09943583607673645, -1.4485374689102173
144, 9.41174030303955, 0.09943583607673645, -1.4485374689102173
145, 9.41174030303955, 0.09943583607673645, -1.4485374689102173
146, 9.41174030303955, 0.09943583607673645, -1.4485374689102173
147, 9.41174030303955, 0.09943583607673645, -1.4485374689102173
148, 9.41174030303955, 0.09943583607673645, -1.4485374689102173
149, 9.41174030303955, 0.09943583607673645, -1.4485374689102173
150, 9.41174030303955, 0.09943583607673645, -1.4485374689102173
151, 9.41174030303955, 0.09943583607673645, -1.4485374689102173
152, 9.41174030303955, 0.09943583607673645, -1.4485374689102173
153, 9.41174030303955, 0.09943583607673645, -1.4485374689102173
154, 9.41174030303955, 0.09943583607673645, -1.4485374689102173
155, 9.41174030303955, 0.09943583607673645, -1.4485374689102173
156, 9.41174030303955, 0.09943583607673645, -1.4485374689102173
157, 9.41174030303955, 0.09943583607673645, -1.4485374689102173
158, 9.41174030303955, 0.09943583607673645, -1.4485374689102173
159, 9.41174030303955, 0.09943583607673645, -1.4485374689102173
160, 9.41174030303955, 0.09943583607673645, -1.4485374689102173
161, 9.41174030303955, 0.09943583607673645, -1.4485374689102173
162, 9.41174030303955, 0.09943583607673645, -1.4485374689102173
163, 9.41174030303955, 0.09943583607673645, -1.4485374689102173
164, 9.41174030303955, 0.09943583607673645, -1.4485374689102173
165, 9.41174030303955, 0.09943583607673645, -1.4485374689102173
166, 9.41174030303955, 0.09943583607673645, -1.4485374689102173
167, 9.41174030303955, 0.09943583607673645, -1.4485374689102173
168, 9.41174030303955, 0.09943583607673645, -1.4485374689102173
169, 9.41174030303955, 0.09943583607673645, -1.4485374689102173
170, 9.41174030303955, 0.09943583607673645, -1.4485374689102173
171, 9.41174030303955, 0.09943583607673645, -1.4485374689102173
172, 9.41174030303955, 0.09943583607673645, -1.4485374689102173
173, 9.41174030303955, 0.09943583607673645, -1.4485374689102173
174, 9.41174030303955, 0.09943583607673645, -1.4485374689102173
175, 9.41174030303955, 0.09943583607673645, -1.4485374689102173
176, 9.41174030303955, 0.09943583607673645, -1.4485374689102173
177, 9.41174030303955, 0.09943583607673645, -1.4485374689102173
178, 9.41174030303955, 0.09943583607673645, -1.4485374689102173
179, 9.41174030303955, 0.09943583607673645, -1.4485374689102173
180, 9.41174030303955, 0.09943583607673645, -1.4485374689102173
181, 9.41174030303955, 0.09943583607673645, -1.4485374689102173
182, 9.41174030303955, 0.09943583607673645, -1.4485374689102173
183, 9.41174030303955, 0.09943583607673645, -1.4485374689102173
184, 9.41174030303955, 0.09943583607673645, -1.4485374689102173
185, 9.41174030303955, 0.09943583607673645, -1.4485374689102173
186, 9.41174030303955, 0.09943583607673645, -1.4485374689102173
187, 9.41174030303955, 0.09943583607673645, -1.4485374689102173
188, 9.41174030303955, 0.09943583607673645, -1.4485374689102173
189, 9.41174030303955, 0.09943583607673645, -1.4485374689102173
190, 9.41174030303955, 0.09943583607673645, -1.4485374689102173
191, 9.41174030303955, 0.09943583607673645, -1.4485374689102173
192, 9.41174030303955, 0.09943583607673645, -1.4485374689102173
193, 9.41174030303955, 0.09943583607673645, -1.4485374689102173
194, 9.41174030303955, 0.09943583607673645, -1.4485374689102173
195, 9.41174030303955, 0.09943583607673645, -1.4485374689102173
196, 9.41174030303955, 0.09943583607673645, -1.4485374689102173
197, 9.41174030303955, 0.09943583607673645, -1.4485374689102173
198, 9.41174030303955, 0.09943583607673645, -1.4485374689102173
199, 9.41174030303955, 0.09943583607673645, -1.4485374689102173
200, 9.41174030303955, 0.09943583607673645, -1.4485374689102173
201, 9.41174030303955, 0.09943583607673645, -1.4485374689102173
202, 9.41174030303955, 0.09943583607673645, -1.4485374689102173
203, 9.41174030303955, 0.09943583607673645, -1.4485374689102173
204, 9.41174030303955, 0.09943583607673645, -1.4485374689102173
205, 9.41174030303955, 0.09943583607673645, -1.4485374689102173
206, 9.41174030303955, 0.09943583607673645, -1.4485374689102173
207, 9.41174030303955, 0.09943583607673645, -1.4485374689102173
208, 9.41174030303955, 0.09943583607673645, -1.4485374689102173
209, 9.41174030303955, 0.09943583607673645, -1.4485374689102173
210, 9.41174030303955, 0.09943583607673645, -1.4485374689102173
211, 9.41174030303955, 0.09943583607673645, -1.4485374689102173
212, 9.41174030303955, 0.09943583607673645, -1.4485374689102173
213, 9.41174030303955, 0.09943583607673645, -1.4485374689102173
214, 9.41174030303955, 0.09943583607673645, -1.4485374689102173
215, 9.41174030303955, 0.09943583607673645, -1.4485374689102173
216, 9.41174030303955, 0.09943583607673645, -1.4485374689102173
217, 9.41174030303955, 0.09943583607673645, -1.4485374689102173
218, 9.41174030303955, 0.09943583607673645, -1.4485374689102173
219, 9.41174030303955, 0.09943583607673645, -1.4485374689102173
220, 9.41174030303955, 0.09943583607673645, -1.4485374689102173
221, 9.41174030303955, 0.09943583607673645, -1.4485374689102173
222, 9.41174030303955, 0.09943583607673645, -1.4485374689102173
223, 9.41174030303955, 0.09943583607673645, -1.4485374689102173
224, 9.41174030303955, 0.09943583607673645, -1.4485374689102173
225, 9.41174030303955, 0.09943583607673645, -1.4485374689102173
226, 9.41174030303955, 0.09943583607673645, -1.4485374689102173
227, 9.41174030303955, 0.09943583607673645, -1.4485374689102173
228, 9.41174030303955, 0.09943583607673645, -1.4485374689102173
229, 9.41174030303955, 0.09943583607673645, -1.4485374689102173
230, 9.41174030303955, 0.09943583607673645, -1.4485374689102173
231, 9.41174030303955, 0.09943583607673645, -1.4485374689102173
232, 9.41174030303955, 0.09943583607673645, -1.4485374689102173
233, 9.41174030303955, 0.09943583607673645, -1.4485374689102173
234, 9.41174030303955, 0.09943583607673645, -1.4485374689102173
235, 9.41174030303955, 0.09943583607673645, -1.4485374689102173
236, 9.41174030303955, 0.09943583607673645, -1.4485374689102173
237, 9.41174030303955, 0.09943583607673645, -1.4485374689102173
238, 9.41174030303955, 0.09943583607673645, -1.4485374689102173
239, 9.41174030303955, 0.09943583607673645, -1.4485374689102173
240, 9.41174030303955, 0.09943583607673645, -1.4485374689102173
241, 9.41174030303955, 0.09943583607673645, -1.4485374689102173
242, 9.41174030303955, 0.09943583607673645, -1.4485374689102173
243, 9.41174030303955, 0.09943583607673645, -1.4485374689102173
244, 9.41174030303955, 0.09943583607673645, -1.4485374689102173
245, 9.41174030303955, 0.09943583607673645, -1.4485374689102173
246, 9.41174030303955, 0.09943583607673645, -1.4485374689102173
247, 9.41174030303955, 0.09943583607673645, -1.4485374689102173
248, 9.41174030303955, 0.09943583607673645, -1.4485374689102173
249, 9.41174030303955, 0.09943583607673645, -1.4485374689102173
250, 9.41174030303955, 0.09943583607673645, -1.4485374689102173
251, 9.41174030303955, 0.09943583607673645, -1.4485374689102173
252, 9.41174030303955, 0.09943583607673645, -1.4485374689102173
253, 9.41174030303955, 0.09943583607673645, -1.4485374689102173
254, 9.41174030303955, 0.09943583607673645, -1.4485374689102173
255, 9.41174030303955, 0.09943583607673645, -1.4485374689102173
256, 9.41174030303955, 0.09943583607673645, -1.4485374689102173
257, 9.41174030303955, 0.09943583607673645, -1.4485374689102173
258, 9.41174030303955, 0.09943583607673645, -1.4485374689102173
259, 9.41174030303955, 0.09943583607673645, -1.4485374689102173
260, 9.41174030303955, 0.09943583607673645, -1.4485374689102173
261, 9.41174030303955, 0.09943583607673645, -1.4485374689102173
262, 9.41174030303955, 0.09943583607673645, -1.4485374689102173
263, 9.41174030303955, 0.09943583607673645, -1.4485374689102173
264, 9.41174030303955, 0.09943583607673645, -1.4485374689102173
265, 9.41174030303955, 0.09943583607673645, -1.4485374689102173
266, 9.41174030303955, 0.09943583607673645, -1.4485374689102173
267, 9.41174030303955, 0.09943583607673645, -1.4485374689102173
268, 9.41174030303955, 0.09943583607673645, -1.4485374689102173
269, 9.41174030303955, 0.09943583607673645, -1.4485374689102173
270, 9.41174030303955, 0.09943583607673645, -1.4485374689102173
271, 9.41174030303955, 0.09943583607673645, -1.4485374689102173
272, 9.41174030303955, 0.09943583607673645, -1.4485374689102173
273, 9.41174030303955, 0.09943583607673645, -1.4485374689102173
274, 9.41174030303955, 0.09943583607673645, -1.4485374689102173
275, 9.41174030303955, 0.09943583607673645, -1.4485374689102173
276, 9.41174030303955, 0.09943583607673645, -1.4485374689102173
277, 9.41174030303955, 0.09943583607673645, -1.4485374689102173
278, 9.41174030303955, 0.09943583607673645, -1.4485374689102173
279, 9.41174030303955, 0.09943583607673645, -1.4485374689102173
280, 9.41174030303955, 0.09943583607673645, -1.4485374689102173
281, 9.41174030303955, 0.09943583607673645, -1.4485374689102173
282, 9.41174030303955, 0.09943583607673645, -1.4485374689102173
283, 9.41174030303955, 0.09943583607673645, -1.4485374689102173
284, 9.41174030303955, 0.09943583607673645, -1.4485374689102173
285, 9.41174030303955, 0.09943583607673645, -1.4485374689102173
286, 9.41174030303955, 0.09943583607673645, -1.4485374689102173
287, 9.41174030303955, 0.09943583607673645, -1.4485374689102173
288, 9.41174030303955, 0.09943583607673645, -1.4485374689102173
289, 9.41174030303955, 0.09943583607673645, -1.4485374689102173
290, 9.41174030303955, 0.09943583607673645, -1.4485374689102173
291, 9.41174030303955, 0.09943583607673645, -1.4485374689102173
292, 9.41174030303955, 0.09943583607673645, -1.4485374689102173
293, 9.41174030303955, 0.09943583607673645, -1.4485374689102173
294, 9.41174030303955, 0.09943583607673645, -1.4485374689102173
295, 9.41174030303955, 0.09943583607673645, -1.4485374689102173
296, 9.41174030303955, 0.09943583607673645, -1.4485374689102173
297, 9.41174030303955, 0.09943583607673645, -1.4485374689102173
298, 9.41174030303955, 0.09943583607673645, -1.4485374689102173
299, 9.41174030303955, 0.09943583607673645, -1.4485374689102173
300, 9.41174030303955, 0.09943583607673645, -1.4485374689102173
301, 9.41174030303955, 0.09943583607673645, -1.4485374689102173
302, 9.41174030303955, 0.09943583607673645, -1.4485374689102173
303, 9.41174030303955, 0.09943583607673645, -1.4485374689102173
304, 9.41174030303955, 0.09943583607673645, -1.4485374689102173
305, 9.41174030303955, 0.09943583607673645, -1.4485374689102173
306, 9.41174030303955, 0.09943583607673645, -1.4485374689102173
307, 9.41174030303955, 0.09943583607673645, -1.4485374689102173
308, 9.41174030303955, 0.09943583607673645, -1.4485374689102173
309, 9.41174030303955, 0.09943583607673645, -1.4485374689102173
310, 9.41174030303955, 0.09943583607673645, -1.4485374689102173
311, 9.41174030303955, 0.09943583607673645, -1.4485374689102173
312, 9.41174030303955, 0.09943583607673645, -1.4485374689102173
313, 9.41174030303955, 0.09943583607673645, -1.4485374689102173
314, 9.41174030303955, 0.09943583607673645, -1.4485374689102173
315, 9.41174030303955, 0.09943583607673645, -1.4485374689102173
316, 9.41174030303955, 0.09943583607673645, -1.4485374689102173
317, 9.41174030303955, 0.09943583607673645, -1.4485374689102173
318, 9.41174030303955, 0.09943583607673645, -1.4485374689102173
319, 9.41174030303955, 0.09943583607673645, -1.4485374689102173
320, 9.41174030303955, 0.09943583607673645, -1.4485374689102173
321, 9.41174030303955, 0.09943583607673645, -1.4485374689102173
322, 9.41174030303955, 0.09943583607673645, -1.4485374689102173
323, 9.41174030303955, 0.09943583607673645, -1.4485374689102173
324, 9.41174030303955, 0.09943583607673645, -1.4485374689102173
325, 9.41174030303955, 0.09943583607673645, -1.4485374689102173
326, 9.41174030303955, 0.09943583607673645, -1.4485374689102173
327, 9.41174030303955, 0.09943583607673645, -1.4485374689102173
328, 9.41174030303955, 0.09943583607673645, -1.4485374689102173
329, 9.41174030303955, 0.09943583607673645, -1.4485374689102173
330, 9.41174030303955, 0.09943583607673645, -1.4485374689102173
331, 9.41174030303955, 0.09943583607673645, -1.4485374689102173
332, 9.41174030303955, 0.09943583607673645, -1.4485374689102173
333, 9.41174030303955, 0.09943583607673645, -1.4485374689102173
334, 9.41174030303955, 0.09943583607673645, -1.4485374689102173
335, 9.41174030303955, 0.09943583607673645, -1.4485374689102173
336, 9.41174030303955, 0.09943583607673645, -1.4485374689102173
337, 9.41174030303955, 0.09943583607673645, -1.4485374689102173
338, 9.41174030303955, 0.09943583607673645, -1.4485374689102173
339, 9.41174030303955, 0.09943583607673645, -1.4485374689102173
340, 9.41174030303955, 0.09943583607673645, -1.4485374689102173
341, 9.41174030303955, 0.09943583607673645, -1.4485374689102173
342, 9.41174030303955, 0.09943583607673645, -1.4485374689102173
343, 9.41174030303955, 0.09943583607673645, -1.4485374689102173
344, 9.41174030303955, 0.09943583607673645, -1.4485374689102173
345, 9.41174030303955, 0.09943583607673645, -1.4485374689102173
346, 9.41174030303955, 0.09943583607673645, -1.4485374689102173
347, 9.41174030303955, 0.09943583607673645, -1.4485374689102173
348, 9.41174030303955, 0.09943583607673645, -1.4485374689102173
349, 9.41174030303955, 0.09943583607673645, -1.4485374689102173
350, 9.41174030303955, 0.09943583607673645, -1.4485374689102173
351, 9.41174030303955, 0.09943583607673645, -1.4485374689102173
352, 9.41174030303955, 0.09943583607673645, -1.4485374689102173
353, 9.41174030303955, 0.09943583607673645, -1.4485374689102173
354, 9.41174030303955, 0.09943583607673645, -1.4485374689102173
355, 9.41174030303955, 0.09943583607673645, -1.4485374689102173
356, 9.41174030303955, 0.09943583607673645, -1.4485374689102173
357, 9.41174030303955, 0.09943583607673645, -1.4485374689102173
358, 9.41174030303955, 0.09943583607673645, -1.4485374689102173
359, 9.41174030303955, 0.09943583607673645, -1.4485374689102173
360, 9.41174030303955, 0.09943583607673645, -1.4485374689102173
361, 9.41174030303955, 0.09943583607673645, -1.4485374689102173
362, 9.41174030303955, 0.09943583607673645, -1.4485374689102173
363, 9.41174030303955, 0.09943583607673645, -1.4485374689102173
364, 9.41174030303955, 0.09943583607673645, -1.4485374689102173
365, 9.41174030303955, 0.09943583607673645, -1.4485374689102173
366, 9.41174030303955, 0.09943583607673645, -1.4485374689102173
367, 9.41174030303955, 0.09943583607673645, -1.4485374689102173
368, 9.41174030303955, 0.09943583607673645, -1.4485374689102173
369, 9.41174030303955, 0.09943583607673645, -1.4485374689102173
370, 9.41174030303955, 0.09943583607673645, -1.4485374689102173
371, 9.41174030303955, 0.09943583607673645, -1.4485374689102173
372, 9.41174030303955, 0.09943583607673645, -1.4485374689102173
373, 9.41174030303955, 0.09943583607673645, -1.4485374689102173
374, 9.41174030303955, 0.09943583607673645, -1.4485374689102173
375, 9.41174030303955, 0.09943583607673645, -1.4485374689102173
376, 9.41174030303955, 0.09943583607673645, -1.4485374689102173
377, 9.41174030303955, 0.09943583607673645, -1.4485374689102173
378, 9.41174030303955, 0.09943583607673645, -1.4485374689102173
379, 9.41174030303955, 0.09943583607673645, -1.4485374689102173
380, 9.41174030303955, 0.09943583607673645, -1.4485374689102173
381, 9.41174030303955, 0.09943583607673645, -1.4485374689102173
382, 9.41174030303955, 0.09943583607673645, -1.4485374689102173
383, 9.41174030303955, 0.09943583607673645, -1.4485374689102173
384, 9.41174030303955, 0.09943583607673645, -1.4485374689102173
385, 9.41174030303955, 0.09943583607673645, -1.4485374689102173
386, 9.41174030303955, 0.09943583607673645, -1.4485374689102173
387, 9.41174030303955, 0.09943583607673645, -1.4485374689102173
388, 9.41174030303955, 0.09943583607673645, -1.4485374689102173
389, 9.41174030303955, 0.09943583607673645, -1.4485374689102173
390, 9.41174030303955, 0.09943583607673645, -1.4485374689102173
391, 9.41174030303955, 0.09943583607673645, -1.4485374689102173
392, 9.41174030303955, 0.09943583607673645, -1.4485374689102173
393, 9.41174030303955, 0.09943583607673645, -1.4485374689102173
394, 9.41174030303955, 0.09943583607673645, -1.4485374689102173
395, 9.41174030303955, 0.09943583607673645, -1.4485374689102173
396, 9.41174030303955, 0.09943583607673645, -1.4485374689102173
397, 9.41174030303955, 0.09943583607673645, -1.4485374689102173
398, 9.41174030303955, 0.09943583607673645, -1.4485374689102173
399, 9.41174030303955, 0.09943583607673645, -1.4485374689102173
400, 9.41174030303955, 0.09943583607673645, -1.4485374689102173
401, 9.41174030303955, 0.09943583607673645, -1.4485374689102173
402, 9.41174030303955, 0.09943583607673645, -1.4485374689102173
403, 9.41174030303955, 0.09943583607673645, -1.4485374689102173
404, 9.41174030303955, 0.09943583607673645, -1.4485374689102173
405, 9.41174030303955, 0.09943583607673645, -1.4485374689102173
406, 9.41174030303955, 0.09943583607673645, -1.4485374689102173
407, 9.41174030303955, 0.09943583607673645, -1.4485374689102173
408, 9.41174030303955, 0.09943583607673645, -1.4485374689102173
409, 9.41174030303955, 0.09943583607673645, -1.4485374689102173
410, 9.41174030303955, 0.09943583607673645, -1.4485374689102173
411, 9.41174030303955, 0.09943583607673645, -1.4485374689102173
412, 9.41174030303955, 0.09943583607673645, -1.4485374689102173
413, 9.41174030303955, 0.09943583607673645, -1.4485374689102173
414, 9.41174030303955, 0.09943583607673645, -1.4485374689102173
415, 9.41174030303955, 0.09943583607673645, -1.4485374689102173
416, 9.41174030303955, 0.09943583607673645, -1.4485374689102173
417, 9.41174030303955, 0.09943583607673645, -1.4485374689102173
418, 9.41174030303955, 0.09943583607673645, -1.4485374689102173
419, 9.41174030303955, 0.09943583607673645, -1.4485374689102173
420, 9.41174030303955, 0.09943583607673645, -1.4485374689102173
421, 9.41174030303955, 0.09943583607673645, -1.4485374689102173
422, 9.41174030303955, 0.09943583607673645, -1.4485374689102173
423, 9.41174030303955, 0.09943583607673645, -1.4485374689102173
424, 9.41174030303955, 0.09943583607673645, -1.4485374689102173
425, 9.41174030303955, 0.09943583607673645, -1.4485374689102173
426, 9.41174030303955, 0.09943583607673645, -1.4485374689102173
427, 9.41174030303955, 0.09943583607673645, -1.4485374689102173
428, 9.41174030303955, 0.09943583607673645, -1.4485374689102173
429, 9.41174030303955, 0.09943583607673645, -1.4485374689102173
430, 9.41174030303955, 0.09943583607673645, -1.4485374689102173
431, 9.41174030303955, 0.09943583607673645, -1.4485374689102173
432, 9.41174030303955, 0.09943583607673645, -1.4485374689102173
433, 9.41174030303955, 0.09943583607673645, -1.4485374689102173
434, 9.41174030303955, 0.09943583607673645, -1.4485374689102173
435, 9.41174030303955, 0.09943583607673645, -1.4485374689102173
436, 9.41174030303955, 0.09943583607673645, -1.4485374689102173
437, 9.41174030303955, 0.09943583607673645, -1.4485374689102173
438, 9.41174030303955, 0.09943583607673645, -1.4485374689102173
439, 9.41174030303955, 0.09943583607673645, -1.4485374689102173
440, 9.41174030303955, 0.09943583607673645, -1.4485374689102173
441, 9.41174030303955, 0.09943583607673645, -1.4485374689102173
442, 9.41174030303955, 0.09943583607673645, -1.4485374689102173
443, 9.41174030303955, 0.09943583607673645, -1.4485374689102173
444, 9.41174030303955, 0.09943583607673645, -1.4485374689102173
445, 9.41174030303955, 0.09943583607673645, -1.4485374689102173
446, 9.41174030303955, 0.09943583607673645, -1.4485374689102173
447, 9.41174030303955, 0.09943583607673645, -1.4485374689102173
448, 9.41174030303955, 0.09943583607673645, -1.4485374689102173
449, 9.41174030303955, 0.09943583607673645, -1.4485374689102173
450, 9.41174030303955, 0.09943583607673645, -1.4485374689102173
451, 9.41174030303955, 0.09943583607673645, -1.4485374689102173
452, 9.41174030303955, 0.09943583607673645, -1.4485374689102173
453, 9.41174030303955, 0.09943583607673645, -1.4485374689102173
454, 9.41174030303955, 0.09943583607673645, -1.4485374689102173
455, 9.41174030303955, 0.09943583607673645, -1.4485374689102173
456, 9.41174030303955, 0.09943583607673645, -1.4485374689102173
457, 9.41174030303955, 0.09943583607673645, -1.4485374689102173
458, 9.41174030303955, 0.09943583607673645, -1.4485374689102173
459, 9.41174030303955, 0.09943583607673645, -1.4485374689102173
460, 9.41174030303955, 0.09943583607673645, -1.4485374689102173
461, 9.41174030303955, 0.09943583607673645, -1.4485374689102173
462, 9.41174030303955, 0.09943583607673645, -1.4485374689102173
463, 9.41174030303955, 0.09943583607673645, -1.4485374689102173
464, 9.41174030303955, 0.09943583607673645, -1.4485374689102173
465, 9.41174030303955, 0.09943583607673645, -1.4485374689102173
466, 9.41174030303955, 0.09943583607673645, -1.4485374689102173
467, 9.41174030303955, 0.09943583607673645, -1.4485374689102173
468, 9.41174030303955, 0.09943583607673645, -1.4485374689102173
469, 9.41174030303955, 0.09943583607673645, -1.4485374689102173
470, 9.41174030303955, 0.09943583607673645, -1.4485374689102173
471, 9.41174030303955, 0.09943583607673645, -1.4485374689102173
472, 9.41174030303955, 0.09943583607673645, -1.4485374689102173
473, 9.41174030303955, 0.09943583607673645, -1.4485374689102173
474, 9.41174030303955, 0.09943583607673645, -1.4485374689102173
475, 9.41174030303955, 0.09943583607673645, -1.4485374689102173
476, 9.41174030303955, 0.09943583607673645, -1.4485374689102173
477, 9.41174030303955, 0.09943583607673645, -1.4485374689102173
478, 9.41174030303955, 0.09943583607673645, -1.4485374689102173
479, 9.41174030303955, 0.09943583607673645, -1.4485374689102173
480, 9.41174030303955, 0.09943583607673645, -1.4485374689102173
481, 9.41174030303955, 0.09943583607673645, -1.4485374689102173
482, 9.41174030303955, 0.09943583607673645, -1.4485374689102173
483, 9.41174030303955, 0.09943583607673645, -1.4485374689102173
484, 9.41174030303955, 0.09943583607673645, -1.4485374689102173
485, 9.41174030303955, 0.09943583607673645, -1.4485374689102173
486, 9.41174030303955, 0.09943583607673645, -1.4485374689102173
487, 9.41174030303955, 0.09943583607673645, -1.4485374689102173
488, 9.41174030303955, 0.09943583607673645, -1.4485374689102173
489, 9.41174030303955, 0.09943583607673645, -1.4485374689102173
490, 9.41174030303955, 0.09943583607673645, -1.4485374689102173
491, 9.41174030303955, 0.09943583607673645, -1.4485374689102173
492, 9.41174030303955, 0.09943583607673645, -1.4485374689102173
493, 9.41174030303955, 0.09943583607673645, -1.4485374689102173
494, 9.41174030303955, 0.09943583607673645, -1.4485374689102173
495, 9.41174030303955, 0.09943583607673645, -1.4485374689102173
496, 9.41174030303955, 0.09943583607673645, -1.4485374689102173
497, 9.41174030303955, 0.09943583607673645, -1.4485374689102173
498, 9.41174030303955, 0.09943583607673645, -1.4485374689102173
499, 9.41174030303955, 0.09943583607673645, -1.4485374689102173
