1, -3.4676079750061035, 0.07216382026672363, -1.5600833892822266
2, -3.4676079750061035, 0.07216382026672363, -1.5600833892822266
3, -3.4676079750061035, 0.07216382026672363, -1.5600833892822266
4, -3.4676079750061035, 0.07216382026672363, -1.5600833892822266
5, -3.4676079750061035, 0.07216382026672363, -1.5600833892822266
6, -3.4676079750061035, 0.07216382026672363, -1.5600833892822266
7, -3.4676079750061035, 0.07216382026672363, -1.5600833892822266
8, -3.4676079750061035, 0.07216382026672363, -1.5600833892822266
9, -3.4676079750061035, 0.07216382026672363, -1.5600833892822266
10, -3.4676079750061035, 0.07216382026672363, -1.5600833892822266
11, -3.4676079750061035, 0.07216382026672363, -1.5600833892822266
12, -3.4676079750061035, 0.07216382026672363, -1.5600833892822266
13, -3.4676079750061035, 0.07216382026672363, -1.5600833892822266
14, -3.4676079750061035, 0.07216382026672363, -1.5600833892822266
15, -3.4676079750061035, 0.07216382026672363, -1.5600833892822266
16, -3.4676079750061035, 0.07216382026672363, -1.5600833892822266
17, -3.4676079750061035, 0.07216382026672363, -1.5600833892822266
18, -3.4676079750061035, 0.07216382026672363, -1.5600833892822266
19, -3.221092939376831, 0.07216382026672363, -1.5184857845306396
20, -2.9745779037475586, 0.07216382026672363, -1.4768881797790527
21, -2.9745779037475586, 0.07216382026672363, -1.4768881797790527
22, -2.781888484954834, 0.07216382026672363, -1.3176060914993286
23, -2.781888484954834, 0.07216382026672363, -1.3176060914993286
24, -2.694655656814575, 0.07216382026672363, -1.083319067955017
25, -2.6074228286743164, 0.07216382026672363, -0.8490320444107056
26, -2.5201900005340576, 0.07216382026672363, -0.614745020866394
27, -2.432957172393799, 0.07216382026672363, -0.38045796751976013
28, -2.34572434425354, 0.07216382026672363, -0.14617091417312622
29, -2.2584915161132812, 0.07216382026672363, 0.08811613917350769
30, -2.1712586879730225, 0.07216382026672363, 0.3224031925201416
31, -2.0840258598327637, 0.07216382026672363, 0.5566902160644531
32, -1.9967930316925049, 0.07216382026672363, 0.7909772396087646
33, -1.909560203552246, 0.07216382026672363, 1.0252642631530762
34, -1.8223273754119873, 0.07216382026672363, 1.2595512866973877
35, -1.8223273754119873, 0.07216382026672363, 1.2595512866973877
36, -1.8639249801635742, 0.07216382026672363, 1.5060663223266602
37, -1.8639249801635742, 0.07216382026672363, 1.5060663223266602
38, -1.8639249801635742, 0.07216382026672363, 1.5060663223266602
39, -1.8639249801635742, 0.07216382026672363, 1.5060663223266602
40, -2.023207187652588, 0.07216382026672363, 1.6987557411193848
41, -2.1824893951416016, 0.07216382026672363, 1.8914451599121094
42, -2.3417716026306152, 0.07216382026672363, 2.084134578704834
43, -2.501053810119629, 0.07216382026672363, 2.2768239974975586
44, -2.6603360176086426, 0.07216382026672363, 2.469513416290283
45, -2.8196182250976562, 0.07216382026672363, 2.662202835083008
46, -2.97890043258667, 0.07216382026672363, 2.8548922538757324
47, -3.1381826400756836, 0.07216382026672363, 3.047581672668457
48, -3.2974648475646973, 0.07216382026672363, 3.2402710914611816
49, -3.456747055053711, 0.07216382026672363, 3.4329605102539062
50, -3.456747055053711, 0.07216382026672363, 3.4329605102539062
51, -3.6910340785980225, 0.07216382026672363, 3.520193338394165
52, -3.925321102142334, 0.07216382026672363, 3.607426166534424
53, -4.159608364105225, 0.07216382026672363, 3.6946589946746826
54, -4.393895626068115, 0.07216382026672363, 3.7818918228149414
55, -4.628182888031006, 0.07216382026672363, 3.8691246509552
56, -4.628182888031006, 0.07216382026672363, 3.8691246509552
57, -4.7874650955200195, 0.07216382026672363, 4.061814308166504
58, -4.946747303009033, 0.07216382026672363, 4.2545037269592285
59, -5.106029510498047, 0.07216382026672363, 4.447193145751953
60, -5.106029510498047, 0.07216382026672363, 4.447193145751953
61, -5.3403167724609375, 0.07216382026672363, 4.534426212310791
62, -5.574604034423828, 0.07216382026672363, 4.621659278869629
63, -5.808891296386719, 0.07216382026672363, 4.708892345428467
64, -6.043178558349609, 0.07216382026672363, 4.796125411987305
65, -6.2774658203125, 0.07216382026672363, 4.883358478546143
66, 0.10125064849853516, 0.07216382026672363, 5.4351043701171875
