1, -15.390918731689453, 2.8048131465911865, 3.3777191638946533
2, -15.390918731689453, 2.8048131465911865, 3.3777191638946533
3, -15.390918731689453, 2.8048131465911865, 3.3777191638946533
4, -15.390918731689453, 2.8048131465911865, 3.3777191638946533
5, -15.390918731689453, 2.8048131465911865, 3.3777191638946533
6, -15.390918731689453, 2.8048131465911865, 3.3777191638946533
7, -15.390918731689453, 2.8048131465911865, 3.3777191638946533
8, -15.390918731689453, 2.8048131465911865, 3.3777191638946533
9, -15.390918731689453, 2.8048131465911865, 3.3777191638946533
10, -15.390918731689453, 2.8048131465911865, 3.3777191638946533
11, -15.390918731689453, 2.8048131465911865, 3.3777191638946533
12, -15.390918731689453, 2.8048131465911865, 3.3777191638946533
13, -15.439669609069824, 2.8048131465911865, 3.622920036315918
14, -15.488420486450195, 2.8048131465911865, 3.8681206703186035
15, -15.537171363830566, 2.8048131465911865, 4.113321304321289
16, -15.585922241210938, 2.8048131465911865, 4.358521938323975
17, -15.585922241210938, 2.8048131465911865, 4.358521938323975
18, -15.50554084777832, 2.8048131465911865, 4.595247268676758
19, -15.425159454345703, 2.8048131465911865, 4.831972599029541
20, -15.425159454345703, 2.8048131465911865, 4.831972599029541
21, -15.425159454345703, 2.8048131465911865, 4.831972599029541
22, -15.344778060913086, 2.8048131465911865, 5.068697929382324
23, -15.264396667480469, 2.8048131465911865, 5.305423259735107
24, -15.184015274047852, 2.8048131465911865, 5.542148590087891
25, -15.103633880615234, 2.8048131465911865, 5.778873920440674
26, -15.103633880615234, 2.8048131465911865, 5.778873920440674
27, -15.103633880615234, 2.8048131465911865, 5.778873920440674
28, -15.103633880615234, 2.8048131465911865, 5.778873920440674
29, -15.103633880615234, 2.8048131465911865, 5.778873920440674
30, -15.103633880615234, 2.8048131465911865, 5.778873920440674
31, -15.103633880615234, 2.8048131465911865, 5.778873920440674
32, -15.184015274047852, 2.8048131465911865, 5.542148590087891
33, -15.264396667480469, 2.8048131465911865, 5.305423259735107
34, -15.344778060913086, 2.8048131465911865, 5.068697929382324
35, -15.344778060913086, 2.8048131465911865, 5.068697929382324
36, -15.296027183532715, 2.8048131465911865, 4.823497295379639
37, -15.247276306152344, 2.8048131465911865, 4.578296661376953
38, -15.198525428771973, 2.8048131465911865, 4.333096027374268
39, -15.198525428771973, 2.8048131465911865, 4.333096027374268
40, -15.033705711364746, 2.8048131465911865, 4.145121097564697
41, -14.86888599395752, 2.8048131465911865, 3.957146167755127
42, -14.704066276550293, 2.8048131465911865, 3.7691712379455566
43, -14.704066276550293, 2.8048131465911865, 3.7691712379455566
44, -14.467341423034668, 2.8048131465911865, 3.6887900829315186
45, -14.230616569519043, 2.8048131465911865, 3.6084089279174805
46, -13.993891716003418, 2.8048131465911865, 3.5280277729034424
47, -13.993891716003418, 2.8048131465911865, 3.5280277729034424
48, -13.748690605163574, 2.8048131465911865, 3.5767781734466553
49, -13.50348949432373, 2.8048131465911865, 3.625528573989868
50, -13.258288383483887, 2.8048131465911865, 3.674278974533081
51, -13.013087272644043, 2.8048131465911865, 3.723029375076294
52, -13.013087272644043, 2.8048131465911865, 3.723029375076294
53, -12.776362419128418, 2.8048131465911865, 3.642648220062256
54, -12.539637565612793, 2.8048131465911865, 3.5622670650482178
55, -12.539637565612793, 2.8048131465911865, 3.5622670650482178
56, -12.374817848205566, 2.8048131465911865, 3.3742921352386475
57, -12.374817848205566, 2.8048131465911865, 3.3742921352386475
58, -12.374817848205566, 2.8048131465911865, 3.3742921352386475
59, -12.20999813079834, 2.8048131465911865, 3.186317205429077
60, -12.20999813079834, 2.8048131465911865, 3.186317205429077
61, -12.161247253417969, 2.8048131465911865, 2.9411165714263916
62, -12.112496376037598, 2.8048131465911865, 2.695915937423706
63, -12.063745498657227, 2.8048131465911865, 2.4507153034210205
64, -12.014994621276855, 2.8048131465911865, 2.205514669418335
65, -11.966243743896484, 2.8048131465911865, 1.9603139162063599
66, -11.917492866516113, 2.8048131465911865, 1.7151131629943848
67, -11.917492866516113, 2.8048131465911865, 1.7151131629943848
68, -11.99787425994873, 2.8048131465911865, 1.4783878326416016
69, -12.078255653381348, 2.8048131465911865, 1.2416625022888184
70, -12.078255653381348, 2.8048131465911865, 1.2416625022888184
71, -12.029504776000977, 2.8048131465911865, 0.9964617490768433
72, -11.980753898620605, 2.8048131465911865, 0.7512609958648682
73, -11.932003021240234, 2.8048131465911865, 0.5060602426528931
74, -11.932003021240234, 2.8048131465911865, 0.5060602426528931
75, -12.012384414672852, 2.8048131465911865, 0.26933497190475464
76, -12.092765808105469, 2.8048131465911865, 0.03260968625545502
77, -12.092765808105469, 2.8048131465911865, 0.03260968625545502
78, -12.092765808105469, 2.8048131465911865, 0.03260968625545502
79, -12.092765808105469, 2.8048131465911865, 0.03260968625545502
80, -12.092765808105469, 2.8048131465911865, 0.03260968625545502
81, -12.173147201538086, 2.8048131465911865, -0.2041155993938446
82, -12.173147201538086, 2.8048131465911865, -0.2041155993938446
83, -12.124396324157715, 2.8048131465911865, -0.4493163228034973
84, -12.075645446777344, 2.8048131465911865, -0.6945170164108276
85, -12.075645446777344, 2.8048131465911865, -0.6945170164108276
86, -12.156026840209961, 2.8048131465911865, -0.9312422871589661
87, -12.236408233642578, 2.8048131465911865, -1.1679675579071045
88, -12.236408233642578, 2.8048131465911865, -1.1679675579071045
89, -12.236408233642578, 2.8048131465911865, -1.1679675579071045
90, -12.316789627075195, 2.8048131465911865, -1.4046928882598877
91, -12.397171020507812, 2.8048131465911865, -1.641418218612671
92, -12.47755241394043, 2.8048131465911865, -1.878143548965454
93, -12.47755241394043, 2.8048131465911865, -1.878143548965454
94, -12.428801536560059, 2.8048131465911865, -2.1233441829681396
95, -12.428801536560059, 2.8048131465911865, -2.1233441829681396
96, -12.428801536560059, 2.8048131465911865, -2.1233441829681396
97, -12.380050659179688, 2.8048131465911865, -2.368544816970825
98, -12.331299781799316, 2.8048131465911865, -2.6137454509735107
99, -12.282548904418945, 2.8048131465911865, -2.8589460849761963
100, -12.233798027038574, 2.8048131465911865, -3.104146718978882
101, -12.185047149658203, 2.8048131465911865, -3.3493473529815674
102, -12.136296272277832, 2.8048131465911865, -3.594547986984253
103, -12.087545394897461, 2.8048131465911865, -3.8397486209869385
104, -12.03879451751709, 2.8048131465911865, -4.084949493408203
105, -12.03879451751709, 2.8048131465911865, -4.084949493408203
106, -12.119175910949707, 2.8048131465911865, -4.321674823760986
107, -12.199557304382324, 2.8048131465911865, -4.5584001541137695
108, -12.279938697814941, 2.8048131465911865, -4.795125484466553
109, -12.360320091247559, 2.8048131465911865, -5.031850814819336
110, -12.440701484680176, 2.8048131465911865, -5.268576145172119
111, -12.521082878112793, 2.8048131465911865, -5.505301475524902
112, -12.521082878112793, 2.8048131465911865, -5.505301475524902
113, -12.709057807922363, 2.8048131465911865, -5.670121192932129
114, -12.897032737731934, 2.8048131465911865, -5.8349409103393555
115, -13.085007667541504, 2.8048131465911865, -5.999760627746582
116, -13.272982597351074, 2.8048131465911865, -6.164580345153809
117, -13.460957527160645, 2.8048131465911865, -6.329400062561035
118, -13.648932456970215, 2.8048131465911865, -6.494219779968262
119, -13.836907386779785, 2.8048131465911865, -6.659039497375488
120, -14.024882316589355, 2.8048131465911865, -6.823859214782715
121, -14.212857246398926, 2.8048131465911865, -6.988678932189941
122, -14.400832176208496, 2.8048131465911865, -7.153498649597168
123, -14.588807106018066, 2.8048131465911865, -7.3183183670043945
124, -14.588807106018066, 2.8048131465911865, -7.3183183670043945
125, -14.669188499450684, 2.8431906700134277, -7.555043697357178
126, -14.7495698928833, 2.8719236850738525, -7.791769027709961
127, -14.7495698928833, 2.8719236850738525, -7.791769027709961
128, -14.7495698928833, 2.8719236850738525, -7.791769027709961
129, -14.829951286315918, 2.8048131465911865, -8.028493881225586
130, -14.829951286315918, 2.8048131465911865, -8.028493881225586
131, -14.829951286315918, 2.8048131465911865, -8.028493881225586
132, -14.829951286315918, 2.8048131465911865, -8.028493881225586
133, -14.829951286315918, 2.8048131465911865, -8.028493881225586
134, -14.829951286315918, 2.8048131465911865, -8.028493881225586
135, -14.641976356506348, 2.8206562995910645, -7.863674163818359
136, -14.454001426696777, 2.8048131465911865, -7.698854446411133
137, -14.266026496887207, 2.8048131465911865, -7.534034729003906
138, -14.078051567077637, 2.8048131465911865, -7.36921501159668
139, -13.890076637268066, 2.8048131465911865, -7.204395294189453
140, -13.702101707458496, 2.8048131465911865, -7.039575576782227
141, -13.702101707458496, 2.8048131465911865, -7.039575576782227
142, -13.621720314025879, 2.8048131465911865, -6.802850246429443
143, -13.541338920593262, 2.8048131465911865, -6.56612491607666
144, -13.460957527160645, 2.8048131465911865, -6.329399585723877
145, -13.460957527160645, 2.8048131465911865, -6.329399585723877
146, -13.272982597351074, 2.8048131465911865, -6.16457986831665
147, -13.085007667541504, 2.8048131465911865, -5.999760150909424
148, -12.897032737731934, 2.8048131465911865, -5.834940433502197
149, -12.709057807922363, 2.8048131465911865, -5.670120716094971
150, -12.709057807922363, 2.8048131465911865, -5.670120716094971
151, -12.709057807922363, 2.8048131465911865, -5.670120716094971
152, -12.521082878112793, 2.8048131465911865, -5.505300998687744
153, -12.333107948303223, 2.8048131465911865, -5.340481281280518
154, -12.145133018493652, 2.8048131465911865, -5.175661563873291
155, -12.145133018493652, 2.8048131465911865, -5.175661563873291
156, -12.145133018493652, 2.8048131465911865, -5.175661563873291
157, -12.145133018493652, 2.8048131465911865, -5.175661563873291
158, -12.145133018493652, 2.8048131465911865, -5.175661563873291
159, -12.145133018493652, 2.8048131465911865, -5.175661563873291
160, -12.145133018493652, 2.8048131465911865, -5.175661563873291
161, -11.957158088684082, 2.8048131465911865, -5.0108418464660645
162, -11.769183158874512, 2.8048131465911865, -4.846022129058838
163, -11.769183158874512, 2.8048131465911865, -4.846022129058838
164, -11.769183158874512, 2.8048131465911865, -4.846022129058838
165, -11.769183158874512, 2.8048131465911865, -4.846022129058838
166, -11.769183158874512, 2.8048131465911865, -4.846022129058838
167, -11.769183158874512, 2.8048131465911865, -4.846022129058838
168, -11.769183158874512, 2.8048131465911865, -4.846022129058838
169, -11.957158088684082, 2.8048131465911865, -5.0108418464660645
170, -12.145133018493652, 2.8048131465911865, -5.175661563873291
171, -12.333107948303223, 2.8048131465911865, -5.340481281280518
172, -12.521082878112793, 2.8048131465911865, -5.505300998687744
173, -12.709057807922363, 2.8048131465911865, -5.670120716094971
174, -12.897032737731934, 2.8048131465911865, -5.834940433502197
175, -13.085007667541504, 2.8048131465911865, -5.999760150909424
176, -13.272982597351074, 2.8048131465911865, -6.16457986831665
177, -13.460957527160645, 2.8048131465911865, -6.329399585723877
178, -13.460957527160645, 2.8048131465911865, -6.329399585723877
179, -13.541338920593262, 2.8048131465911865, -6.56612491607666
180, -13.541338920593262, 2.8048131465911865, -6.56612491607666
181, -13.49258804321289, 2.8048131465911865, -6.811325550079346
182, -13.49258804321289, 2.8048131465911865, -6.811325550079346
183, -13.327768325805664, 2.8048131465911865, -6.999300479888916
184, -13.162948608398438, 2.8048131465911865, -7.187275409698486
185, -13.162948608398438, 2.8048131465911865, -7.187275409698486
186, -13.162948608398438, 2.8048131465911865, -7.187275409698486
187, -13.162948608398438, 2.8048131465911865, -7.187275409698486
188, -13.162948608398438, 2.8048131465911865, -7.187275409698486
189, -13.162948608398438, 2.8048131465911865, -7.187275409698486
190, -13.162948608398438, 2.8048131465911865, -7.187275409698486
191, -13.327768325805664, 2.8048131465911865, -6.999300479888916
192, -13.327768325805664, 2.8048131465911865, -6.999300479888916
193, -13.376519203186035, 2.8048131465911865, -6.7540998458862305
194, -13.425270080566406, 2.8048131465911865, -6.508899211883545
195, -13.425270080566406, 2.8048131465911865, -6.508899211883545
196, -13.344888687133789, 2.8048131465911865, -6.272173881530762
197, -13.264507293701172, 2.8048131465911865, -6.0354485511779785
198, -13.264507293701172, 2.8048131465911865, -6.0354485511779785
199, -13.076532363891602, 2.8048131465911865, -5.870628833770752
200, -12.888557434082031, 2.8048131465911865, -5.705809116363525
201, -12.700582504272461, 2.8048131465911865, -5.540989398956299
202, -12.51260757446289, 2.8048131465911865, -5.376169681549072
203, -12.32463264465332, 2.8048131465911865, -5.211349964141846
204, -12.13665771484375, 2.8048131465911865, -5.046530246734619
205, -11.94868278503418, 2.8048131465911865, -4.881710529327393
206, -11.76070785522461, 2.8048131465911865, -4.716890811920166
207, -11.76070785522461, 2.8048131465911865, -4.716890811920166
208, -11.680326461791992, 2.8048131465911865, -4.480165481567383
209, -11.599945068359375, 2.8048131465911865, -4.2434401512146
210, -11.599945068359375, 2.8048131465911865, -4.2434401512146
211, -11.599945068359375, 2.8048131465911865, -4.2434401512146
212, -11.599945068359375, 2.8048131465911865, -4.2434401512146
213, -11.599945068359375, 2.8048131465911865, -4.2434401512146
214, -11.599945068359375, 2.8048131465911865, -4.2434401512146
215, -11.551194190979004, 2.8048131465911865, -4.488640785217285
216, -11.551194190979004, 2.8048131465911865, -4.488640785217285
217, -11.631575584411621, 2.8048131465911865, -4.725366115570068
218, -11.631575584411621, 2.8048131465911865, -4.725366115570068
219, -11.819550514221191, 2.8048131465911865, -4.890185832977295
220, -11.819550514221191, 2.8048131465911865, -4.890185832977295
221, -11.899931907653809, 2.8048131465911865, -5.126911163330078
222, -11.980313301086426, 2.8048131465911865, -5.363636493682861
223, -11.980313301086426, 2.8048131465911865, -5.363636493682861
224, -12.168288230895996, 2.8048131465911865, -5.528456211090088
225, -12.356263160705566, 2.8048131465911865, -5.6932759284973145
226, -12.544238090515137, 2.8048131465911865, -5.858095645904541
227, -12.544238090515137, 2.8048131465911865, -5.858095645904541
228, -12.78943920135498, 2.8048131465911865, -5.906846046447754
229, -13.034640312194824, 2.8048131465911865, -5.955596446990967
230, -13.034640312194824, 2.8048131465911865, -5.955596446990967
231, -13.222615242004395, 2.8048131465911865, -6.120416164398193
232, -13.410590171813965, 2.8048131465911865, -6.28523588180542
233, -13.410590171813965, 2.8048131465911865, -6.28523588180542
234, -13.410590171813965, 2.8048131465911865, -6.28523588180542
235, -13.361839294433594, 2.8048131465911865, -6.5304365158081055
236, -13.313088417053223, 2.8048131465911865, -6.775637149810791
237, -13.313088417053223, 2.8048131465911865, -6.775637149810791
238, -13.148268699645996, 2.8048131465911865, -6.963612079620361
239, -12.98344898223877, 2.8048131465911865, -7.151587009429932
240, -12.98344898223877, 2.8048131465911865, -7.151587009429932
241, -12.98344898223877, 2.8048131465911865, -7.151587009429932
242, -12.98344898223877, 2.8048131465911865, -7.151587009429932
243, -12.98344898223877, 2.8048131465911865, -7.151587009429932
244, -12.98344898223877, 2.8048131465911865, -7.151587009429932
245, -12.98344898223877, 2.8048131465911865, -7.151587009429932
246, -13.148268699645996, 2.8048131465911865, -6.963612079620361
247, -13.313088417053223, 2.8048131465911865, -6.775637149810791
248, -13.313088417053223, 2.8048131465911865, -6.775637149810791
249, -13.361839294433594, 2.8048131465911865, -6.5304365158081055
250, -13.410590171813965, 2.8048131465911865, -6.28523588180542
251, -13.410590171813965, 2.8048131465911865, -6.28523588180542
252, -13.410590171813965, 2.8048131465911865, -6.28523588180542
253, -13.222615242004395, 2.8048131465911865, -6.120416164398193
254, -13.034640312194824, 2.8048131465911865, -5.955596446990967
255, -12.846665382385254, 2.8048131465911865, -5.79077672958374
256, -12.658690452575684, 2.8048131465911865, -5.625957012176514
257, -12.470715522766113, 2.8048131465911865, -5.461137294769287
258, -12.282740592956543, 2.8048131465911865, -5.2963175773620605
259, -12.094765663146973, 2.8048131465911865, -5.131497859954834
260, -11.906790733337402, 2.8048131465911865, -4.966678142547607
261, -11.906790733337402, 2.8048131465911865, -4.966678142547607
262, -11.906790733337402, 2.8048131465911865, -4.966678142547607
263, -11.718815803527832, 2.8048131465911865, -4.801858425140381
264, -11.718815803527832, 2.8048131465911865, -4.801858425140381
265, -11.638434410095215, 2.8048131465911865, -4.565133094787598
266, -11.558053016662598, 2.8048131465911865, -4.3284077644348145
267, -11.558053016662598, 2.8048131465911865, -4.3284077644348145
268, -11.606803894042969, 2.8048131465911865, -4.083207130432129
269, -11.65555477142334, 2.8048131465911865, -3.8380064964294434
270, -11.65555477142334, 2.8048131465911865, -3.8380064964294434
271, -11.65555477142334, 2.8048131465911865, -3.8380064964294434
272, -11.65555477142334, 2.8048131465911865, -3.8380064964294434
273, -11.65555477142334, 2.8048131465911865, -3.8380064964294434
274, -11.65555477142334, 2.8048131465911865, -3.8380064964294434
275, -11.65555477142334, 2.8048131465911865, -3.8380064964294434
276, -11.65555477142334, 2.8048131465911865, -3.8380064964294434
277, -11.735936164855957, 2.8048131465911865, -4.074731826782227
278, -11.735936164855957, 2.8048131465911865, -4.074731826782227
279, -11.735936164855957, 2.8048131465911865, -4.074731826782227
280, -11.735936164855957, 2.8048131465911865, -4.074731826782227
281, -11.735936164855957, 2.8048131465911865, -4.074731826782227
282, -11.735936164855957, 2.8048131465911865, -4.074731826782227
283, -11.735936164855957, 2.8048131465911865, -4.074731826782227
284, -11.735936164855957, 2.8048131465911865, -4.074731826782227
285, -11.735936164855957, 2.8048131465911865, -4.074731826782227
286, -11.735936164855957, 2.8048131465911865, -4.074731826782227
287, -11.687185287475586, 2.8048131465911865, -4.319932460784912
288, -11.687185287475586, 2.8048131465911865, -4.319932460784912
289, -11.767566680908203, 2.8048131465911865, -4.556657791137695
290, -11.84794807434082, 2.8048131465911865, -4.7933831214904785
291, -11.84794807434082, 2.8048131465911865, -4.7933831214904785
292, -12.03592300415039, 2.8048131465911865, -4.958202838897705
293, -12.223897933959961, 2.8048131465911865, -5.123022556304932
294, -12.411872863769531, 2.8048131465911865, -5.287842273712158
295, -12.599847793579102, 2.8048131465911865, -5.452661991119385
296, -12.787822723388672, 2.8048131465911865, -5.617481708526611
297, -12.975797653198242, 2.8048131465911865, -5.782301425933838
298, -13.163772583007812, 2.8048131465911865, -5.9471211433410645
299, -13.351747512817383, 2.8048131465911865, -6.111940860748291
300, -13.351747512817383, 2.8048131465911865, -6.111940860748291
301, -13.43212890625, 2.8048131465911865, -6.348666191101074
302, -13.43212890625, 2.8048131465911865, -6.348666191101074
303, -13.383378028869629, 2.8048131465911865, -6.59386682510376
304, -13.334627151489258, 2.8048131465911865, -6.839067459106445
305, -13.334627151489258, 2.8048131465911865, -6.839067459106445
306, -13.169807434082031, 2.8048131465911865, -7.027042388916016
307, -13.004987716674805, 2.8048131465911865, -7.215017318725586
308, -13.004987716674805, 2.8048131465911865, -7.215017318725586
309, -13.004987716674805, 2.8048131465911865, -7.215017318725586
310, -13.004987716674805, 2.8048131465911865, -7.215017318725586
311, -13.004987716674805, 2.8048131465911865, -7.215017318725586
312, -13.004987716674805, 2.8048131465911865, -7.215017318725586
313, -13.004987716674805, 2.8048131465911865, -7.215017318725586
314, -13.169807434082031, 2.8048131465911865, -7.027042388916016
315, -13.334627151489258, 2.8048131465911865, -6.839067459106445
316, -13.334627151489258, 2.8048131465911865, -6.839067459106445
317, -13.383378028869629, 2.8048131465911865, -6.59386682510376
318, -13.43212890625, 2.8048131465911865, -6.348666191101074
319, -13.43212890625, 2.8048131465911865, -6.348666191101074
320, -13.351747512817383, 2.8048131465911865, -6.111940860748291
321, -13.351747512817383, 2.8048131465911865, -6.111940860748291
322, -13.163772583007812, 2.8048131465911865, -5.9471211433410645
323, -12.975797653198242, 2.8048131465911865, -5.782301425933838
324, -12.787822723388672, 2.8048131465911865, -5.617481708526611
325, -12.599847793579102, 2.8048131465911865, -5.452661991119385
326, -12.411872863769531, 2.8048131465911865, -5.287842273712158
327, -12.223897933959961, 2.8048131465911865, -5.123022556304932
328, -12.03592300415039, 2.8048131465911865, -4.958202838897705
329, -11.84794807434082, 2.8048131465911865, -4.7933831214904785
330, -11.84794807434082, 2.8048131465911865, -4.7933831214904785
331, -11.84794807434082, 2.8048131465911865, -4.7933831214904785
332, -11.84794807434082, 2.8048131465911865, -4.7933831214904785
333, -11.84794807434082, 2.8048131465911865, -4.7933831214904785
334, -11.84794807434082, 2.8048131465911865, -4.7933831214904785
335, -11.84794807434082, 2.8048131465911865, -4.7933831214904785
336, -11.84794807434082, 2.8048131465911865, -4.7933831214904785
337, -11.767566680908203, 2.8048131465911865, -4.556657791137695
338, -11.687185287475586, 2.8048131465911865, -4.319932460784912
339, -11.687185287475586, 2.8048131465911865, -4.319932460784912
340, -11.687185287475586, 2.8048131465911865, -4.319932460784912
341, -11.687185287475586, 2.8048131465911865, -4.319932460784912
342, -11.687185287475586, 2.8048131465911865, -4.319932460784912
343, -11.687185287475586, 2.8048131465911865, -4.319932460784912
344, -11.687185287475586, 2.8048131465911865, -4.319932460784912
345, -11.687185287475586, 2.8048131465911865, -4.319932460784912
346, -11.687185287475586, 2.8048131465911865, -4.319932460784912
347, -11.687185287475586, 2.8048131465911865, -4.319932460784912
348, -11.687185287475586, 2.8048131465911865, -4.319932460784912
349, -11.687185287475586, 2.8048131465911865, -4.319932460784912
350, -11.735936164855957, 2.8048131465911865, -4.074731826782227
351, -11.784687042236328, 2.8048131465911865, -3.829531192779541
352, -11.784687042236328, 2.8048131465911865, -3.829531192779541
353, -11.784687042236328, 2.8048131465911865, -3.829531192779541
354, -11.784687042236328, 2.8048131465911865, -3.829531192779541
355, -11.784687042236328, 2.8048131465911865, -3.829531192779541
356, -11.784687042236328, 2.8048131465911865, -3.829531192779541
357, -11.784687042236328, 2.8048131465911865, -3.829531192779541
358, -11.735936164855957, 2.8048131465911865, -4.074731826782227
359, -11.735936164855957, 2.8048131465911865, -4.074731826782227
360, -11.735936164855957, 2.8048131465911865, -4.074731826782227
361, -11.735936164855957, 2.8048131465911865, -4.074731826782227
362, -11.735936164855957, 2.8048131465911865, -4.074731826782227
363, -11.735936164855957, 2.8048131465911865, -4.074731826782227
364, -11.735936164855957, 2.8048131465911865, -4.074731826782227
365, -11.735936164855957, 2.8048131465911865, -4.074731826782227
366, -11.735936164855957, 2.8048131465911865, -4.074731826782227
367, -11.687185287475586, 2.8048131465911865, -4.319932460784912
368, -11.687185287475586, 2.8048131465911865, -4.319932460784912
369, -11.767566680908203, 2.8048131465911865, -4.556657791137695
370, -11.84794807434082, 2.8048131465911865, -4.7933831214904785
371, -11.84794807434082, 2.8048131465911865, -4.7933831214904785
372, -12.03592300415039, 2.8048131465911865, -4.958202838897705
373, -12.223897933959961, 2.8048131465911865, -5.123022556304932
374, -12.411872863769531, 2.8048131465911865, -5.287842273712158
375, -12.599847793579102, 2.8048131465911865, -5.452661991119385
376, -12.787822723388672, 2.8048131465911865, -5.617481708526611
377, -12.975797653198242, 2.8048131465911865, -5.782301425933838
378, -13.163772583007812, 2.8048131465911865, -5.9471211433410645
379, -13.351747512817383, 2.8048131465911865, -6.111940860748291
380, -13.351747512817383, 2.8048131465911865, -6.111940860748291
381, -13.43212890625, 2.8048131465911865, -6.348666191101074
382, -13.43212890625, 2.8048131465911865, -6.348666191101074
383, -13.383378028869629, 2.8048131465911865, -6.59386682510376
384, -13.334627151489258, 2.8048131465911865, -6.839067459106445
385, -13.334627151489258, 2.8048131465911865, -6.839067459106445
386, -13.169807434082031, 2.8048131465911865, -7.027042388916016
387, -13.004987716674805, 2.8048131465911865, -7.215017318725586
388, -13.004987716674805, 2.8048131465911865, -7.215017318725586
389, -13.004987716674805, 2.8048131465911865, -7.215017318725586
390, -13.004987716674805, 2.8048131465911865, -7.215017318725586
391, -13.004987716674805, 2.8048131465911865, -7.215017318725586
392, -13.004987716674805, 2.8048131465911865, -7.215017318725586
393, -13.004987716674805, 2.8048131465911865, -7.215017318725586
394, -13.169807434082031, 2.8048131465911865, -7.027042388916016
395, -13.334627151489258, 2.8048131465911865, -6.839067459106445
396, -13.334627151489258, 2.8048131465911865, -6.839067459106445
397, -13.383378028869629, 2.8048131465911865, -6.59386682510376
398, -13.43212890625, 2.8048131465911865, -6.348666191101074
399, -13.43212890625, 2.8048131465911865, -6.348666191101074
400, -13.351747512817383, 2.8048131465911865, -6.111940860748291
401, -13.351747512817383, 2.8048131465911865, -6.111940860748291
402, -13.163772583007812, 2.8048131465911865, -5.9471211433410645
403, -12.975797653198242, 2.8048131465911865, -5.782301425933838
404, -12.787822723388672, 2.8048131465911865, -5.617481708526611
405, -12.599847793579102, 2.8048131465911865, -5.452661991119385
406, -12.411872863769531, 2.8048131465911865, -5.287842273712158
407, -12.223897933959961, 2.8048131465911865, -5.123022556304932
408, -12.03592300415039, 2.8048131465911865, -4.958202838897705
409, -11.84794807434082, 2.8048131465911865, -4.7933831214904785
410, -11.84794807434082, 2.8048131465911865, -4.7933831214904785
411, -11.84794807434082, 2.8048131465911865, -4.7933831214904785
412, -11.84794807434082, 2.8048131465911865, -4.7933831214904785
413, -11.84794807434082, 2.8048131465911865, -4.7933831214904785
414, -11.84794807434082, 2.8048131465911865, -4.7933831214904785
415, -11.84794807434082, 2.8048131465911865, -4.7933831214904785
416, -11.84794807434082, 2.8048131465911865, -4.7933831214904785
417, -11.767566680908203, 2.8048131465911865, -4.556657791137695
418, -11.687185287475586, 2.8048131465911865, -4.319932460784912
419, -11.687185287475586, 2.8048131465911865, -4.319932460784912
420, -11.687185287475586, 2.8048131465911865, -4.319932460784912
421, -11.687185287475586, 2.8048131465911865, -4.319932460784912
422, -11.687185287475586, 2.8048131465911865, -4.319932460784912
423, -11.687185287475586, 2.8048131465911865, -4.319932460784912
424, -11.687185287475586, 2.8048131465911865, -4.319932460784912
425, -11.687185287475586, 2.8048131465911865, -4.319932460784912
426, -11.687185287475586, 2.8048131465911865, -4.319932460784912
427, -11.687185287475586, 2.8048131465911865, -4.319932460784912
428, -11.687185287475586, 2.8048131465911865, -4.319932460784912
429, -11.687185287475586, 2.8048131465911865, -4.319932460784912
430, -11.735936164855957, 2.8048131465911865, -4.074731826782227
431, -11.784687042236328, 2.8048131465911865, -3.829531192779541
432, -11.784687042236328, 2.8048131465911865, -3.829531192779541
433, -11.784687042236328, 2.8048131465911865, -3.829531192779541
434, -11.784687042236328, 2.8048131465911865, -3.829531192779541
435, -11.784687042236328, 2.8048131465911865, -3.829531192779541
436, -11.784687042236328, 2.8048131465911865, -3.829531192779541
437, -11.784687042236328, 2.8048131465911865, -3.829531192779541
438, -11.735936164855957, 2.8048131465911865, -4.074731826782227
439, -11.735936164855957, 2.8048131465911865, -4.074731826782227
440, -11.735936164855957, 2.8048131465911865, -4.074731826782227
441, -11.735936164855957, 2.8048131465911865, -4.074731826782227
442, -11.735936164855957, 2.8048131465911865, -4.074731826782227
443, -11.735936164855957, 2.8048131465911865, -4.074731826782227
444, -11.735936164855957, 2.8048131465911865, -4.074731826782227
445, -11.735936164855957, 2.8048131465911865, -4.074731826782227
446, -11.735936164855957, 2.8048131465911865, -4.074731826782227
447, -11.687185287475586, 2.8048131465911865, -4.319932460784912
448, -11.687185287475586, 2.8048131465911865, -4.319932460784912
449, -11.767566680908203, 2.8048131465911865, -4.556657791137695
450, -11.84794807434082, 2.8048131465911865, -4.7933831214904785
451, -11.84794807434082, 2.8048131465911865, -4.7933831214904785
452, -12.03592300415039, 2.8048131465911865, -4.958202838897705
453, -12.223897933959961, 2.8048131465911865, -5.123022556304932
454, -12.411872863769531, 2.8048131465911865, -5.287842273712158
455, -12.599847793579102, 2.8048131465911865, -5.452661991119385
456, -12.787822723388672, 2.8048131465911865, -5.617481708526611
457, -12.975797653198242, 2.8048131465911865, -5.782301425933838
458, -13.163772583007812, 2.8048131465911865, -5.9471211433410645
459, -13.351747512817383, 2.8048131465911865, -6.111940860748291
460, -13.351747512817383, 2.8048131465911865, -6.111940860748291
461, -13.43212890625, 2.8048131465911865, -6.348666191101074
462, -13.43212890625, 2.8048131465911865, -6.348666191101074
463, -13.383378028869629, 2.8048131465911865, -6.59386682510376
464, -13.334627151489258, 2.8048131465911865, -6.839067459106445
465, -13.334627151489258, 2.8048131465911865, -6.839067459106445
466, -13.169807434082031, 2.8048131465911865, -7.027042388916016
467, -13.004987716674805, 2.8048131465911865, -7.215017318725586
468, -13.004987716674805, 2.8048131465911865, -7.215017318725586
469, -13.004987716674805, 2.8048131465911865, -7.215017318725586
470, -13.004987716674805, 2.8048131465911865, -7.215017318725586
471, -13.004987716674805, 2.8048131465911865, -7.215017318725586
472, -13.004987716674805, 2.8048131465911865, -7.215017318725586
473, -13.004987716674805, 2.8048131465911865, -7.215017318725586
474, -13.169807434082031, 2.8048131465911865, -7.027042388916016
475, -13.334627151489258, 2.8048131465911865, -6.839067459106445
476, -13.334627151489258, 2.8048131465911865, -6.839067459106445
477, -13.383378028869629, 2.8048131465911865, -6.59386682510376
478, -13.43212890625, 2.8048131465911865, -6.348666191101074
479, -13.43212890625, 2.8048131465911865, -6.348666191101074
480, -13.351747512817383, 2.8048131465911865, -6.111940860748291
481, -13.351747512817383, 2.8048131465911865, -6.111940860748291
482, -13.163772583007812, 2.8048131465911865, -5.9471211433410645
483, -12.975797653198242, 2.8048131465911865, -5.782301425933838
484, -12.787822723388672, 2.8048131465911865, -5.617481708526611
485, -12.599847793579102, 2.8048131465911865, -5.452661991119385
486, -12.411872863769531, 2.8048131465911865, -5.287842273712158
487, -12.223897933959961, 2.8048131465911865, -5.123022556304932
488, -12.03592300415039, 2.8048131465911865, -4.958202838897705
489, -11.84794807434082, 2.8048131465911865, -4.7933831214904785
490, -11.84794807434082, 2.8048131465911865, -4.7933831214904785
491, -11.84794807434082, 2.8048131465911865, -4.7933831214904785
492, -11.84794807434082, 2.8048131465911865, -4.7933831214904785
493, -11.84794807434082, 2.8048131465911865, -4.7933831214904785
494, -11.84794807434082, 2.8048131465911865, -4.7933831214904785
495, -11.84794807434082, 2.8048131465911865, -4.7933831214904785
496, -11.84794807434082, 2.8048131465911865, -4.7933831214904785
497, -11.767566680908203, 2.8048131465911865, -4.556657791137695
498, -11.687185287475586, 2.8048131465911865, -4.319932460784912
499, -11.687185287475586, 2.8048131465911865, -4.319932460784912
