1, 0.8773090839385986, 0.07754743099212646, -2.257452964782715
2, 0.8773090839385986, 0.07754743099212646, -2.257452964782715
3, 0.8773090839385986, 0.07754743099212646, -2.257452964782715
4, 0.8773090839385986, 0.07754743099212646, -2.257452964782715
5, 0.8773090839385986, 0.07754743099212646, -2.257452964782715
6, 0.8773090839385986, 0.07754743099212646, -2.257452964782715
7, 0.8773090839385986, 0.07754743099212646, -2.257452964782715
8, 0.8773090839385986, 0.07754743099212646, -2.257452964782715
9, 0.8773090839385986, 0.07754743099212646, -2.257452964782715
10, 0.8773090839385986, 0.07754743099212646, -2.257452964782715
11, 0.8773090839385986, 0.07754743099212646, -2.257452964782715
12, 0.8773090839385986, 0.07754743099212646, -2.257452964782715
13, 0.8773090839385986, 0.07754743099212646, -2.257452964782715
14, 0.7402178049087524, 0.07754743099212646, -2.0483932495117188
15, 0.6031265258789062, 0.07754743099212646, -1.839333415031433
16, 0.46603527665138245, 0.07754743099212646, -1.6302735805511475
17, 0.46603527665138245, 0.07754743099212646, -1.6302735805511475
18, 0.45184066891670227, 0.07754743099212646, -1.3806768655776978
19, 0.4376460611820221, 0.07754743099212646, -1.131080150604248
20, 0.4234514534473419, 0.07754743099212646, -0.8814834356307983
21, 0.4234514534473419, 0.07754743099212646, -0.8814834356307983
22, 0.4234514534473419, 0.07754743099212646, -0.8814834356307983
23, 0.4234514534473419, 0.07754743099212646, -0.8814834356307983
24, 0.4234514534473419, 0.07754743099212646, -0.8814834356307983
25, 0.4234514534473419, 0.07754743099212646, -0.8814834356307983
26, 0.2863602042198181, 0.07754743099212646, -0.6724236011505127
27, 0.1492689549922943, 0.07754743099212646, -0.46336376667022705
28, 0.1492689549922943, 0.07754743099212646, -0.46336376667022705
29, 0.1492689549922943, 0.07754743099212646, -0.46336376667022705
30, 0.1492689549922943, 0.07754743099212646, -0.46336376667022705
31, 0.1492689549922943, 0.07754743099212646, -0.46336376667022705
32, 0.1492689549922943, 0.07754743099212646, -0.46336376667022705
33, 0.13507434725761414, 0.07754743099212646, -0.21376702189445496
34, 0.12087974697351456, 0.07754743099212646, 0.03582972288131714
35, 0.12087974697351456, 0.07754743099212646, 0.03582972288131714
36, 0.23338522017002106, 0.07754743099212646, 0.25908413529396057
37, 0.34589070081710815, 0.07754743099212646, 0.482338547706604
38, 0.45839616656303406, 0.07754743099212646, 0.7055929899215698
39, 0.57090163230896, 0.07754743099212646, 0.9288474321365356
40, 0.57090163230896, 0.07754743099212646, 0.9288474321365356
41, 0.57090163230896, 0.07754743099212646, 0.9288474321365356
42, 0.6834070682525635, 0.07754743099212646, 1.1521018743515015
43, 0.6834070682525635, 0.07754743099212646, 1.1521018743515015
44, 0.6692124605178833, 0.07754743099212646, 1.4016985893249512
45, 0.6550178527832031, 0.07754743099212646, 1.6512953042984009
46, 0.640823245048523, 0.07754743099212646, 1.9008920192718506
47, 0.6266286373138428, 0.07754743099212646, 2.15048885345459
48, 0.6124340295791626, 0.07754743099212646, 2.400085687637329
49, 0.5982394218444824, 0.07754743099212646, 2.6496825218200684
50, 0.5840448141098022, 0.07754743099212646, 2.8992793560028076
51, 0.5698502063751221, 0.07754743099212646, 3.148876190185547
52, 0.5556555986404419, 0.07754743099212646, 3.398473024368286
53, 0.5414609909057617, 0.07754743099212646, 3.6480698585510254
54, 0.5272663831710815, 0.07754743099212646, 3.8976666927337646
55, 0.5130717754364014, 0.07754743099212646, 4.147263526916504
56, 0.4988771677017212, 0.07754743099212646, 4.396860122680664
57, 0.484682559967041, 0.07754743099212646, 4.646456718444824
58, 0.47048795223236084, 0.07754743099212646, 4.896053314208984
59, 0.47048795223236084, 0.07754743099212646, 4.896053314208984
60, 0.47048795223236084, 0.07754743099212646, 4.896053314208984
61, 0.47048795223236084, 0.07754743099212646, 4.896053314208984
62, 0.47048795223236084, 0.07754743099212646, 4.896053314208984
63, 0.47048795223236084, 0.07754743099212646, 4.896053314208984
64, 0.47048795223236084, 0.07754743099212646, 4.896053314208984
65, 0.484682559967041, 0.07754743099212646, 4.646456718444824
66, 0.4988771677017212, 0.07754743099212646, 4.396860122680664
67, 0.5130717754364014, 0.07754743099212646, 4.147263526916504
68, 0.5272663831710815, 0.07754743099212646, 3.8976669311523438
69, 0.5414609909057617, 0.07754743099212646, 3.6480703353881836
70, 0.5556555986404419, 0.07754743099212646, 3.3984737396240234
71, 0.5698502063751221, 0.07754743099212646, 3.1488771438598633
72, 0.5840448141098022, 0.07754743099212646, 2.899280548095703
73, 0.5982394218444824, 0.07754743099212646, 2.649683952331543
74, 0.6124340295791626, 0.07754743099212646, 2.400087356567383
75, 0.6266286373138428, 0.07754743099212646, 2.1504907608032227
76, 0.6266286373138428, 0.07754743099212646, 2.1504907608032227
77, 0.7637198567390442, 0.07754743099212646, 1.941430926322937
78, 0.9008110761642456, 0.07754743099212646, 1.7323710918426514
79, 0.9008110761642456, 0.07754743099212646, 1.7323710918426514
80, 1.1240655183792114, 0.07754743099212646, 1.6198656558990479
81, 1.3473199605941772, 0.07754743099212646, 1.5073602199554443
82, 1.3473199605941772, 0.07754743099212646, 1.5073602199554443
83, 1.596916675567627, 0.07754743099212646, 1.5215548276901245
84, 1.8465133905410767, 0.07754743099212646, 1.5357494354248047
85, 1.8465133905410767, 0.07754743099212646, 1.5357494354248047
86, 2.0555732250213623, 0.07754743099212646, 1.6728407144546509
87, 2.2646329402923584, 0.07754743099212646, 1.809931993484497
88, 2.2646329402923584, 0.07754743099212646, 1.809931993484497
89, 2.2646329402923584, 0.07754743099212646, 1.809931993484497
90, 2.2646329402923584, 0.07754743099212646, 1.809931993484497
91, 2.2646329402923584, 0.07754743099212646, 1.809931993484497
92, 2.487887382507324, 0.07754743099212646, 1.6974265575408936
93, 2.71114182472229, 0.07754743099212646, 1.58492112159729
94, 2.934396266937256, 0.07754743099212646, 1.4724156856536865
95, 3.1576507091522217, 0.07754743099212646, 1.359910249710083
96, 3.3809051513671875, 0.07754743099212646, 1.2474048137664795
97, 3.6041595935821533, 0.07754743099212646, 1.134899377822876
98, 3.827414035797119, 0.07754743099212646, 1.0223939418792725
99, 4.050668239593506, 0.07754743099212646, 0.909888505935669
100, 4.273922443389893, 0.07754743099212646, 0.7973830699920654
101, 4.273922443389893, 0.07754743099212646, 0.7973830699920654
102, 4.411013603210449, 0.07754743099212646, 0.5883232951164246
103, 4.548104763031006, 0.07754743099212646, 0.3792635202407837
104, 4.6851959228515625, 0.07754743099212646, 0.17020374536514282
105, 4.822287082672119, 0.07754743099212646, -0.03885602951049805
106, 4.959378242492676, 0.07754743099212646, -0.24791580438613892
107, 5.096469402313232, 0.07754743099212646, -0.4569755792617798
108, 5.096469402313232, 0.07754743099212646, -0.4569755792617798
109, 5.110663890838623, 0.07754743099212646, -0.7065722942352295
110, 5.124858379364014, 0.07754743099212646, -0.9561690092086792
111, 5.124858379364014, 0.07754743099212646, -0.9561690092086792
112, 5.01235294342041, 0.07754743099212646, -1.1794233322143555
113, 4.899847507476807, 0.07754743099212646, -1.4026777744293213
114, 4.899847507476807, 0.07754743099212646, -1.4026777744293213
115, 4.899847507476807, 0.07754743099212646, -1.4026777744293213
116, 4.6502509117126465, 0.07754743099212646, -1.4168723821640015
117, 4.6502509117126465, 0.07754743099212646, -1.4168723821640015
118, 4.44119119644165, 0.07754743099212646, -1.5539636611938477
119, 4.232131481170654, 0.07754743099212646, -1.6910549402236938
120, 4.232131481170654, 0.07754743099212646, -1.6910549402236938
121, 4.232131481170654, 0.07754743099212646, -1.6910549402236938
122, 4.023071765899658, 0.07754743099212646, -1.82814621925354
123, 4.023071765899658, 0.07754743099212646, -1.82814621925354
124, 4.023071765899658, 0.07754743099212646, -1.82814621925354
125, 3.814012050628662, 0.07754743099212646, -1.9652374982833862
126, 3.814012050628662, 0.07754743099212646, -1.9652374982833862
127, 3.7015066146850586, 0.07754743099212646, -2.1884918212890625
128, 3.7015066146850586, 0.07754743099212646, -2.1884918212890625
129, 3.7015066146850586, 0.07754743099212646, -2.1884918212890625
130, 3.7015066146850586, 0.07754743099212646, -2.1884918212890625
131, 3.7015066146850586, 0.07754743099212646, -2.1884918212890625
132, 3.7015066146850586, 0.07754743099212646, -2.1884918212890625
133, 3.7015066146850586, 0.07754743099212646, -2.1884918212890625
134, 3.814012050628662, 0.07754743099212646, -1.9652373790740967
135, 3.9265174865722656, 0.07754743099212646, -1.7419829368591309
136, 3.9265174865722656, 0.07754743099212646, -1.7419829368591309
137, 4.135577201843262, 0.07754743099212646, -1.6048916578292847
138, 4.135577201843262, 0.07754743099212646, -1.6048916578292847
139, 4.385173797607422, 0.07754743099212646, -1.5906970500946045
140, 4.385173797607422, 0.07754743099212646, -1.5906970500946045
141, 4.608428001403809, 0.07754743099212646, -1.703202486038208
142, 4.831682205200195, 0.07754743099212646, -1.8157079219818115
143, 5.054936408996582, 0.07754743099212646, -1.928213357925415
144, 5.054936408996582, 0.07754743099212646, -1.928213357925415
145, 5.192027568817139, 0.07754743099212646, -2.137273073196411
146, 5.192027568817139, 0.07754743099212646, -2.137273073196411
147, 5.192027568817139, 0.07754743099212646, -2.137273073196411
148, 5.192027568817139, 0.07754743099212646, -2.137273073196411
149, 5.192027568817139, 0.07754743099212646, -2.137273073196411
150, 5.192027568817139, 0.07754743099212646, -2.137273073196411
151, 5.192027568817139, 0.07754743099212646, -2.137273073196411
152, 5.304533004760742, 0.07754743099212646, -1.9140186309814453
153, 5.417038440704346, 0.07754743099212646, -1.6907641887664795
154, 5.417038440704346, 0.07754743099212646, -1.6907641887664795
155, 5.402843952178955, 0.07754743099212646, -1.4411674737930298
156, 5.3886494636535645, 0.07754743099212646, -1.19157075881958
157, 5.374454975128174, 0.07754743099212646, -0.9419740438461304
158, 5.360260486602783, 0.07754743099212646, -0.6923773288726807
159, 5.346065998077393, 0.07754743099212646, -0.44278064370155334
160, 5.331871509552002, 0.07754743099212646, -0.19318395853042603
161, 5.317677021026611, 0.07754743099212646, 0.056412726640701294
162, 5.303482532501221, 0.07754743099212646, 0.3060094118118286
163, 5.28928804397583, 0.07754743099212646, 0.5556061267852783
164, 5.2750935554504395, 0.07754743099212646, 0.805202841758728
165, 5.260899066925049, 0.07754743099212646, 1.0547995567321777
166, 5.260899066925049, 0.07754743099212646, 1.0547995567321777
167, 5.373404502868652, 0.07754743099212646, 1.2780539989471436
168, 5.485909938812256, 0.07754743099212646, 1.5013084411621094
169, 5.598415374755859, 0.07754743099212646, 1.7245628833770752
170, 5.710920810699463, 0.07754743099212646, 1.947817325592041
171, 0.9645721912384033, 0.07754743099212646, 0.46216461062431335
