1, 3.6260299682617188, -0.5355252027511597, 4.150155067443848
2, 3.6260299682617188, -0.5355252027511597, 4.150155067443848
3, 3.6260299682617188, -0.5355252027511597, 4.150155067443848
4, 3.6260299682617188, -0.5355252027511597, 4.150155067443848
5, 3.6260299682617188, -0.5355252027511597, 4.150155067443848
6, 3.6260299682617188, -0.5355252027511597, 4.150155067443848
7, 3.6260299682617188, -0.5355252027511597, 4.150155067443848
8, 3.6260299682617188, -0.5355252027511597, 4.150155067443848
9, 3.6260299682617188, -0.5355252027511597, 4.150155067443848
10, 3.6260299682617188, -0.5355252027511597, 4.150155067443848
11, 3.6260299682617188, -0.5355252027511597, 4.150155067443848
12, 3.6260299682617188, -0.5355252027511597, 4.150155067443848
13, 3.6260299682617188, -0.5355252027511597, 4.150155067443848
14, 3.5108141899108887, -0.5355252027511597, 3.9282872676849365
15, 3.3955984115600586, -0.5355252027511597, 3.7064194679260254
16, 3.2803826332092285, -0.5355252027511597, 3.4845516681671143
17, 3.2803826332092285, -0.5355252027511597, 3.4845516681671143
18, 3.069669008255005, -0.5355252027511597, 3.3500163555145264
19, 3.069669008255005, -0.5355252027511597, 3.3500163555145264
20, 2.819917917251587, -0.5355252027511597, 3.338862419128418
21, 2.570166826248169, -0.5355252027511597, 3.3277082443237305
22, 2.570166826248169, -0.5355252027511597, 3.3277082443237305
23, 2.570166826248169, -0.5355252027511597, 3.3277082443237305
24, 2.570166826248169, -0.5355252027511597, 3.3277082443237305
25, 2.348299026489258, -0.5355252027511597, 3.4429240226745605
26, 2.1264312267303467, -0.5355252027511597, 3.5581398010253906
27, 2.1264312267303467, -0.5355252027511597, 3.5581398010253906
28, 1.9918959140777588, -0.5355252027511597, 3.7688536643981934
29, 1.857360601425171, -0.5355252027511597, 3.979567527770996
30, 1.857360601425171, -0.5355252027511597, 3.979567527770996
31, 1.857360601425171, -0.5355252027511597, 3.979567527770996
32, 1.857360601425171, -0.5355252027511597, 3.979567527770996
33, 1.857360601425171, -0.5355252027511597, 3.979567527770996
34, 1.857360601425171, -0.5355252027511597, 3.979567527770996
35, 1.857360601425171, -0.5355252027511597, 3.979567527770996
36, 1.9918957948684692, -0.5355252027511597, 3.7688539028167725
37, 2.1264309883117676, -0.5355252027511597, 3.558140277862549
38, 2.1264309883117676, -0.5355252027511597, 3.558140277862549
39, 2.1264309883117676, -0.5355252027511597, 3.558140277862549
40, 2.1264309883117676, -0.5355252027511597, 3.558140277862549
41, 2.3482987880706787, -0.5355252027511597, 3.4429244995117188
42, 2.57016658782959, -0.5355252027511597, 3.3277087211608887
43, 2.57016658782959, -0.5355252027511597, 3.3277087211608887
44, 2.819917678833008, -0.5355252027511597, 3.338862895965576
45, 2.819917678833008, -0.5355252027511597, 3.338862895965576
46, 3.0306315422058105, -0.5355252027511597, 3.473398208618164
47, 3.041196346282959, -0.5355252027511597, 3.4801435470581055
48, 3.041196346282959, -0.5355252027511597, 3.4801435470581055
49, 3.041196346282959, -0.5355252027511597, 3.4801435470581055
50, 3.041196346282959, -0.5355252027511597, 3.4801435470581055
51, 3.26306414604187, -0.5355252027511597, 3.3649277687072754
52, 3.26306414604187, -0.5355252027511597, 3.3649277687072754
53, 3.26306414604187, -0.5355252027511597, 3.3649277687072754
54, 3.26306414604187, -0.5355252027511597, 3.3649277687072754
55, 3.26306414604187, -0.5355252027511597, 3.3649277687072754
56, 3.26306414604187, -0.5355252027511597, 3.3649277687072754
57, 3.512815237045288, -0.5355252027511597, 3.376081943511963
58, 3.512815237045288, -0.5355252027511597, 3.376081943511963
59, 3.512815237045288, -0.5355252027511597, 3.376081943511963
60, 3.512815237045288, -0.5355252027511597, 3.376081943511963
61, 3.512815237045288, -0.5355252027511597, 3.376081943511963
62, 3.512815237045288, -0.5355252027511597, 3.376081943511963
63, 3.512815237045288, -0.5355252027511597, 3.376081943511963
64, 3.26306414604187, -0.5355252027511597, 3.3649277687072754
65, 3.013313055038452, -0.5355252027511597, 3.353773593902588
66, 2.763561964035034, -0.5355252027511597, 3.3426194190979004
67, 2.763561964035034, -0.5355252027511597, 3.3426194190979004
68, 2.763561964035034, -0.5355252027511597, 3.3426194190979004
69, 2.763561964035034, -0.5355252027511597, 3.3426194190979004
70, 2.5528483390808105, -0.5355252027511597, 3.2080841064453125
71, 2.5528483390808105, -0.5355252027511597, 3.2080841064453125
72, 2.4376325607299805, -0.5355252027511597, 2.9862163066864014
73, 2.3224167823791504, -0.5355252027511597, 2.7643485069274902
74, 2.3224167823791504, -0.5355252027511597, 2.7643485069274902
75, 2.3224167823791504, -0.5355252027511597, 2.7643485069274902
76, 2.3224167823791504, -0.5355252027511597, 2.7643485069274902
77, 2.3224167823791504, -0.5355252027511597, 2.7643485069274902
78, 2.3224167823791504, -0.5355252027511597, 2.7643485069274902
79, 2.3224167823791504, -0.5355252027511597, 2.7643485069274902
80, 2.4376325607299805, -0.5355252027511597, 2.9862163066864014
81, 2.5528483390808105, -0.5355252027511597, 3.2080841064453125
82, 2.5528483390808105, -0.5355252027511597, 3.2080841064453125
83, 2.7635622024536133, -0.5355252027511597, 3.3426194190979004
84, 2.7635622024536133, -0.5355252027511597, 3.3426194190979004
85, 3.0133132934570312, -0.5355252027511597, 3.353773593902588
86, 3.263064384460449, -0.5355252027511597, 3.3649277687072754
87, 3.263064384460449, -0.5355252027511597, 3.3649277687072754
88, 3.4849321842193604, -0.5355252027511597, 3.2497119903564453
89, 3.7067999839782715, -0.5355252027511597, 3.1344962120056152
90, 3.7067999839782715, -0.5355252027511597, 3.1344962120056152
91, 3.7067999839782715, -0.5355252027511597, 3.1344962120056152
92, 3.7067999839782715, -0.5355252027511597, 3.1344962120056152
93, 3.9565510749816895, -0.5355252027511597, 3.1456503868103027
94, 4.206302165985107, -0.5355252027511597, 3.1568045616149902
95, 4.456053256988525, -0.5355252027511597, 3.1679587364196777
96, 4.705804347991943, -0.5355252027511597, 3.1791129112243652
97, 4.955555438995361, -0.5355252027511597, 3.1902670860290527
98, 5.205306529998779, -0.5355252027511597, 3.2014212608337402
99, 5.455057621002197, -0.5355252027511597, 3.2125754356384277
100, 5.704808712005615, -0.5355252027511597, 3.2237296104431152
101, 5.704808712005615, -0.5355252027511597, 3.2237296104431152
102, 5.915522575378418, -0.5355252027511597, 3.358264923095703
103, 6.126236438751221, -0.5355252027511597, 3.492800235748291
104, 6.126236438751221, -0.5355252027511597, 3.492800235748291
105, 6.126236438751221, -0.5355252027511597, 3.492800235748291
106, 6.126236438751221, -0.5355252027511597, 3.492800235748291
107, 6.241452217102051, -0.5355252027511597, 3.714668035507202
108, 6.356667995452881, -0.5355252027511597, 3.9365358352661133
109, 6.356667995452881, -0.5355252027511597, 3.9365358352661133
110, 6.345513820648193, -0.5355252027511597, 4.186286926269531
111, 6.334359645843506, -0.5355252027511597, 4.436038017272949
112, 6.334359645843506, -0.5355252027511597, 4.436038017272949
113, 6.449575424194336, -0.5355252027511597, 4.657905578613281
114, 6.556933403015137, -0.5355252027511597, 4.8646416664123535
115, 6.556933403015137, -0.5355252027511597, 4.8646416664123535
116, 6.556933403015137, -0.5355252027511597, 4.8646416664123535
117, 6.545779228210449, -0.5355252027511597, 5.1143927574157715
118, 6.545779228210449, -0.5355252027511597, 5.1143927574157715
119, 6.545779228210449, -0.5355252027511597, 5.1143927574157715
120, 6.545779228210449, -0.5355252027511597, 5.1143927574157715
121, 6.545779228210449, -0.5355252027511597, 5.1143927574157715
122, 6.545779228210449, -0.5355252027511597, 5.1143927574157715
123, 6.545779228210449, -0.5355252027511597, 5.1143927574157715
124, 6.545779228210449, -0.5355252027511597, 5.1143927574157715
125, 6.545779228210449, -0.5355252027511597, 5.1143927574157715
126, 6.545779228210449, -0.5355252027511597, 5.1143927574157715
127, 6.430563449859619, -0.5355252027511597, 4.8925251960754395
128, 6.315347671508789, -0.5355252027511597, 4.670657634735107
129, 6.315347671508789, -0.5355252027511597, 4.670657634735107
130, 6.326501846313477, -0.5355252027511597, 4.4209065437316895
131, 6.337656021118164, -0.5355252027511597, 4.1711554527282715
132, 6.348810195922852, -0.5355252027511597, 3.9214043617248535
133, 6.359964370727539, -0.5355252027511597, 3.6716532707214355
134, 6.359964370727539, -0.5355252027511597, 3.6716532707214355
135, 6.494499683380127, -0.5355252027511597, 3.460939407348633
136, 6.494499683380127, -0.5355252027511597, 3.460939407348633
137, 6.716367244720459, -0.5355252027511597, 3.3457236289978027
138, 6.716367244720459, -0.5355252027511597, 3.3457236289978027
139, 6.966118335723877, -0.5355252027511597, 3.3568778038024902
140, 7.215869426727295, -0.5355252027511597, 3.3680319786071777
141, 7.215869426727295, -0.5355252027511597, 3.3680319786071777
142, 7.215869426727295, -0.5355252027511597, 3.3680319786071777
143, 7.215869426727295, -0.5355252027511597, 3.3680319786071777
144, 7.215869426727295, -0.5355252027511597, 3.3680319786071777
145, 7.215869426727295, -0.5355252027511597, 3.3680319786071777
146, 7.005155563354492, -0.5355252027511597, 3.23349666595459
147, 7.005155563354492, -0.5355252027511597, 3.23349666595459
148, 6.755404472351074, -0.5355252027511597, 3.2223427295684814
149, 6.505653381347656, -0.5355252027511597, 3.211188793182373
150, 6.255902290344238, -0.5355252027511597, 3.2000348567962646
151, 6.00615119934082, -0.5355252027511597, 3.1888809204101562
152, 5.756400108337402, -0.5355252027511597, 3.177726984024048
153, 5.506649017333984, -0.5355252027511597, 3.1665730476379395
154, 5.256897926330566, -0.5355252027511597, 3.155419111251831
155, 5.007146835327148, -0.5355252027511597, 3.1442651748657227
156, 4.7573957443237305, -0.5355252027511597, 3.1331112384796143
157, 4.5076446533203125, -0.5355252027511597, 3.121957302093506
158, 4.5076446533203125, -0.5355252027511597, 3.121957302093506
159, 4.2857770919799805, -0.5355252027511597, 3.237173080444336
160, 4.063909530639648, -0.5355252027511597, 3.352388858795166
161, 4.063909530639648, -0.5355252027511597, 3.352388858795166
162, 4.063909530639648, -0.5355252027511597, 3.352388858795166
163, 4.063909530639648, -0.5355252027511597, 3.352388858795166
164, 4.063909530639648, -0.5355252027511597, 3.352388858795166
165, 4.063909530639648, -0.5355252027511597, 3.352388858795166
166, 4.063909530639648, -0.5355252027511597, 3.352388858795166
167, 4.063909530639648, -0.5355252027511597, 3.352388858795166
168, 3.8141584396362305, -0.5355252027511597, 3.3412346839904785
169, 3.5644073486328125, -0.5355252027511597, 3.330080509185791
170, 3.3146562576293945, -0.5355252027511597, 3.3189263343811035
171, 3.0649051666259766, -0.5355252027511597, 3.307772159576416
172, 2.8151540756225586, -0.5355252027511597, 3.2966179847717285
173, 2.8151540756225586, -0.5355252027511597, 3.2966179847717285
174, 2.604440212249756, -0.5355252027511597, 3.1620826721191406
175, 2.393726348876953, -0.5355252027511597, 3.0275473594665527
176, 2.393726348876953, -0.5355252027511597, 3.0275473594665527
177, 2.278510570526123, -0.5355252027511597, 2.8056795597076416
178, 2.163294792175293, -0.5355252027511597, 2.5838117599487305
179, 2.163294792175293, -0.5355252027511597, 2.5838117599487305
180, 2.1744487285614014, -0.5355252027511597, 2.3340606689453125
181, 2.1856026649475098, -0.5355252027511597, 2.0843095779418945
182, 2.196756601333618, -0.5355252027511597, 1.8345584869384766
183, 2.2079105377197266, -0.5355252027511597, 1.5848073959350586
184, 2.2079105377197266, -0.5355252027511597, 1.5848073959350586
185, 2.2079105377197266, -0.5355252027511597, 1.5848073959350586
186, 2.219064712524414, -0.5355252027511597, 1.3350563049316406
187, 2.219064712524414, -0.5355252027511597, 1.3350563049316406
188, 2.219064712524414, -0.5355252027511597, 1.3350563049316406
189, 2.219064712524414, -0.5355252027511597, 1.3350563049316406
190, 2.219064712524414, -0.5355252027511597, 1.3350563049316406
191, 2.219064712524414, -0.5355252027511597, 1.3350563049316406
192, 2.334280490875244, -0.5355252027511597, 1.5569241046905518
193, 2.334280490875244, -0.5355252027511597, 1.5569241046905518
194, 2.3231263160705566, -0.5355252027511597, 1.8066751956939697
195, 2.311972141265869, -0.5355252027511597, 2.0564262866973877
196, 2.3008179664611816, -0.5355252027511597, 2.3061773777008057
197, 2.289663791656494, -0.5355252027511597, 2.5559284687042236
198, 2.2785096168518066, -0.5355252027511597, 2.8056795597076416
199, 2.2785096168518066, -0.5355252027511597, 2.8056795597076416
200, 2.3937253952026367, -0.5355252027511597, 3.0275473594665527
201, 2.508941173553467, -0.5355252027511597, 3.249415159225464
202, 2.508941173553467, -0.5355252027511597, 3.249415159225464
203, 2.7196547985076904, -0.5355252027511597, 3.3839504718780518
204, 2.7196547985076904, -0.5355252027511597, 3.3839504718780518
205, 2.9694058895111084, -0.5355252027511597, 3.39510440826416
206, 3.2191569805145264, -0.5355252027511597, 3.4062585830688477
207, 3.4689080715179443, -0.5355252027511597, 3.417412757873535
208, 3.7186591625213623, -0.5355252027511597, 3.4285669326782227
209, 3.9684102535247803, -0.5355252027511597, 3.43972110748291
210, 4.218161106109619, -0.5355252027511597, 3.4508752822875977
211, 4.467912197113037, -0.5355252027511597, 3.462029457092285
212, 4.717663288116455, -0.5355252027511597, 3.4731836318969727
213, 4.967414379119873, -0.5355252027511597, 3.48433780670166
214, 5.217165470123291, -0.5355252027511597, 3.4954919815063477
215, 5.466916561126709, -0.5355252027511597, 3.506646156311035
216, 5.716667652130127, -0.5355252027511597, 3.5178003311157227
217, 5.966418743133545, -0.5355252027511597, 3.52895450592041
218, 6.216169834136963, -0.5355252027511597, 3.5401086807250977
219, 6.216169834136963, -0.5355252027511597, 3.5401086807250977
220, 6.438037395477295, -0.5355252027511597, 3.4248929023742676
221, 6.659904956817627, -0.5355252027511597, 3.3096771240234375
222, 6.659904956817627, -0.5355252027511597, 3.3096771240234375
223, 6.909656047821045, -0.5355252027511597, 3.320831298828125
224, 7.159407138824463, -0.5355252027511597, 3.3319854736328125
225, 7.409158229827881, -0.5355252027511597, 3.3431396484375
226, 7.658909320831299, -0.5355252027511597, 3.3542938232421875
227, 7.658909320831299, -0.5355252027511597, 3.3542938232421875
228, 7.658909320831299, -0.5355252027511597, 3.3542938232421875
229, 7.658909320831299, -0.5355252027511597, 3.3542938232421875
230, 7.658909320831299, -0.5355252027511597, 3.3542938232421875
231, 7.658909320831299, -0.5355252027511597, 3.3542938232421875
232, 7.658909320831299, -0.5355252027511597, 3.3542938232421875
233, 7.658909320831299, -0.5355252027511597, 3.3542938232421875
234, 7.658909320831299, -0.5355252027511597, 3.3542938232421875
235, 7.409158229827881, -0.5355252027511597, 3.3431396484375
236, 7.159407138824463, -0.5355252027511597, 3.3319854736328125
237, 7.159407138824463, -0.5355252027511597, 3.3319854736328125
238, 6.94869327545166, -0.5355252027511597, 3.1974501609802246
239, 6.737979412078857, -0.5355252027511597, 3.0629148483276367
240, 6.737979412078857, -0.5355252027511597, 3.0629148483276367
241, 6.622763633728027, -0.5355252027511597, 2.8410470485687256
242, 6.622763633728027, -0.5355252027511597, 2.8410470485687256
243, 6.633917808532715, -0.5355252027511597, 2.5912959575653076
244, 6.633917808532715, -0.5355252027511597, 2.5912959575653076
245, 6.768453121185303, -0.5355252027511597, 2.380582332611084
246, 6.902988433837891, -0.5355252027511597, 2.1698687076568604
247, 6.902988433837891, -0.5355252027511597, 2.1698687076568604
248, 6.902988433837891, -0.5355252027511597, 2.1698687076568604
249, 7.0375237464904785, -0.5355252027511597, 1.9591549634933472
250, 7.0375237464904785, -0.5355252027511597, 1.9591549634933472
251, 7.0375237464904785, -0.5355252027511597, 1.9591549634933472
252, 7.0375237464904785, -0.5355252027511597, 1.9591549634933472
253, 7.0375237464904785, -0.5355252027511597, 1.9591549634933472
254, 7.0375237464904785, -0.5355252027511597, 1.9591549634933472
255, 7.0375237464904785, -0.5355252027511597, 1.9591549634933472
256, 7.0375237464904785, -0.5355252027511597, 1.9591549634933472
257, 7.0375237464904785, -0.5355252027511597, 1.9591549634933472
258, 6.902988433837891, -0.5355252027511597, 2.1698687076568604
259, 6.768453121185303, -0.5355252027511597, 2.380582332611084
260, 6.633917808532715, -0.5355252027511597, 2.5912961959838867
261, 6.633917808532715, -0.5355252027511597, 2.5912961959838867
262, 6.622763633728027, -0.5355252027511597, 2.8410472869873047
263, 6.622763633728027, -0.5355252027511597, 2.8410472869873047
264, 6.737979412078857, -0.5355252027511597, 3.062915086746216
265, 6.737979412078857, -0.5355252027511597, 3.062915086746216
266, 6.94869327545166, -0.5355252027511597, 3.1974503993988037
267, 7.159407138824463, -0.5355252027511597, 3.3319857120513916
268, 7.159407138824463, -0.5355252027511597, 3.3319857120513916
269, 7.409158229827881, -0.5355252027511597, 3.3431396484375
270, 7.658909320831299, -0.5355252027511597, 3.3542938232421875
271, 7.658909320831299, -0.5355252027511597, 3.3542938232421875
272, 7.869623184204102, -0.5355252027511597, 3.4888291358947754
273, 7.869623184204102, -0.5355252027511597, 3.4888291358947754
274, 1.1461222171783447, 0.09943583607673645, -0.29953575134277344
