1, 20.63605308532715, 0.24243439733982086, 0.16648311913013458
2, 20.63605308532715, 0.24243439733982086, 0.16648311913013458
3, 20.63605308532715, 0.24243439733982086, 0.16648311913013458
4, 20.63605308532715, 0.24243439733982086, 0.16648311913013458
5, 20.63605308532715, 0.24243439733982086, 0.16648311913013458
6, 20.63605308532715, 0.24243439733982086, 0.16648311913013458
7, 20.63605308532715, 0.24243439733982086, 0.16648311913013458
8, 20.63605308532715, 0.24243439733982086, 0.16648311913013458
9, 20.63605308532715, 0.24243439733982086, 0.16648311913013458
10, 20.63605308532715, 0.24243439733982086, 0.16648311913013458
11, 20.63605308532715, 0.24243439733982086, 0.16648311913013458
12, 20.63605308532715, 0.24243439733982086, 0.16648311913013458
13, 20.439498901367188, 0.177810937166214, 0.011995241045951843
14, 20.439498901367188, 0.177810937166214, 0.011995241045951843
15, 20.346521377563477, 0.09943583607673645, -0.2200722098350525
16, 20.346521377563477, 0.09943583607673645, -0.2200722098350525
17, 20.346521377563477, 0.09943583607673645, -0.2200722098350525
18, 20.346521377563477, 0.09943583607673645, -0.2200722098350525
19, 20.578588485717773, 0.09943583607673645, -0.3130490779876709
20, 20.81065559387207, 0.09943583607673645, -0.4060259461402893
21, 20.81065559387207, 0.09943583607673645, -0.4060259461402893
22, 21.058120727539062, 0.09943583607673645, -0.37051254510879517
23, 21.058120727539062, 0.09943583607673645, -0.37051254510879517
24, 21.27068328857422, 0.09943583607673645, -0.4556747376918793
25, 21.27068328857422, 0.09943583607673645, -0.4556747376918793
26, 21.27068328857422, 0.09943583607673645, -0.4556747376918793
27, 21.27068328857422, 0.09943583607673645, -0.4556747376918793
28, 21.27068328857422, 0.09943583607673645, -0.4556747376918793
29, 21.27068328857422, 0.09943583607673645, -0.4556747376918793
30, 21.27068328857422, 0.09943583607673645, -0.4556747376918793
31, 21.27068328857422, 0.09943583607673645, -0.4556747376918793
32, 21.27068328857422, 0.09943583607673645, -0.4556747376918793
33, 21.27068328857422, 0.09943583607673645, -0.4556747376918793
34, 21.27068328857422, 0.09943583607673645, -0.4556747376918793
35, 21.27068328857422, 0.09943583607673645, -0.4556747376918793
36, 21.27068328857422, 0.09943583607673645, -0.4556747376918793
37, 21.27068328857422, 0.09943583607673645, -0.4556747376918793
38, 21.27068328857422, 0.09943583607673645, -0.4556747376918793
39, 21.27068328857422, 0.09943583607673645, -0.4556747376918793
40, 21.27068328857422, 0.09943583607673645, -0.4556747376918793
41, 21.27068328857422, 0.09943583607673645, -0.4556747376918793
42, 21.235170364379883, 0.09943583607673645, -0.20820996165275574
43, 21.235170364379883, 0.09943583607673645, -0.20820996165275574
44, 21.235170364379883, 0.09943583607673645, -0.20820996165275574
45, 21.431724548339844, 0.09943583607673645, -0.053722083568573
46, 21.431724548339844, 0.09943583607673645, -0.053722083568573
47, 21.431724548339844, 0.09943583607673645, -0.053722083568573
48, 21.431724548339844, 0.09943583607673645, -0.053722083568573
49, 21.502744674682617, 0.09943583607673645, -0.14407986402511597
50, 21.502744674682617, 0.09943583607673645, -0.14407986402511597
51, 21.502744674682617, 0.09943583607673645, -0.14407986402511597
52, 21.502744674682617, 0.09943583607673645, -0.14407965540885925
53, 21.502744674682617, 0.09943583607673645, -0.14407965540885925
54, 21.502744674682617, 0.09943583607673645, -0.14407965540885925
55, 21.502744674682617, 0.09943583607673645, -0.14407965540885925
56, 21.502744674682617, 0.09943583607673645, -0.14407965540885925
57, 21.502744674682617, 0.09943583607673645, -0.14407965540885925
58, 21.502744674682617, 0.09943583607673645, -0.14407965540885925
59, 21.502744674682617, 0.09943583607673645, -0.14407965540885925
60, 21.502744674682617, 0.09943583607673645, -0.14407965540885925
61, 21.502744674682617, 0.09943583607673645, -0.14407965540885925
62, 21.255279541015625, 0.09943583607673645, -0.17959293723106384
63, 21.255279541015625, 0.09943583607673645, -0.17959293723106384
64, 21.255279541015625, 0.09943583607673645, -0.17959293723106384
65, 21.162302017211914, 0.09943583607673645, -0.4116603434085846
66, 21.162302017211914, 0.09943583607673645, -0.4116603434085846
67, 21.162302017211914, 0.09943583607673645, -0.4116603434085846
68, 21.162302017211914, 0.09943583607673645, -0.4116603434085846
69, 21.162302017211914, 0.09943583607673645, -0.4116603434085846
70, 21.162302017211914, 0.09943583607673645, -0.4116603434085846
71, 21.25408935546875, 0.09943583607673645, -0.3395179510116577
72, 21.25408935546875, 0.09943583607673645, -0.3395179510116577
73, 21.25408935546875, 0.09943583607673645, -0.3395179510116577
74, 21.25408935546875, 0.09943583607673645, -0.3395179510116577
75, 21.25408935546875, 0.09943583607673645, -0.3395179510116577
76, 21.231815338134766, 0.09943583607673645, -0.18430520594120026
77, 21.231815338134766, 0.09943583607673645, -0.18430520594120026
78, 21.231815338134766, 0.09943583607673645, -0.18430520594120026
79, 21.231815338134766, 0.09943583607673645, -0.18430520594120026
80, 21.479280471801758, 0.09943583607673645, -0.14879192411899567
81, 21.494150161743164, 0.09943583607673645, -0.1466580033302307
82, 21.494150161743164, 0.09943583607673645, -0.1466580033302307
83, 21.494150161743164, 0.09943583607673645, -0.1466580033302307
84, 21.494150161743164, 0.09943583607673645, -0.1466580033302307
85, 21.494150161743164, 0.09943583607673645, -0.1466580033302307
86, 21.690704345703125, 0.09943583607673645, 0.007829785346984863
87, 21.690704345703125, 0.09943583607673645, 0.007829785346984863
88, 21.690704345703125, 0.09943583607673645, 0.007829785346984863
89, 21.827037811279297, 0.09943583607673645, -0.04679173231124878
90, 21.827037811279297, 0.09943583607673645, -0.04679173231124878
91, 21.827037811279297, 0.09943583607673645, -0.04679173231124878
92, 21.827037811279297, 0.09943583607673645, -0.04679173231124878
93, 21.827037811279297, 0.09943583607673645, -0.04679173231124878
94, 21.898319244384766, 0.09943583607673645, 0.009234428405761719
95, 21.898319244384766, 0.09943583607673645, 0.009234428405761719
96, 21.898319244384766, 0.09943583607673645, 0.009234428405761719
97, 22.130386352539062, 0.09943583607673645, -0.0837426483631134
98, 22.130386352539062, 0.09943583607673645, -0.0837426483631134
99, 22.284873962402344, 0.09943583607673645, -0.28029683232307434
100, 22.284873962402344, 0.09943583607673645, -0.28029683232307434
101, 22.32038688659668, 0.09943583607673645, -0.5277615785598755
102, 22.32038688659668, 0.09943583607673645, -0.5277615785598755
103, 22.32038688659668, 0.09943583607673645, -0.5277615785598755
104, 22.552453994750977, 0.09943583607673645, -0.6207386255264282
105, 22.784521102905273, 0.09943583607673645, -0.713715672492981
106, 23.01658821105957, 0.09943583607673645, -0.8066927194595337
107, 23.248655319213867, 0.09943583607673645, -0.8996697664260864
108, 23.480722427368164, 0.09943583607673645, -0.9926468133926392
109, 23.71278953552246, 0.09943583607673645, -1.085623860359192
110, 23.71278953552246, 0.09943583607673645, -1.085623860359192
111, 23.960254669189453, 0.09943583607673645, -1.0501106977462769
112, 23.960254669189453, 0.09943583607673645, -1.0501106977462769
113, 24.09937286376953, 0.09943583607673645, -0.9407658576965332
114, 24.09937286376953, 0.09943583607673645, -0.9407658576965332
115, 24.09937286376953, 0.09943583607673645, -0.9407658576965332
116, 24.09937286376953, 0.09943583607673645, -0.9407658576965332
117, 24.09937286376953, 0.09943583607673645, -0.9407658576965332
118, 24.331439971923828, 0.09943583607673645, -1.0337430238723755
119, 24.331439971923828, 0.09943583607673645, -1.0337430238723755
120, 24.331439971923828, 0.09943583607673645, -1.0337430238723755
121, 24.331439971923828, 0.09943583607673645, -1.0337430238723755
122, 24.42441749572754, 0.09943583607673645, -0.8016756176948547
123, 19.726696014404297, 0.09943583607673645, -0.6964430809020996
