1, -2.2443559169769287, 0.07216382026672363, 5.445797920227051
2, -2.2443559169769287, 0.07216382026672363, 5.445797920227051
3, -2.2443559169769287, 0.07216382026672363, 5.445797920227051
4, -2.2443559169769287, 0.07216382026672363, 5.445797920227051
5, -2.2443559169769287, 0.07216382026672363, 5.445797920227051
6, -2.2443559169769287, 0.07216382026672363, 5.445797920227051
7, -2.2443559169769287, 0.07216382026672363, 5.445797920227051
8, -2.2443559169769287, 0.07216382026672363, 5.445797920227051
9, -2.2443559169769287, 0.07216382026672363, 5.445797920227051
10, -2.2443559169769287, 0.07216382026672363, 5.445797920227051
11, -2.2443559169769287, 0.07216382026672363, 5.445797920227051
12, -2.2443559169769287, 0.07216382026672363, 5.445797920227051
13, -2.2443559169769287, 0.07216382026672363, 5.445797920227051
14, -2.2443559169769287, 0.07216382026672363, 5.445797920227051
15, -2.2443559169769287, 0.07216382026672363, 5.445797920227051
16, -2.2443559169769287, 0.07216382026672363, 5.445797920227051
17, -2.2443559169769287, 0.07216382026672363, 5.445797920227051
18, -2.482632637023926, 0.07216382026672363, 5.521456241607666
19, -2.482632637023926, 0.07216382026672363, 5.521456241607666
20, -2.726815700531006, 0.07216382026672363, 5.467840194702148
21, -2.970998764038086, 0.07216382026672363, 5.414224147796631
22, -3.215181827545166, 0.07216382026672363, 5.360608100891113
23, -3.459364891052246, 0.07216382026672363, 5.306992053985596
24, -3.703547954559326, 0.07216382026672363, 5.253376007080078
25, -3.703547954559326, 0.07216382026672363, 5.253376007080078
26, -3.8882083892822266, 0.07216382026672363, 5.0848517417907715
27, -4.072868824005127, 0.07216382026672363, 4.916327476501465
28, -4.072868824005127, 0.07216382026672363, 4.916327476501465
29, -4.148527145385742, 0.07216382026672363, 4.678050994873047
30, -4.224185466766357, 0.07216382026672363, 4.439774513244629
31, -4.299843788146973, 0.07216382026672363, 4.201498031616211
32, -4.375502109527588, 0.07216382026672363, 3.963221311569214
33, -4.375502109527588, 0.07216382026672363, 3.963221311569214
34, -4.375502109527588, 0.07216382026672363, 3.963221311569214
35, -4.375502109527588, 0.07216382026672363, 3.963221311569214
36, -4.375502109527588, 0.07216382026672363, 3.963221311569214
37, -4.619685173034668, 0.07216382026672363, 3.909605026245117
38, -4.863868236541748, 0.07216382026672363, 3.8559889793395996
39, -4.863868236541748, 0.07216382026672363, 3.8559889793395996
40, -5.102145195007324, 0.07216382026672363, 3.931647539138794
41, -5.340421676635742, 0.07216382026672363, 4.007306098937988
42, -5.57869815826416, 0.07216382026672363, 4.0829644203186035
43, -5.816974639892578, 0.07216382026672363, 4.158622741699219
44, -6.055251121520996, 0.07216382026672363, 4.234281063079834
45, -6.293527603149414, 0.07216382026672363, 4.309939384460449
46, -6.293527603149414, 0.07216382026672363, 4.309939384460449
47, -6.462051868438721, 0.07216382026672363, 4.49459981918335
48, -6.462051868438721, 0.07216382026672363, 4.49459981918335
49, -6.700328350067139, 0.07216382026672363, 4.570258140563965
50, -6.700328350067139, 0.07216382026672363, 4.570258140563965
51, -6.700328350067139, 0.07216382026672363, 4.570258140563965
52, -6.700328350067139, 0.07216382026672363, 4.570258140563965
53, -6.700328350067139, 0.07216382026672363, 4.570258140563965
54, -6.700328350067139, 0.07216382026672363, 4.570258140563965
55, -6.531804084777832, 0.07216382026672363, 4.3855977058410645
56, -6.515684127807617, 0.07216382026672363, 4.367934226989746
57, -6.515684127807617, 0.07216382026672363, 4.367934226989746
58, -6.277407646179199, 0.07216382026672363, 4.292275905609131
59, -6.277407646179199, 0.07216382026672363, 4.292275905609131
60, -6.277407646179199, 0.07216382026672363, 4.292275905609131
61, -6.277407646179199, 0.07216382026672363, 4.292275905609131
62, -6.277407646179199, 0.07216382026672363, 4.292275905609131
63, -6.039131164550781, 0.07216382026672363, 4.216617584228516
64, -5.800854682922363, 0.07216382026672363, 4.1409592628479
65, -5.562578201293945, 0.07216382026672363, 4.065300941467285
66, -5.324301719665527, 0.07216382026672363, 3.989642381668091
67, -5.324301719665527, 0.07216382026672363, 3.989642381668091
68, -5.324301719665527, 0.07216382026672363, 3.989642381668091
69, -5.324301719665527, 0.07216382026672363, 3.989642381668091
70, -5.324301719665527, 0.07216382026672363, 3.989642381668091
71, -5.324301719665527, 0.07216382026672363, 3.989642381668091
72, -5.568484783172607, 0.07216382026672363, 3.9360263347625732
73, -5.8126678466796875, 0.07216382026672363, 3.8824102878570557
74, -6.056850910186768, 0.07216382026672363, 3.828794240951538
75, -6.301033973693848, 0.07216382026672363, 3.7751781940460205
76, -6.301033973693848, 0.07216382026672363, 3.7751781940460205
77, -6.485694408416748, 0.07216382026672363, 3.606653928756714
78, -6.670354843139648, 0.07216382026672363, 3.4381296634674072
79, -6.855015277862549, 0.07216382026672363, 3.2696053981781006
80, -7.039675712585449, 0.07216382026672363, 3.101081132888794
81, -7.22433614730835, 0.07216382026672363, 2.9325568675994873
82, -7.22433614730835, 0.07216382026672363, 2.9325568675994873
83, -7.299994945526123, 0.07216382026672363, 2.6942801475524902
84, -7.299994945526123, 0.07216382026672363, 2.6942801475524902
85, -7.484655380249023, 0.07216382026672363, 2.5257558822631836
86, -7.484655380249023, 0.07216382026672363, 2.5257558822631836
87, -7.484655380249023, 0.07216382026672363, 2.5257558822631836
88, -7.431039333343506, 0.07216382026672363, 2.2815728187561035
89, -7.431039333343506, 0.07216382026672363, 2.2815728187561035
90, -7.431039333343506, 0.07216382026672363, 2.2815728187561035
91, -7.431039333343506, 0.07216382026672363, 2.2815728187561035
92, -7.431039333343506, 0.07216382026672363, 2.2815728187561035
93, -7.431039333343506, 0.07216382026672363, 2.2815728187561035
94, -7.431039333343506, 0.07216382026672363, 2.2815728187561035
95, -7.431039333343506, 0.07216382026672363, 2.2815728187561035
96, -7.431039333343506, 0.07216382026672363, 2.2815728187561035
97, -7.431039333343506, 0.07216382026672363, 2.2815728187561035
98, -7.431039333343506, 0.07216382026672363, 2.2815728187561035
99, -7.431039333343506, 0.07216382026672363, 2.2815728187561035
100, -7.355380535125732, 0.07216382026672363, 2.5198495388031006
101, -7.279721736907959, 0.07216382026672363, 2.7581262588500977
102, -7.2040629386901855, 0.07216382026672363, 2.9964029788970947
103, -7.2040629386901855, 0.07216382026672363, 2.9964029788970947
104, -7.019402503967285, 0.07216382026672363, 3.1649274826049805
105, -6.834742069244385, 0.07216382026672363, 3.333451747894287
106, -6.650081634521484, 0.07216382026672363, 3.5019760131835938
107, -6.465421199798584, 0.07216382026672363, 3.6705002784729004
108, -6.280760765075684, 0.07216382026672363, 3.839024543762207
109, -6.096100330352783, 0.07216382026672363, 4.007548809051514
110, -5.911439895629883, 0.07216382026672363, 4.17607307434082
111, -5.726779460906982, 0.07216382026672363, 4.344597339630127
112, -5.542119026184082, 0.07216382026672363, 4.513121604919434
113, -5.357458591461182, 0.07216382026672363, 4.68164587020874
114, -5.172798156738281, 0.07216382026672363, 4.850170135498047
115, -5.172798156738281, 0.07216382026672363, 4.850170135498047
116, -5.172798156738281, 0.07216382026672363, 4.850170135498047
117, -4.934521675109863, 0.07216382026672363, 4.774511814117432
118, -4.934521675109863, 0.07216382026672363, 4.774511814117432
119, -4.765997409820557, 0.07216382026672363, 4.589851379394531
120, -4.59747314453125, 0.07216382026672363, 4.405190944671631
121, -4.428948879241943, 0.07216382026672363, 4.2205305099487305
122, -4.260424613952637, 0.07216382026672363, 4.03587007522583
123, -4.09190034866333, 0.07216382026672363, 3.8512094020843506
124, -3.9233760833740234, 0.07216382026672363, 3.666548728942871
125, -3.9233760833740234, 0.07216382026672363, 3.666548728942871
126, -3.6850993633270264, 0.07216382026672363, 3.5908901691436768
127, -3.4468226432800293, 0.07216382026672363, 3.5152316093444824
128, -3.4468226432800293, 0.07216382026672363, 3.5152316093444824
129, -3.2782983779907227, 0.07216382026672363, 3.330570936203003
130, -3.109774112701416, 0.07216382026672363, 3.1459102630615234
131, -2.9412498474121094, 0.07216382026672363, 2.961249589920044
132, -2.7727255821228027, 0.07216382026672363, 2.7765889167785645
133, -2.604201316833496, 0.07216382026672363, 2.591928243637085
134, -2.4356770515441895, 0.07216382026672363, 2.4072675704956055
135, -2.267152786254883, 0.07216382026672363, 2.222606897354126
136, -2.098628520965576, 0.07216382026672363, 2.0379462242126465
137, -2.098628520965576, 0.07216382026672363, 2.0379462242126465
138, -2.0450124740600586, 0.07216382026672363, 1.793763279914856
139, -1.991396427154541, 0.07216382026672363, 1.5495803356170654
140, -1.991396427154541, 0.07216382026672363, 1.5495803356170654
141, -1.991396427154541, 0.07216382026672363, 1.5495803356170654
142, -1.991396427154541, 0.07216382026672363, 1.5495803356170654
143, -2.0670549869537354, 0.07216382026672363, 1.3113036155700684
144, -2.1427135467529297, 0.07216382026672363, 1.0730268955230713
145, -2.1427135467529297, 0.07216382026672363, 1.0730268955230713
146, -2.1427135467529297, 0.07216382026672363, 1.0730268955230713
147, -2.218372106552124, 0.07216382026672363, 0.8347501754760742
148, -2.2940306663513184, 0.07216382026672363, 0.5964734554290771
149, -2.3696892261505127, 0.07216382026672363, 0.35819676518440247
150, -2.445347785949707, 0.07216382026672363, 0.11992007493972778
151, -2.5210063457489014, 0.07216382026672363, -0.1183566153049469
152, -2.5966649055480957, 0.07216382026672363, -0.3566333055496216
153, -2.67232346534729, 0.07216382026672363, -0.5949100255966187
154, -2.67232346534729, 0.07216382026672363, -0.5949100255966187
155, -2.6187074184417725, 0.07216382026672363, -0.8390929698944092
156, -2.6187074184417725, 0.07216382026672363, -0.8390929698944092
157, -2.6187074184417725, 0.07216382026672363, -0.8390929698944092
158, -2.6187074184417725, 0.07216382026672363, -0.8390929698944092
159, -2.694365978240967, 0.07216382026672363, -1.0773696899414062
160, -2.694365978240967, 0.07216382026672363, -1.0773696899414062
161, -2.8790266513824463, 0.07216382026672363, -1.2458940744400024
162, -2.8790266513824463, 0.07216382026672363, -1.2458940744400024
163, -2.8790266513824463, 0.07216382026672363, -1.2458940744400024
164, -2.8790266513824463, 0.07216382026672363, -1.2458940744400024
165, -2.8790266513824463, 0.07216382026672363, -1.2458940744400024
166, -2.8790266513824463, 0.07216382026672363, -1.2458940744400024
167, -2.8667519092559814, 0.07216382026672363, -1.2072362899780273
168, -2.8667519092559814, 0.07216382026672363, -1.2072362899780273
169, -2.8667519092559814, 0.07216382026672363, -1.2072362899780273
170, -2.682091236114502, 0.07216382026672363, -1.0387119054794312
171, -2.682091236114502, 0.07216382026672363, -1.0387119054794312
172, -2.6064326763153076, 0.07216382026672363, -0.8004351854324341
173, -2.5307741165161133, 0.07216382026672363, -0.562158465385437
174, -2.455115556716919, 0.07216382026672363, -0.32388177514076233
175, -2.3794569969177246, 0.07216382026672363, -0.08560508489608765
176, -2.3037984371185303, 0.07216382026672363, 0.15267160534858704
177, -2.228139877319336, 0.07216382026672363, 0.3909482955932617
178, -2.1524813175201416, 0.07216382026672363, 0.6292250156402588
179, -2.0768227577209473, 0.07216382026672363, 0.8675017356872559
180, -2.001164197921753, 0.07216382026672363, 1.105778455734253
181, -2.001164197921753, 0.07216382026672363, 1.105778455734253
182, -2.0547802448272705, 0.07216382026672363, 1.3499614000320435
183, -2.108396291732788, 0.07216382026672363, 1.594144344329834
184, -2.108396291732788, 0.07216382026672363, 1.594144344329834
185, -2.276920795440674, 0.07216382026672363, 1.778804898262024
186, -2.4454450607299805, 0.07216382026672363, 1.9634654521942139
187, -2.613969326019287, 0.07216382026672363, 2.1481261253356934
188, -2.7824935913085938, 0.07216382026672363, 2.332786798477173
189, -2.9510178565979004, 0.07216382026672363, 2.5174474716186523
190, -3.119542121887207, 0.07216382026672363, 2.702108144760132
191, -3.2880663871765137, 0.07216382026672363, 2.8867688179016113
192, -3.4565906524658203, 0.07216382026672363, 3.071429491043091
193, -3.625114917755127, 0.07216382026672363, 3.2560901641845703
194, -3.7936391830444336, 0.07216382026672363, 3.44075083732605
195, -3.9621634483337402, 0.07216382026672363, 3.6254115104675293
196, -4.130687713623047, 0.07216382026672363, 3.810072183609009
197, -4.2992119789123535, 0.07216382026672363, 3.9947328567504883
198, -4.46773624420166, 0.07216382026672363, 4.179393291473389
199, -4.636260509490967, 0.07216382026672363, 4.364053726196289
200, -4.804784774780273, 0.07216382026672363, 4.5487141609191895
201, -4.97330904006958, 0.07216382026672363, 4.73337459564209
202, -5.141833305358887, 0.07216382026672363, 4.91803503036499
203, -5.141833305358887, 0.07216382026672363, 4.91803503036499
204, -5.380109786987305, 0.07216382026672363, 4.993693828582764
205, -5.380109786987305, 0.07216382026672363, 4.993693828582764
206, -5.548634052276611, 0.07216382026672363, 5.178354263305664
207, -5.548634052276611, 0.07216382026672363, 5.178354263305664
208, -5.548634052276611, 0.07216382026672363, 5.178354263305664
209, -5.548634052276611, 0.07216382026672363, 5.178354263305664
210, -5.548634052276611, 0.07216382026672363, 5.178354263305664
211, -5.548634052276611, 0.07216382026672363, 5.178354263305664
212, -5.310357570648193, 0.07216382026672363, 5.102695465087891
213, -5.310357570648193, 0.07216382026672363, 5.102695465087891
214, -5.141833305358887, 0.07216382026672363, 4.91803503036499
215, -4.97330904006958, 0.07216382026672363, 4.73337459564209
216, -4.804784774780273, 0.07216382026672363, 4.5487141609191895
217, -4.636260509490967, 0.07216382026672363, 4.364053726196289
218, -4.46773624420166, 0.07216382026672363, 4.179393291473389
219, -4.2992119789123535, 0.07216382026672363, 3.994732618331909
220, -4.130687713623047, 0.07216382026672363, 3.8100719451904297
221, -3.9621634483337402, 0.07216382026672363, 3.62541127204895
222, -3.7936391830444336, 0.07216382026672363, 3.4407505989074707
223, -3.625114917755127, 0.07216382026672363, 3.256089925765991
224, -3.4565906524658203, 0.07216382026672363, 3.0714292526245117
225, -3.2880663871765137, 0.07216382026672363, 2.8867685794830322
226, -3.119542121887207, 0.07216382026672363, 2.7021079063415527
227, -2.9510178565979004, 0.07216382026672363, 2.5174472332000732
228, -2.7824935913085938, 0.07216382026672363, 2.3327865600585938
229, -2.613969326019287, 0.07216382026672363, 2.1481258869171143
230, -2.4454450607299805, 0.07216382026672363, 1.9634653329849243
231, -2.276920795440674, 0.07216382026672363, 1.7788047790527344
232, -2.108396530151367, 0.07216382026672363, 1.5941442251205444
233, -1.939872145652771, 0.07216382026672363, 1.4094836711883545
234, -1.7713477611541748, 0.07216382026672363, 1.2248231172561646
235, -1.7713477611541748, 0.07216382026672363, 1.2248231172561646
236, -1.7713477611541748, 0.07216382026672363, 1.2248231172561646
237, -1.7713477611541748, 0.07216382026672363, 1.2248231172561646
238, -1.7713477611541748, 0.07216382026672363, 1.2248231172561646
239, -1.7713477611541748, 0.07216382026672363, 1.2248231172561646
240, -1.7713477611541748, 0.07216382026672363, 1.2248231172561646
241, -1.939872145652771, 0.07216382026672363, 1.409483790397644
242, -2.108396530151367, 0.07216382026672363, 1.5941444635391235
243, -2.276920795440674, 0.07216382026672363, 1.778805136680603
244, -2.4454450607299805, 0.07216382026672363, 1.9634658098220825
245, -2.613969326019287, 0.07216382026672363, 2.1481263637542725
246, -2.7824935913085938, 0.07216382026672363, 2.332787036895752
247, -2.9510178565979004, 0.07216382026672363, 2.5174477100372314
248, -3.119542121887207, 0.07216382026672363, 2.702108383178711
249, -3.2880663871765137, 0.07216382026672363, 2.8867690563201904
250, -3.4565906524658203, 0.07216382026672363, 3.07142972946167
251, -3.625114917755127, 0.07216382026672363, 3.2560904026031494
252, -3.7936391830444336, 0.07216382026672363, 3.440751075744629
253, -3.9621634483337402, 0.07216382026672363, 3.6254117488861084
254, -4.130687713623047, 0.07216382026672363, 3.810072422027588
255, -4.2992119789123535, 0.07216382026672363, 3.9947330951690674
256, -4.46773624420166, 0.07216382026672363, 4.179393768310547
257, -4.636260509490967, 0.07216382026672363, 4.364054203033447
258, -4.804784774780273, 0.07216382026672363, 4.548714637756348
259, -4.97330904006958, 0.07216382026672363, 4.733375072479248
260, -5.141833305358887, 0.07216382026672363, 4.918035507202148
261, -5.141833305358887, 0.07216382026672363, 4.918035507202148
262, -5.380109786987305, 0.07216382026672363, 4.993694305419922
263, -5.380109786987305, 0.07216382026672363, 4.993694305419922
264, -5.548634052276611, 0.07216382026672363, 5.178354740142822
265, -5.717158317565918, 0.07216382026672363, 5.363015174865723
266, -5.717158317565918, 0.07216382026672363, 5.363015174865723
267, -5.7707743644714355, 0.07216382026672363, 5.607198238372803
268, -5.824390411376953, 0.07216382026672363, 5.851381301879883
269, -5.878006458282471, 0.07216382026672363, 6.095564365386963
270, -5.878006458282471, 0.07216382026672363, 6.095564365386963
271, -5.802347660064697, 0.07216382026672363, 6.333840847015381
272, -5.802347660064697, 0.07216382026672363, 6.333840847015381
273, -5.855963706970215, 0.07216382026672363, 6.578023910522461
274, -5.909579753875732, 0.07216382026672363, 6.822206974029541
275, -5.96319580078125, 0.07216382026672363, 7.066390037536621
276, -6.016811847686768, 0.07216382026672363, 7.310573101043701
277, -6.070427894592285, 0.07216382026672363, 7.554756164550781
278, -6.070427894592285, 0.07216382026672363, 7.554756164550781
279, -6.070427894592285, 0.07216382026672363, 7.554756164550781
280, -6.070427894592285, 0.07216382026672363, 7.554756164550781
281, -6.070427894592285, 0.07216382026672363, 7.554756164550781
282, -6.070427894592285, 0.07216382026672363, 7.554756164550781
283, -6.146086692810059, 0.07216382026672363, 7.316479682922363
284, -6.221745491027832, 0.07216382026672363, 7.078203201293945
285, -6.221745491027832, 0.07216382026672363, 7.078203201293945
286, -6.1681294441223145, 0.07216382026672363, 6.834020137786865
287, -6.114513397216797, 0.07216382026672363, 6.589837074279785
288, -6.060897350311279, 0.07216382026672363, 6.345654010772705
289, -6.007281303405762, 0.07216382026672363, 6.101470947265625
290, -5.953665256500244, 0.07216382026672363, 5.857287883758545
291, -5.900049209594727, 0.07216382026672363, 5.613104820251465
292, -5.900049209594727, 0.07216382026672363, 5.613104820251465
293, -5.73152494430542, 0.07216382026672363, 5.4284443855285645
294, -5.563000679016113, 0.07216382026672363, 5.243783950805664
295, -5.394476413726807, 0.07216382026672363, 5.059123516082764
296, -5.2259521484375, 0.07216382026672363, 4.874463081359863
297, -5.057427883148193, 0.07216382026672363, 4.689802646636963
298, -4.888903617858887, 0.07216382026672363, 4.5051422119140625
299, -4.72037935256958, 0.07216382026672363, 4.320481777191162
300, -4.551855087280273, 0.07216382026672363, 4.135821342468262
301, -4.383330821990967, 0.07216382026672363, 3.9511606693267822
302, -4.21480655670166, 0.07216382026672363, 3.7664999961853027
303, -4.0462822914123535, 0.07216382026672363, 3.5818393230438232
304, -3.877758026123047, 0.07216382026672363, 3.3971786499023438
305, -3.7092337608337402, 0.07216382026672363, 3.2125179767608643
306, -3.5407094955444336, 0.07216382026672363, 3.0278573036193848
307, -3.372185230255127, 0.07216382026672363, 2.8431966304779053
308, -3.2036609649658203, 0.07216382026672363, 2.658535957336426
309, -3.0351366996765137, 0.07216382026672363, 2.4738752841949463
310, -2.866612434387207, 0.07216382026672363, 2.289214611053467
311, -2.6980881690979004, 0.07216382026672363, 2.1045539379119873
312, -2.6980881690979004, 0.07216382026672363, 2.1045539379119873
313, -2.4598114490509033, 0.07216382026672363, 2.028895378112793
314, -2.2215347290039062, 0.07216382026672363, 1.9532368183135986
315, -1.9832580089569092, 0.07216382026672363, 1.8775782585144043
316, -1.744981288909912, 0.07216382026672363, 1.80191969871521
317, -1.506704568862915, 0.07216382026672363, 1.7262611389160156
318, -1.268427848815918, 0.07216382026672363, 1.6506025791168213
319, -1.030151128768921, 0.07216382026672363, 1.574944019317627
320, -1.030151128768921, 0.07216382026672363, 1.574944019317627
321, -0.8616268038749695, 0.07216382026672363, 1.3902833461761475
322, -0.6931024789810181, 0.07216382026672363, 1.205622673034668
323, -0.5245781540870667, 0.07216382026672363, 1.0209619998931885
324, -0.35605382919311523, 0.07216382026672363, 0.836301326751709
325, -0.35605382919311523, 0.07216382026672363, 0.836301326751709
326, -0.11777712404727936, 0.07216382026672363, 0.7606427073478699
327, 0.12049958109855652, 0.07216382026672363, 0.6849840879440308
328, 0.3587762713432312, 0.07216382026672363, 0.6093254685401917
329, 0.3587762713432312, 0.07216382026672363, 0.6093254685401917
330, 0.3587762713432312, 0.07216382026672363, 0.6093254685401917
331, 0.3587762713432312, 0.07216382026672363, 0.6093254685401917
332, 0.3587762713432312, 0.07216382026672363, 0.6093254685401917
333, 0.3587762713432312, 0.07216382026672363, 0.6093254685401917
334, 0.11459328234195709, 0.07216382026672363, 0.5557094812393188
335, 0.11459328234195709, 0.07216382026672363, 0.5557094812393188
336, -0.1236833781003952, 0.07216382026672363, 0.6313681602478027
337, -0.3619600534439087, 0.07216382026672363, 0.7070268392562866
338, -0.3619600534439087, 0.07216382026672363, 0.7070268392562866
339, -0.5304843783378601, 0.07216382026672363, 0.8916875123977661
340, -0.6990087032318115, 0.07216382026672363, 1.0763481855392456
341, -0.8675330281257629, 0.07216382026672363, 1.261008858680725
342, -1.0360573530197144, 0.07216382026672363, 1.4456695318222046
343, -1.204581618309021, 0.07216382026672363, 1.630330204963684
344, -1.3731058835983276, 0.07216382026672363, 1.8149908781051636
345, -1.5416301488876343, 0.07216382026672363, 1.999651551246643
346, -1.710154414176941, 0.07216382026672363, 2.184312105178833
347, -1.8786786794662476, 0.07216382026672363, 2.3689727783203125
348, -2.0472030639648438, 0.07216382026672363, 2.553633451461792
349, -2.2157273292541504, 0.07216382026672363, 2.7382941246032715
350, -2.384251594543457, 0.07216382026672363, 2.922954797744751
351, -2.5527758598327637, 0.07216382026672363, 3.1076154708862305
352, -2.5527758598327637, 0.07216382026672363, 3.1076154708862305
353, -2.7910525798797607, 0.07216382026672363, 3.183274269104004
354, -3.029329299926758, 0.07216382026672363, 3.2589330673217773
355, -3.267606019973755, 0.07216382026672363, 3.334591865539551
356, -3.505882740020752, 0.07216382026672363, 3.410250663757324
357, -3.744159460067749, 0.07216382026672363, 3.4859094619750977
358, -3.982436180114746, 0.07216382026672363, 3.561568260192871
359, -3.982436180114746, 0.07216382026672363, 3.561568260192871
360, -4.150960445404053, 0.07216382026672363, 3.7462289333343506
361, -4.150960445404053, 0.07216382026672363, 3.7462289333343506
362, -4.389236927032471, 0.07216382026672363, 3.821887493133545
363, -4.627513408660889, 0.07216382026672363, 3.8975460529327393
364, -4.627513408660889, 0.07216382026672363, 3.8975460529327393
365, -4.796037673950195, 0.07216382026672363, 4.082206726074219
366, -4.964561939239502, 0.07216382026672363, 4.266867160797119
367, -5.133086204528809, 0.07216382026672363, 4.4515275955200195
368, -5.301610469818115, 0.07216382026672363, 4.63618803024292
369, -5.470134735107422, 0.07216382026672363, 4.82084846496582
370, -5.6386590003967285, 0.07216382026672363, 5.005508899688721
371, -5.6386590003967285, 0.07216382026672363, 5.005508899688721
372, -5.6386590003967285, 0.07216382026672363, 5.005508899688721
373, -5.6386590003967285, 0.07216382026672363, 5.005508899688721
374, -5.692275047302246, 0.07216382026672363, 5.249691963195801
375, -5.745891094207764, 0.07216382026672363, 5.493875026702881
376, -5.799507141113281, 0.07216382026672363, 5.738058090209961
377, -5.853123188018799, 0.07216382026672363, 5.982241153717041
378, -5.906739234924316, 0.07216382026672363, 6.226424217224121
379, -5.960355281829834, 0.07216382026672363, 6.470607280731201
380, -6.013971328735352, 0.07216382026672363, 6.714790344238281
381, -6.067587375640869, 0.07216382026672363, 6.958973407745361
382, -6.121203422546387, 0.07216382026672363, 7.203156471252441
383, -6.121203422546387, 0.07216382026672363, 7.203156471252441
384, -6.289727687835693, 0.07216382026672363, 7.387816905975342
385, -6.458251953125, 0.07216382026672363, 7.572477340698242
386, -6.626776218414307, 0.07216382026672363, 7.757137775421143
387, -6.626776218414307, 0.07216382026672363, 7.757137775421143
388, -6.865052700042725, 0.07216382026672363, 7.832796573638916
389, -7.103329181671143, 0.07216382026672363, 7.9084553718566895
390, -7.3416056632995605, 0.07216382026672363, 7.984114170074463
391, -7.3416056632995605, 0.07216382026672363, 7.984114170074463
392, -7.585788726806641, 0.07216382026672363, 7.930498123168945
393, -7.829971790313721, 0.07216382026672363, 7.876882076263428
394, -8.0741548538208, 0.07216382026672363, 7.82326602935791
395, -8.318337440490723, 0.07216382026672363, 7.769649982452393
396, -8.562520027160645, 0.07216382026672363, 7.716033935546875
397, -8.806702613830566, 0.07216382026672363, 7.662417888641357
398, -9.050885200500488, 0.07216382026672363, 7.60880184173584
399, -9.050885200500488, 0.07216382026672363, 7.60880184173584
400, -9.289161682128906, 0.07216382026672363, 7.684460639953613
401, -9.527438163757324, 0.07216382026672363, 7.760119438171387
402, -9.765714645385742, 0.07216382026672363, 7.83577823638916
403, -10.00399112701416, 0.07216382026672363, 7.911437034606934
404, -10.242267608642578, 0.07216382026672363, 7.987095832824707
405, -10.480544090270996, 0.07216382026672363, 8.06275463104248
406, -10.480544090270996, 0.07216382026672363, 8.06275463104248
407, -10.480544090270996, 0.07216382026672363, 8.06275463104248
408, -10.480544090270996, 0.07216382026672363, 8.06275463104248
409, -10.480544090270996, 0.07216382026672363, 8.06275463104248
410, -10.480544090270996, 0.07216382026672363, 8.06275463104248
411, -10.480544090270996, 0.07216382026672363, 8.06275463104248
412, -10.242267608642578, 0.07216382026672363, 7.987095832824707
413, -10.00399112701416, 0.07216382026672363, 7.911437034606934
414, -9.765714645385742, 0.07216382026672363, 7.83577823638916
415, -9.527438163757324, 0.07216382026672363, 7.760119438171387
416, -9.289161682128906, 0.07216382026672363, 7.684460639953613
417, -9.050885200500488, 0.07216382026672363, 7.60880184173584
418, -9.050885200500488, 0.07216382026672363, 7.60880184173584
419, -8.806702613830566, 0.07216382026672363, 7.662417888641357
420, -8.562520027160645, 0.07216382026672363, 7.716033935546875
421, -8.318337440490723, 0.07216382026672363, 7.769649982452393
422, -8.0741548538208, 0.07216382026672363, 7.82326602935791
423, -7.829971790313721, 0.07216382026672363, 7.876882076263428
424, -7.585788726806641, 0.07216382026672363, 7.930498123168945
425, -7.3416056632995605, 0.07216382026672363, 7.984114170074463
426, -7.3416056632995605, 0.07216382026672363, 7.984114170074463
427, -7.103329181671143, 0.07216382026672363, 7.9084553718566895
428, -6.865052700042725, 0.07216382026672363, 7.832796573638916
429, -6.865052700042725, 0.07216382026672363, 7.832796573638916
430, -6.696528434753418, 0.07216382026672363, 7.648136138916016
431, -6.528004169464111, 0.07216382026672363, 7.463475704193115
432, -6.359479904174805, 0.07216382026672363, 7.278815269470215
433, -6.190955638885498, 0.07216382026672363, 7.0941548347473145
434, -6.190955638885498, 0.07216382026672363, 7.0941548347473145
435, -6.1373395919799805, 0.07216382026672363, 6.849971771240234
436, -6.083723545074463, 0.07216382026672363, 6.605788707733154
437, -6.030107498168945, 0.07216382026672363, 6.361605644226074
438, -5.976491451263428, 0.07216382026672363, 6.117422580718994
439, -5.92287540435791, 0.07216382026672363, 5.873239517211914
440, -5.869259357452393, 0.07216382026672363, 5.629056453704834
441, -5.869259357452393, 0.07216382026672363, 5.629056453704834
442, -5.700735092163086, 0.07216382026672363, 5.444396018981934
443, -5.532210826873779, 0.07216382026672363, 5.259735584259033
444, -5.363686561584473, 0.07216382026672363, 5.075075149536133
445, -5.195162296295166, 0.07216382026672363, 4.890414714813232
446, -5.026638031005859, 0.07216382026672363, 4.705754280090332
447, -4.858113765716553, 0.07216382026672363, 4.521093845367432
448, -4.689589500427246, 0.07216382026672363, 4.336433410644531
449, -4.5210652351379395, 0.07216382026672363, 4.151772975921631
450, -4.352540969848633, 0.07216382026672363, 3.9671123027801514
451, -4.184016704559326, 0.07216382026672363, 3.782451629638672
452, -4.0154924392700195, 0.07216382026672363, 3.5977909564971924
453, -4.0154924392700195, 0.07216382026672363, 3.5977909564971924
454, -3.7772157192230225, 0.07216382026672363, 3.522132396697998
455, -3.5389389991760254, 0.07216382026672363, 3.4464738368988037
456, -3.3006622791290283, 0.07216382026672363, 3.3708152770996094
457, -3.3006622791290283, 0.07216382026672363, 3.3708152770996094
458, -3.1321380138397217, 0.07216382026672363, 3.18615460395813
459, -2.963613748550415, 0.07216382026672363, 3.0014939308166504
460, -2.7950894832611084, 0.07216382026672363, 2.816833257675171
461, -2.6265652179718018, 0.07216382026672363, 2.6321725845336914
462, -2.458040952682495, 0.07216382026672363, 2.447511911392212
463, -2.2895166873931885, 0.07216382026672363, 2.2628512382507324
464, -2.120992422103882, 0.07216382026672363, 2.078190565109253
465, -1.9524680376052856, 0.07216382026672363, 1.8935298919677734
466, -1.7839436531066895, 0.07216382026672363, 1.708869218826294
467, -1.6154192686080933, 0.07216382026672363, 1.5242085456848145
468, -1.446894884109497, 0.07216382026672363, 1.339547872543335
469, -1.2783704996109009, 0.07216382026672363, 1.1548871994018555
470, -1.2783704996109009, 0.07216382026672363, 1.1548871994018555
471, -1.0400937795639038, 0.07216382026672363, 1.0792286396026611
472, -0.8018170595169067, 0.07216382026672363, 1.0035700798034668
473, -0.5635403394699097, 0.07216382026672363, 0.9279114603996277
474, -0.3252636194229126, 0.07216382026672363, 0.8522528409957886
475, -0.08698691427707672, 0.07216382026672363, 0.7765942215919495
476, 0.15128979086875916, 0.07216382026672363, 0.7009356021881104
477, 0.38956648111343384, 0.07216382026672363, 0.6252769827842712
478, 0.6278432011604309, 0.07216382026672363, 0.5496183633804321
479, 0.866119921207428, 0.13566330075263977, 0.473959743976593
480, 0.866119921207428, 0.13566330075263977, 0.473959743976593
481, 1.1103029251098633, 0.16168224811553955, 0.5275757908821106
482, 1.3544858694076538, 0.07216382026672363, 0.5811918377876282
483, 1.5986688137054443, 0.07216382026672363, 0.6348078846931458
484, 1.8428517580032349, 0.07216382026672363, 0.6884239315986633
485, 2.0870347023010254, 0.07216382026672363, 0.7420399785041809
486, 2.3312177658081055, 0.07216382026672363, 0.7956560254096985
487, 2.5754008293151855, 0.07216382026672363, 0.8492720723152161
488, 2.8195838928222656, 0.07216382026672363, 0.9028881192207336
489, 2.8195838928222656, 0.07216382026672363, 0.9028881192207336
490, 2.8195838928222656, 0.07216382026672363, 0.9028881192207336
491, 2.89524245262146, 0.07216382026672363, 1.141164779663086
492, 2.9709010124206543, 0.07216382026672363, 1.379441499710083
493, 3.0465595722198486, 0.07216382026672363, 1.61771821975708
494, 3.122218132019043, 0.07216382026672363, 1.8559949398040771
495, 3.1978766918182373, 0.07216382026672363, 2.094271659851074
496, 3.2735352516174316, 0.07216382026672363, 2.3325483798980713
497, 3.2735352516174316, 0.07216382026672363, 2.3325483798980713
498, 3.219919204711914, 0.07216382026672363, 2.5767314434051514
499, 3.1663031578063965, 0.07216382026672363, 2.8209145069122314
