1, -12.213229179382324, 2.8048131465911865, -7.33778715133667
2, -12.213229179382324, 2.8048131465911865, -7.33778715133667
3, -12.213229179382324, 2.8048131465911865, -7.33778715133667
4, -12.213229179382324, 2.8048131465911865, -7.33778715133667
5, -12.213229179382324, 2.8048131465911865, -7.33778715133667
6, -12.213229179382324, 2.8048131465911865, -7.33778715133667
7, -12.213229179382324, 2.8048131465911865, -7.33778715133667
8, -12.213229179382324, 2.8048131465911865, -7.33778715133667
9, -12.213229179382324, 2.8048131465911865, -7.33778715133667
10, -12.213229179382324, 2.8048131465911865, -7.33778715133667
11, -12.213229179382324, 2.8048131465911865, -7.33778715133667
12, -12.213229179382324, 2.8048131465911865, -7.33778715133667
13, -12.213229179382324, 2.8048131465911865, -7.33778715133667
14, -12.213229179382324, 2.8048131465911865, -7.33778715133667
15, -12.213229179382324, 2.8048131465911865, -7.33778715133667
16, -12.213229179382324, 2.8048131465911865, -7.33778715133667
17, -12.213229179382324, 2.8048131465911865, -7.33778715133667
18, -12.213229179382324, 2.8048131465911865, -7.33778715133667
19, -12.441837310791016, 2.8048131465911865, -7.438971042633057
20, -12.670445442199707, 2.8048131465911865, -7.540154933929443
21, -12.899053573608398, 2.8048131465911865, -7.64133882522583
22, -12.899053573608398, 2.8048131465911865, -7.64133882522583
23, -13.147625923156738, 2.8048131465911865, -7.614662170410156
24, -13.396198272705078, 2.8048131465911865, -7.587985992431641
25, -13.644770622253418, 2.8048131465911865, -7.561309814453125
26, -13.893342971801758, 2.8048131465911865, -7.534633636474609
27, -14.141915321350098, 2.8048131465911865, -7.507957458496094
28, -14.141915321350098, 2.8048131465911865, -7.507957458496094
29, -14.370523452758789, 2.8048131465911865, -7.6091413497924805
30, -14.59913158416748, 2.8048131465911865, -7.710325241088867
31, -14.59913158416748, 2.8048131465911865, -7.710325241088867
32, -14.746520042419434, 2.8306760787963867, -7.912257194519043
33, -14.746520042419434, 2.8306760787963867, -7.912257194519043
34, -14.755504608154297, 2.8048131465911865, -7.995978832244873
35, -14.755504608154297, 2.8048131465911865, -7.995978832244873
36, -14.755504608154297, 2.8048131465911865, -7.995978832244873
37, -14.755504608154297, 2.8048131465911865, -7.995978832244873
38, -14.984112739562988, 2.8048131465911865, -8.097162246704102
39, -14.984112739562988, 2.8048131465911865, -8.097162246704102
40, -14.984112739562988, 2.8048131465911865, -8.097162246704102
41, -14.984112739562988, 2.8048131465911865, -8.097162246704102
42, -14.984112739562988, 2.8048131465911865, -8.097162246704102
43, -14.984112739562988, 2.8048131465911865, -8.097162246704102
44, -14.984112739562988, 2.8048131465911865, -8.097162246704102
45, -14.984112739562988, 2.8048131465911865, -8.097162246704102
46, -14.984112739562988, 2.8048131465911865, -8.097162246704102
47, -14.836724281311035, 2.853236436843872, -7.895230293273926
48, -14.689335823059082, 2.889828681945801, -7.69329833984375
49, -14.541947364807129, 2.8048131465911865, -7.491366386413574
50, -14.394558906555176, 2.8048131465911865, -7.289434432983398
51, -14.247170448303223, 2.8048131465911865, -7.087502479553223
52, -14.09978199005127, 2.8048131465911865, -6.885570526123047
53, -13.952393531799316, 2.8048131465911865, -6.683638572692871
54, -13.805005073547363, 2.8048131465911865, -6.481706619262695
55, -13.65761661529541, 2.8048131465911865, -6.2797746658325195
56, -13.65761661529541, 2.8048131465911865, -6.2797746658325195
57, -13.429008483886719, 2.8048131465911865, -6.178590774536133
58, -13.200400352478027, 2.8048131465911865, -6.077406883239746
59, -12.971792221069336, 2.8048131465911865, -5.976222991943359
60, -12.743184089660645, 2.8048131465911865, -5.875039100646973
61, -12.743184089660645, 2.8048131465911865, -5.875039100646973
62, -12.595795631408691, 2.8048131465911865, -5.673107147216797
63, -12.595795631408691, 2.8048131465911865, -5.673107147216797
64, -12.595795631408691, 2.8048131465911865, -5.673107147216797
65, -12.595795631408691, 2.8048131465911865, -5.673107147216797
66, -12.3671875, 2.8048131465911865, -5.57192325592041
67, -12.3671875, 2.8048131465911865, -5.57192325592041
68, -12.3671875, 2.8048131465911865, -5.57192325592041
69, -12.3671875, 2.8048131465911865, -5.57192325592041
70, -12.3671875, 2.8048131465911865, -5.57192325592041
71, -12.138579368591309, 2.8048131465911865, -5.470739364624023
72, -12.138579368591309, 2.8048131465911865, -5.470739364624023
73, -11.991190910339355, 2.8048131465911865, -5.268807411193848
74, -11.991190910339355, 2.8048131465911865, -5.268807411193848
75, -11.991190910339355, 2.8048131465911865, -5.268807411193848
76, -11.742618560791016, 2.8048131465911865, -5.2954840660095215
77, -13.873106002807617, 2.8048131465911865, -11.528702735900879
