1, 1.1467766761779785, 0.046541884541511536, -3.7957115173339844
2, 1.1467766761779785, 0.046541884541511536, -3.7957115173339844
3, 1.1467766761779785, 0.046541884541511536, -3.7957115173339844
4, 1.1467766761779785, 0.046541884541511536, -3.7957115173339844
5, 1.1467766761779785, 0.046541884541511536, -3.7957115173339844
6, 1.1467766761779785, 0.046541884541511536, -3.7957115173339844
7, 1.1467766761779785, 0.046541884541511536, -3.7957115173339844
8, 1.1467766761779785, 0.046541884541511536, -3.7957115173339844
9, 1.1467766761779785, 0.046541884541511536, -3.7957115173339844
10, 1.1467766761779785, 0.046541884541511536, -3.7957115173339844
11, 1.1467766761779785, 0.046541884541511536, -3.7957115173339844
12, 1.1467766761779785, 0.046541884541511536, -3.7957115173339844
13, 1.1467766761779785, 0.046541884541511536, -3.7957115173339844
14, 1.1467766761779785, 0.046541884541511536, -3.7957115173339844
15, 1.1368948221206665, 0.046541884541511536, -3.5459067821502686
16, 1.1368948221206665, 0.046541884541511536, -3.5459067821502686
17, 1.2532392740249634, 0.046541884541511536, -3.3246285915374756
18, 1.2532392740249634, 0.046541884541511536, -3.3246285915374756
19, 1.4646354913711548, 0.046541884541511536, -3.1911683082580566
20, 1.6760317087173462, 0.046541884541511536, -3.0577080249786377
21, 1.8874279260635376, 0.046541884541511536, -2.9242477416992188
22, 2.0988242626190186, 0.046541884541511536, -2.7907874584198
23, 2.31022047996521, 0.046541884541511536, -2.657327175140381
24, 2.31022047996521, 0.046541884541511536, -2.657327175140381
25, 2.426564931869507, 0.046541884541511536, -2.436048984527588
26, 2.426564931869507, 0.046541884541511536, -2.436048984527588
27, 2.426564931869507, 0.046541884541511536, -2.436048984527588
28, 2.426564931869507, 0.046541884541511536, -2.436048984527588
29, 2.426564931869507, 0.046541884541511536, -2.436048984527588
30, 2.426564931869507, 0.046541884541511536, -2.436048984527588
31, 2.426564931869507, 0.046541884541511536, -2.436048984527588
32, 2.426564931869507, 0.046541884541511536, -2.436048984527588
33, 2.426564931869507, 0.046541884541511536, -2.436048984527588
34, 2.426564931869507, 0.046541884541511536, -2.436048984527588
35, 2.426564931869507, 0.046541884541511536, -2.436048984527588
36, 2.426564931869507, 0.046541884541511536, -2.436048984527588
37, 2.426564931869507, 0.046541884541511536, -2.436048984527588
38, 2.560025215148926, 0.046541884541511536, -2.6474452018737793
39, 2.6934854984283447, 0.046541884541511536, -2.8588414192199707
40, 2.8269457817077637, 0.046541884541511536, -3.070237636566162
41, 2.9604060649871826, 0.046541884541511536, -3.2816338539123535
42, 3.0938663482666016, 0.046541884541511536, -3.493030071258545
43, 3.2273266315460205, 0.046541884541511536, -3.7044262886047363
44, 3.3607869148254395, 0.046541884541511536, -3.9158225059509277
45, 3.4942471981048584, 0.046541884541511536, -4.127218723297119
46, 3.6277074813842773, 0.046541884541511536, -4.3386149406433105
47, 3.7611677646636963, 0.046541884541511536, -4.550011157989502
48, 3.7611677646636963, 0.046541884541511536, -4.550011157989502
49, 3.7710494995117188, 0.046541884541511536, -4.799815654754639
50, 3.780931234359741, 0.046541884541511536, -5.049620151519775
51, 3.7908129692077637, 0.046541884541511536, -5.299424648284912
52, 3.800694704055786, 0.046541884541511536, -5.549229145050049
53, 3.8105764389038086, 0.046541884541511536, -5.7990336418151855
54, 3.820458173751831, 0.046541884541511536, -6.048838138580322
55, 3.8303399085998535, 0.046541884541511536, -6.298642635345459
56, 3.8303399085998535, 0.046541884541511536, -6.298642635345459
57, 3.8303399085998535, 0.046541884541511536, -6.298642635345459
58, 3.8303399085998535, 0.046541884541511536, -6.298642635345459
59, 3.8303399085998535, 0.046541884541511536, -6.298642635345459
60, 3.8303399085998535, 0.046541884541511536, -6.298642635345459
61, 3.8303399085998535, 0.046541884541511536, -6.298642635345459
62, 3.8303399085998535, 0.046541884541511536, -6.298642635345459
63, 3.9466843605041504, 0.046541884541511536, -6.077364444732666
64, 4.063028812408447, 0.046541884541511536, -5.856086254119873
65, 4.179373264312744, 0.046541884541511536, -5.63480806350708
66, 4.295717716217041, 0.046541884541511536, -5.413529872894287
67, 4.295717716217041, 0.046541884541511536, -5.413529872894287
68, 4.295717716217041, 0.046541884541511536, -5.413529872894287
69, 4.295717716217041, 0.046541884541511536, -5.413529872894287
70, 4.295717716217041, 0.046541884541511536, -5.413529872894287
71, 4.295717716217041, 0.046541884541511536, -5.413529872894287
72, 4.295717716217041, 0.046541884541511536, -5.413529872894287
73, 4.179373264312744, 0.046541884541511536, -5.63480806350708
74, 4.063028812408447, 0.046541884541511536, -5.856086254119873
75, 4.063028812408447, 0.046541884541511536, -5.856086254119873
76, 4.072910785675049, 0.046541884541511536, -6.10589075088501
77, 4.08279275894165, 0.046541884541511536, -6.3556952476501465
78, 4.092674732208252, 0.046541884541511536, -6.605499744415283
79, 4.092674732208252, 0.046541884541511536, -6.605499744415283
80, 4.226134777069092, 0.046541884541511536, -6.816895961761475
81, 4.359594821929932, 0.046541884541511536, -7.028292179107666
82, 4.4930548667907715, 0.046541884541511536, -7.239688396453857
83, 4.4930548667907715, 0.046541884541511536, -7.239688396453857
84, 4.4930548667907715, 0.046541884541511536, -7.239688396453857
85, 4.4930548667907715, 0.046541884541511536, -7.239688396453857
86, 4.4930548667907715, 0.046541884541511536, -7.239688396453857
87, 4.4930548667907715, 0.046541884541511536, -7.239688396453857
88, 4.4930548667907715, 0.046541884541511536, -7.239688396453857
89, 4.4930548667907715, 0.046541884541511536, -7.239688396453857
90, 4.4930548667907715, 0.046541884541511536, -7.239688396453857
91, 4.4930548667907715, 0.046541884541511536, -7.239688396453857
92, 4.4930548667907715, 0.046541884541511536, -7.239688396453857
93, 4.6265153884887695, 0.046541884541511536, -7.451084613800049
94, 4.759975910186768, 0.10370220988988876, -7.66248083114624
95, 4.893436431884766, 0.16499191522598267, -7.873877048492432
96, 5.026896953582764, 0.19093890488147736, -8.085272789001465
97, 5.026896953582764, 0.19093890488147736, -8.085272789001465
98, 5.026896953582764, 0.19093890488147736, -8.085272789001465
99, 4.910552501678467, 0.11927347630262375, -8.306550979614258
100, 4.79420804977417, 0.047608040273189545, -8.52782917022705
101, 4.79420804977417, 0.04760804399847984, -8.52782917022705
102, 4.5828118324279785, 0.046541884541511536, -8.66128921508789
103, 4.5828118324279785, 0.046541884541511536, -8.66128921508789
104, 4.5828118324279785, 0.046541884541511536, -8.66128921508789
105, 4.59269380569458, 0.046541884541511536, -8.911093711853027
106, 4.59269380569458, 0.046541884541511536, -8.911093711853027
107, 4.59269380569458, 0.046541884541511536, -8.911093711853027
108, 4.59269380569458, 0.046541884541511536, -8.911093711853027
109, 4.59269380569458, 0.046541884541511536, -8.911093711853027
110, 4.8040900230407715, 0.046541884541511536, -8.777633666992188
111, 4.8040900230407715, 0.046541884541511536, -8.777633666992188
112, 4.920434474945068, 0.046541884541511536, -8.556355476379395
113, 5.036778926849365, 0.11438005417585373, -8.335077285766602
114, 5.036778926849365, 0.11438005417585373, -8.335077285766602
115, 5.248175144195557, 0.16573196649551392, -8.201617240905762
116, 5.248175144195557, 0.16573196649551392, -8.201617240905762
117, 5.497979640960693, 0.14004206657409668, -8.19173526763916
118, 5.74778413772583, 0.08458612114191055, -8.181853294372559
119, 5.74778413772583, 0.08458612114191055, -8.181853294372559
120, 5.74778413772583, 0.08458612114191055, -8.181853294372559
121, 5.74778413772583, 0.08458612114191055, -8.181853294372559
122, 5.969062328338623, 0.046541884541511536, -8.298197746276855
123, 5.969062328338623, 0.046541884541511536, -8.298197746276855
124, 6.102522850036621, 0.046541884541511536, -8.509593963623047
125, 6.102522850036621, 0.046541884541511536, -8.509593963623047
126, 6.102522850036621, 0.046541884541511536, -8.509593963623047
127, 6.102522850036621, 0.046541884541511536, -8.509593963623047
128, 6.102522850036621, 0.046541884541511536, -8.509593963623047
129, 6.102522850036621, 0.046541884541511536, -8.509593963623047
130, 5.881244659423828, 0.046541884541511536, -8.39324951171875
131, 5.659966468811035, 0.07329893857240677, -8.276905059814453
132, 5.659966468811035, 0.07329893857240677, -8.276905059814453
133, 5.410161972045898, 0.11706356704235077, -8.286787033081055
134, 5.160357475280762, 0.103907011449337, -8.296669006347656
135, 5.160357475280762, 0.103907011449337, -8.296669006347656
136, 4.94896125793457, 0.08243127167224884, -8.430129051208496
137, 4.94896125793457, 0.08243127167224884, -8.430129051208496
138, 4.832616806030273, 0.046541884541511536, -8.651407241821289
139, 4.832616806030273, 0.046541884541511536, -8.651407241821289
140, 4.832616806030273, 0.046541884541511536, -8.651407241821289
141, 4.832616806030273, 0.046541884541511536, -8.651407241821289
142, 4.832616806030273, 0.046541884541511536, -8.651407241821289
143, 4.832616806030273, 0.046541884541511536, -8.651407241821289
144, 4.832616806030273, 0.046541884541511536, -8.651407241821289
145, 4.94896125793457, 0.08243127167224884, -8.430129051208496
146, 4.94896125793457, 0.08243127167224884, -8.430129051208496
147, 5.160357475280762, 0.103907011449337, -8.296669006347656
148, 5.160357475280762, 0.103907011449337, -8.296669006347656
149, 5.410161972045898, 0.11706356704235077, -8.286787033081055
150, 5.659966468811035, 0.07329893857240677, -8.276905059814453
151, 5.659966468811035, 0.07329893857240677, -8.276905059814453
152, 5.881244659423828, 0.046541884541511536, -8.39324951171875
153, 6.102522850036621, 0.046541884541511536, -8.509593963623047
154, 6.102522850036621, 0.046541884541511536, -8.509593963623047
155, 6.222161769866943, 0.046541884541511536, -8.699097633361816
156, 6.222161769866943, 0.046541884541511536, -8.699097633361816
157, 6.222161769866943, 0.046541884541511536, -8.699097633361816
158, 6.443439960479736, 0.046541884541511536, -8.815442085266113
159, 6.443439960479736, 0.046541884541511536, -8.815442085266113
160, 6.443439960479736, 0.046541884541511536, -8.815442085266113
161, 6.453321933746338, 0.046541884541511536, -9.06524658203125
162, 6.456171989440918, 0.046541884541511536, -9.137290954589844
163, 6.456171989440918, 0.046541884541511536, -9.137290954589844
164, 6.456171989440918, 0.046541884541511536, -9.137290954589844
165, 6.456171989440918, 0.046541884541511536, -9.137290954589844
166, 6.244775772094727, 0.046541884541511536, -9.270750999450684
167, 6.244775772094727, 0.046541884541511536, -9.270750999450684
168, 6.244775772094727, 0.046541884541511536, -9.270750999450684
169, 6.244775772094727, 0.046541884541511536, -9.270750999450684
170, 6.244775772094727, 0.046541884541511536, -9.270750999450684
171, 6.244775772094727, 0.046541884541511536, -9.270750999450684
172, 6.244775772094727, 0.046541884541511536, -9.270750999450684
173, 6.244775772094727, 0.046541884541511536, -9.270750999450684
174, 6.378236293792725, 0.046541884541511536, -9.482147216796875
175, 6.378236293792725, 0.046541884541511536, -9.482147216796875
176, 6.388118267059326, 0.046541884541511536, -9.731951713562012
177, 6.398000240325928, 0.046541884541511536, -9.981756210327148
178, 6.40549898147583, 0.046541884541511536, -10.171317100524902
179, 6.40549898147583, 0.046541884541511536, -10.171317100524902
180, 6.40549898147583, 0.046541884541511536, -10.171317100524902
181, 6.40549898147583, 0.046541884541511536, -10.171317100524902
182, 6.40549898147583, 0.046541884541511536, -10.171317100524902
183, 6.40549898147583, 0.046541884541511536, -10.171317100524902
184, 6.40549898147583, 0.046541884541511536, -10.171317100524902
185, 6.40549898147583, 0.046541884541511536, -10.171317100524902
186, 6.40549898147583, 0.046541884541511536, -10.171317100524902
187, 6.3956170082092285, 0.046541884541511536, -9.921512603759766
188, 6.385735034942627, 0.046541884541511536, -9.671708106994629
189, 6.375853061676025, 0.046541884541511536, -9.421903610229492
190, 6.365971088409424, 0.046541884541511536, -9.172099113464355
191, 6.356089115142822, 0.046541884541511536, -8.922294616699219
192, 6.346207141876221, 0.046541884541511536, -8.672490119934082
193, 6.346207141876221, 0.046541884541511536, -8.672490119934082
194, 6.212746620178223, 0.046541884541511536, -8.46109390258789
195, 6.212746620178223, 0.046541884541511536, -8.46109390258789
196, 5.99146842956543, 0.046541884541511536, -8.344749450683594
197, 5.770190238952637, 0.0636664405465126, -8.228404998779297
198, 5.770190238952637, 0.0636664405465126, -8.228404998779297
199, 5.5203857421875, 0.11912240833044052, -8.238286972045898
200, 5.5203857421875, 0.11912240833044052, -8.238286972045898
201, 5.308989524841309, 0.06851506233215332, -8.371747016906738
202, 5.248081207275391, 0.046541884541511536, -8.410200119018555
203, 5.248081207275391, 0.046541884541511536, -8.410200119018555
204, 5.248081207275391, 0.046541884541511536, -8.410200119018555
205, 5.248081207275391, 0.046541884541511536, -8.410200119018555
206, 5.026803016662598, 0.1267566680908203, -8.293855667114258
207, 5.026803016662598, 0.1267566680908203, -8.293855667114258
208, 5.026803016662598, 0.1267566680908203, -8.293855667114258
209, 4.815406799316406, 0.07918752729892731, -8.427315711975098
210, 4.815406799316406, 0.07918752729892731, -8.427315711975098
211, 4.699062347412109, 0.046541884541511536, -8.64859390258789
212, 4.699062347412109, 0.046541884541511536, -8.64859390258789
213, 4.708944320678711, 0.046541884541511536, -8.898398399353027
214, 4.708944320678711, 0.046541884541511536, -8.898398399353027
215, 4.708944320678711, 0.046541884541511536, -8.898398399353027
216, 4.708944320678711, 0.046541884541511536, -8.898398399353027
217, 4.708944320678711, 0.046541884541511536, -8.898398399353027
218, 4.708944320678711, 0.046541884541511536, -8.898398399353027
219, 4.708944320678711, 0.046541884541511536, -8.898398399353027
220, 4.699062347412109, 0.046541884541511536, -8.64859390258789
221, 4.699062347412109, 0.046541884541511536, -8.64859390258789
222, 4.815406799316406, 0.07918752729892731, -8.427315711975098
223, 4.815406799316406, 0.07918752729892731, -8.427315711975098
224, 4.805524826049805, 0.1340431123971939, -8.177511215209961
225, 4.795642852783203, 0.12452289462089539, -7.927706718444824
226, 4.785760879516602, 0.11500267684459686, -7.6779022216796875
227, 4.785760879516602, 0.11500267684459686, -7.6779022216796875
228, 4.785760879516602, 0.11500267684459686, -7.6779022216796875
229, 4.785760879516602, 0.11500267684459686, -7.6779022216796875
230, 4.785760879516602, 0.11500267684459686, -7.6779022216796875
231, 4.785760879516602, 0.11500267684459686, -7.6779022216796875
232, 4.785760879516602, 0.11500267684459686, -7.6779022216796875
233, 4.795642852783203, 0.12452289462089539, -7.927706718444824
234, 4.805524826049805, 0.1340431123971939, -8.177511215209961
235, 4.815406799316406, 0.07918752729892731, -8.427315711975098
236, 4.825288772583008, 0.046541884541511536, -8.677120208740234
237, 4.835170745849609, 0.046541884541511536, -8.926924705505371
238, 4.845052719116211, 0.046541884541511536, -9.176729202270508
239, 4.8549346923828125, 0.046541884541511536, -9.426533699035645
240, 4.864816665649414, 0.046541884541511536, -9.676338195800781
241, 4.874698638916016, 0.046541884541511536, -9.926142692565918
242, 4.874698638916016, 0.046541884541511536, -9.926142692565918
243, 4.758354187011719, 0.046541884541511536, -10.147420883178711
244, 4.758354187011719, 0.046541884541511536, -10.147420883178711
245, 4.58933687210083, 0.046541884541511536, -10.254125595092773
246, 4.589337348937988, 0.046541884541511536, -10.254125595092773
247, 4.589337348937988, 0.046541884541511536, -10.254125595092773
248, 4.589337348937988, 0.046541884541511536, -10.254125595092773
249, 4.589337348937988, 0.046541884541511536, -10.254125595092773
250, 4.589337348937988, 0.046541884541511536, -10.254125595092773
251, 4.589337348937988, 0.046541884541511536, -10.254125595092773
252, 4.472992897033691, 0.046541884541511536, -10.475403785705566
253, 4.472992897033691, 0.046541884541511536, -10.475403785705566
254, 4.472992897033691, 0.046541884541511536, -10.475403785705566
255, 4.223188400268555, 0.046541884541511536, -10.485285758972168
256, 4.210078239440918, 0.046541884541511536, -10.485804557800293
257, 4.210078239440918, 0.046541884541511536, -10.485804557800293
258, 3.988800048828125, 0.046541884541511536, -10.369460105895996
259, 3.988800048828125, 0.046541884541511536, -10.369460105895996
260, 3.952923536300659, 0.046541884541511536, -10.370879173278809
261, 3.952923536300659, 0.046541884541511536, -10.370879173278809
262, 3.952923536300659, 0.046541884541511536, -10.370879173278809
263, 3.952923536300659, 0.046541884541511536, -10.370879173278809
264, 3.952923536300659, 0.046541884541511536, -10.370879173278809
265, 3.952923536300659, 0.046541884541511536, -10.370879173278809
266, 3.952923536300659, 0.046541884541511536, -10.370879173278809
267, 3.952923536300659, 0.046541884541511536, -10.370879173278809
268, 3.952923536300659, 0.046541884541511536, -10.370879173278809
269, 3.952923536300659, 0.046541884541511536, -10.370879173278809
270, 3.952923536300659, 0.046541884541511536, -10.370879173278809
271, 3.952923536300659, 0.046541884541511536, -10.370879173278809
272, 3.952923536300659, 0.046541884541511536, -10.370879173278809
273, 3.952923536300659, 0.046541884541511536, -10.370879173278809
274, 3.952923536300659, 0.046541884541511536, -10.370879173278809
275, 3.952923536300659, 0.046541884541511536, -10.370879173278809
276, 3.952923536300659, 0.046541884541511536, -10.370879173278809
277, 3.952923536300659, 0.046541884541511536, -10.370879173278809
278, 3.952923536300659, 0.046541884541511536, -10.370879173278809
279, 3.952923536300659, 0.046541884541511536, -10.370879173278809
280, 3.952923536300659, 0.046541884541511536, -10.370879173278809
281, 3.952923536300659, 0.046541884541511536, -10.370879173278809
282, 3.95818829536438, 0.046541884541511536, -10.503968238830566
283, 3.95818829536438, 0.046541884541511536, -10.503968238830566
284, 3.95818829536438, 0.046541884541511536, -10.503968238830566
285, 3.95818829536438, 0.046541884541511536, -10.503968238830566
286, 3.708383560180664, 0.046541884541511536, -10.513850212097168
287, 3.4585790634155273, 0.046541884541511536, -10.52373218536377
288, 3.4585790634155273, 0.046541884541511536, -10.52373218536377
289, 3.4585790634155273, 0.046541884541511536, -10.52373218536377
290, 3.2087743282318115, 0.046541884541511536, -10.533614158630371
291, 2.964442729949951, 0.046541884541511536, -10.543279647827148
292, 2.964442729949951, 0.046541884541511536, -10.543279647827148
293, 2.964442729949951, 0.046541884541511536, -10.543279647827148
294, 2.743164539337158, 0.046541884541511536, -10.426935195922852
295, 2.743164539337158, 0.046541884541511536, -10.426935195922852
296, 2.743164539337158, 0.046541884541511536, -10.426935195922852
297, 2.531768321990967, 0.046541884541511536, -10.560395240783691
298, 2.531768321990967, 0.046541884541511536, -10.560395240783691
299, 2.5266005992889404, 0.046541884541511536, -10.570223808288574
300, 2.5266005992889404, 0.046541884541511536, -10.570223808288574
301, 2.5266005992889404, 0.046541884541511536, -10.570223808288574
302, 2.5266005992889404, 0.046541884541511536, -10.570223808288574
303, 2.5266005992889404, 0.046541884541511536, -10.570223808288574
304, 2.5266005992889404, 0.046541884541511536, -10.570223808288574
305, 2.5266005992889404, 0.046541884541511536, -10.570223808288574
306, 2.5266005992889404, 0.046541884541511536, -10.570223808288574
307, 2.5266005992889404, 0.046541884541511536, -10.570223808288574
308, 2.5266005992889404, 0.046541884541511536, -10.570223808288574
309, 2.5266005992889404, 0.046541884541511536, -10.570223808288574
310, 2.5266005992889404, 0.046541884541511536, -10.570223808288574
311, 2.5266005992889404, 0.046541884541511536, -10.570223808288574
312, 2.5266005992889404, 0.046541884541511536, -10.570223808288574
313, 2.737996816635132, 0.046541884541511536, -10.436763763427734
314, 2.737996816635132, 0.046541884541511536, -10.436763763427734
315, 2.9878015518188477, 0.046541884541511536, -10.426881790161133
316, 3.2376060485839844, 0.046541884541511536, -10.416999816894531
317, 3.409494400024414, 0.046541884541511536, -10.410200119018555
318, 3.409494400024414, 0.046541884541511536, -10.410200119018555
319, 3.409494400024414, 0.046541884541511536, -10.410200119018555
320, 3.630772590637207, 0.046541884541511536, -10.526544570922852
321, 3.630772590637207, 0.046541884541511536, -10.526544570922852
322, 3.880577325820923, 0.046541884541511536, -10.51666259765625
323, 3.9124555587768555, 0.046541884541511536, -10.515401840209961
324, 3.9124555587768555, 0.046541884541511536, -10.515401840209961
325, 4.123851776123047, 0.046541884541511536, -10.381941795349121
326, 4.123851776123047, 0.046541884541511536, -10.381941795349121
327, 4.373656272888184, 0.046541884541511536, -10.37205982208252
328, 4.62346076965332, 0.046541884541511536, -10.362177848815918
329, 4.62346076965332, 0.046541884541511536, -10.362177848815918
330, 4.834856986999512, 0.046541884541511536, -10.228717803955078
331, 4.834856986999512, 0.046541884541511536, -10.228717803955078
332, 4.935118198394775, 0.046541884541511536, -10.038028717041016
333, 4.935118198394775, 0.046541884541511536, -10.038028717041016
334, 4.935118198394775, 0.046541884541511536, -10.038028717041016
335, 4.935118198394775, 0.046541884541511536, -10.038028717041016
336, 4.801657676696777, 0.046541884541511536, -9.826632499694824
337, 4.801657676696777, 0.046541884541511536, -9.826632499694824
338, 4.791775703430176, 0.046541884541511536, -9.576828002929688
339, 4.781893730163574, 0.046541884541511536, -9.32702350616455
340, 4.781893730163574, 0.046541884541511536, -9.32702350616455
341, 4.648433208465576, 0.046541884541511536, -9.11562728881836
342, 4.514972686767578, 0.046541884541511536, -8.904231071472168
343, 4.514972686767578, 0.046541884541511536, -8.904231071472168
344, 4.514972686767578, 0.046541884541511536, -8.904231071472168
345, 4.514972686767578, 0.046541884541511536, -8.904231071472168
346, 4.514972686767578, 0.046541884541511536, -8.904231071472168
347, 4.631317138671875, 0.046541884541511536, -8.682952880859375
348, 4.747661590576172, 0.06653106212615967, -8.461674690246582
349, 4.747661590576172, 0.06653106212615967, -8.461674690246582
350, 4.73777961730957, 0.1059463769197464, -8.211870193481445
351, 4.727897644042969, 0.09642615914344788, -7.962065696716309
352, 4.718015670776367, 0.08690594136714935, -7.712261199951172
353, 4.708133697509766, 0.04716206714510918, -7.462456703186035
354, 4.708133697509766, 0.04716206714510918, -7.462456703186035
355, 4.574673175811768, 0.046541884541511536, -7.251060485839844
356, 4.4412126541137695, 0.046541884541511536, -7.039664268493652
357, 4.4412126541137695, 0.046541884541511536, -7.039664268493652
358, 4.219934463500977, 0.046541884541511536, -6.9233198165893555
359, 4.219934463500977, 0.046541884541511536, -6.9233198165893555
360, 4.219934463500977, 0.046541884541511536, -6.9233198165893555
361, 4.219934463500977, 0.046541884541511536, -6.9233198165893555
362, 4.219934463500977, 0.046541884541511536, -6.9233198165893555
363, 4.210052490234375, 0.046541884541511536, -6.673515319824219
364, 4.210052490234375, 0.046541884541511536, -6.673515319824219
365, 4.210052490234375, 0.046541884541511536, -6.673515319824219
366, 3.988774299621582, 0.046541884541511536, -6.557170867919922
367, 3.988774299621582, 0.046541884541511536, -6.557170867919922
368, 3.988774299621582, 0.046541884541511536, -6.557170867919922
369, 3.988774299621582, 0.046541884541511536, -6.557170867919922
370, 3.988774299621582, 0.046541884541511536, -6.557170867919922
371, 3.988774299621582, 0.046541884541511536, -6.557170867919922
372, 4.12223482131958, 0.046541884541511536, -6.768567085266113
373, 4.12223482131958, 0.046541884541511536, -6.768567085266113
374, 4.343513011932373, 0.046541884541511536, -6.88491153717041
375, 4.343513011932373, 0.046541884541511536, -6.88491153717041
376, 4.476973533630371, 0.046541884541511536, -7.096307754516602
377, 4.610434055328369, 0.046541884541511536, -7.307703971862793
378, 4.743894577026367, 0.07015754282474518, -7.519100189208984
379, 4.743894577026367, 0.07015754282474518, -7.519100189208984
380, 4.753776550292969, 0.10332857072353363, -7.768904685974121
381, 4.76365852355957, 0.11284878849983215, -8.018709182739258
382, 4.773540496826172, 0.12236901372671127, -8.268513679504395
383, 4.783422470092773, 0.050202637910842896, -8.518318176269531
384, 4.793304443359375, 0.046541884541511536, -8.768122673034668
385, 4.803186416625977, 0.046541884541511536, -9.017927169799805
386, 4.813068389892578, 0.046541884541511536, -9.267731666564941
387, 4.82295036315918, 0.046541884541511536, -9.517536163330078
388, 4.832832336425781, 0.046541884541511536, -9.767340660095215
389, 4.842714309692383, 0.046541884541511536, -10.017145156860352
390, 4.842714309692383, 0.046541884541511536, -10.017145156860352
391, 4.726369857788086, 0.046541884541511536, -10.238423347473145
392, 4.610025405883789, 0.046541884541511536, -10.459701538085938
393, 4.610025405883789, 0.046541884541511536, -10.459701538085938
394, 4.610025405883789, 0.046541884541511536, -10.459701538085938
395, 4.360220909118652, 0.046541884541511536, -10.469583511352539
396, 4.182506084442139, 0.046541884541511536, -10.476613998413086
397, 4.182506084442139, 0.046541884541511536, -10.476613998413086
398, 4.182506084442139, 0.046541884541511536, -10.476613998413086
399, 3.9612278938293457, 0.046541884541511536, -10.360269546508789
400, 3.9612278938293457, 0.046541884541511536, -10.360269546508789
401, 3.9581680297851562, 0.046541884541511536, -10.360390663146973
402, 3.9581680297851562, 0.046541884541511536, -10.360390663146973
403, 3.9581680297851562, 0.046541884541511536, -10.360390663146973
404, 3.9581680297851562, 0.046541884541511536, -10.360390663146973
405, 3.9581680297851562, 0.046541884541511536, -10.360390663146973
406, 3.9581680297851562, 0.046541884541511536, -10.360390663146973
407, 3.9581680297851562, 0.046541884541511536, -10.360390663146973
408, 3.9581680297851562, 0.046541884541511536, -10.360390663146973
409, 3.9581680297851562, 0.046541884541511536, -10.360390663146973
410, 3.9581680297851562, 0.046541884541511536, -10.360390663146973
411, 3.9581680297851562, 0.046541884541511536, -10.360390663146973
412, 3.9581680297851562, 0.046541884541511536, -10.360390663146973
413, 3.9581680297851562, 0.046541884541511536, -10.360390663146973
414, 3.9581680297851562, 0.046541884541511536, -10.360390663146973
415, 3.9581680297851562, 0.046541884541511536, -10.360390663146973
416, 3.9581680297851562, 0.046541884541511536, -10.360390663146973
417, 3.9581680297851562, 0.046541884541511536, -10.360390663146973
418, 3.9581680297851562, 0.046541884541511536, -10.360390663146973
419, 3.9581680297851562, 0.046541884541511536, -10.360390663146973
420, 3.9581680297851562, 0.046541884541511536, -10.360390663146973
421, 3.9581680297851562, 0.046541884541511536, -10.360390663146973
422, 3.9581680297851562, 0.046541884541511536, -10.360390663146973
423, 3.963792324066162, 0.046541884541511536, -10.502567291259766
424, 3.963792324066162, 0.046541884541511536, -10.502567291259766
425, 3.963792324066162, 0.046541884541511536, -10.502567291259766
426, 3.963792324066162, 0.046541884541511536, -10.502567291259766
427, 3.7139878273010254, 0.046541884541511536, -10.512449264526367
428, 3.4641833305358887, 0.046541884541511536, -10.522331237792969
429, 3.214378833770752, 0.046541884541511536, -10.53221321105957
430, 2.9645743370056152, 0.046541884541511536, -10.542095184326172
431, 2.9569413661956787, 0.046541884541511536, -10.542397499084473
432, 2.9569413661956787, 0.046541884541511536, -10.542397499084473
433, 2.7356631755828857, 0.046541884541511536, -10.426053047180176
434, 2.7356631755828857, 0.046541884541511536, -10.426053047180176
435, 2.7356631755828857, 0.046541884541511536, -10.426053047180176
436, 2.524763345718384, 0.046541884541511536, -10.559199333190918
437, 2.524763345718384, 0.046541884541511536, -10.559199333190918
438, 2.524763345718384, 0.046541884541511536, -10.559199333190918
439, 2.524763345718384, 0.046541884541511536, -10.559199333190918
440, 2.524763345718384, 0.046541884541511536, -10.559200286865234
441, 2.524763345718384, 0.046541884541511536, -10.559200286865234
442, 2.524763345718384, 0.046541884541511536, -10.559200286865234
443, 2.524763345718384, 0.046541884541511536, -10.559200286865234
444, 2.524763345718384, 0.046541884541511536, -10.559200286865234
445, 2.524763345718384, 0.046541884541511536, -10.559200286865234
446, 2.524763345718384, 0.046541884541511536, -10.559200286865234
447, 3.1261494159698486, 0.046541884541511536, -6.735013961791992
