1, 7.165736198425293, -0.5355252027511597, -0.24784652888774872
2, 7.165736198425293, -0.5355252027511597, -0.24784652888774872
3, 7.165736198425293, -0.5355252027511597, -0.24784652888774872
4, 7.165736198425293, -0.5355252027511597, -0.24784652888774872
5, 7.165736198425293, -0.5355252027511597, -0.24784652888774872
6, 7.165736198425293, -0.5355252027511597, -0.24784652888774872
7, 7.165736198425293, -0.5355252027511597, -0.24784652888774872
8, 7.165736198425293, -0.5355252027511597, -0.24784652888774872
9, 7.165736198425293, -0.5355252027511597, -0.24784652888774872
10, 7.165736198425293, -0.5355252027511597, -0.24784652888774872
11, 7.165736198425293, -0.5355252027511597, -0.24784652888774872
12, 7.165736198425293, -0.5355252027511597, -0.24784652888774872
13, 7.165736198425293, -0.5355252027511597, -0.24784652888774872
14, 7.165736198425293, -0.5355252027511597, -0.24784652888774872
15, 7.165736198425293, -0.5355252027511597, -0.24784652888774872
16, 7.165736198425293, -0.5355252027511597, -0.24784652888774872
17, 7.165736198425293, -0.5355252027511597, -0.24784652888774872
18, 7.1747307777404785, -0.5355252027511597, 0.001991644501686096
19, 7.183725357055664, -0.5355252027511597, 0.2518298029899597
20, 7.19271993637085, -0.5355252027511597, 0.5016679763793945
21, 7.201714515686035, -0.5355252027511597, 0.7515061497688293
22, 7.210709095001221, -0.5355252027511597, 1.0013443231582642
23, 7.219703674316406, -0.5355252027511597, 1.2511825561523438
24, 7.228698253631592, -0.5355252027511597, 1.5010206699371338
25, 7.228698253631592, -0.5355252027511597, 1.5010206699371338
26, 7.111568450927734, -0.5355252027511597, 1.7218841314315796
27, 7.111568450927734, -0.5355252027511597, 1.7218841314315796
28, 7.111568450927734, -0.5355252027511597, 1.7218841314315796
29, 7.111568450927734, -0.5355252027511597, 1.7218841314315796
30, 6.899699687957764, -0.5355252027511597, 1.8545925617218018
31, 6.899699687957764, -0.5355252027511597, 1.8545925617218018
32, 6.782569885253906, -0.5355252027511597, 2.075455904006958
33, 6.665440082550049, -0.5355252027511597, 2.2963192462921143
34, 6.548310279846191, -0.5355252027511597, 2.5171825885772705
35, 6.548310279846191, -0.5355252027511597, 2.5171825885772705
36, 6.557304859161377, -0.5355252027511597, 2.7670207023620605
37, 6.557304859161377, -0.5355252027511597, 2.7670207023620605
38, 6.4401750564575195, -0.5355252027511597, 2.987884044647217
39, 6.323045253753662, -0.5355252027511597, 3.208747386932373
40, 6.323045253753662, -0.5355252027511597, 3.208747386932373
41, 6.323045253753662, -0.5355252027511597, 3.208747386932373
42, 6.205915451049805, -0.5355252027511597, 3.4296107292175293
43, 6.205915451049805, -0.5355252027511597, 3.4296107292175293
44, 6.21491003036499, -0.5355252027511597, 3.6794488430023193
45, 6.223904609680176, -0.5355252027511597, 3.9292869567871094
46, 6.232899188995361, -0.5355252027511597, 4.1791253089904785
47, 6.241893768310547, -0.5355252027511597, 4.428963661193848
48, 6.250888347625732, -0.5355252027511597, 4.678802013397217
49, 6.259882926940918, -0.5355252027511597, 4.928640365600586
50, 6.259882926940918, -0.5355252027511597, 4.928640365600586
51, 6.259882926940918, -0.5355252027511597, 4.928640365600586
52, 6.259882926940918, -0.5355252027511597, 4.928640365600586
53, 6.259882926940918, -0.5355252027511597, 4.928640365600586
54, 6.259882926940918, -0.5355252027511597, 4.928640365600586
55, 6.259882926940918, -0.5355252027511597, 4.928640365600586
56, 6.259882926940918, -0.5355252027511597, 4.928640365600586
57, 6.259882926940918, -0.5355252027511597, 4.928640365600586
58, 6.259882926940918, -0.5355252027511597, 4.928640365600586
59, 6.259882926940918, -0.5355252027511597, 4.928640365600586
60, 6.259882926940918, -0.5355252027511597, 4.928640365600586
61, 6.259882926940918, -0.5355252027511597, 4.928640365600586
62, 6.250888347625732, -0.5355252027511597, 4.678802013397217
63, 6.241893768310547, -0.5355252027511597, 4.428963661193848
64, 6.232899188995361, -0.5355252027511597, 4.1791253089904785
65, 6.223904609680176, -0.5355252027511597, 3.9292871952056885
66, 6.223904609680176, -0.5355252027511597, 3.9292871952056885
67, 6.223904609680176, -0.5355252027511597, 3.9292871952056885
68, 6.21491003036499, -0.5355252027511597, 3.6794490814208984
69, 6.21491003036499, -0.5355252027511597, 3.6794490814208984
70, 6.0822014808654785, -0.5355252027511597, 3.4675800800323486
71, 6.0822014808654785, -0.5355252027511597, 3.4675800800323486
72, 5.861338138580322, -0.5355252027511597, 3.3504505157470703
73, 5.861338138580322, -0.5355252027511597, 3.3504505157470703
74, 5.611499786376953, -0.5355252027511597, 3.359445095062256
75, 5.611499786376953, -0.5355252027511597, 3.359445095062256
76, 5.611499786376953, -0.5355252027511597, 3.359445095062256
77, 5.611499786376953, -0.5355252027511597, 3.359445095062256
78, 5.611499786376953, -0.5355252027511597, 3.359445095062256
79, 5.611499786376953, -0.5355252027511597, 3.359445095062256
80, 5.832363128662109, -0.5355252027511597, 3.4765748977661133
81, 5.832363128662109, -0.5355252027511597, 3.4765748977661133
82, 6.0822014808654785, -0.5355252027511597, 3.467580556869507
83, 6.332039833068848, -0.5355252027511597, 3.4585862159729004
84, 6.332039833068848, -0.5355252027511597, 3.4585862159729004
85, 6.332039833068848, -0.5355252027511597, 3.4585862159729004
86, 6.449169635772705, -0.5355252027511597, 3.237722873687744
87, 6.5662994384765625, -0.5355252027511597, 3.016859531402588
88, 6.5662994384765625, -0.5355252027511597, 3.016859531402588
89, 6.5662994384765625, -0.5355252027511597, 3.016859531402588
90, 6.5662994384765625, -0.5355252027511597, 3.016859531402588
91, 6.5662994384765625, -0.5355252027511597, 3.016859531402588
92, 6.5662994384765625, -0.5355252027511597, 3.016859531402588
93, 6.5662994384765625, -0.5355252027511597, 3.016859531402588
94, 6.449169635772705, -0.5355252027511597, 3.237722873687744
95, 6.332039833068848, -0.5355252027511597, 3.4585862159729004
96, 6.332039833068848, -0.5355252027511597, 3.4585862159729004
97, 6.332039833068848, -0.5355252027511597, 3.4585862159729004
98, 6.332039833068848, -0.5355252027511597, 3.4585862159729004
99, 6.332039833068848, -0.5355252027511597, 3.4585862159729004
100, 6.581878185272217, -0.5355252027511597, 3.449591875076294
101, 6.831716537475586, -0.5355252027511597, 3.4405975341796875
102, 7.081554889678955, -0.5355252027511597, 3.431603193283081
103, 7.331393241882324, -0.5355252027511597, 3.4226088523864746
104, 7.331393241882324, -0.5355252027511597, 3.4226088523864746
105, 7.331393241882324, -0.5355252027511597, 3.4226088523864746
106, 7.331393241882324, -0.5355252027511597, 3.4226088523864746
107, 7.331393241882324, -0.5355252027511597, 3.4226088523864746
108, 7.331393241882324, -0.5355252027511597, 3.4226088523864746
109, 7.331393241882324, -0.5355252027511597, 3.4226088523864746
110, 7.081554889678955, -0.5355252027511597, 3.43160343170166
111, 6.831716537475586, -0.5355252027511597, 3.4405980110168457
112, 6.581878185272217, -0.5355252027511597, 3.4495925903320312
113, 6.332039833068848, -0.5355252027511597, 3.458587169647217
114, 6.0822014808654785, -0.5355252027511597, 3.4675817489624023
115, 5.832363128662109, -0.5355252027511597, 3.476576328277588
116, 5.58252477645874, -0.5355252027511597, 3.4855709075927734
117, 5.332686424255371, -0.5355252027511597, 3.494565486907959
118, 5.332686424255371, -0.5355252027511597, 3.494565486907959
119, 5.111823081970215, -0.5355252027511597, 3.3774359226226807
120, 4.890959739685059, -0.5355252027511597, 3.2603063583374023
121, 4.670096397399902, -0.5355252027511597, 3.143176794052124
122, 4.670096397399902, -0.5355252027511597, 3.143176794052124
123, 4.670096397399902, -0.5355252027511597, 3.143176794052124
124, 4.449233055114746, -0.5355252027511597, 3.0260472297668457
125, 4.449233055114746, -0.5355252027511597, 3.0260472297668457
126, 4.199394702911377, -0.5355252027511597, 3.0350418090820312
127, 3.949556589126587, -0.5355252027511597, 3.044036388397217
128, 3.949556589126587, -0.5355252027511597, 3.044036388397217
129, 3.737687587738037, -0.5355252027511597, 3.1767449378967285
130, 3.737687587738037, -0.5355252027511597, 3.1767449378967285
131, 3.487849473953247, -0.5355252027511597, 3.185739517211914
132, 3.238011360168457, -0.5355252027511597, 3.1947340965270996
133, 2.988173246383667, -0.5355252027511597, 3.203728675842285
134, 2.988173246383667, -0.5355252027511597, 3.203728675842285
135, 2.988173246383667, -0.5355252027511597, 3.203728675842285
136, 2.988173246383667, -0.5355252027511597, 3.203728675842285
137, 2.988173246383667, -0.5355252027511597, 3.203728675842285
138, 3.1208817958831787, -0.5355252027511597, 3.415597677230835
139, 3.1208817958831787, -0.5355252027511597, 3.415597677230835
140, 3.1208817958831787, -0.5355252027511597, 3.415597677230835
141, 3.1208817958831787, -0.5355252027511597, 3.415597677230835
142, 3.1208817958831787, -0.5355252027511597, 3.415597677230835
143, 2.8710436820983887, -0.5355252027511597, 3.4245920181274414
144, 2.6212055683135986, -0.5355252027511597, 3.433586597442627
145, 2.6212055683135986, -0.5355252027511597, 3.433586597442627
146, 2.409336566925049, -0.5355252027511597, 3.5662951469421387
147, 2.409336566925049, -0.5355252027511597, 3.5662951469421387
148, 2.409336566925049, -0.5355252027511597, 3.5662951469421387
149, 2.197467565536499, -0.5355252027511597, 3.6990036964416504
150, 2.197467565536499, -0.5355252027511597, 3.6990036964416504
151, 2.197467565536499, -0.5355252027511597, 3.6990036964416504
152, 2.197467565536499, -0.5355252027511597, 3.6990036964416504
153, 2.197467565536499, -0.5355252027511597, 3.6990036964416504
154, 1.9766041040420532, -0.5355252027511597, 3.581874132156372
155, 1.9766041040420532, -0.5355252027511597, 3.581874132156372
156, 1.9766041040420532, -0.5355252027511597, 3.581874132156372
157, 1.9766041040420532, -0.5355252027511597, 3.581874132156372
158, 1.9766041040420532, -0.5355252027511597, 3.581874132156372
159, 2.1884729862213135, -0.5355252027511597, 3.4491655826568604
160, 2.1884729862213135, -0.5355252027511597, 3.4491655826568604
161, 2.4383111000061035, -0.5355252027511597, 3.440171241760254
162, 2.6881492137908936, -0.5355252027511597, 3.4311769008636475
163, 2.9379873275756836, -0.5355252027511597, 3.422182559967041
164, 3.1878254413604736, -0.5355252027511597, 3.4131882190704346
165, 3.4376635551452637, -0.5355252027511597, 3.404193878173828
166, 3.6875016689300537, -0.5355252027511597, 3.3951995372772217
167, 3.9373397827148438, -0.5355252027511597, 3.3862051963806152
168, 4.187178134918213, -0.5355252027511597, 3.377210855484009
169, 4.437016487121582, -0.5355252027511597, 3.3682165145874023
170, 4.686854839324951, -0.5355252027511597, 3.359222173690796
171, 4.93669319152832, -0.5355252027511597, 3.3502278327941895
172, 5.1865315437316895, -0.5355252027511597, 3.341233491897583
173, 5.436369895935059, -0.5355252027511597, 3.3322391510009766
174, 5.686208248138428, -0.5355252027511597, 3.32324481010437
175, 5.936046600341797, -0.5355252027511597, 3.3142504692077637
176, 6.185884952545166, -0.5355252027511597, 3.3052561283111572
177, 6.435723304748535, -0.5355252027511597, 3.296261787414551
178, 6.685561656951904, -0.5355252027511597, 3.2872674465179443
179, 6.935400009155273, -0.5355252027511597, 3.278273105621338
180, 7.185238361358643, -0.5355252027511597, 3.2692787647247314
181, 7.185238361358643, -0.5355252027511597, 3.2692787647247314
182, 7.406101703643799, -0.5355252027511597, 3.3864083290100098
183, 7.626965045928955, -0.5355252027511597, 3.503538131713867
184, 7.626965045928955, -0.5355252027511597, 3.503538131713867
185, 7.626965045928955, -0.5355252027511597, 3.503538131713867
186, 7.626965045928955, -0.5355252027511597, 3.503538131713867
187, 7.626965045928955, -0.5355252027511597, 3.503538131713867
188, 7.626965045928955, -0.5355252027511597, 3.503538131713867
189, 7.517056941986084, -0.5355252027511597, 3.5074949264526367
190, 7.517056941986084, -0.5355252027511597, 3.5074949264526367
191, 7.517056941986084, -0.5355252027511597, 3.5074949264526367
192, 7.517056941986084, -0.5355252027511597, 3.5074949264526367
193, 7.517056941986084, -0.5355252027511597, 3.5074949264526367
194, 7.384348392486572, -0.5355252027511597, 3.295625925064087
195, 7.384348392486572, -0.5355252027511597, 3.295625925064087
196, 7.163485050201416, -0.5355252027511597, 3.1784963607788086
197, 7.163485050201416, -0.5355252027511597, 3.1784963607788086
198, 6.913646697998047, -0.5355252027511597, 3.187490940093994
199, 6.663808345794678, -0.5355252027511597, 3.1964855194091797
200, 6.413969993591309, -0.5355252027511597, 3.2054800987243652
201, 6.1641316413879395, -0.5355252027511597, 3.214474678039551
202, 5.91429328918457, -0.5355252027511597, 3.2234692573547363
203, 5.664454936981201, -0.5355252027511597, 3.232463836669922
204, 5.414616584777832, -0.5355252027511597, 3.2414584159851074
205, 5.164778232574463, -0.5355252027511597, 3.250452995300293
206, 4.914939880371094, -0.5355252027511597, 3.2594475746154785
207, 4.665101528167725, -0.5355252027511597, 3.268442153930664
208, 4.665101528167725, -0.5355252027511597, 3.268442153930664
209, 4.665101528167725, -0.5355252027511597, 3.268442153930664
210, 4.4152631759643555, -0.5355252027511597, 3.2774367332458496
211, 4.165424823760986, -0.5355252027511597, 3.286431312561035
212, 3.9155867099761963, -0.5355252027511597, 3.2954258918762207
213, 3.6657485961914062, -0.5355252027511597, 3.3044204711914062
214, 3.415910482406616, -0.5355252027511597, 3.313415050506592
215, 3.166072368621826, -0.5355252027511597, 3.3224096298217773
216, 2.916234254837036, -0.5355252027511597, 3.331404209136963
217, 2.916234254837036, -0.5355252027511597, 3.331404209136963
218, 2.69537091255188, -0.5355252027511597, 3.2142746448516846
219, 2.4745075702667236, -0.5355252027511597, 3.0971450805664062
220, 2.4745075702667236, -0.5355252027511597, 3.0971450805664062
221, 2.341799020767212, -0.5355252027511597, 2.8852760791778564
222, 2.341799020767212, -0.5355252027511597, 2.8852760791778564
223, 2.3328046798706055, -0.5355252027511597, 2.6354379653930664
224, 2.323810338973999, -0.5355252027511597, 2.3855998516082764
225, 2.3148159980773926, -0.5355252027511597, 2.1357617378234863
226, 2.305821657180786, -0.5355252027511597, 1.8859236240386963
227, 2.2968273162841797, -0.5355252027511597, 1.6360855102539062
228, 2.2878329753875732, -0.5355252027511597, 1.3862473964691162
229, 2.278838634490967, -0.5355252027511597, 1.1364092826843262
230, 2.278838634490967, -0.5355252027511597, 1.1364092826843262
231, 2.278838634490967, -0.5355252027511597, 1.1364092826843262
232, 0.8721863031387329, -0.5355252027511597, 4.507651329040527
