1, 0.10125064849853516, 0.07216382026672363, 5.4351043701171875
2, 0.10125064849853516, 0.07216382026672363, 5.4351043701171875
3, 0.10125064849853516, 0.07216382026672363, 5.4351043701171875
4, 0.10125064849853516, 0.07216382026672363, 5.4351043701171875
5, 0.10125064849853516, 0.07216382026672363, 5.4351043701171875
6, 0.10125064849853516, 0.07216382026672363, 5.4351043701171875
7, 0.10125064849853516, 0.07216382026672363, 5.4351043701171875
8, 0.10125064849853516, 0.07216382026672363, 5.4351043701171875
9, 0.10125064849853516, 0.07216382026672363, 5.4351043701171875
10, 0.10125064849853516, 0.07216382026672363, 5.4351043701171875
11, 0.10125064849853516, 0.07216382026672363, 5.4351043701171875
12, 0.10125064849853516, 0.07216382026672363, 5.4351043701171875
13, 0.12633484601974487, 0.07216382026672363, 5.683842658996582
14, 0.1514190435409546, 0.07216382026672363, 5.932580947875977
15, 0.1514190435409546, 0.07216382026672363, 5.932580947875977
16, 0.04877340793609619, 0.07216382026672363, 6.160536766052246
17, -0.05387222766876221, 0.07216382026672363, 6.388492584228516
18, -0.1565178632736206, 0.07216382026672363, 6.616448402404785
19, -0.259163498878479, 0.07216382026672363, 6.844404220581055
20, -0.259163498878479, 0.07216382026672363, 6.844404220581055
21, -0.4620351493358612, 0.07216382026672363, 6.99049711227417
22, -0.4620351493358612, 0.07216382026672363, 6.99049711227417
23, -0.7107735872268677, 0.07216382026672363, 7.015581130981445
24, -0.9595119953155518, 0.07216382026672363, 7.040665149688721
25, -1.2082504034042358, 0.07216382026672363, 7.065749168395996
26, -1.45698881149292, 0.07216382026672363, 7.0908331871032715
27, -1.45698881149292, 0.07216382026672363, 7.0908331871032715
28, -1.6849446296691895, 0.07216382026672363, 6.988187789916992
29, -1.912900447845459, 0.07216382026672363, 6.885541915893555
30, -2.1408562660217285, 0.07216382026672363, 6.782896041870117
31, -2.368812084197998, 0.07216382026672363, 6.68025016784668
32, -2.368812084197998, 0.07216382026672363, 6.68025016784668
33, -2.368812084197998, 0.07216382026672363, 6.68025016784668
34, -2.3938963413238525, 0.07216382026672363, 6.431511878967285
35, -2.418980598449707, 0.07216382026672363, 6.182773590087891
36, -2.418980598449707, 0.07216382026672363, 6.182773590087891
37, -2.565073251724243, 0.07216382026672363, 5.9799017906188965
38, -2.7111659049987793, 0.07216382026672363, 5.777029991149902
39, -2.8572585582733154, 0.07216382026672363, 5.574158191680908
40, -2.8572585582733154, 0.07216382026672363, 5.574158191680908
41, -3.085214376449585, 0.07216382026672363, 5.471512794494629
42, -3.3131701946258545, 0.07216382026672363, 5.368866920471191
43, -3.541126012802124, 0.07216382026672363, 5.266221046447754
44, -3.7690818309783936, 0.07216382026672363, 5.163575172424316
45, -3.997037649154663, 0.07216382026672363, 5.060929298400879
46, -4.224993705749512, 0.07216382026672363, 4.958283424377441
47, -4.452949523925781, 0.07216382026672363, 4.855637550354004
48, -4.452949523925781, 0.07216382026672363, 4.855637550354004
49, -4.701687812805176, 0.07216382026672363, 4.880721569061279
50, -4.95042610168457, 0.07216382026672363, 4.905805587768555
51, -5.199164390563965, 0.07216382026672363, 4.93088960647583
52, -5.447902679443359, 0.07216382026672363, 4.9559736251831055
53, -5.696640968322754, 0.07216382026672363, 4.981057643890381
54, -5.696640968322754, 0.07216382026672363, 4.981057643890381
55, -5.899512767791748, 0.07216382026672363, 5.127150535583496
56, -6.102384567260742, 0.07216382026672363, 5.273243427276611
57, -4.511305332183838, 3.0721640586853027, 1.1899654865264893
