1, -13.873106002807617, 2.8048131465911865, -11.528702735900879
2, -13.873106002807617, 2.8048131465911865, -11.528702735900879
3, -13.873106002807617, 2.8048131465911865, -11.528702735900879
4, -13.873106002807617, 2.8048131465911865, -11.528702735900879
5, -13.873106002807617, 2.8048131465911865, -11.528702735900879
6, -13.873106002807617, 2.8048131465911865, -11.528702735900879
7, -13.873106002807617, 2.8048131465911865, -11.528702735900879
8, -13.873106002807617, 2.8048131465911865, -11.528702735900879
9, -13.873106002807617, 2.8048131465911865, -11.528702735900879
10, -13.873106002807617, 2.8048131465911865, -11.528702735900879
11, -13.873106002807617, 2.8048131465911865, -11.528702735900879
12, -13.873106002807617, 2.8048131465911865, -11.528702735900879
13, -14.059958457946777, 2.8048131465911865, -11.694793701171875
14, -14.059958457946777, 2.8048131465911865, -11.694793701171875
15, -14.30482292175293, 2.8048131465911865, -11.745206832885742
16, -14.30482292175293, 2.8048131465911865, -11.745206832885742
17, -14.30482292175293, 2.8048131465911865, -11.745206832885742
18, -14.470913887023926, 2.8048131465911865, -11.558354377746582
19, -14.637004852294922, 2.8048131465911865, -11.371501922607422
20, -14.637004852294922, 2.8048131465911865, -11.371501922607422
21, -14.687417984008789, 2.8048131465911865, -11.12663745880127
22, -14.737831115722656, 2.8048131465911865, -10.881772994995117
23, -14.788244247436523, 2.8048131465911865, -10.636908531188965
24, -14.788244247436523, 2.8048131465911865, -10.636908531188965
25, -14.788244247436523, 2.8048131465911865, -10.636908531188965
26, -14.788244247436523, 2.8048131465911865, -10.636908531188965
27, -14.788244247436523, 2.8048131465911865, -10.636908531188965
28, -14.788244247436523, 2.8048131465911865, -10.636908531188965
29, -14.788244247436523, 2.8048131465911865, -10.636908531188965
30, -14.788244247436523, 2.8048131465911865, -10.636908531188965
31, -14.788244247436523, 2.8048131465911865, -10.636908531188965
32, -14.737831115722656, 2.8048131465911865, -10.881772994995117
33, -14.687417984008789, 2.8048131465911865, -11.12663745880127
34, -14.687417984008789, 2.8048131465911865, -11.12663745880127
35, -14.521327018737793, 2.8048131465911865, -11.31348991394043
36, -14.521327018737793, 2.8048131465911865, -11.31348991394043
37, -14.284061431884766, 2.8048131465911865, -11.392263412475586
38, -14.046795845031738, 2.8048131465911865, -11.471036911010742
39, -14.046795845031738, 2.8048131465911865, -11.471036911010742
40, -13.801931381225586, 2.8048131465911865, -11.420623779296875
41, -13.557066917419434, 2.8048131465911865, -11.370210647583008
42, -13.312202453613281, 2.8048131465911865, -11.31979751586914
43, -13.067337989807129, 2.8048131465911865, -11.269384384155273
44, -12.822473526000977, 2.8048131465911865, -11.218971252441406
45, -12.822473526000977, 2.8048131465911865, -11.218971252441406
46, -12.635621070861816, 2.8048131465911865, -11.05288028717041
47, -12.635621070861816, 2.8048131465911865, -11.05288028717041
48, -12.55684757232666, 2.8048131465911865, -10.815614700317383
49, -12.478074073791504, 2.8048131465911865, -10.578349113464355
50, -15.554529190063477, 2.8048131465911865, 2.0907866954803467
