1, 0.8174020051956177, 0.07754743099212646, 3.5271856784820557
2, 0.8174020051956177, 0.07754743099212646, 3.5271856784820557
3, 0.8174020051956177, 0.07754743099212646, 3.5271856784820557
4, 0.8174020051956177, 0.07754743099212646, 3.5271856784820557
5, 0.8174020051956177, 0.07754743099212646, 3.5271856784820557
6, 0.8174020051956177, 0.07754743099212646, 3.5271856784820557
7, 0.8174020051956177, 0.07754743099212646, 3.5271856784820557
8, 0.8174020051956177, 0.07754743099212646, 3.5271856784820557
9, 0.8174020051956177, 0.07754743099212646, 3.5271856784820557
10, 0.8174020051956177, 0.07754743099212646, 3.5271856784820557
11, 0.8174020051956177, 0.07754743099212646, 3.5271856784820557
12, 0.8174020051956177, 0.07754743099212646, 3.5271856784820557
13, 0.5674021244049072, 0.07754743099212646, 3.527432918548584
14, 0.3174022436141968, 0.07754743099212646, 3.5276801586151123
15, 0.3174022436141968, 0.07754743099212646, 3.5276801586151123
16, 0.3174022436141968, 0.07754743099212646, 3.5276801586151123
17, 0.19218821823596954, 0.07754743099212646, 3.3112974166870117
18, 0.19218821823596954, 0.07754743099212646, 3.3112974166870117
19, 0.1919410228729248, 0.07754743099212646, 3.0612974166870117
20, 0.19169382750988007, 0.07754743099212646, 2.8112974166870117
21, 0.19144663214683533, 0.07754743099212646, 2.5612974166870117
22, 0.1911994367837906, 0.07754743099212646, 2.3112974166870117
23, 0.19095224142074585, 0.07754743099212646, 2.0612974166870117
24, 0.1907050460577011, 0.07754743099212646, 1.8112975358963013
25, 0.19045785069465637, 0.07754743099212646, 1.5612976551055908
26, 0.19021065533161163, 0.07754743099212646, 1.3112977743148804
27, 0.1899634599685669, 0.07754743099212646, 1.06129789352417
28, 0.1899634599685669, 0.07754743099212646, 1.06129789352417
29, 0.1899634599685669, 0.07754743099212646, 1.06129789352417
30, 0.1899634599685669, 0.07754743099212646, 1.06129789352417
31, 0.3147493302822113, 0.07754743099212646, 0.8446680307388306
32, 0.3147493302822113, 0.07754743099212646, 0.8446680307388306
33, 0.3147493302822113, 0.07754743099212646, 0.8446680307388306
34, 0.4395352005958557, 0.07754743099212646, 0.6280381679534912
35, 0.4395352005958557, 0.07754743099212646, 0.6280381679534912
36, 0.43928802013397217, 0.07754743099212646, 0.37803828716278076
37, 0.4390408396720886, 0.07754743099212646, 0.1280384063720703
38, 0.4387936592102051, 0.07754743099212646, -0.12196147441864014
39, 0.43854647874832153, 0.07754743099212646, -0.3719613552093506
40, 0.438299298286438, 0.07754743099212646, -0.621961236000061
41, 0.43805211782455444, 0.07754743099212646, -0.8719611167907715
42, 0.43805211782455444, 0.07754743099212646, -0.8719611167907715
43, 0.5628379583358765, 0.07754743099212646, -1.0885909795761108
44, 0.6174020767211914, 0.07754743099212646, -1.1833149194717407
45, 0.6174020767211914, 0.07754743099212646, -1.1833149194717407
46, 0.6171548962593079, 0.07754743099212646, -1.4333148002624512
47, 0.6171548962593079, 0.07754743099212646, -1.4333148002624512
48, 0.6171548962593079, 0.07754743099212646, -1.4333148002624512
49, 0.6171548962593079, 0.07754743099212646, -1.4333148002624512
50, 0.6171548962593079, 0.07754743099212646, -1.4333148002624512
51, 0.6171548962593079, 0.07754743099212646, -1.4333148002624512
52, 0.6171548962593079, 0.07754743099212646, -1.4333148002624512
53, 0.6171548962593079, 0.07754743099212646, -1.4333148002624512
54, 0.6171548962593079, 0.07754743099212646, -1.4333148002624512
55, 0.6171548962593079, 0.07754743099212646, -1.4333148002624512
56, 0.6171548962593079, 0.07754743099212646, -1.4333148002624512
57, 0.6171548962593079, 0.07754743099212646, -1.4333148002624512
58, 0.6171548962593079, 0.07754743099212646, -1.4333148002624512
59, 0.6171548962593079, 0.07754743099212646, -1.4333148002624512
60, 0.6171548962593079, 0.07754743099212646, -1.4333148002624512
61, 0.6171548962593079, 0.07754743099212646, -1.4333148002624512
62, 0.6171548962593079, 0.07754743099212646, -1.4333148002624512
63, 0.6171548962593079, 0.07754743099212646, -1.4333148002624512
64, 0.4923689663410187, 0.07754743099212646, -1.2166849374771118
65, 0.3675830364227295, 0.07754743099212646, -1.0000550746917725
66, 0.3675830364227295, 0.07754743099212646, -1.0000550746917725
67, 0.36783015727996826, 0.07754743099212646, -0.750055193901062
68, 0.36783015727996826, 0.07754743099212646, -0.750055193901062
69, 0.4930441081523895, 0.07754743099212646, -0.5336725115776062
70, 0.6182580590248108, 0.07754743099212646, -0.3172898292541504
71, 0.7434719800949097, 0.07754743099212646, -0.10090714693069458
72, 0.8686859607696533, 0.07754743099212646, 0.11547553539276123
73, 0.993899941444397, 0.07754743099212646, 0.33185821771621704
74, 1.1191139221191406, 0.07754743099212646, 0.5482409000396729
75, 1.2443279027938843, 0.07754743099212646, 0.7646235823631287
76, 1.369541883468628, 0.07754743099212646, 0.9810062646865845
77, 1.369541883468628, 0.07754743099212646, 0.9810062646865845
78, 1.5861717462539673, 0.07754743099212646, 1.1057922840118408
79, 1.8028016090393066, 0.07754743099212646, 1.2305781841278076
80, 2.0194313526153564, 0.07754743099212646, 1.3553640842437744
81, 2.2360610961914062, 0.07754743099212646, 1.4801499843597412
82, 2.2360610961914062, 0.07754743099212646, 1.4801499843597412
83, 2.3612751960754395, 0.07754743099212646, 1.6965327262878418
84, 2.4864892959594727, 0.07754743099212646, 1.9129154682159424
85, 2.4864892959594727, 0.07754743099212646, 1.9129154682159424
86, 2.486736536026001, 0.07754743099212646, 2.1629152297973633
87, 2.4869837760925293, 0.07754743099212646, 2.4129152297973633
88, 2.4872310161590576, 0.07754743099212646, 2.6629152297973633
89, 2.487478256225586, 0.07754743099212646, 2.9129152297973633
90, 2.487478256225586, 0.07754743099212646, 2.9129152297973633
91, 2.61269211769104, 0.07754743099212646, 3.129297971725464
92, 2.629940986633301, 0.07754743099212646, 3.1591057777404785
93, 2.629940986633301, 0.07754743099212646, 3.1591057777404785
94, 2.629940986633301, 0.07754743099212646, 3.1591057777404785
95, 2.629940986633301, 0.07754743099212646, 3.1591057777404785
96, 2.629940986633301, 0.07754743099212646, 3.1591057777404785
97, 2.629940986633301, 0.07754743099212646, 3.1591057777404785
98, 2.505155086517334, 0.07754743099212646, 3.3757355213165283
99, 2.505155086517334, 0.07754743099212646, 3.3757355213165283
100, 2.505155086517334, 0.07754743099212646, 3.3757355213165283
101, 2.630368947982788, 0.07754743099212646, 3.592118263244629
102, 2.755582809448242, 0.07754743099212646, 3.8085010051727295
103, 2.755582809448242, 0.07754743099212646, 3.8085010051727295
104, 2.972212553024292, 0.07754743099212646, 3.9332869052886963
105, 2.972212553024292, 0.07754743099212646, 3.9332869052886963
106, 2.972212553024292, 0.07754743099212646, 3.9332869052886963
107, 2.972212553024292, 0.07754743099212646, 3.9332869052886963
108, 2.972212553024292, 0.07754743099212646, 3.9332869052886963
109, 2.972212553024292, 0.07754743099212646, 3.9332869052886963
110, 2.972212553024292, 0.07754743099212646, 3.9332869052886963
111, 2.972212553024292, 0.07754743099212646, 3.9332869052886963
112, 2.972212553024292, 0.07754743099212646, 3.9332869052886963
113, 2.755582809448242, 0.07754743099212646, 3.8085010051727295
114, 2.755582809448242, 0.07754743099212646, 3.8085010051727295
115, 2.630368709564209, 0.07754743099212646, 3.592118263244629
116, 2.505154609680176, 0.07754743099212646, 3.3757355213165283
117, 2.505154609680176, 0.07754743099212646, 3.3757355213165283
118, 2.5049073696136475, 0.07754743099212646, 3.1257357597351074
119, 2.504660129547119, 0.07754743099212646, 2.8757357597351074
120, 2.504412889480591, 0.07754743099212646, 2.6257357597351074
121, 2.5041656494140625, 0.07754743099212646, 2.3757357597351074
122, 2.5041656494140625, 0.07754743099212646, 2.3757357597351074
123, 2.6289515495300293, 0.07754743099212646, 2.1591060161590576
124, 2.753737449645996, 0.07754743099212646, 1.9424762725830078
125, 2.878523349761963, 0.07754743099212646, 1.725846529006958
126, 3.0033092498779297, 0.07754743099212646, 1.5092167854309082
127, 3.0033092498779297, 0.07754743099212646, 1.5092167854309082
128, 3.0033092498779297, 0.07754743099212646, 1.5092167854309082
129, 3.0033092498779297, 0.07754743099212646, 1.5092167854309082
130, 3.2196919918060303, 0.07754743099212646, 1.3840028047561646
131, 3.436074733734131, 0.07754743099212646, 1.258788824081421
132, 3.436074733734131, 0.07754743099212646, 1.258788824081421
133, 3.686074733734131, 0.07754743099212646, 1.2585417032241821
134, 3.686074733734131, 0.07754743099212646, 1.2585417032241821
135, 3.9027044773101807, 0.07754743099212646, 1.3833277225494385
136, 8.54043197631836, 0.07754743099212646, 1.0249860286712646
