1, 3.1261494159698486, 0.046541884541511536, -6.735013961791992
2, 3.1261494159698486, 0.046541884541511536, -6.735013961791992
3, 3.1261494159698486, 0.046541884541511536, -6.735013961791992
4, 3.1261494159698486, 0.046541884541511536, -6.735013961791992
5, 3.1261494159698486, 0.046541884541511536, -6.735013961791992
6, 3.1261494159698486, 0.046541884541511536, -6.735013961791992
7, 3.1261494159698486, 0.046541884541511536, -6.735013961791992
8, 3.1261494159698486, 0.046541884541511536, -6.735013961791992
9, 3.1261494159698486, 0.046541884541511536, -6.735013961791992
10, 3.1261494159698486, 0.046541884541511536, -6.735013961791992
11, 3.1261494159698486, 0.046541884541511536, -6.735013961791992
12, 3.1261494159698486, 0.046541884541511536, -6.735013961791992
13, 3.3756721019744873, 0.046541884541511536, -6.750453948974609
14, 3.625194787979126, 0.046541884541511536, -6.765893936157227
15, 3.8747174739837646, 0.046541884541511536, -6.781333923339844
16, 4.124240398406982, 0.046541884541511536, -6.796773910522461
17, 4.124240398406982, 0.046541884541511536, -6.796773910522461
18, 4.124240398406982, 0.046541884541511536, -6.796773910522461
19, 4.124240398406982, 0.046541884541511536, -6.796773910522461
20, 4.124240398406982, 0.046541884541511536, -6.796773910522461
21, 4.124240398406982, 0.046541884541511536, -6.796773910522461
22, 4.1396803855896, 0.046541884541511536, -6.547251224517822
23, 4.155120372772217, 0.046541884541511536, -6.297728538513184
24, 4.170560359954834, 0.046541884541511536, -6.048205852508545
25, 4.186000347137451, 0.046541884541511536, -5.798683166503906
26, 4.201440334320068, 0.046541884541511536, -5.549160480499268
27, 4.2168803215026855, 0.046541884541511536, -5.299637794494629
28, 4.2168803215026855, 0.046541884541511536, -5.299637794494629
29, 4.105490207672119, 0.046541884541511536, -5.075824737548828
30, 3.9941000938415527, 0.046541884541511536, -4.852011680603027
31, 3.8827099800109863, 0.046541884541511536, -4.628198623657227
32, 3.77131986618042, 0.046541884541511536, -4.404385566711426
33, 3.6599297523498535, 0.046541884541511536, -4.180572509765625
34, 3.548539638519287, 0.046541884541511536, -3.956759452819824
35, 3.4371495246887207, 0.046541884541511536, -3.7329463958740234
36, 3.4371495246887207, 0.046541884541511536, -3.7329463958740234
37, 3.228776454925537, 0.046541884541511536, -3.594813585281372
38, 3.0204033851623535, 0.046541884541511536, -3.4566807746887207
39, 2.81203031539917, 0.046541884541511536, -3.3185479640960693
40, 2.6036572456359863, 0.046541884541511536, -3.180415153503418
41, 2.3952841758728027, 0.046541884541511536, -3.0422823429107666
42, 2.3952841758728027, 0.046541884541511536, -3.0422823429107666
43, 2.145761489868164, 0.046541884541511536, -3.0268423557281494
44, 1.8962386846542358, 0.046541884541511536, -3.0114023685455322
45, 1.6467158794403076, 0.046541884541511536, -2.995962381362915
46, 1.3971930742263794, 0.046541884541511536, -2.980522394180298
47, 1.1476702690124512, 0.046541884541511536, -2.9650824069976807
48, 0.898147463798523, 0.046541884541511536, -2.9496424198150635
49, 0.6486246585845947, 0.046541884541511536, -2.9342024326324463
50, 0.3991018831729889, 0.046541884541511536, -2.918762445449829
51, 0.14957910776138306, 0.046541884541511536, -2.903322458267212
52, -0.09994366765022278, 0.046541884541511536, -2.8878824710845947
53, -0.3494664430618286, 0.046541884541511536, -2.8724424839019775
54, -0.5989892482757568, 0.046541884541511536, -2.8570024967193604
55, -0.8485120534896851, 0.046541884541511536, -2.841562509536743
56, -0.8485120534896851, 0.046541884541511536, -2.841562509536743
57, -1.0723251104354858, 0.046541884541511536, -2.9529526233673096
58, -1.0723251104354858, 0.046541884541511536, -2.9529526233673096
59, -1.2104578018188477, 0.046541884541511536, -3.161325693130493
60, -1.2104578018188477, 0.046541884541511536, -3.161325693130493
61, -1.2104578018188477, 0.046541884541511536, -3.161325693130493
62, -1.2104578018188477, 0.046541884541511536, -3.161325693130493
63, -1.2104578018188477, 0.046541884541511536, -3.161325693130493
64, -1.2104578018188477, 0.046541884541511536, -3.161325693130493
65, -0.9866448044776917, 0.046541884541511536, -3.0499355792999268
66, -0.9265787601470947, 0.046541884541511536, -3.0200412273406982
67, -0.9265787601470947, 0.046541884541511536, -3.0200412273406982
68, -0.9265787601470947, 0.046541884541511536, -3.0200412273406982
69, -0.7884460687637329, 0.046541884541511536, -2.8116681575775146
70, -0.7884460687637329, 0.046541884541511536, -2.8116681575775146
71, -0.7884460687637329, 0.046541884541511536, -2.8116681575775146
72, -0.5389232635498047, 0.046541884541511536, -2.827108144760132
73, -0.28940048813819885, 0.046541884541511536, -2.842548131942749
74, -0.28940048813819885, 0.046541884541511536, -2.842548131942749
75, -0.28940048813819885, 0.046541884541511536, -2.842548131942749
76, -0.039877697825431824, 0.046541884541511536, -2.857988119125366
77, -0.039877697825431824, 0.046541884541511536, -2.857988119125366
78, -0.039877697825431824, 0.046541884541511536, -2.857988119125366
79, -0.039877697825431824, 0.046541884541511536, -2.857988119125366
80, -0.039877697825431824, 0.046541884541511536, -2.857988119125366
81, 0.2096450924873352, 0.046541884541511536, -2.8734281063079834
82, 0.2096450924873352, 0.046541884541511536, -2.8734281063079834
83, 0.4180182218551636, 0.046541884541511536, -3.0115609169006348
84, 0.4180182218551636, 0.046541884541511536, -3.0115609169006348
85, 0.6675410270690918, 0.046541884541511536, -3.027000904083252
86, 0.91706383228302, 0.046541884541511536, -3.042440891265869
87, 1.1665866374969482, 0.046541884541511536, -3.0578808784484863
88, 1.4161094427108765, 0.046541884541511536, -3.0733208656311035
89, 1.6656322479248047, 0.046541884541511536, -3.0887608528137207
90, 1.6656322479248047, 0.046541884541511536, -3.0887608528137207
91, 1.8894453048706055, 0.046541884541511536, -2.9773707389831543
92, 2.1132583618164062, 0.046541884541511536, -2.865980625152588
93, 2.1132583618164062, 0.046541884541511536, -2.865980625152588
94, 2.2513911724090576, 0.046541884541511536, -2.6576075553894043
95, 2.2513911724090576, 0.046541884541511536, -2.6576075553894043
96, 2.2513911724090576, 0.046541884541511536, -2.6576075553894043
97, 2.389523983001709, 0.046541884541511536, -2.4492344856262207
98, 2.389523983001709, 0.046541884541511536, -2.4492344856262207
99, 2.404963970184326, 0.046541884541511536, -2.199711799621582
100, 2.4204039573669434, 0.046541884541511536, -1.9501889944076538
101, 2.4358439445495605, 0.046541884541511536, -1.7006661891937256
102, 2.4512839317321777, 0.046541884541511536, -1.4511433839797974
103, 2.466723918914795, 0.046541884541511536, -1.2016205787658691
104, 2.482163906097412, 0.046541884541511536, -0.9520977735519409
105, 2.4976038932800293, 0.046541884541511536, -0.7025749683380127
106, 2.4976038932800293, 0.046541884541511536, -0.7025749683380127
107, 2.4976038932800293, 0.046541884541511536, -0.7025749683380127
108, 2.4976038932800293, 0.046541884541511536, -0.7025749683380127
109, 2.4976038932800293, 0.046541884541511536, -0.7025749683380127
110, 2.4976038932800293, 0.046541884541511536, -0.7025749683380127
111, 2.4976038932800293, 0.046541884541511536, -0.7025749683380127
112, 2.482163906097412, 0.046541884541511536, -0.9520977139472961
113, 2.466723918914795, 0.046541884541511536, -1.2016204595565796
114, 2.4512839317321777, 0.046541884541511536, -1.4511432647705078
115, 2.4358439445495605, 0.046541884541511536, -1.700666069984436
116, 2.4358439445495605, 0.046541884541511536, -1.700666069984436
117, 2.547234058380127, 0.046541884541511536, -1.9244791269302368
118, 2.6586241722106934, 0.046541884541511536, -2.148292064666748
119, 2.7700142860412598, 0.046541884541511536, -2.372105121612549
120, 2.881404399871826, 0.046541884541511536, -2.5959181785583496
121, 2.9927945137023926, 0.046541884541511536, -2.8197312355041504
122, 3.104184627532959, 0.046541884541511536, -3.043544292449951
123, 3.2155747413635254, 0.046541884541511536, -3.267357349395752
124, 3.326964855194092, 0.046541884541511536, -3.4911704063415527
125, 3.326964855194092, 0.046541884541511536, -3.4911704063415527
126, 3.5353379249572754, 0.046541884541511536, -3.629303216934204
127, 3.743710994720459, 0.046541884541511536, -3.7674360275268555
128, 3.9520840644836426, 0.046541884541511536, -3.905568838119507
129, 4.160457134246826, 0.046541884541511536, -4.043701648712158
130, 4.160457134246826, 0.046541884541511536, -4.043701648712158
131, 4.160457134246826, 0.046541884541511536, -4.043701648712158
132, 4.145017147064209, 0.046541884541511536, -4.293224334716797
133, 4.145017147064209, 0.046541884541511536, -4.293224334716797
134, 4.145017147064209, 0.046541884541511536, -4.293224334716797
135, 4.145017147064209, 0.046541884541511536, -4.293224334716797
136, 3.8954944610595703, 0.046541884541511536, -4.27778434753418
137, 3.8954944610595703, 0.046541884541511536, -4.27778434753418
138, 3.6871213912963867, 0.046541884541511536, -4.139651298522949
139, 3.478748321533203, 0.046541884541511536, -4.001518249511719
140, 3.2703752517700195, 0.046541884541511536, -3.8633854389190674
141, 3.2703752517700195, 0.046541884541511536, -3.8633854389190674
142, 3.1589853763580322, 0.046541884541511536, -3.6395723819732666
143, 3.047595500946045, 0.046541884541511536, -3.415759325027466
144, 2.9362056255340576, 0.046541884541511536, -3.191946268081665
145, 2.8248157501220703, 0.046541884541511536, -2.9681332111358643
146, 2.713425874710083, 0.046541884541511536, -2.7443201541900635
147, 2.6020359992980957, 0.046541884541511536, -2.5205070972442627
148, 2.4906461238861084, 0.046541884541511536, -2.296694040298462
149, 2.379256248474121, 0.046541884541511536, -2.072880983352661
150, 2.379256248474121, 0.046541884541511536, -2.072880983352661
151, 2.3946962356567383, 0.046541884541511536, -1.8233582973480225
152, 2.4101362228393555, 0.046541884541511536, -1.5738356113433838
153, 2.4255762100219727, 0.046541884541511536, -1.3243129253387451
154, 2.44101619720459, 0.046541884541511536, -1.0747902393341064
155, 2.44101619720459, 0.046541884541511536, -1.0747902393341064
156, 2.3296263217926025, 0.046541884541511536, -0.8509771823883057
157, 2.2182364463806152, 0.046541884541511536, -0.6271641254425049
158, 2.106846570968628, 0.046541884541511536, -0.4033510982990265
159, 2.106846570968628, 0.046541884541511536, -0.4033510982990265
160, 1.8984735012054443, 0.046541884541511536, -0.2652183175086975
161, 1.6901004314422607, 0.046541884541511536, -0.12708553671836853
162, 1.6901004314422607, 0.046541884541511536, -0.12708553671836853
163, 1.4405776262283325, 0.046541884541511536, -0.11164554953575134
164, 1.1910548210144043, 0.046541884541511536, -0.09620556235313416
165, 0.9415320158004761, 0.046541884541511536, -0.08076557517051697
166, 0.6920092105865479, 0.046541884541511536, -0.06532558798789978
167, 0.442486435174942, 0.046541884541511536, -0.04988560080528259
168, 0.19296365976333618, 0.046541884541511536, -0.034445613622665405
169, -0.05655911564826965, 0.046541884541511536, -0.019005626440048218
170, -0.3060818910598755, 0.046541884541511536, -0.0035656392574310303
171, -0.3060818910598755, 0.046541884541511536, -0.0035656392574310303
172, -0.5298949480056763, 0.046541884541511536, -0.1149556040763855
173, -0.753708004951477, 0.046541884541511536, -0.22634556889533997
174, -0.9775210618972778, 0.046541884541511536, -0.33773553371429443
175, -1.2013341188430786, 0.046541884541511536, -0.4491254985332489
176, -1.4251471757888794, 0.046541884541511536, -0.5605154633522034
177, -1.6489602327346802, 0.046541884541511536, -0.6719053983688354
178, -1.872773289680481, 0.046541884541511536, -0.7832953929901123
179, -1.872773289680481, 0.046541884541511536, -0.7832953929901123
180, -2.010906219482422, 0.046541884541511536, -0.9916684627532959
181, -2.1490390300750732, 0.046541884541511536, -1.2000415325164795
182, -2.2871718406677246, 0.046541884541511536, -1.408414602279663
183, -2.425304651260376, 0.046541884541511536, -1.6167876720428467
184, -2.425304651260376, 0.046541884541511536, -1.6167876720428467
185, -2.6491177082061768, 0.046541884541511536, -1.7281776666641235
186, -2.8729307651519775, 0.046541884541511536, -1.8395676612854004
187, -3.0967438220977783, 0.046541884541511536, -1.9509576559066772
188, -3.0967438220977783, 0.046541884541511536, -1.9509576559066772
189, -3.346266508102417, 0.046541884541511536, -1.93551766872406
190, -3.5957891941070557, 0.046541884541511536, -1.9200776815414429
191, -3.8453118801116943, 0.046541884541511536, -1.9046376943588257
192, -4.094834804534912, 0.046541884541511536, -1.8891977071762085
193, -4.344357490539551, 0.046541884541511536, -1.8737577199935913
194, -4.5938801765441895, 0.046541884541511536, -1.8583177328109741
195, -4.843402862548828, 0.046541884541511536, -1.842877745628357
196, -4.843402862548828, 0.046541884541511536, -1.842877745628357
197, -5.051775932312012, 0.046541884541511536, -1.7047449350357056
198, -5.051775932312012, 0.046541884541511536, -1.7047449350357056
199, -5.1022772789001465, 0.046541884541511536, -1.6032737493515015
200, -5.1022772789001465, 0.046541884541511536, -1.6032737493515015
201, -5.1022772789001465, 0.046541884541511536, -1.6032737493515015
202, -5.1022772789001465, 0.046541884541511536, -1.6032737493515015
203, -5.31065034866333, 0.046541884541511536, -1.46514093875885
204, -5.31065034866333, 0.046541884541511536, -1.46514093875885
205, -5.31065034866333, 0.046541884541511536, -1.46514093875885
206, -5.31065034866333, 0.046541884541511536, -1.46514093875885
207, -5.31065034866333, 0.046541884541511536, -1.46514093875885
208, -5.295210361480713, 0.046541884541511536, -1.2156181335449219
209, -5.295210361480713, 0.046541884541511536, -1.2156181335449219
210, -5.406600475311279, 0.046541884541511536, -0.9918050765991211
211, -5.517990589141846, 0.046541884541511536, -0.7679920196533203
212, -5.629380702972412, 0.046541884541511536, -0.5441789627075195
213, -5.629380702972412, 0.046541884541511536, -0.5441789627075195
214, -5.629380702972412, 0.046541884541511536, -0.5441789627075195
215, -5.629380702972412, 0.046541884541511536, -0.5441789627075195
216, -5.629380702972412, 0.046541884541511536, -0.5441789627075195
217, -5.629380702972412, 0.046541884541511536, -0.5441789627075195
218, -5.644820690155029, 0.046541884541511536, -0.793701708316803
219, -5.6602606773376465, 0.046541884541511536, -1.0432244539260864
220, -5.675700664520264, 0.046541884541511536, -1.2927472591400146
221, -5.691140651702881, 0.046541884541511536, -1.5422700643539429
222, -5.691140651702881, 0.046541884541511536, -1.5422700643539429
223, -5.829273700714111, 0.046541884541511536, -1.7506431341171265
224, -5.967406749725342, 0.046541884541511536, -1.95901620388031
225, -5.967406749725342, 0.046541884541511536, -1.95901620388031
226, -6.191219806671143, 0.046541884541511536, -2.070406198501587
227, -6.191219806671143, 0.046541884541511536, -2.070406198501587
228, -6.191219806671143, 0.046541884541511536, -2.070406198501587
229, -6.191219806671143, 0.046541884541511536, -2.070406198501587
230, -6.191219806671143, 0.046541884541511536, -2.070406198501587
231, -6.191219806671143, 0.046541884541511536, -2.070406198501587
232, -6.191219806671143, 0.046541884541511536, -2.070406198501587
233, -5.967406749725342, 0.046541884541511536, -1.95901620388031
234, -5.743593692779541, 0.046541884541511536, -1.8476262092590332
235, -5.743593692779541, 0.046541884541511536, -1.8476262092590332
236, -5.6054606437683105, 0.046541884541511536, -1.6392531394958496
237, -5.6054606437683105, 0.046541884541511536, -1.6392531394958496
238, -5.590020656585693, 0.046541884541511536, -1.3897303342819214
239, -5.574580669403076, 0.046541884541511536, -1.1402075290679932
240, -5.559140682220459, 0.046541884541511536, -0.8906847238540649
241, -5.543700695037842, 0.046541884541511536, -0.6411619186401367
242, -5.528260707855225, 0.046541884541511536, -0.3916391134262085
243, -5.512820720672607, 0.046541884541511536, -0.14211630821228027
244, -5.49738073348999, 0.046541884541511536, 0.10740649700164795
245, -5.481940746307373, 0.046541884541511536, 0.35692930221557617
246, -5.466500759124756, 0.046541884541511536, 0.6064521074295044
247, -5.451060771942139, 0.046541884541511536, 0.8559749126434326
248, -5.4356207847595215, 0.046541884541511536, 1.1054977178573608
249, -5.4356207847595215, 0.046541884541511536, 1.1054977178573608
250, -5.547010898590088, 0.046541884541511536, 1.3293107748031616
251, -5.5562615394592285, 0.046541884541511536, 1.3478978872299194
252, -5.5562615394592285, 0.046541884541511536, 1.347898006439209
253, -5.5562615394592285, 0.046541884541511536, 1.347898006439209
254, -5.5562615394592285, 0.046541884541511536, 1.347898006439209
255, -5.5562615394592285, 0.046541884541511536, 1.347898006439209
256, -5.5562615394592285, 0.046541884541511536, 1.347898006439209
257, -5.5562615394592285, 0.046541884541511536, 1.347898006439209
258, -5.5562615394592285, 0.046541884541511536, 1.347898006439209
259, -5.444871425628662, 0.046541884541511536, 1.1240849494934082
260, -5.333481311798096, 0.046541884541511536, 0.9002718925476074
261, -5.333481311798096, 0.046541884541511536, 0.9002718925476074
262, -5.348921298980713, 0.046541884541511536, 0.650749146938324
263, -5.36436128616333, 0.046541884541511536, 0.4012264013290405
264, -5.379801273345947, 0.046541884541511536, 0.1517036408185959
265, -5.3952412605285645, 0.046541884541511536, -0.09781911969184875
266, -5.410681247711182, 0.046541884541511536, -0.3473418951034546
267, -5.426121234893799, 0.046541884541511536, -0.596864640712738
268, -5.441561222076416, 0.046541884541511536, -0.8463873863220215
269, -5.457001209259033, 0.046541884541511536, -1.0959101915359497
270, -5.457001209259033, 0.046541884541511536, -1.0959101915359497
271, -5.345611095428467, 0.046541884541511536, -1.3197232484817505
272, -5.2342209815979, 0.046541884541511536, -1.5435363054275513
273, -5.122830867767334, 0.046541884541511536, -1.767349362373352
274, -5.122830867767334, 0.046541884541511536, -1.767349362373352
275, -4.91445779800415, 0.046541884541511536, -1.9054821729660034
276, -4.91445779800415, 0.046541884541511536, -1.9054821729660034
277, -4.664935111999512, 0.046541884541511536, -1.9209221601486206
278, -4.415412425994873, 0.046541884541511536, -1.9363621473312378
279, -4.165889739990234, 0.046541884541511536, -1.951802134513855
280, -3.9163670539855957, 0.046541884541511536, -1.9672421216964722
281, -3.666844367980957, 0.046541884541511536, -1.9826821088790894
282, -3.4173216819763184, 0.046541884541511536, -1.9981220960617065
283, -3.1677989959716797, 0.046541884541511536, -2.0135622024536133
284, -2.918276309967041, 0.046541884541511536, -2.0290021896362305
285, -2.918276309967041, 0.046541884541511536, -2.0290021896362305
286, -2.6944632530212402, 0.046541884541511536, -1.9176121950149536
287, -2.4706501960754395, 0.046541884541511536, -1.8062222003936768
288, -2.2468371391296387, 0.046541884541511536, -1.6948322057724
289, -2.023024082183838, 0.046541884541511536, -1.583442211151123
290, -1.799211025238037, 0.046541884541511536, -1.4720522165298462
291, -1.5753979682922363, 0.046541884541511536, -1.3606622219085693
292, -1.3515849113464355, 0.046541884541511536, -1.2492722272872925
293, -1.1277718544006348, 0.046541884541511536, -1.1378822326660156
294, -0.903958797454834, 0.046541884541511536, -1.0264922380447388
295, -0.6801457405090332, 0.046541884541511536, -0.9151022434234619
296, -0.45633265376091003, 0.046541884541511536, -0.8037122488021851
297, -0.23251956701278687, 0.046541884541511536, -0.6923222541809082
298, -0.008706480264663696, 0.046541884541511536, -0.5809322595596313
299, 0.21510660648345947, 0.046541884541511536, -0.4695422947406769
300, 0.21510660648345947, 0.046541884541511536, -0.4695422947406769
301, 0.4646294116973877, 0.046541884541511536, -0.48498231172561646
302, 0.7141522169113159, 0.046541884541511536, -0.5004222989082336
303, 0.9636750221252441, 0.046541884541511536, -0.5158622860908508
304, 1.2131978273391724, 0.046541884541511536, -0.531302273273468
305, 1.4627206325531006, 0.046541884541511536, -0.5467422604560852
306, 1.7122434377670288, 0.046541884541511536, -0.5621822476387024
307, 1.961766242980957, 0.046541884541511536, -0.5776222348213196
308, 1.961766242980957, 0.046541884541511536, -0.5776222348213196
309, 2.1701393127441406, 0.046541884541511536, -0.715755045413971
310, 2.378512382507324, 0.046541884541511536, -0.8538878560066223
311, 2.378512382507324, 0.046541884541511536, -0.8538878560066223
312, 2.4899022579193115, 0.046541884541511536, -1.0777008533477783
313, 2.601292133331299, 0.046541884541511536, -1.301513910293579
314, 2.601292133331299, 0.046541884541511536, -1.301513910293579
315, 2.5858521461486816, 0.046541884541511536, -1.5510367155075073
316, 2.5704121589660645, 0.046541884541511536, -1.8005595207214355
317, 2.5549721717834473, 0.046541884541511536, -2.050082206726074
318, 2.5549721717834473, 0.046541884541511536, -2.050082206726074
319, 2.6663620471954346, 0.046541884541511536, -2.273895263671875
320, 2.777751922607422, 0.046541884541511536, -2.497708320617676
321, 2.889141798019409, 0.046541884541511536, -2.7215213775634766
322, 3.0005316734313965, 0.046541884541511536, -2.9453344345092773
323, 3.111921548843384, 0.046541884541511536, -3.169147491455078
324, 3.223311424255371, 0.046541884541511536, -3.392960548400879
325, 3.3347012996673584, 0.046541884541511536, -3.6167736053466797
326, 3.4460911750793457, 0.046541884541511536, -3.8405866622924805
327, 3.557481050491333, 0.046541884541511536, -4.064399719238281
328, 3.6688709259033203, 0.046541884541511536, -4.288212776184082
329, 3.7802608013153076, 0.046541884541511536, -4.512025833129883
330, 3.891650676727295, 0.046541884541511536, -4.735838890075684
331, 4.003040790557861, 0.046541884541511536, -4.959651947021484
332, 4.003040790557861, 0.046541884541511536, -4.959651947021484
333, 3.987600803375244, 0.046541884541511536, -5.209174633026123
334, 3.972160816192627, 0.046541884541511536, -5.458697319030762
335, 3.9567208290100098, 0.046541884541511536, -5.7082200050354
336, 3.9412808418273926, 0.046541884541511536, -5.957742691040039
337, 3.9258408546447754, 0.046541884541511536, -6.207265377044678
338, 3.910400867462158, 0.046541884541511536, -6.456788063049316
339, 3.910400867462158, 0.046541884541511536, -6.456788063049316
340, 4.021790981292725, 0.046541884541511536, -6.680601119995117
341, 4.133181095123291, 0.046541884541511536, -6.904414176940918
342, 4.133181095123291, 0.046541884541511536, -6.904414176940918
343, 4.341554164886475, 0.046541884541511536, -7.042547225952148
344, 4.549927234649658, 0.046541884541511536, -7.180680274963379
345, 4.549927234649658, 0.046541884541511536, -7.180680274963379
346, 4.661317348480225, 0.046541884541511536, -7.40449333190918
347, 4.772707462310791, 0.10684749484062195, -7.6283063888549805
348, 4.884097576141357, 0.16055497527122498, -7.852119445800781
349, 4.884097576141357, 0.16055497527122498, -7.852119445800781
350, 4.884097576141357, 0.16055497527122498, -7.852119445800781
351, 4.884097576141357, 0.16055497527122498, -7.852119445800781
352, 5.092470645904541, 0.2190769761800766, -7.990252494812012
353, 5.300843715667725, 0.2075785994529724, -8.128385543823242
354, 5.509216785430908, 0.11226077377796173, -8.266518592834473
355, 5.509216785430908, 0.11226077377796173, -8.266518592834473
356, 5.758739471435547, 0.04835952818393707, -8.28195858001709
357, 6.0082621574401855, 0.046541884541511536, -8.297398567199707
358, 6.0082621574401855, 0.046541884541511536, -8.297398567199707
359, 6.0082621574401855, 0.046541884541511536, -8.297398567199707
360, 6.119652271270752, 0.046541884541511536, -8.521211624145508
361, 6.119652271270752, 0.046541884541511536, -8.521211624145508
362, 6.3280253410339355, 0.046541884541511536, -8.659344673156738
363, 6.3280253410339355, 0.046541884541511536, -8.659344673156738
364, 6.439415454864502, 0.046541884541511536, -8.883157730102539
365, 6.529433727264404, 0.046541884541511536, -9.0640287399292
366, 6.529433727264404, 0.046541884541511536, -9.0640287399292
367, 6.5294342041015625, 0.046541884541511536, -9.0640287399292
368, 6.5294342041015625, 0.046541884541511536, -9.0640287399292
369, 6.5294342041015625, 0.046541884541511536, -9.0640287399292
370, 6.5294342041015625, 0.046541884541511536, -9.0640287399292
371, 6.5294342041015625, 0.046541884541511536, -9.0640287399292
372, 6.5294342041015625, 0.046541884541511536, -9.0640287399292
373, 6.5294342041015625, 0.046541884541511536, -9.0640287399292
374, 6.5294342041015625, 0.046541884541511536, -9.0640287399292
375, 6.5294342041015625, 0.046541884541511536, -9.0640287399292
376, 6.5294342041015625, 0.046541884541511536, -9.0640287399292
377, 6.5294342041015625, 0.046541884541511536, -9.0640287399292
378, 6.5294342041015625, 0.046541884541511536, -9.0640287399292
379, 6.5294342041015625, 0.046541884541511536, -9.0640287399292
380, 6.5294342041015625, 0.046541884541511536, -9.0640287399292
381, 6.5294342041015625, 0.046541884541511536, -9.0640287399292
382, 6.5294342041015625, 0.046541884541511536, -9.0640287399292
383, 6.5294342041015625, 0.046541884541511536, -9.0640287399292
384, 6.5294342041015625, 0.046541884541511536, -9.0640287399292
385, 6.5294342041015625, 0.046541884541511536, -9.0640287399292
386, 6.5294342041015625, 0.046541884541511536, -9.0640287399292
387, 6.5294342041015625, 0.046541884541511536, -9.0640287399292
388, 6.5294342041015625, 0.046541884541511536, -9.0640287399292
389, 6.5294342041015625, 0.046541884541511536, -9.0640287399292
390, 6.5294342041015625, 0.046541884541511536, -9.0640287399292
391, 6.5294342041015625, 0.046541884541511536, -9.0640287399292
392, 6.5294342041015625, 0.046541884541511536, -9.0640287399292
393, 6.5294342041015625, 0.046541884541511536, -9.0640287399292
394, 6.5294342041015625, 0.046541884541511536, -9.0640287399292
395, 6.5294342041015625, 0.046541884541511536, -9.0640287399292
396, 6.305621147155762, 0.046541884541511536, -9.175418853759766
397, 6.305621147155762, 0.046541884541511536, -9.175418853759766
398, 6.305621147155762, 0.046541884541511536, -9.175418853759766
399, 6.305621147155762, 0.046541884541511536, -9.175418853759766
400, 6.305621147155762, 0.046541884541511536, -9.175418853759766
401, 6.305621147155762, 0.046541884541511536, -9.175418853759766
402, 6.411492824554443, 0.046541884541511536, -9.18196964263916
403, 6.411492824554443, 0.046541884541511536, -9.18196964263916
404, 6.411492824554443, 0.046541884541511536, -9.18196964263916
405, 6.411492824554443, 0.046541884541511536, -9.18196964263916
406, 6.411492824554443, 0.046541884541511536, -9.18196964263916
407, 6.411492824554443, 0.046541884541511536, -9.181970596313477
408, 6.411492824554443, 0.046541884541511536, -9.181970596313477
409, 6.411492347717285, 0.046541884541511536, -9.181970596313477
410, 6.411492347717285, 0.046541884541511536, -9.181970596313477
411, 6.411492347717285, 0.046541884541511536, -9.181970596313477
412, 6.411492347717285, 0.046541884541511536, -9.181970596313477
413, 6.411492347717285, 0.046541884541511536, -9.181970596313477
414, 6.233263969421387, 0.046541884541511536, -9.270673751831055
415, 6.233263969421387, 0.046541884541511536, -9.270673751831055
416, 6.233263969421387, 0.046541884541511536, -9.270673751831055
417, 6.233263969421387, 0.046541884541511536, -9.270673751831055
418, 6.233263969421387, 0.046541884541511536, -9.270673751831055
419, 6.38326358795166, 0.046541884541511536, -9.370110511779785
420, 6.38326358795166, 0.046541884541511536, -9.370110511779785
421, 6.38326358795166, 0.046541884541511536, -9.370110511779785
422, 6.38326358795166, 0.046541884541511536, -9.370110511779785
423, 6.367823600769043, 0.046541884541511536, -9.619633674621582
424, 6.367823600769043, 0.046541884541511536, -9.619633674621582
425, 6.367823600769043, 0.046541884541511536, -9.619633674621582
426, 6.367823600769043, 0.046541884541511536, -9.619633674621582
427, 6.367823600769043, 0.046541884541511536, -9.619633674621582
428, 6.531256675720215, 0.046541884541511536, -9.538294792175293
429, 6.531256675720215, 0.046541884541511536, -9.538294792175293
430, 6.531256675720215, 0.046541884541511536, -9.538294792175293
431, 6.531256675720215, 0.046541884541511536, -9.538294792175293
432, 6.533005237579346, 0.046541884541511536, -9.510027885437012
433, 6.533005237579346, 0.046541884541511536, -9.510027885437012
434, 6.5330047607421875, 0.046541884541511536, -9.510026931762695
435, 2.3531017303466797, 0.046541884541511536, -0.40649229288101196
