1, 7.612753868103027, -0.5355252027511597, -0.39716699719429016
2, 7.612753868103027, -0.5355252027511597, -0.39716699719429016
3, 7.612753868103027, -0.5355252027511597, -0.39716699719429016
4, 7.612753868103027, -0.5355252027511597, -0.39716699719429016
5, 7.612753868103027, -0.5355252027511597, -0.39716699719429016
6, 7.612753868103027, -0.5355252027511597, -0.39716699719429016
7, 7.612753868103027, -0.5355252027511597, -0.39716699719429016
8, 7.612753868103027, -0.5355252027511597, -0.39716699719429016
9, 7.612753868103027, -0.5355252027511597, -0.39716699719429016
10, 7.612753868103027, -0.5355252027511597, -0.39716699719429016
11, 7.612753868103027, -0.5355252027511597, -0.39716699719429016
12, 7.612753868103027, -0.5355252027511597, -0.39716699719429016
13, 7.612753868103027, -0.5355252027511597, -0.39716699719429016
14, 7.612753868103027, -0.5355252027511597, -0.39716699719429016
15, 7.612753868103027, -0.5355252027511597, -0.39716699719429016
16, 7.587235450744629, -0.5355252027511597, -0.14847272634506226
17, 7.5617170333862305, -0.5355252027511597, 0.10022154450416565
18, 7.536198616027832, -0.5355252027511597, 0.34891581535339355
19, 7.510680198669434, -0.5355252027511597, 0.5976101160049438
20, 7.485161781311035, -0.5355252027511597, 0.8463044166564941
21, 7.485161781311035, -0.5355252027511597, 0.8463044166564941
22, 7.338715076446533, -0.5355252027511597, 1.0489208698272705
23, 7.192268371582031, -0.5355252027511597, 1.2515373229980469
24, 7.045821666717529, -0.5355252027511597, 1.4541537761688232
25, 7.045821666717529, -0.5355252027511597, 1.4541537761688232
26, 7.045821666717529, -0.5355252027511597, 1.4541537761688232
27, 6.899374961853027, -0.5355252027511597, 1.6567702293395996
28, 6.752928256988525, -0.5355252027511597, 1.859386682510376
29, 6.606481552124023, -0.5355252027511597, 2.0620031356811523
30, 6.606481552124023, -0.5355252027511597, 2.0620031356811523
31, 6.580963611602783, -0.5355252027511597, 2.310697317123413
32, 6.555445671081543, -0.5355252027511597, 2.559391498565674
33, 6.555445671081543, -0.5355252027511597, 2.559391498565674
34, 6.657693386077881, -0.5355252027511597, 2.7875261306762695
35, 6.657693386077881, -0.5355252027511597, 2.7875261306762695
36, 6.77603006362915, -0.5355252027511597, 2.8730571269989014
37, 6.77603006362915, -0.5355252027511597, 2.8730571269989014
38, 6.77603006362915, -0.5355252027511597, 2.8730571269989014
39, 6.75051212310791, -0.5355252027511597, 3.121751308441162
40, 6.75051212310791, -0.5355252027511597, 3.121751308441162
41, 6.604065418243408, -0.5355252027511597, 3.3243677616119385
42, 6.457618713378906, -0.5355252027511597, 3.526984214782715
43, 6.457618713378906, -0.5355252027511597, 3.526984214782715
44, 6.4380011558532715, -0.5355252027511597, 3.718172311782837
45, 6.4380011558532715, -0.5355252027511597, 3.718172550201416
46, 6.4380011558532715, -0.5355252027511597, 3.718172550201416
47, 6.4380011558532715, -0.5355252027511597, 3.718172550201416
48, 6.4380011558532715, -0.5355252027511597, 3.718172550201416
49, 6.4380011558532715, -0.5355252027511597, 3.718172550201416
50, 6.209866523742676, -0.5355252027511597, 3.820420265197754
51, 6.209866523742676, -0.5355252027511597, 3.820420265197754
52, 6.209866523742676, -0.5355252027511597, 3.820420265197754
53, 6.1843485832214355, -0.5355252027511597, 4.069114685058594
54, 6.1665167808532715, -0.5355252027511597, 4.2429022789001465
55, 6.1665167808532715, -0.5355252027511597, 4.2429022789001465
56, 6.268764495849609, -0.5355252027511597, 4.471036911010742
57, 6.268764495849609, -0.5355252027511597, 4.471036911010742
58, 6.268764495849609, -0.5355252027511597, 4.471036911010742
59, 6.268764495849609, -0.5355252027511597, 4.471036911010742
60, 6.268764495849609, -0.5355252027511597, 4.471036911010742
61, 6.268764495849609, -0.5355252027511597, 4.471036911010742
62, 6.268764495849609, -0.5355252027511597, 4.471036911010742
63, 6.268764495849609, -0.5355252027511597, 4.471036911010742
64, 6.29428243637085, -0.5355252027511597, 4.222342491149902
65, 6.31980037689209, -0.5355252027511597, 3.9736483097076416
66, 6.31980037689209, -0.5355252027511597, 3.9736483097076416
67, 6.217552661895752, -0.5355252027511597, 3.745513677597046
68, 6.217552661895752, -0.5355252027511597, 3.745513677597046
69, 6.0149359703063965, -0.5355252027511597, 3.599067211151123
70, 6.0149359703063965, -0.5355252027511597, 3.599067211151123
71, 5.88324499130249, -0.5355252027511597, 3.585554599761963
72, 5.88324499130249, -0.5355252027511597, 3.585554599761963
73, 5.88324499130249, -0.5355252027511597, 3.585554599761963
74, 5.883240222930908, -0.5355252027511597, 3.5855512619018555
75, 5.883240222930908, -0.5355252027511597, 3.5855512619018555
76, 5.78099250793457, -0.5355252027511597, 3.3574166297912598
77, 5.78099250793457, -0.5355252027511597, 3.3574166297912598
78, 5.78099250793457, -0.5355252027511597, 3.3574166297912598
79, 5.5322980880737305, -0.5355252027511597, 3.3318984508514404
80, 5.283603668212891, -0.5355252027511597, 3.306380271911621
81, 5.034909248352051, -0.5355252027511597, 3.2808620929718018
82, 4.786214828491211, -0.5355252027511597, 3.2553439140319824
83, 4.537520408630371, -0.5355252027511597, 3.229825735092163
84, 4.537520408630371, -0.5355252027511597, 3.229825735092163
85, 4.537520408630371, -0.5355252027511597, 3.229825735092163
86, 4.537520408630371, -0.5355252027511597, 3.229825735092163
87, 4.334903717041016, -0.5355252027511597, 3.0833792686462402
88, 4.334903717041016, -0.5355252027511597, 3.0833792686462402
89, 4.334903717041016, -0.5355252027511597, 3.0833792686462402
90, 4.10676908493042, -0.5355252027511597, 3.185626983642578
91, 3.878634452819824, -0.5355252027511597, 3.287874698638916
92, 3.6504998207092285, -0.5355252027511597, 3.390122413635254
93, 3.6504998207092285, -0.5355252027511597, 3.390122413635254
94, 3.4018056392669678, -0.5355252027511597, 3.3646042346954346
95, 3.153111457824707, -0.5355252027511597, 3.3390860557556152
96, 2.9044172763824463, -0.5355252027511597, 3.313567876815796
97, 2.9044172763824463, -0.5355252027511597, 3.313567876815796
98, 2.9044172763824463, -0.5355252027511597, 3.313567876815796
99, 2.9044172763824463, -0.5355252027511597, 3.313567876815796
100, 2.7198173999786377, -0.5355252027511597, 3.180143356323242
101, 2.7198173999786377, -0.5355252027511597, 3.180143356323242
102, 2.7198173999786377, -0.5355252027511597, 3.180143356323242
103, 2.7198173999786377, -0.5355252027511597, 3.180143356323242
104, 2.7198173999786377, -0.5355252027511597, 3.180143356323242
105, 2.491682767868042, -0.5355252027511597, 3.28239107131958
106, 2.491682767868042, -0.5355252027511597, 3.28239107131958
107, 2.345236301422119, -0.5355252027511597, 3.4850075244903564
108, 2.345236301422119, -0.5355252027511597, 3.4850075244903564
109, 2.345236301422119, -0.5355252027511597, 3.4850075244903564
110, 2.345236301422119, -0.5355252027511597, 3.4850075244903564
111, 2.345236301422119, -0.5355252027511597, 3.4850075244903564
112, 2.345236301422119, -0.5355252027511597, 3.4850075244903564
113, 2.573370933532715, -0.5355252027511597, 3.3827598094940186
114, 2.573370933532715, -0.5355252027511597, 3.3827598094940186
115, 2.8220651149749756, -0.5355252027511597, 3.408277988433838
116, 3.0707592964172363, -0.5355252027511597, 3.4337961673736572
117, 3.0707592964172363, -0.5355252027511597, 3.4337961673736572
118, 3.0707592964172363, -0.5355252027511597, 3.4337961673736572
119, 3.0707592964172363, -0.5355252027511597, 3.4337961673736572
120, 3.0707592964172363, -0.5355252027511597, 3.4337961673736572
121, 3.0707592964172363, -0.5355252027511597, 3.4337961673736572
122, 3.0707592964172363, -0.5355252027511597, 3.4337961673736572
123, 3.0707592964172363, -0.5355252027511597, 3.4337961673736572
124, 3.0707592964172363, -0.5355252027511597, 3.4337961673736572
125, 2.8220651149749756, -0.5355252027511597, 3.408277988433838
126, 2.573370933532715, -0.5355252027511597, 3.3827598094940186
127, 2.573370933532715, -0.5355252027511597, 3.3827598094940186
128, 2.3707544803619385, -0.5355252027511597, 3.2363133430480957
129, 2.168138027191162, -0.5355252027511597, 3.089866876602173
130, 2.168138027191162, -0.5355252027511597, 3.089866876602173
131, 2.168138027191162, -0.5355252027511597, 3.089866876602173
132, 2.1936562061309814, -0.5355252027511597, 2.841172695159912
133, 2.219174385070801, -0.5355252027511597, 2.5924785137176514
134, 2.24469256401062, -0.5355252027511597, 2.3437843322753906
135, 2.2702107429504395, -0.5355252027511597, 2.09509015083313
136, 2.295728921890259, -0.5355252027511597, 1.8463959693908691
137, 2.321247100830078, -0.5355252027511597, 1.5977017879486084
138, 2.3467652797698975, -0.5355252027511597, 1.3490076065063477
139, 2.372283458709717, -0.5355252027511597, 1.100313425064087
140, 2.372283458709717, -0.5355252027511597, 1.100313425064087
141, 2.372283458709717, -0.5355252027511597, 1.100313425064087
142, 2.372283458709717, -0.5355252027511597, 1.100313425064087
143, 2.372283458709717, -0.5355252027511597, 1.100313425064087
144, 2.372283458709717, -0.5355252027511597, 1.100313425064087
145, 2.372283458709717, -0.5355252027511597, 1.100313425064087
146, 2.144148826599121, -0.5355252027511597, 1.2025611400604248
147, 2.144148826599121, -0.5355252027511597, 1.2025611400604248
148, 2.144148826599121, -0.5355252027511597, 1.2025611400604248
149, 2.1186306476593018, -0.5355252027511597, 1.451255440711975
150, 2.0931124687194824, -0.5355252027511597, 1.6999497413635254
151, 2.067594289779663, -0.5355252027511597, 1.9486440420150757
152, 2.0420761108398438, -0.5355252027511597, 2.197338342666626
153, 2.0165579319000244, -0.5355252027511597, 2.4460325241088867
154, 1.991039752960205, -0.5355252027511597, 2.6947267055511475
155, 1.9655215740203857, -0.5355252027511597, 2.943420886993408
156, 1.9655215740203857, -0.5355252027511597, 2.943420886993408
157, 2.0677692890167236, -0.5355252027511597, 3.171555519104004
158, 2.0677692890167236, -0.5355252027511597, 3.171555519104004
159, 2.2703857421875, -0.5355252027511597, 3.3180019855499268
160, 2.2703857421875, -0.5355252027511597, 3.3180019855499268
161, 2.5190799236297607, -0.5355252027511597, 3.343520164489746
162, 2.7677741050720215, -0.5355252027511597, 3.3690383434295654
163, 3.0164682865142822, -0.5355252027511597, 3.3945565223693848
164, 3.0164682865142822, -0.5355252027511597, 3.3945565223693848
165, 3.0164682865142822, -0.5355252027511597, 3.3945565223693848
166, 3.265162467956543, -0.5355252027511597, 3.420074701309204
167, 3.5138566493988037, -0.5355252027511597, 3.4455928802490234
168, 3.7625508308410645, -0.5355252027511597, 3.4711110591888428
169, 4.011245250701904, -0.5355252027511597, 3.496629238128662
170, 4.011245250701904, -0.5355252027511597, 3.496629238128662
171, 4.2393798828125, -0.5355252027511597, 3.394381523132324
172, 4.467514514923096, -0.5355252027511597, 3.2921338081359863
173, 4.467514514923096, -0.5355252027511597, 3.2921338081359863
174, 4.7162089347839355, -0.5355252027511597, 3.3176519870758057
175, 4.964903354644775, -0.5355252027511597, 3.343170166015625
176, 5.213597774505615, -0.5355252027511597, 3.3686883449554443
177, 5.462292194366455, -0.5355252027511597, 3.3942065238952637
178, 5.710986614227295, -0.5355252027511597, 3.419724702835083
179, 5.959681034088135, -0.5355252027511597, 3.4452428817749023
180, 5.959681034088135, -0.5355252027511597, 3.4452428817749023
181, 6.16229772567749, -0.5355252027511597, 3.591689348220825
182, 6.16229772567749, -0.5355252027511597, 3.591689348220825
183, 6.264545440673828, -0.5355252027511597, 3.819823980331421
184, 6.366793155670166, -0.5355252027511597, 4.0479583740234375
185, 6.366793155670166, -0.5355252027511597, 4.0479583740234375
186, 6.366793155670166, -0.5355252027511597, 4.0479583740234375
187, 6.366793155670166, -0.5355252027511597, 4.0479583740234375
188, 6.366793155670166, -0.5355252027511597, 4.0479583740234375
189, 6.366793155670166, -0.5355252027511597, 4.0479583740234375
190, 6.366793155670166, -0.5355252027511597, 4.0479583740234375
191, 6.366793155670166, -0.5355252027511597, 4.0479583740234375
192, 6.392311096191406, -0.5355252027511597, 3.7992641925811768
193, 6.4178290367126465, -0.5355252027511597, 3.550570011138916
194, 6.4178290367126465, -0.5355252027511597, 3.550570011138916
195, 6.564275741577148, -0.5355252027511597, 3.3479535579681396
196, 6.564275741577148, -0.5355252027511597, 3.3479535579681396
197, 6.564275741577148, -0.5355252027511597, 3.3479535579681396
198, 6.812970161437988, -0.5355252027511597, 3.373471736907959
199, 7.061664581298828, -0.5355252027511597, 3.3989899158477783
200, 7.310359001159668, -0.5355252027511597, 3.4245080947875977
201, 7.559053421020508, -0.5355252027511597, 3.450026273727417
202, 7.807747840881348, -0.5355252027511597, 3.4755444526672363
203, 7.807747840881348, -0.5355252027511597, 3.4755444526672363
204, 8.010364532470703, -0.5355252027511597, 3.621990919113159
205, 8.212981224060059, -0.5355252027511597, 3.768437385559082
206, 8.212981224060059, -0.5355252027511597, 3.768437385559082
207, 8.212981224060059, -0.5355252027511597, 3.768437385559082
208, 8.212981224060059, -0.5355252027511597, 3.768437385559082
209, 8.212981224060059, -0.5355252027511597, 3.768437385559082
210, 8.212981224060059, -0.5355252027511597, 3.768437385559082
211, 8.212981224060059, -0.5355252027511597, 3.768437385559082
212, 8.010364532470703, -0.5355252027511597, 3.621990919113159
213, 7.807747840881348, -0.5355252027511597, 3.4755444526672363
214, 7.807747840881348, -0.5355252027511597, 3.4755444526672363
215, 7.559053421020508, -0.5355252027511597, 3.450026273727417
216, 7.310359001159668, -0.5355252027511597, 3.4245080947875977
217, 7.061664581298828, -0.5355252027511597, 3.3989899158477783
218, 6.812970161437988, -0.5355252027511597, 3.373471736907959
219, 6.564275741577148, -0.5355252027511597, 3.3479535579681396
220, 6.315581321716309, -0.5355252027511597, 3.3224353790283203
221, 6.066886901855469, -0.5355252027511597, 3.296917200088501
222, 5.818192481994629, -0.5355252027511597, 3.2713990211486816
223, 5.569498062133789, -0.5355252027511597, 3.2458808422088623
224, 5.320803642272949, -0.5355252027511597, 3.220362663269043
225, 5.072109222412109, -0.5355252027511597, 3.1948444843292236
226, 4.8234148025512695, -0.5355252027511597, 3.1693263053894043
227, 4.57472038269043, -0.5355252027511597, 3.143808126449585
228, 4.57472038269043, -0.5355252027511597, 3.143808126449585
229, 4.346585750579834, -0.5355252027511597, 3.246055841445923
230, 4.118451118469238, -0.5355252027511597, 3.3483035564422607
231, 3.8903164863586426, -0.5355252027511597, 3.4505512714385986
232, 3.662181854248047, -0.5355252027511597, 3.5527989864349365
233, 3.662181854248047, -0.5355252027511597, 3.5527989864349365
234, 3.662181854248047, -0.5355252027511597, 3.5527989864349365
235, 3.6460378170013428, -0.5355252027511597, 3.7101356983184814
236, 3.6460378170013428, -0.5355252027511597, 3.7101356983184814
237, 3.6460378170013428, -0.5355252027511597, 3.7101356983184814
238, 3.6460378170013428, -0.5355252027511597, 3.7101356983184814
239, 3.6460378170013428, -0.5355252027511597, 3.7101356983184814
240, 3.6460378170013428, -0.5355252027511597, 3.7101356983184814
241, 3.7924842834472656, -0.5355252027511597, 3.507519245147705
242, 3.7924842834472656, -0.5355252027511597, 3.507519245147705
243, 4.020618915557861, -0.5355252027511597, 3.405271530151367
244, 4.248753547668457, -0.5355252027511597, 3.3030238151550293
245, 4.248753547668457, -0.5355252027511597, 3.3030238151550293
246, 4.497447967529297, -0.5355252027511597, 3.3285419940948486
247, 4.746142387390137, -0.5355252027511597, 3.354060173034668
248, 4.994836807250977, -0.5355252027511597, 3.3795783519744873
249, 5.243531227111816, -0.5355252027511597, 3.4050965309143066
250, 5.492225646972656, -0.5355252027511597, 3.430614709854126
251, 5.740920066833496, -0.5355252027511597, 3.4561328887939453
252, 5.989614486694336, -0.5355252027511597, 3.4816510677337646
253, 5.989614486694336, -0.5355252027511597, 3.4816510677337646
254, 6.192231178283691, -0.5355252027511597, 3.6280975341796875
255, 6.192231178283691, -0.5355252027511597, 3.6280975341796875
256, 6.294478893280029, -0.5355252027511597, 3.856232166290283
257, 6.396726608276367, -0.5355252027511597, 4.084366798400879
258, 6.396726608276367, -0.5355252027511597, 4.084366798400879
259, 6.371208667755127, -0.5355252027511597, 4.333061218261719
260, 6.345690727233887, -0.5355252027511597, 4.581755638122559
261, 6.3201727867126465, -0.5355252027511597, 4.830450057983398
262, 6.3201727867126465, -0.5355252027511597, 4.830450057983398
263, 6.3201727867126465, -0.5355252027511597, 4.830450057983398
264, 6.3201727867126465, -0.5355252027511597, 4.830450057983398
265, 6.3201727867126465, -0.5355252027511597, 4.830450057983398
266, 6.3201727867126465, -0.5355252027511597, 4.830450057983398
267, 6.3201727867126465, -0.5355252027511597, 4.830450057983398
268, 6.345690727233887, -0.5355252027511597, 4.581755638122559
269, 6.371208667755127, -0.5355252027511597, 4.333061218261719
270, 6.371208667755127, -0.5355252027511597, 4.333061218261719
271, 6.268960952758789, -0.5355252027511597, 4.104926586151123
272, 6.166713237762451, -0.5355252027511597, 3.8767919540405273
273, 6.064465522766113, -0.5355252027511597, 3.6486573219299316
274, 6.064465522766113, -0.5355252027511597, 3.6486573219299316
275, 5.861848831176758, -0.5355252027511597, 3.502210855484009
276, 5.861848831176758, -0.5355252027511597, 3.502210855484009
277, 5.613154411315918, -0.5355252027511597, 3.4766926765441895
278, 5.364459991455078, -0.5355252027511597, 3.45117449760437
279, 5.115765571594238, -0.5355252027511597, 3.425656318664551
280, 4.867071151733398, -0.5355252027511597, 3.4001381397247314
281, 4.618376731872559, -0.5355252027511597, 3.374619960784912
282, 4.369682312011719, -0.5355252027511597, 3.3491017818450928
283, 4.120987892150879, -0.5355252027511597, 3.3235836029052734
284, 4.120987892150879, -0.5355252027511597, 3.3235836029052734
285, 3.892853260040283, -0.5355252027511597, 3.4258313179016113
286, 3.6647186279296875, -0.5355252027511597, 3.528079032897949
287, 3.6647186279296875, -0.5355252027511597, 3.528079032897949
288, 3.5182721614837646, -0.5355252027511597, 3.7306954860687256
289, 3.5182721614837646, -0.5355252027511597, 3.7306954860687256
290, 3.4927539825439453, -0.5355252027511597, 3.9793896675109863
291, 3.467235803604126, -0.5355252027511597, 4.228084087371826
292, 3.4417176246643066, -0.5355252027511597, 4.476778507232666
293, 3.4161994457244873, -0.5355252027511597, 4.725472927093506
294, 3.4161994457244873, -0.5355252027511597, 4.725472927093506
295, 3.4161994457244873, -0.5355252027511597, 4.725472927093506
296, 3.4161994457244873, -0.5355252027511597, 4.725472927093506
297, 3.387000799179077, -0.5355252027511597, 4.765870571136475
298, 3.387000799179077, -0.5355252027511597, 4.765870571136475
299, 1.4124560356140137, 2.0644748210906982, 5.749467849731445
