1, 9.447122573852539, 0.09943583607673645, -1.0161542892456055
2, 9.447122573852539, 0.09943583607673645, -1.0161542892456055
3, 9.447122573852539, 0.09943583607673645, -1.0161542892456055
4, 9.447122573852539, 0.09943583607673645, -1.0161542892456055
5, 9.447122573852539, 0.09943583607673645, -1.0161542892456055
6, 9.447122573852539, 0.09943583607673645, -1.0161542892456055
7, 9.447122573852539, 0.09943583607673645, -1.0161542892456055
8, 9.447122573852539, 0.09943583607673645, -1.0161542892456055
9, 9.447122573852539, 0.09943583607673645, -1.0161542892456055
10, 9.447122573852539, 0.09943583607673645, -1.0161542892456055
11, 9.447122573852539, 0.09943583607673645, -1.0161542892456055
12, 9.447122573852539, 0.09943583607673645, -1.0161542892456055
13, 9.447122573852539, 0.09943583607673645, -1.0161542892456055
14, 9.447122573852539, 0.09943583607673645, -1.0161542892456055
15, 9.447122573852539, 0.09943583607673645, -1.0161542892456055
16, 9.33292007446289, 0.09943583607673645, -1.2385451793670654
17, 9.33292007446289, 0.09943583607673645, -1.2385451793670654
18, 9.345212936401367, 0.09943583607673645, -1.488242745399475
19, 9.345212936401367, 0.09943583607673645, -1.488242745399475
20, 9.345212936401367, 0.09943583607673645, -1.488242745399475
21, 9.567604064941406, 0.09943583607673645, -1.6024454832077026
22, 9.789995193481445, 0.09943583607673645, -1.7166482210159302
23, 9.789995193481445, 0.09943583607673645, -1.7166482210159302
24, 10.039692878723145, 0.09943583607673645, -1.704355239868164
25, 10.289390563964844, 0.09943583607673645, -1.6920621395111084
26, 10.539088249206543, 0.09943583607673645, -1.6797690391540527
27, 10.539088249206543, 0.09943583607673645, -1.6797690391540527
28, 10.761479377746582, 0.09943583607673645, -1.7939717769622803
29, 10.761479377746582, 0.09943583607673645, -1.7939717769622803
30, 11.011177062988281, 0.09943583607673645, -1.7816786766052246
31, 11.26087474822998, 0.09943583607673645, -1.769385576248169
32, 11.51057243347168, 0.09943583607673645, -1.7570924758911133
33, 11.760270118713379, 0.09943583607673645, -1.7447993755340576
34, 11.760270118713379, 0.09943583607673645, -1.7447993755340576
35, 11.970368385314941, 0.09943583607673645, -1.609304428100586
36, 11.970368385314941, 0.09943583607673645, -1.609304428100586
37, 12.08457088470459, 0.09943583607673645, -1.386913537979126
38, 12.198773384094238, 0.09943583607673645, -1.164522647857666
39, 12.312975883483887, 0.09943583607673645, -0.9421316981315613
40, 12.427178382873535, 0.09943583607673645, -0.7197407484054565
41, 12.427178382873535, 0.09943583607673645, -0.7197407484054565
42, 12.427178382873535, 0.09943583607673645, -0.7197407484054565
43, 12.427178382873535, 0.09943583607673645, -0.7197407484054565
44, 12.427178382873535, 0.09943583607673645, -0.7197407484054565
45, 12.541380882263184, 0.09943583607673645, -0.4973497986793518
46, 12.655583381652832, 0.09943583607673645, -0.27495884895324707
47, 12.655583381652832, 0.09943583607673645, -0.27495884895324707
48, 12.865681648254395, 0.09943583607673645, -0.13946396112442017
49, 12.865681648254395, 0.09943583607673645, -0.13946396112442017
50, 13.115379333496094, 0.09943583607673645, -0.12717095017433167
51, 13.365077018737793, 0.09943583607673645, -0.11487793922424316
52, 13.614774703979492, 0.09943583607673645, -0.10258492827415466
53, 13.864472389221191, 0.09943583607673645, -0.09029191732406616
54, 14.11417007446289, 0.09943583607673645, -0.07799890637397766
55, 14.36386775970459, 0.09943583607673645, -0.06570589542388916
56, 14.36386775970459, 0.09943583607673645, -0.06570589542388916
57, 14.573966026306152, 0.09943583607673645, 0.06978899240493774
58, 14.784064292907715, 0.09943583607673645, 0.20528388023376465
59, 14.784064292907715, 0.09943583607673645, 0.20528388023376465
60, 15.033761978149414, 0.09943583607673645, 0.21757689118385315
61, 15.283459663391113, 0.09943583607673645, 0.22986990213394165
62, 15.533157348632812, 0.09943583607673645, 0.24216291308403015
63, 15.782855033874512, 0.09943583607673645, 0.25445592403411865
64, 16.03255271911621, 0.09943583607673645, 0.26674893498420715
65, 16.282249450683594, 0.09943583607673645, 0.27904194593429565
66, 16.531946182250977, 0.09943583607673645, 0.29133495688438416
67, 16.531946182250977, 0.09943583607673645, 0.29133495688438416
68, 16.754337310791016, 0.09943583607673645, 0.17713221907615662
69, 16.976728439331055, 0.09943583607673645, 0.06292948126792908
70, 17.199119567871094, 0.09943583607673645, -0.05127325654029846
71, 17.421510696411133, 0.09943583607673645, -0.165475994348526
72, 17.643901824951172, 0.09943583607673645, -0.27967873215675354
73, 17.86629295349121, 0.09943583607673645, -0.3938814699649811
74, 17.86629295349121, 0.09943583607673645, -0.3938814699649811
75, 18.115989685058594, 0.09943583607673645, -0.3815884590148926
76, 18.365686416625977, 0.09943583607673645, -0.3692954480648041
77, 18.365686416625977, 0.09943583607673645, -0.3692954480648041
78, 18.365686416625977, 0.09943583607673645, -0.3692954480648041
79, 18.365686416625977, 0.09943583607673645, -0.3692954480648041
80, 18.365686416625977, 0.09943583607673645, -0.3692954480648041
81, 18.365686416625977, 0.09943583607673645, -0.3692954480648041
82, 18.365686416625977, 0.09943583607673645, -0.3692954480648041
83, 18.365686416625977, 0.09943583607673645, -0.3692954480648041
84, 18.365686416625977, 0.09943583607673645, -0.3692954480648041
85, 18.365686416625977, 0.09943583607673645, -0.3692954480648041
86, 18.365686416625977, 0.09943583607673645, -0.3692954480648041
87, 18.61538314819336, 0.09943583607673645, -0.3570024371147156
88, 18.865079879760742, 0.09943583607673645, -0.3447094261646271
89, 19.114776611328125, 0.09943583607673645, -0.3324164152145386
90, 19.364473342895508, 0.09943583607673645, -0.3201234042644501
91, 19.61417007446289, 0.09943583607673645, -0.3078303933143616
92, 19.863866806030273, 0.09943583607673645, -0.29553738236427307
93, 20.113563537597656, 0.09943583607673645, -0.28324437141418457
94, 20.113563537597656, 0.09943583607673645, -0.28324437141418457
95, 20.335954666137695, 0.09943583607673645, -0.3974471092224121
96, 20.335954666137695, 0.09943583607673645, -0.3974471092224121
97, 20.585651397705078, 0.09943583607673645, -0.3851540982723236
98, 20.83534812927246, 0.09943583607673645, -0.3728610873222351
99, 21.085044860839844, 0.09943583607673645, -0.3605680763721466
100, 21.085044860839844, 0.09943583607673645, -0.3605680763721466
101, 21.295143127441406, 0.09943583607673645, -0.2250731885433197
102, 21.295143127441406, 0.09943583607673645, -0.2250731885433197
103, 21.313732147216797, 0.09943583607673645, -0.22415803372859955
104, 21.313732147216797, 0.09943583607673645, -0.22415803372859955
105, 21.313732147216797, 0.09943583607673645, -0.22415803372859955
106, 21.313732147216797, 0.09943583607673645, -0.22415803372859955
107, 21.40101432800293, 0.09943583607673645, -0.05419154465198517
108, 21.40101432800293, 0.09943583607673645, -0.05419154465198517
109, 21.40101432800293, 0.09943583607673645, -0.05419154465198517
110, 21.40101432800293, 0.09943583607673645, -0.05419154465198517
111, 21.40101432800293, 0.09943583607673645, -0.05419154465198517
112, 21.650711059570312, 0.09943583607673645, -0.04189853370189667
113, 21.900407791137695, 0.09943583607673645, -0.029605522751808167
114, 21.900407791137695, 0.09943583607673645, -0.029605522751808167
115, 22.122798919677734, 0.09943583607673645, -0.1438082605600357
116, 22.345190048217773, 0.09943583607673645, -0.25801098346710205
117, 22.567581176757812, 0.09943583607673645, -0.3722137212753296
118, 22.567581176757812, 0.09943583607673645, -0.3722137212753296
119, 22.703075408935547, 0.09943583607673645, -0.5823116302490234
120, 22.703075408935547, 0.09943583607673645, -0.5823116302490234
121, 22.925466537475586, 0.09943583607673645, -0.696514368057251
122, 22.925466537475586, 0.09943583607673645, -0.696514368057251
123, 22.925466537475586, 0.09943583607673645, -0.696514368057251
124, 22.925466537475586, 0.09943583607673645, -0.696514368057251
125, 22.925466537475586, 0.09943583607673645, -0.696514368057251
126, 23.147857666015625, 0.09943583607673645, -0.8107171058654785
127, 23.370248794555664, 0.09943583607673645, -0.924919843673706
128, 23.592639923095703, 0.09943583607673645, -1.0391225814819336
129, 23.592639923095703, 0.09943583607673645, -1.0391225814819336
130, 23.842336654663086, 0.09943583607673645, -1.026829481124878
131, 24.09203338623047, 0.09943583607673645, -1.0145363807678223
132, 24.09203338623047, 0.09943583607673645, -1.0145363807678223
133, 24.09203338623047, 0.09943583607673645, -1.0145363807678223
134, 24.09203338623047, 0.09943583607673645, -1.0145363807678223
135, 24.09203338623047, 0.09943583607673645, -1.0145363807678223
136, 24.09203338623047, 0.09943583607673645, -1.0145363807678223
137, 24.09203338623047, 0.09943583607673645, -1.0145363807678223
138, 24.09203338623047, 0.09943583607673645, -1.0145363807678223
139, 24.09203338623047, 0.09943583607673645, -1.0145363807678223
140, 23.97783088684082, 0.09943583607673645, -1.2369272708892822
141, 23.97783088684082, 0.09943583607673645, -1.2369272708892822
142, 23.97783088684082, 0.09943583607673645, -1.2369272708892822
143, 23.728134155273438, 0.09943583607673645, -1.2492202520370483
144, 23.478437423706055, 0.09943583607673645, -1.2615132331848145
145, 23.478437423706055, 0.09943583607673645, -1.2615132331848145
146, 23.256046295166016, 0.09943583607673645, -1.147310495376587
147, 23.256046295166016, 0.09943583607673645, -1.147310495376587
148, 23.256046295166016, 0.09943583607673645, -1.147310495376587
149, 23.256046295166016, 0.09943583607673645, -1.147310495376587
150, 23.256046295166016, 0.09943583607673645, -1.147310495376587
151, 23.256046295166016, 0.09943583607673645, -1.147310495376587
152, 23.256046295166016, 0.09943583607673645, -1.147310495376587
153, 23.256046295166016, 0.09943583607673645, -1.147310495376587
154, 23.256046295166016, 0.09943583607673645, -1.147310495376587
155, 23.256046295166016, 0.09943583607673645, -1.147310495376587
156, 23.256046295166016, 0.09943583607673645, -1.147310495376587
157, 23.256046295166016, 0.09943583607673645, -1.147310495376587
158, 23.12055206298828, 0.09943583607673645, -0.9372125267982483
159, 22.985057830810547, 0.09943583607673645, -0.7271145582199097
160, 22.985057830810547, 0.09943583607673645, -0.7271145582199097
161, 22.762666702270508, 0.09943583607673645, -0.6129118204116821
162, 22.762666702270508, 0.09943583607673645, -0.6129118204116821
163, 22.762666702270508, 0.09943583607673645, -0.6129118204116821
164, 22.762666702270508, 0.09943583607673645, -0.6129118204116821
165, 22.762666702270508, 0.09943583607673645, -0.6129118204116821
166, 22.762666702270508, 0.09943583607673645, -0.6129118204116821
167, 22.762666702270508, 0.09943583607673645, -0.6129118204116821
168, 22.985057830810547, 0.09943583607673645, -0.7271145582199097
169, 23.207448959350586, 0.09943583607673645, -0.8413172960281372
170, 23.429840087890625, 0.09943583607673645, -0.9555200338363647
171, 23.652231216430664, 0.09943583607673645, -1.0697227716445923
172, 23.652231216430664, 0.09943583607673645, -1.0697227716445923
173, 23.901927947998047, 0.09943583607673645, -1.0574297904968262
174, 24.15162467956543, 0.09943583607673645, -1.04513680934906
175, 24.15162467956543, 0.09943583607673645, -1.04513680934906
176, 24.15162467956543, 0.09943583607673645, -1.04513680934906
177, 24.15162467956543, 0.09943583607673645, -1.04513680934906
178, 24.15162467956543, 0.09943583607673645, -1.04513680934906
179, 24.15162467956543, 0.09943583607673645, -1.04513680934906
180, 24.15162467956543, 0.09943583607673645, -1.04513680934906
181, 24.15162467956543, 0.09943583607673645, -1.04513680934906
182, 24.15162467956543, 0.09943583607673645, -1.04513680934906
183, 24.15162467956543, 0.09943583607673645, -1.04513680934906
184, 24.15162467956543, 0.09943583607673645, -1.04513680934906
185, 24.15162467956543, 0.09943583607673645, -1.04513680934906
186, 23.941526412963867, 0.09943583607673645, -1.1806316375732422
187, 23.941526412963867, 0.09943583607673645, -1.1806316375732422
188, 23.691829681396484, 0.09943583607673645, -1.1929246187210083
189, 23.4421329498291, 0.09943583607673645, -1.2052175998687744
190, 23.19243621826172, 0.09943583607673645, -1.2175105810165405
191, 22.942739486694336, 0.09943583607673645, -1.2298035621643066
192, 22.942739486694336, 0.09943583607673645, -1.2298035621643066
193, 22.732641220092773, 0.09943583607673645, -1.3652983903884888
194, 22.732641220092773, 0.09943583607673645, -1.3652983903884888
195, 22.48294448852539, 0.09943583607673645, -1.3775913715362549
196, 22.48294448852539, 0.09943583607673645, -1.3775913715362549
197, 22.48294448852539, 0.09943583607673645, -1.3775913715362549
198, 22.347450256347656, 0.09943583607673645, -1.1674933433532715
199, 22.347450256347656, 0.09943583607673645, -1.1674933433532715
200, 22.33515739440918, 0.09943583607673645, -0.917795717716217
201, 22.322864532470703, 0.09943583607673645, -0.6680980920791626
202, 22.310571670532227, 0.09943583607673645, -0.41840046644210815
203, 22.310571670532227, 0.09943583607673645, -0.41840046644210815
204, 22.175077438354492, 0.09943583607673645, -0.20830249786376953
205, 22.175077438354492, 0.09943583607673645, -0.20830249786376953
206, 21.952686309814453, 0.09943583607673645, -0.09409976005554199
207, 21.7514591217041, 0.09943583607673645, 0.009234428405761719
208, 21.7514591217041, 0.09943583607673645, 0.009234428405761719
209, 21.7514591217041, 0.09943583607673645, 0.009234428405761719
210, 21.54136085510254, 0.09943583607673645, -0.1262604296207428
211, 21.523284912109375, 0.09943583607673645, -0.1379173845052719
212, 21.523284912109375, 0.09943583607673645, -0.1379173845052719
213, 21.28370475769043, 0.09943583607673645, -0.14971232414245605
214, 21.28370475769043, 0.09943583607673645, -0.14971232414245605
215, 21.28370475769043, 0.09943583607673645, -0.14971232414245605
216, 21.16950225830078, 0.09943583607673645, -0.3721032738685608
217, 21.16950225830078, 0.09943583607673645, -0.3721032738685608
218, 20.95940399169922, 0.09943583607673645, -0.5075981020927429
219, 20.95940399169922, 0.09943583607673645, -0.5075981020927429
220, 20.709707260131836, 0.09943583607673645, -0.519891083240509
221, 20.460010528564453, 0.09943583607673645, -0.5321840643882751
222, 20.21031379699707, 0.09943583607673645, -0.5444770455360413
223, 19.960617065429688, 0.09943583607673645, -0.5567700266838074
224, 19.710920333862305, 0.09943583607673645, -0.5690630078315735
225, 19.461223602294922, 0.09943583607673645, -0.5813559889793396
226, 19.461223602294922, 0.09943583607673645, -0.5813559889793396
227, 19.238832473754883, 0.09943583607673645, -0.46715325117111206
228, 19.016441345214844, 0.09943583607673645, -0.3529505133628845
229, 19.016441345214844, 0.09943583607673645, -0.3529505133628845
230, 18.76674461364746, 0.09943583607673645, -0.36524349451065063
231, 18.517047882080078, 0.09943583607673645, -0.37753647565841675
232, 18.267351150512695, 0.09943583607673645, -0.38982945680618286
233, 18.017654418945312, 0.09943583607673645, -0.402122437953949
234, 17.76795768737793, 0.09943583607673645, -0.4144154191017151
235, 17.76795768737793, 0.09943583607673645, -0.4144154191017151
236, 17.54556655883789, 0.09943583607673645, -0.30021268129348755
237, 17.32317543029785, 0.09943583607673645, -0.18600994348526
238, 17.100784301757812, 0.09943583607673645, -0.07180720567703247
239, 16.878393173217773, 0.09943583607673645, 0.04239553213119507
240, 16.656002044677734, 0.09943583607673645, 0.1565982699394226
241, 16.656002044677734, 0.09943583607673645, 0.1565982699394226
242, 16.40630531311035, 0.09943583607673645, 0.1443052738904953
243, 16.15660858154297, 0.09943583607673645, 0.132012277841568
244, 15.90691089630127, 0.09943583607673645, 0.11971928179264069
245, 15.65721321105957, 0.09943583607673645, 0.10742628574371338
246, 15.407515525817871, 0.09943583607673645, 0.09513328969478607
247, 15.157817840576172, 0.09943583607673645, 0.08284029364585876
248, 14.908120155334473, 0.09943583607673645, 0.07054729759693146
249, 14.658422470092773, 0.09943583607673645, 0.05825430154800415
250, 14.408724784851074, 0.09943583607673645, 0.04596130549907684
251, 14.159027099609375, 0.09943583607673645, 0.033668309450149536
252, 14.159027099609375, 0.09943583607673645, 0.033668309450149536
253, 13.948928833007812, 0.09943583607673645, -0.10182653367519379
254, 13.73883056640625, 0.09943583607673645, -0.2373213768005371
255, 13.528732299804688, 0.09943583607673645, -0.37281620502471924
256, 13.318634033203125, 0.09943583607673645, -0.5083110332489014
257, 13.108535766601562, 0.09943583607673645, -0.6438058614730835
258, 12.8984375, 0.09943583607673645, -0.7793006896972656
259, 12.688339233398438, 0.09943583607673645, -0.9147955179214478
260, 12.478240966796875, 0.09943583607673645, -1.0502903461456299
261, 12.268142700195312, 0.09943583607673645, -1.185785174369812
262, 12.268142700195312, 0.09943583607673645, -1.185785174369812
263, 12.153940200805664, 0.09943583607673645, -1.4081761837005615
264, 12.153940200805664, 0.09943583607673645, -1.4081761837005615
265, 11.943841934204102, 0.09943583607673645, -1.5436710119247437
266, 11.733743667602539, 0.09943583607673645, -1.6791658401489258
267, 11.733743667602539, 0.09943583607673645, -1.6791658401489258
268, 11.48404598236084, 0.09943583607673645, -1.691458821296692
269, 11.23434829711914, 0.09943583607673645, -1.703751802444458
270, 10.984650611877441, 0.09943583607673645, -1.7160447835922241
271, 10.734952926635742, 0.09943583607673645, -1.7283377647399902
272, 10.485255241394043, 0.09943583607673645, -1.7406307458877563
273, 10.235557556152344, 0.09943583607673645, -1.7529237270355225
274, 9.985859870910645, 0.09943583607673645, -1.7652167081832886
275, 9.985859870910645, 0.09943583607673645, -1.7652167081832886
276, 9.763468742370605, 0.09943583607673645, -1.651013970375061
277, 9.541077613830566, 0.09943583607673645, -1.5368112325668335
278, 9.318686485290527, 0.09943583607673645, -1.422608494758606
279, 9.096295356750488, 0.09943583607673645, -1.3084057569503784
280, 8.87390422821045, 0.09943583607673645, -1.1942030191421509
281, 8.65151309967041, 0.09943583607673645, -1.0800002813339233
282, 8.65151309967041, 0.09943583607673645, -1.0800002813339233
283, 8.51601791381836, 0.09943583607673645, -0.8699023127555847
284, 8.380522727966309, 0.09943583607673645, -0.6598043441772461
285, 8.380522727966309, 0.09943583607673645, -0.6598043441772461
286, 8.15813159942627, 0.09943583607673645, -0.5456016063690186
287, 7.9357404708862305, 0.09943583607673645, -0.431398868560791
288, 7.9357404708862305, 0.09943583607673645, -0.431398868560791
289, 7.686042785644531, 0.09943583607673645, -0.44369184970855713
290, 7.436345100402832, 0.09943583607673645, -0.45598483085632324
291, 7.186647415161133, 0.09943583607673645, -0.46827781200408936
292, 6.936949729919434, 0.09943583607673645, -0.48057079315185547
293, 6.687252044677734, 0.09943583607673645, -0.4928637742996216
294, 6.437554359436035, 0.09943583607673645, -0.5051567554473877
295, 6.187856674194336, 0.09943583607673645, -0.5174497365951538
296, 5.938158988952637, 0.09943583607673645, -0.5297427177429199
297, 5.6884613037109375, 0.09943583607673645, -0.542035698890686
298, 5.438763618469238, 0.09943583607673645, -0.5543286800384521
299, 5.189065933227539, 0.09943583607673645, -0.5666216611862183
300, 4.93936824798584, 0.09943583607673645, -0.5789146423339844
301, 4.689670562744141, 0.09943583607673645, -0.5912076234817505
302, 4.689670562744141, 0.09943583607673645, -0.5912076234817505
303, 4.467279434204102, 0.09943583607673645, -0.47700488567352295
304, 4.467279434204102, 0.09943583607673645, -0.47700488567352295
305, 4.467279434204102, 0.09943583607673645, -0.47700488567352295
306, 4.2448883056640625, 0.09943583607673645, -0.3628021478652954
307, 4.2448883056640625, 0.09943583607673645, -0.3628021478652954
308, 4.2448883056640625, 0.09943583607673645, -0.3628021478652954
309, 4.2448883056640625, 0.09943583607673645, -0.3628021478652954
310, 4.10939359664917, 0.09943583607673645, -0.1527041792869568
311, 4.10939359664917, 0.09943583607673645, -0.1527041792869568
312, 4.10939359664917, 0.09943583607673645, -0.1527041792869568
313, 4.10939359664917, 0.09943583607673645, -0.1527041792869568
314, 4.10939359664917, 0.09943583607673645, -0.1527041792869568
315, 4.10939359664917, 0.09943583607673645, -0.1527041792869568
316, 4.10939359664917, 0.09943583607673645, -0.1527041792869568
317, 4.2448883056640625, 0.09943583607673645, -0.362802118062973
318, 4.2448883056640625, 0.09943583607673645, -0.362802118062973
319, 4.467279434204102, 0.09943583607673645, -0.4770048260688782
320, 4.689670562744141, 0.09943583607673645, -0.5912075042724609
321, 4.689670562744141, 0.09943583607673645, -0.5912075042724609
322, 4.689670562744141, 0.09943583607673645, -0.5912075042724609
323, 4.689670562744141, 0.09943583607673645, -0.5912075042724609
324, 4.689670562744141, 0.09943583607673645, -0.5912075042724609
325, 4.689670562744141, 0.09943583607673645, -0.5912075042724609
326, 4.689670562744141, 0.09943583607673645, -0.5912075042724609
327, 4.689670562744141, 0.09943583607673645, -0.5912075042724609
328, 4.689670562744141, 0.09943583607673645, -0.5912075042724609
329, 4.689670562744141, 0.09943583607673645, -0.5912075042724609
330, 4.93936824798584, 0.09943583607673645, -0.57891446352005
331, 5.189065933227539, 0.09943583607673645, -0.5666214227676392
332, 5.438763618469238, 0.09943583607673645, -0.5543283820152283
333, 5.6884613037109375, 0.09943583607673645, -0.5420353412628174
334, 5.938158988952637, 0.09943583607673645, -0.5297423005104065
335, 6.187856674194336, 0.09943583607673645, -0.5174492597579956
336, 6.437554359436035, 0.09943583607673645, -0.5051562190055847
337, 6.687252044677734, 0.09943583607673645, -0.49286317825317383
338, 6.936949729919434, 0.09943583607673645, -0.48057013750076294
339, 7.186647415161133, 0.09943583607673645, -0.46827709674835205
340, 7.436345100402832, 0.09943583607673645, -0.45598405599594116
341, 7.686042785644531, 0.09943583607673645, -0.4436910152435303
342, 7.9357404708862305, 0.09943583607673645, -0.4313979744911194
343, 7.9357404708862305, 0.09943583607673645, -0.4313979744911194
344, 8.15813159942627, 0.09943583607673645, -0.5456006526947021
345, 8.380522727966309, 0.09943583607673645, -0.6598033905029297
346, 8.380522727966309, 0.09943583607673645, -0.6598033905029297
347, 8.51601791381836, 0.09943583607673645, -0.8699012994766235
348, 8.51601791381836, 0.09943583607673645, -0.8699012994766235
349, 8.528310775756836, 0.09943583607673645, -1.1195988655090332
350, 8.528310775756836, 0.09943583607673645, -1.1195988655090332
351, 8.414108276367188, 0.09943583607673645, -1.3419897556304932
352, 8.299905776977539, 0.09943583607673645, -1.5643806457519531
353, 8.299905776977539, 0.09943583607673645, -1.5643806457519531
354, 8.299905776977539, 0.09943583607673645, -1.5643806457519531
355, 8.05020809173584, 0.09943583607673645, -1.5766736268997192
356, 7.800510406494141, 0.09943583607673645, -1.5889666080474854
357, 7.800510406494141, 0.09943583607673645, -1.5889666080474854
358, 7.590412616729736, 0.09943583607673645, -1.7244614362716675
359, 7.380314826965332, 0.09943583607673645, -1.8599562644958496
360, 7.170217037200928, 0.09943583607673645, -1.9954510927200317
361, 7.170217037200928, 0.09943583607673645, -1.9954510927200317
362, 7.170217037200928, 0.09943583607673645, -1.9954510927200317
363, 7.170217037200928, 0.09943583607673645, -1.9954510927200317
364, 7.170217037200928, 0.09943583607673645, -1.9954510927200317
365, 7.170217037200928, 0.09943583607673645, -1.9954510927200317
366, 7.034722328186035, 0.09943583607673645, -1.785353183746338
367, 6.899227619171143, 0.09943583607673645, -1.5752551555633545
368, 6.899227619171143, 0.09943583607673645, -1.5752551555633545
369, 6.899227619171143, 0.09943583607673645, -1.5752551555633545
370, 6.649529933929443, 0.09943583607673645, -1.5875481367111206
371, 6.649529933929443, 0.09943583607673645, -1.5875481367111206
372, 6.427138805389404, 0.09943583607673645, -1.473345398902893
373, 6.427138805389404, 0.09943583607673645, -1.473345398902893
374, 6.427138805389404, 0.09943583607673645, -1.473345398902893
375, 6.204747676849365, 0.09943583607673645, -1.3591426610946655
376, 6.204747676849365, 0.09943583607673645, -1.3591426610946655
377, 5.955049991607666, 0.09943583607673645, -1.3714356422424316
378, 5.955049991607666, 0.09943583607673645, -1.3714356422424316
379, 5.744952201843262, 0.09943583607673645, -1.5069304704666138
380, 5.534854412078857, 0.09943583607673645, -1.642425298690796
381, 5.459897994995117, 0.09943583607673645, -1.690765619277954
382, 5.459897994995117, 0.09943583607673645, -1.690765619277954
383, 5.459897994995117, 0.09943583607673645, -1.690765619277954
384, 5.459897994995117, 0.09943583607673645, -1.690765619277954
385, 5.459897994995117, 0.09943583607673645, -1.690765619277954
386, 5.459897994995117, 0.09943583607673645, -1.690765619277954
387, 5.459897994995117, 0.09943583607673645, -1.690765619277954
388, 5.459897994995117, 0.09943583607673645, -1.690765619277954
389, 5.459897994995117, 0.09943583607673645, -1.690765619277954
390, 5.459897994995117, 0.09943583607673645, -1.690765619277954
391, 5.459897994995117, 0.09943583607673645, -1.690765619277954
392, 5.459897994995117, 0.09943583607673645, -1.690765619277954
393, 5.459897994995117, 0.09943583607673645, -1.690765619277954
394, 5.459897994995117, 0.09943583607673645, -1.690765619277954
395, 5.459897994995117, 0.09943583607673645, -1.690765619277954
396, 5.297122955322266, 0.09943583607673645, -1.6071770191192627
397, 5.297122955322266, 0.09943583607673645, -1.6071770191192627
398, 5.297122955322266, 0.09943583607673645, -1.6071770191192627
399, 5.297122955322266, 0.09943583607673645, -1.6071770191192627
400, 5.297122955322266, 0.09943583607673645, -1.6071770191192627
401, 5.297122955322266, 0.09943583607673645, -1.6071770191192627
402, 5.297122955322266, 0.09943583607673645, -1.6071770191192627
403, 5.3080830574035645, 0.09943583607673645, -1.8298054933547974
404, 5.3080830574035645, 0.09943583607673645, -1.8298054933547974
405, 5.3080830574035645, 0.09943583607673645, -1.8298054933547974
406, 5.3080830574035645, 0.09943583607673645, -1.8298054933547974
407, 5.15031623840332, 0.09943583607673645, -1.8375725746154785
408, 5.15031623840332, 0.09943583607673645, -1.8375725746154785
409, 5.15031623840332, 0.09943583607673645, -1.8375725746154785
410, 5.15031623840332, 0.09943583607673645, -1.8375725746154785
411, 5.15031623840332, 0.09943583607673645, -1.8375725746154785
412, 5.036113739013672, 0.09943583607673645, -2.0599634647369385
413, 5.036113739013672, 0.09943583607673645, -2.0599634647369385
414, 5.036113739013672, 0.09943583607673645, -2.0599634647369385
415, 4.786416053771973, 0.09943583607673645, -2.072256565093994
416, 4.786416053771973, 0.09943583607673645, -2.072256565093994
417, 4.564024925231934, 0.09943583607673645, -1.9580538272857666
418, 4.564024925231934, 0.09943583607673645, -1.9580538272857666
419, 4.564024925231934, 0.09943583607673645, -1.9580538272857666
420, 4.564024925231934, 0.09943583607673645, -1.9580538272857666
421, 4.314327239990234, 0.09943583607673645, -1.9703468084335327
422, 4.064629554748535, 0.09943583607673645, -1.9826397895812988
423, 4.064629554748535, 0.09943583607673645, -1.9826397895812988
424, 4.064629554748535, 0.09943583607673645, -1.9826397895812988
425, 4.064629554748535, 0.09943583607673645, -1.9826397895812988
426, 4.064629554748535, 0.09943583607673645, -1.9826397895812988
427, 4.064629554748535, 0.09943583607673645, -1.9826397895812988
428, 4.064629554748535, 0.09943583607673645, -1.9826397895812988
429, 4.314327239990234, 0.09943583607673645, -1.9703468084335327
430, 4.564024925231934, 0.09943583607673645, -1.9580538272857666
431, 4.813722610473633, 0.09943583607673645, -1.9457608461380005
432, 5.063420295715332, 0.09943583607673645, -1.9334678649902344
433, 5.063420295715332, 0.09943583607673645, -1.9334678649902344
434, 5.273518085479736, 0.09943583607673645, -1.7979729175567627
435, 5.483615875244141, 0.09943583607673645, -1.662477970123291
436, 5.693713665008545, 0.09943583607673645, -1.5269830226898193
437, 5.693713665008545, 0.09943583607673645, -1.5269830226898193
438, 5.943411350250244, 0.09943583607673645, -1.5146900415420532
439, 6.193109035491943, 0.09943583607673645, -1.502397060394287
440, 6.442806720733643, 0.09943583607673645, -1.490104079246521
441, 6.692504405975342, 0.09943583607673645, -1.4778110980987549
442, 6.692504405975342, 0.09943583607673645, -1.4778110980987549
443, 6.914895534515381, 0.09943583607673645, -1.5920138359069824
444, 7.13728666305542, 0.09943583607673645, -1.70621657371521
445, 7.13728666305542, 0.09943583607673645, -1.70621657371521
446, 7.386984348297119, 0.09943583607673645, -1.6939235925674438
447, 7.636682033538818, 0.09943583607673645, -1.6816306114196777
448, 7.886379718780518, 0.09943583607673645, -1.6693376302719116
449, 8.136076927185059, 0.09943583607673645, -1.6570446491241455
450, 8.136076927185059, 0.09943583607673645, -1.6570446491241455
451, 8.346175193786621, 0.09943583607673645, -1.5215497016906738
452, 8.556273460388184, 0.09943583607673645, -1.3860547542572021
453, 8.556273460388184, 0.09943583607673645, -1.3860547542572021
454, 8.670475959777832, 0.09943583607673645, -1.1636638641357422
455, 8.670475959777832, 0.09943583607673645, -1.1636638641357422
456, 8.658183097839355, 0.09943583607673645, -0.9139662981033325
457, 8.658183097839355, 0.09943583607673645, -0.9139662981033325
458, 8.522687911987305, 0.09943583607673645, -0.7038683295249939
459, 8.522687911987305, 0.09943583607673645, -0.7038683295249939
460, 8.300296783447266, 0.09943583607673645, -0.5896655917167664
461, 8.077905654907227, 0.09943583607673645, -0.4754628539085388
462, 7.982417583465576, 0.09943583607673645, -0.4264276325702667
463, 7.982417583465576, 0.09943583607673645, -0.4264276325702667
464, 7.732719898223877, 0.09943583607673645, -0.4387206435203552
465, 7.483022212982178, 0.09943583607673645, -0.45101362466812134
466, 7.2333245277404785, 0.09943583607673645, -0.46330660581588745
467, 6.983626842498779, 0.09943583607673645, -0.47559958696365356
468, 6.73392915725708, 0.09943583607673645, -0.4878925681114197
469, 6.484231472015381, 0.09943583607673645, -0.5001855492591858
470, 6.234533786773682, 0.09943583607673645, -0.5124785304069519
471, 5.984836101531982, 0.09943583607673645, -0.524771511554718
472, 5.735138416290283, 0.09943583607673645, -0.5370644927024841
473, 5.485440731048584, 0.09943583607673645, -0.5493574738502502
474, 5.235743045806885, 0.09943583607673645, -0.5616504549980164
475, 4.9860453605651855, 0.09943583607673645, -0.5739434361457825
476, 4.736347675323486, 0.09943583607673645, -0.5862364172935486
477, 4.486649990081787, 0.09943583607673645, -0.5985293984413147
478, 4.236952304840088, 0.09943583607673645, -0.6108223795890808
479, 3.9872546195983887, 0.09943583607673645, -0.6231153607368469
480, 3.7375569343566895, 0.09943583607673645, -0.635408341884613
481, 3.4878592491149902, 0.09943583607673645, -0.6477013230323792
482, 3.238161563873291, 0.09943583607673645, -0.6599943041801453
483, 2.988463878631592, 0.09943583607673645, -0.6722872853279114
484, 2.7387661933898926, 0.09943583607673645, -0.6845802664756775
485, 2.4890685081481934, 0.09943583607673645, -0.6968732476234436
486, 2.239370822906494, 0.09943583607673645, -0.7091662287712097
487, 1.9896732568740845, 0.09943583607673645, -0.7214592099189758
488, 1.9896732568740845, 0.09943583607673645, -0.7214592099189758
489, 1.767282247543335, 0.09943583607673645, -0.6072564721107483
490, 1.5448912382125854, 0.09943583607673645, -0.49305373430252075
491, 1.322500228881836, 0.09943583607673645, -0.3788509964942932
492, 1.1001092195510864, 0.09943583607673645, -0.2646482586860657
493, 0.8777182102203369, 0.09943583607673645, -0.15044552087783813
494, 0.8777182102203369, 0.09943583607673645, -0.15044552087783813
495, 0.8777182102203369, 0.09943583607673645, -0.15044552087783813
496, 7.43961238861084, 2.8994359970092773, -0.5572415590286255
