1, -5.779064655303955, 0.07216382026672363, 4.0959625244140625
2, -5.779064655303955, 0.07216382026672363, 4.0959625244140625
3, -5.779064655303955, 0.07216382026672363, 4.0959625244140625
4, -5.779064655303955, 0.07216382026672363, 4.0959625244140625
5, -5.779064655303955, 0.07216382026672363, 4.0959625244140625
6, -5.779064655303955, 0.07216382026672363, 4.0959625244140625
7, -5.779064655303955, 0.07216382026672363, 4.0959625244140625
8, -5.779064655303955, 0.07216382026672363, 4.0959625244140625
9, -5.779064655303955, 0.07216382026672363, 4.0959625244140625
10, -5.779064655303955, 0.07216382026672363, 4.0959625244140625
11, -5.779064655303955, 0.07216382026672363, 4.0959625244140625
12, -5.779064655303955, 0.07216382026672363, 4.0959625244140625
13, -6.017248153686523, 0.07216382026672363, 4.020010948181152
14, -6.017248153686523, 0.07216382026672363, 4.020010948181152
15, -6.017248153686523, 0.07216382026672363, 4.020010948181152
16, -6.202116012573242, 0.07216382026672363, 4.188307762145996
17, -6.202116012573242, 0.07216382026672363, 4.188307762145996
18, -6.2780680656433105, 0.07216382026672363, 4.4264912605285645
19, -6.354020118713379, 0.07216382026672363, 4.664674758911133
20, -9.060481071472168, 3.0721640586853027, -0.2740086019039154
