1, -6.79896354675293, 0.004813194274902344, 3.7030720710754395
2, -6.79896354675293, 0.004813194274902344, 3.7030720710754395
3, -6.79896354675293, 0.004813194274902344, 3.7030720710754395
4, -6.79896354675293, 0.004813194274902344, 3.7030720710754395
5, -6.79896354675293, 0.004813194274902344, 3.7030720710754395
6, -6.79896354675293, 0.004813194274902344, 3.7030720710754395
7, -6.79896354675293, 0.004813194274902344, 3.7030720710754395
8, -6.79896354675293, 0.004813194274902344, 3.7030720710754395
9, -6.79896354675293, 0.004813194274902344, 3.7030720710754395
10, -6.79896354675293, 0.004813194274902344, 3.7030720710754395
11, -6.79896354675293, 0.004813194274902344, 3.7030720710754395
12, -6.79896354675293, 0.004813194274902344, 3.7030720710754395
13, -6.79896354675293, 0.004813194274902344, 3.7030720710754395
14, -6.617127418518066, 0.004813194274902344, 3.5315041542053223
15, -6.617127418518066, 0.004813194274902344, 3.5315041542053223
16, -6.545436382293701, 0.004813194274902344, 3.292003870010376
17, -6.473745346069336, 0.004813194274902344, 3.0525035858154297
18, -6.402054309844971, 0.004813194274902344, 2.8130033016204834
19, -6.3303632736206055, 0.004813194274902344, 2.573503017425537
20, -6.3303632736206055, 0.004813194274902344, 2.573503017425537
21, -6.3303632736206055, 0.004813194274902344, 2.573503017425537
22, -6.087104320526123, 0.004813194274902344, 2.515838861465454
23, -5.843845367431641, 0.004813194274902344, 2.458174705505371
24, -5.600586414337158, 0.004813194274902344, 2.400510549545288
25, -5.357327461242676, 0.004813194274902344, 2.342846393585205
26, -5.114068508148193, 0.004813194274902344, 2.285182237625122
27, -5.114068508148193, 0.004813194274902344, 2.285182237625122
28, -4.874567985534668, 0.004813194274902344, 2.356873035430908
29, -4.635067462921143, 0.004813194274902344, 2.4285638332366943
30, -4.635067462921143, 0.004813194274902344, 2.4285638332366943
31, -4.635067462921143, 0.004813194274902344, 2.4285638332366943
32, -4.635067462921143, 0.004813194274902344, 2.4285638332366943
33, -4.635067462921143, 0.004813194274902344, 2.4285638332366943
34, -4.635067462921143, 0.004813194274902344, 2.4285638332366943
35, -4.635067462921143, 0.004813194274902344, 2.4285638332366943
36, -4.395566940307617, 0.004813194274902344, 2.5002546310424805
37, -4.395566940307617, 0.004813194274902344, 2.5002546310424805
38, -4.395566940307617, 0.004813194274902344, 2.5002546310424805
39, -4.395566940307617, 0.004813194274902344, 2.5002546310424805
40, -4.395566940307617, 0.004813194274902344, 2.5002546310424805
41, -4.395566940307617, 0.004813194274902344, 2.5002546310424805
42, -4.395566940307617, 0.004813194274902344, 2.5002546310424805
43, -4.395566940307617, 0.004813194274902344, 2.5002546310424805
44, -4.395566940307617, 0.004813194274902344, 2.5002546310424805
45, -4.395566940307617, 0.004813194274902344, 2.5002546310424805
46, -4.395566940307617, 0.004813194274902344, 2.5002546310424805
47, -4.395566940307617, 0.004813194274902344, 2.5002546310424805
48, -4.395566940307617, 0.004813194274902344, 2.5002546310424805
49, -4.395566940307617, 0.004813194274902344, 2.5002546310424805
50, -4.395566940307617, 0.004813194274902344, 2.5002546310424805
51, -4.395566940307617, 0.004813194274902344, 2.5002546310424805
52, -4.6388258934021, 0.004813194274902344, 2.5579187870025635
53, -4.882084846496582, 0.004813194274902344, 2.6155829429626465
54, -5.1253437995910645, 0.004813194274902344, 2.6732470989227295
55, -5.368602752685547, 0.004813194274902344, 2.7309112548828125
56, -5.368602752685547, 0.004813194274902344, 2.7309112548828125
57, -5.608103275299072, 0.004813194274902344, 2.6592204570770264
58, -5.608103275299072, 0.004813194274902344, 2.6592204570770264
59, -5.608103275299072, 0.004813194274902344, 2.6592204570770264
60, -5.608103275299072, 0.004813194274902344, 2.6592204570770264
61, -5.608103275299072, 0.004813194274902344, 2.6592204570770264
62, -5.608103275299072, 0.004813194274902344, 2.6592204570770264
63, -5.36484432220459, 0.004813194274902344, 2.6015563011169434
64, -5.121585369110107, 0.004813194274902344, 2.5438921451568604
65, -4.878326416015625, 0.004813194274902344, 2.4862279891967773
66, -4.635067462921143, 0.004813194274902344, 2.4285638332366943
67, -4.39180850982666, 0.004813194274902344, 2.3708996772766113
68, -4.148549556732178, 0.004813194274902344, 2.3132355213165283
69, -3.933307647705078, 0.004813194274902344, 2.2622127532958984
70, -3.933307647705078, 0.004813194274902344, 2.2622127532958984
71, -3.693807363510132, 0.004813194274902344, 2.3339035511016846
72, -3.4543070793151855, 0.004813194274902344, 2.4055943489074707
73, -3.2148067951202393, 0.004813194274902344, 2.477285146713257
74, -3.2148067951202393, 0.004813194274902344, 2.477285146713257
75, -3.2148067951202393, 0.004813194274902344, 2.477285146713257
76, -3.2148067951202393, 0.004813194274902344, 2.477285146713257
77, -3.2148067951202393, 0.004813194274902344, 2.477285146713257
78, -3.2148067951202393, 0.004813194274902344, 2.477285146713257
79, -3.2148067951202393, 0.004813194274902344, 2.477285146713257
80, -3.4543070793151855, 0.004813194274902344, 2.4055943489074707
81, -3.693807601928711, 0.004813194274902344, 2.3339035511016846
82, -3.9333081245422363, 0.004813194274902344, 2.2622127532958984
83, -3.9333081245422363, 0.004813194274902344, 2.2622127532958984
84, -4.176567077636719, 0.004813194274902344, 2.3198771476745605
85, -4.419826030731201, 0.004813194274902344, 2.3775415420532227
86, -4.663084983825684, 0.004813194274902344, 2.4352059364318848
87, -4.906343936920166, 0.004813194274902344, 2.492870330810547
88, -5.149602890014648, 0.004813194274902344, 2.550534725189209
89, -5.392861843109131, 0.004813194274902344, 2.608199119567871
90, -5.636120796203613, 0.004813194274902344, 2.665863513946533
91, -5.879379749298096, 0.004813194274902344, 2.7235279083251953
92, -5.879379749298096, 0.004813194274902344, 2.7235279083251953
93, -5.879379749298096, 0.004813194274902344, 2.7235279083251953
94, -5.879379749298096, 0.004813194274902344, 2.7235279083251953
95, -5.879379749298096, 0.004813194274902344, 2.7235279083251953
96, -5.879379749298096, 0.004813194274902344, 2.7235279083251953
97, -5.879379749298096, 0.004813194274902344, 2.7235279083251953
98, -5.636120796203613, 0.004813194274902344, 2.665863513946533
99, -5.392861843109131, 0.004813194274902344, 2.608199119567871
100, -5.149602890014648, 0.004813194274902344, 2.550534725189209
101, -4.906343936920166, 0.004813194274902344, 2.492870330810547
102, -4.663084983825684, 0.004813194274902344, 2.4352059364318848
103, -4.419826030731201, 0.004813194274902344, 2.3775415420532227
104, -4.176567077636719, 0.004813194274902344, 2.3198771476745605
105, -3.9333083629608154, 0.004813194274902344, 2.2622127532958984
106, -3.9333083629608154, 0.004813194274902344, 2.2622127532958984
107, -3.69380784034729, 0.004813194274902344, 2.3339033126831055
108, -3.4543073177337646, 0.004813194274902344, 2.4055938720703125
109, -3.2148067951202393, 0.004813194274902344, 2.4772844314575195
110, -2.975306272506714, 0.004813194274902344, 2.5489749908447266
111, -2.975306272506714, 0.004813194274902344, 2.5489749908447266
112, -2.975306272506714, 0.004813194274902344, 2.5489749908447266
113, -2.975306272506714, 0.004813194274902344, 2.5489749908447266
114, -2.975306272506714, 0.004813194274902344, 2.5489749908447266
115, -2.975306272506714, 0.004813194274902344, 2.5489749908447266
116, -2.975306272506714, 0.004813194274902344, 2.5489749908447266
117, -3.2148067951202393, 0.004813194274902344, 2.4772844314575195
118, -3.4543073177337646, 0.004813194274902344, 2.4055938720703125
119, -3.69380784034729, 0.004813194274902344, 2.3339033126831055
120, -3.9333083629608154, 0.004813194274902344, 2.2622127532958984
121, -3.9333083629608154, 0.004813194274902344, 2.2622127532958984
122, -4.176567077636719, 0.004813194274902344, 2.3198771476745605
123, -4.419826030731201, 0.004813194274902344, 2.3775415420532227
124, -4.663084983825684, 0.004813194274902344, 2.4352059364318848
125, -4.906343936920166, 0.004813194274902344, 2.492870330810547
126, -5.149602890014648, 0.004813194274902344, 2.550534725189209
127, -5.392861843109131, 0.004813194274902344, 2.608199119567871
128, -5.636120796203613, 0.004813194274902344, 2.665863513946533
129, -5.879379749298096, 0.004813194274902344, 2.7235279083251953
130, -5.879379749298096, 0.004813194274902344, 2.7235279083251953
131, -5.879379749298096, 0.004813194274902344, 2.7235279083251953
132, -5.879379749298096, 0.004813194274902344, 2.7235279083251953
133, -5.879379749298096, 0.004813194274902344, 2.7235279083251953
134, -5.879379749298096, 0.004813194274902344, 2.7235279083251953
135, -5.879379749298096, 0.004813194274902344, 2.7235279083251953
136, -5.636120796203613, 0.004813194274902344, 2.665863513946533
137, -5.392861843109131, 0.004813194274902344, 2.608199119567871
138, -5.149602890014648, 0.004813194274902344, 2.550534725189209
139, -4.906343936920166, 0.004813194274902344, 2.492870330810547
140, -4.663084983825684, 0.004813194274902344, 2.4352059364318848
141, -4.419826030731201, 0.004813194274902344, 2.3775415420532227
142, -4.176567077636719, 0.004813194274902344, 2.3198771476745605
143, -3.9333083629608154, 0.004813194274902344, 2.2622127532958984
144, -3.9333083629608154, 0.004813194274902344, 2.2622127532958984
145, -3.69380784034729, 0.004813194274902344, 2.3339033126831055
146, -3.4543073177337646, 0.004813194274902344, 2.4055938720703125
147, -3.2148067951202393, 0.004813194274902344, 2.4772844314575195
148, -2.975306272506714, 0.004813194274902344, 2.5489749908447266
149, -2.975306272506714, 0.004813194274902344, 2.5489749908447266
150, -2.975306272506714, 0.004813194274902344, 2.5489749908447266
151, -2.975306272506714, 0.004813194274902344, 2.5489749908447266
152, -2.975306272506714, 0.004813194274902344, 2.5489749908447266
153, -2.975306272506714, 0.004813194274902344, 2.5489749908447266
154, -2.975306272506714, 0.004813194274902344, 2.5489749908447266
155, -3.2148067951202393, 0.004813194274902344, 2.4772844314575195
156, -3.4543073177337646, 0.004813194274902344, 2.4055938720703125
157, -3.69380784034729, 0.004813194274902344, 2.3339033126831055
158, -3.9333083629608154, 0.004813194274902344, 2.2622127532958984
159, -3.9333083629608154, 0.004813194274902344, 2.2622127532958984
160, -4.176567077636719, 0.004813194274902344, 2.3198771476745605
161, -4.419826030731201, 0.004813194274902344, 2.3775415420532227
162, -4.663084983825684, 0.004813194274902344, 2.4352059364318848
163, -4.906343936920166, 0.004813194274902344, 2.492870330810547
164, -5.149602890014648, 0.004813194274902344, 2.550534725189209
165, -5.392861843109131, 0.004813194274902344, 2.608199119567871
166, -5.636120796203613, 0.004813194274902344, 2.665863513946533
167, -5.879379749298096, 0.004813194274902344, 2.7235279083251953
168, -5.879379749298096, 0.004813194274902344, 2.7235279083251953
169, -5.879379749298096, 0.004813194274902344, 2.7235279083251953
170, -5.879379749298096, 0.004813194274902344, 2.7235279083251953
171, -5.879379749298096, 0.004813194274902344, 2.7235279083251953
172, -5.879379749298096, 0.004813194274902344, 2.7235279083251953
173, -5.879379749298096, 0.004813194274902344, 2.7235279083251953
174, -5.636120796203613, 0.004813194274902344, 2.665863513946533
175, -5.392861843109131, 0.004813194274902344, 2.608199119567871
176, -5.149602890014648, 0.004813194274902344, 2.550534725189209
177, -4.906343936920166, 0.004813194274902344, 2.492870330810547
178, -4.663084983825684, 0.004813194274902344, 2.4352059364318848
179, -4.419826030731201, 0.004813194274902344, 2.3775415420532227
180, -4.176567077636719, 0.004813194274902344, 2.3198771476745605
181, -3.9333083629608154, 0.004813194274902344, 2.2622127532958984
182, -3.9333083629608154, 0.004813194274902344, 2.2622127532958984
183, -3.69380784034729, 0.004813194274902344, 2.3339033126831055
184, -3.4543073177337646, 0.004813194274902344, 2.4055938720703125
185, -3.2148067951202393, 0.004813194274902344, 2.4772844314575195
186, -2.975306272506714, 0.004813194274902344, 2.5489749908447266
187, -2.975306272506714, 0.004813194274902344, 2.5489749908447266
188, -2.975306272506714, 0.004813194274902344, 2.5489749908447266
189, -2.975306272506714, 0.004813194274902344, 2.5489749908447266
190, -2.975306272506714, 0.004813194274902344, 2.5489749908447266
191, -2.975306272506714, 0.004813194274902344, 2.5489749908447266
192, -2.975306272506714, 0.004813194274902344, 2.5489749908447266
193, -3.2148067951202393, 0.004813194274902344, 2.4772844314575195
194, -3.4543073177337646, 0.004813194274902344, 2.4055938720703125
195, -3.69380784034729, 0.004813194274902344, 2.3339033126831055
196, -3.9333083629608154, 0.004813194274902344, 2.2622127532958984
197, -3.9333083629608154, 0.004813194274902344, 2.2622127532958984
198, -4.176567077636719, 0.004813194274902344, 2.3198771476745605
199, -4.419826030731201, 0.004813194274902344, 2.3775415420532227
200, -4.663084983825684, 0.004813194274902344, 2.4352059364318848
201, -4.906343936920166, 0.004813194274902344, 2.492870330810547
202, -5.149602890014648, 0.004813194274902344, 2.550534725189209
203, -5.392861843109131, 0.004813194274902344, 2.608199119567871
204, -5.636120796203613, 0.004813194274902344, 2.665863513946533
205, -5.879379749298096, 0.004813194274902344, 2.7235279083251953
206, -5.879379749298096, 0.004813194274902344, 2.7235279083251953
207, -5.879379749298096, 0.004813194274902344, 2.7235279083251953
208, -5.879379749298096, 0.004813194274902344, 2.7235279083251953
209, -5.879379749298096, 0.004813194274902344, 2.7235279083251953
210, -5.879379749298096, 0.004813194274902344, 2.7235279083251953
211, -5.879379749298096, 0.004813194274902344, 2.7235279083251953
212, -5.636120796203613, 0.004813194274902344, 2.665863513946533
213, -5.392861843109131, 0.004813194274902344, 2.608199119567871
214, -5.149602890014648, 0.004813194274902344, 2.550534725189209
215, -4.906343936920166, 0.004813194274902344, 2.492870330810547
216, -4.663084983825684, 0.004813194274902344, 2.4352059364318848
217, -4.419826030731201, 0.004813194274902344, 2.3775415420532227
218, -4.176567077636719, 0.004813194274902344, 2.3198771476745605
219, -3.9333083629608154, 0.004813194274902344, 2.2622127532958984
220, -3.9333083629608154, 0.004813194274902344, 2.2622127532958984
221, -3.69380784034729, 0.004813194274902344, 2.3339033126831055
222, -3.4543073177337646, 0.004813194274902344, 2.4055938720703125
223, -3.2148067951202393, 0.004813194274902344, 2.4772844314575195
224, -2.975306272506714, 0.004813194274902344, 2.5489749908447266
225, -2.975306272506714, 0.004813194274902344, 2.5489749908447266
226, -2.975306272506714, 0.004813194274902344, 2.5489749908447266
227, -2.975306272506714, 0.004813194274902344, 2.5489749908447266
228, -2.975306272506714, 0.004813194274902344, 2.5489749908447266
229, -2.975306272506714, 0.004813194274902344, 2.5489749908447266
230, -2.975306272506714, 0.004813194274902344, 2.5489749908447266
231, -3.2148067951202393, 0.004813194274902344, 2.4772844314575195
232, -3.4543073177337646, 0.004813194274902344, 2.4055938720703125
233, -3.69380784034729, 0.004813194274902344, 2.3339033126831055
234, -3.9333083629608154, 0.004813194274902344, 2.2622127532958984
235, -3.9333083629608154, 0.004813194274902344, 2.2622127532958984
236, -4.176567077636719, 0.004813194274902344, 2.3198771476745605
237, -4.419826030731201, 0.004813194274902344, 2.3775415420532227
238, -4.663084983825684, 0.004813194274902344, 2.4352059364318848
239, -4.906343936920166, 0.004813194274902344, 2.492870330810547
240, -5.149602890014648, 0.004813194274902344, 2.550534725189209
241, -5.392861843109131, 0.004813194274902344, 2.608199119567871
242, -5.636120796203613, 0.004813194274902344, 2.665863513946533
243, -5.879379749298096, 0.004813194274902344, 2.7235279083251953
244, -5.879379749298096, 0.004813194274902344, 2.7235279083251953
245, -5.879379749298096, 0.004813194274902344, 2.7235279083251953
246, -5.879379749298096, 0.004813194274902344, 2.7235279083251953
247, -5.879379749298096, 0.004813194274902344, 2.7235279083251953
248, -5.879379749298096, 0.004813194274902344, 2.7235279083251953
249, -5.879379749298096, 0.004813194274902344, 2.7235279083251953
250, -5.636120796203613, 0.004813194274902344, 2.665863513946533
251, -5.392861843109131, 0.004813194274902344, 2.608199119567871
252, -5.149602890014648, 0.004813194274902344, 2.550534725189209
253, -4.906343936920166, 0.004813194274902344, 2.492870330810547
254, -4.663084983825684, 0.004813194274902344, 2.4352059364318848
255, -4.419826030731201, 0.004813194274902344, 2.3775415420532227
256, -4.176567077636719, 0.004813194274902344, 2.3198771476745605
257, -3.9333083629608154, 0.004813194274902344, 2.2622127532958984
258, -3.9333083629608154, 0.004813194274902344, 2.2622127532958984
259, -3.69380784034729, 0.004813194274902344, 2.3339033126831055
260, -3.4543073177337646, 0.004813194274902344, 2.4055938720703125
261, -3.2148067951202393, 0.004813194274902344, 2.4772844314575195
262, -2.975306272506714, 0.004813194274902344, 2.5489749908447266
263, -2.975306272506714, 0.004813194274902344, 2.5489749908447266
264, -2.975306272506714, 0.004813194274902344, 2.5489749908447266
265, -2.975306272506714, 0.004813194274902344, 2.5489749908447266
266, -2.975306272506714, 0.004813194274902344, 2.5489749908447266
267, -2.975306272506714, 0.004813194274902344, 2.5489749908447266
268, -2.975306272506714, 0.004813194274902344, 2.5489749908447266
269, -3.2148067951202393, 0.004813194274902344, 2.4772844314575195
270, -3.4543073177337646, 0.004813194274902344, 2.4055938720703125
271, -3.69380784034729, 0.004813194274902344, 2.3339033126831055
272, -3.9333083629608154, 0.004813194274902344, 2.2622127532958984
273, -3.9333083629608154, 0.004813194274902344, 2.2622127532958984
274, -4.176567077636719, 0.004813194274902344, 2.3198771476745605
275, -4.419826030731201, 0.004813194274902344, 2.3775415420532227
276, -4.663084983825684, 0.004813194274902344, 2.4352059364318848
277, -4.906343936920166, 0.004813194274902344, 2.492870330810547
278, -5.149602890014648, 0.004813194274902344, 2.550534725189209
279, -5.392861843109131, 0.004813194274902344, 2.608199119567871
280, -5.636120796203613, 0.004813194274902344, 2.665863513946533
281, -5.879379749298096, 0.004813194274902344, 2.7235279083251953
282, -5.879379749298096, 0.004813194274902344, 2.7235279083251953
283, -5.879379749298096, 0.004813194274902344, 2.7235279083251953
284, -5.879379749298096, 0.004813194274902344, 2.7235279083251953
285, -5.879379749298096, 0.004813194274902344, 2.7235279083251953
286, -5.879379749298096, 0.004813194274902344, 2.7235279083251953
287, -5.879379749298096, 0.004813194274902344, 2.7235279083251953
288, -5.636120796203613, 0.004813194274902344, 2.665863513946533
289, -5.392861843109131, 0.004813194274902344, 2.608199119567871
290, -5.149602890014648, 0.004813194274902344, 2.550534725189209
291, -4.906343936920166, 0.004813194274902344, 2.492870330810547
292, -4.663084983825684, 0.004813194274902344, 2.4352059364318848
293, -4.419826030731201, 0.004813194274902344, 2.3775415420532227
294, -4.176567077636719, 0.004813194274902344, 2.3198771476745605
295, -3.9333083629608154, 0.004813194274902344, 2.2622127532958984
296, -3.9333083629608154, 0.004813194274902344, 2.2622127532958984
297, -3.69380784034729, 0.004813194274902344, 2.3339033126831055
298, -3.4543073177337646, 0.004813194274902344, 2.4055938720703125
299, -3.2148067951202393, 0.004813194274902344, 2.4772844314575195
300, -2.975306272506714, 0.004813194274902344, 2.5489749908447266
301, -2.975306272506714, 0.004813194274902344, 2.5489749908447266
302, -2.975306272506714, 0.004813194274902344, 2.5489749908447266
303, -2.975306272506714, 0.004813194274902344, 2.5489749908447266
304, -2.975306272506714, 0.004813194274902344, 2.5489749908447266
305, -2.975306272506714, 0.004813194274902344, 2.5489749908447266
306, -2.975306272506714, 0.004813194274902344, 2.5489749908447266
307, -3.2148067951202393, 0.004813194274902344, 2.4772844314575195
308, -3.4543073177337646, 0.004813194274902344, 2.4055938720703125
309, -3.69380784034729, 0.004813194274902344, 2.3339033126831055
310, -3.9333083629608154, 0.004813194274902344, 2.2622127532958984
311, -3.9333083629608154, 0.004813194274902344, 2.2622127532958984
312, -4.176567077636719, 0.004813194274902344, 2.3198771476745605
313, -4.419826030731201, 0.004813194274902344, 2.3775415420532227
314, -4.663084983825684, 0.004813194274902344, 2.4352059364318848
315, -4.906343936920166, 0.004813194274902344, 2.492870330810547
316, -5.149602890014648, 0.004813194274902344, 2.550534725189209
317, -5.392861843109131, 0.004813194274902344, 2.608199119567871
318, -5.636120796203613, 0.004813194274902344, 2.665863513946533
319, -5.879379749298096, 0.004813194274902344, 2.7235279083251953
320, -5.879379749298096, 0.004813194274902344, 2.7235279083251953
321, -5.879379749298096, 0.004813194274902344, 2.7235279083251953
322, -5.879379749298096, 0.004813194274902344, 2.7235279083251953
323, -5.879379749298096, 0.004813194274902344, 2.7235279083251953
324, -5.879379749298096, 0.004813194274902344, 2.7235279083251953
325, -5.879379749298096, 0.004813194274902344, 2.7235279083251953
326, -5.636120796203613, 0.004813194274902344, 2.665863513946533
327, -5.392861843109131, 0.004813194274902344, 2.608199119567871
328, -5.149602890014648, 0.004813194274902344, 2.550534725189209
329, -4.906343936920166, 0.004813194274902344, 2.492870330810547
330, -4.663084983825684, 0.004813194274902344, 2.4352059364318848
331, -4.419826030731201, 0.004813194274902344, 2.3775415420532227
332, -4.176567077636719, 0.004813194274902344, 2.3198771476745605
333, -3.9333083629608154, 0.004813194274902344, 2.2622127532958984
334, -3.9333083629608154, 0.004813194274902344, 2.2622127532958984
335, -3.69380784034729, 0.004813194274902344, 2.3339033126831055
336, -3.4543073177337646, 0.004813194274902344, 2.4055938720703125
337, -3.2148067951202393, 0.004813194274902344, 2.4772844314575195
338, -2.975306272506714, 0.004813194274902344, 2.5489749908447266
339, -2.975306272506714, 0.004813194274902344, 2.5489749908447266
340, -2.975306272506714, 0.004813194274902344, 2.5489749908447266
341, -2.975306272506714, 0.004813194274902344, 2.5489749908447266
342, -2.975306272506714, 0.004813194274902344, 2.5489749908447266
343, -2.975306272506714, 0.004813194274902344, 2.5489749908447266
344, -2.975306272506714, 0.004813194274902344, 2.5489749908447266
345, -3.2148067951202393, 0.004813194274902344, 2.4772844314575195
346, -3.4543073177337646, 0.004813194274902344, 2.4055938720703125
347, -3.69380784034729, 0.004813194274902344, 2.3339033126831055
348, -3.9333083629608154, 0.004813194274902344, 2.2622127532958984
349, -3.9333083629608154, 0.004813194274902344, 2.2622127532958984
350, -4.176567077636719, 0.004813194274902344, 2.3198771476745605
351, -4.419826030731201, 0.004813194274902344, 2.3775415420532227
352, -4.663084983825684, 0.004813194274902344, 2.4352059364318848
353, -4.906343936920166, 0.004813194274902344, 2.492870330810547
354, -5.149602890014648, 0.004813194274902344, 2.550534725189209
355, -5.392861843109131, 0.004813194274902344, 2.608199119567871
356, -5.636120796203613, 0.004813194274902344, 2.665863513946533
357, -5.879379749298096, 0.004813194274902344, 2.7235279083251953
358, -5.879379749298096, 0.004813194274902344, 2.7235279083251953
359, -5.879379749298096, 0.004813194274902344, 2.7235279083251953
360, -5.879379749298096, 0.004813194274902344, 2.7235279083251953
361, -5.879379749298096, 0.004813194274902344, 2.7235279083251953
362, -5.879379749298096, 0.004813194274902344, 2.7235279083251953
363, -5.879379749298096, 0.004813194274902344, 2.7235279083251953
364, -5.636120796203613, 0.004813194274902344, 2.665863513946533
365, -5.392861843109131, 0.004813194274902344, 2.608199119567871
366, -5.149602890014648, 0.004813194274902344, 2.550534725189209
367, -4.906343936920166, 0.004813194274902344, 2.492870330810547
368, -4.663084983825684, 0.004813194274902344, 2.4352059364318848
369, -4.419826030731201, 0.004813194274902344, 2.3775415420532227
370, -4.176567077636719, 0.004813194274902344, 2.3198771476745605
371, -3.9333083629608154, 0.004813194274902344, 2.2622127532958984
372, -3.9333083629608154, 0.004813194274902344, 2.2622127532958984
373, -3.69380784034729, 0.004813194274902344, 2.3339033126831055
374, -3.4543073177337646, 0.004813194274902344, 2.4055938720703125
375, -3.2148067951202393, 0.004813194274902344, 2.4772844314575195
376, -2.975306272506714, 0.004813194274902344, 2.5489749908447266
377, -2.975306272506714, 0.004813194274902344, 2.5489749908447266
378, -2.975306272506714, 0.004813194274902344, 2.5489749908447266
379, -2.975306272506714, 0.004813194274902344, 2.5489749908447266
380, -2.975306272506714, 0.004813194274902344, 2.5489749908447266
381, -2.975306272506714, 0.004813194274902344, 2.5489749908447266
382, -2.975306272506714, 0.004813194274902344, 2.5489749908447266
383, -3.2148067951202393, 0.004813194274902344, 2.4772844314575195
384, -3.4543073177337646, 0.004813194274902344, 2.4055938720703125
385, -3.69380784034729, 0.004813194274902344, 2.3339033126831055
386, -3.9333083629608154, 0.004813194274902344, 2.2622127532958984
387, -3.9333083629608154, 0.004813194274902344, 2.2622127532958984
388, -4.176567077636719, 0.004813194274902344, 2.3198771476745605
389, -4.419826030731201, 0.004813194274902344, 2.3775415420532227
390, -4.663084983825684, 0.004813194274902344, 2.4352059364318848
391, -4.906343936920166, 0.004813194274902344, 2.492870330810547
392, -5.149602890014648, 0.004813194274902344, 2.550534725189209
393, -5.392861843109131, 0.004813194274902344, 2.608199119567871
394, -5.636120796203613, 0.004813194274902344, 2.665863513946533
395, -5.879379749298096, 0.004813194274902344, 2.7235279083251953
396, -5.879379749298096, 0.004813194274902344, 2.7235279083251953
397, -5.879379749298096, 0.004813194274902344, 2.7235279083251953
398, -5.879379749298096, 0.004813194274902344, 2.7235279083251953
399, -5.879379749298096, 0.004813194274902344, 2.7235279083251953
400, -5.879379749298096, 0.004813194274902344, 2.7235279083251953
401, -5.879379749298096, 0.004813194274902344, 2.7235279083251953
402, -5.636120796203613, 0.004813194274902344, 2.665863513946533
403, -5.392861843109131, 0.004813194274902344, 2.608199119567871
404, -5.149602890014648, 0.004813194274902344, 2.550534725189209
405, -4.906343936920166, 0.004813194274902344, 2.492870330810547
406, -4.663084983825684, 0.004813194274902344, 2.4352059364318848
407, -4.419826030731201, 0.004813194274902344, 2.3775415420532227
408, -4.176567077636719, 0.004813194274902344, 2.3198771476745605
409, -3.9333083629608154, 0.004813194274902344, 2.2622127532958984
410, -3.9333083629608154, 0.004813194274902344, 2.2622127532958984
411, -3.69380784034729, 0.004813194274902344, 2.3339033126831055
412, -3.4543073177337646, 0.004813194274902344, 2.4055938720703125
413, -3.2148067951202393, 0.004813194274902344, 2.4772844314575195
414, -2.975306272506714, 0.004813194274902344, 2.5489749908447266
415, -2.975306272506714, 0.004813194274902344, 2.5489749908447266
416, -2.975306272506714, 0.004813194274902344, 2.5489749908447266
417, -2.975306272506714, 0.004813194274902344, 2.5489749908447266
418, -2.975306272506714, 0.004813194274902344, 2.5489749908447266
419, -2.975306272506714, 0.004813194274902344, 2.5489749908447266
420, -2.975306272506714, 0.004813194274902344, 2.5489749908447266
421, -3.2148067951202393, 0.004813194274902344, 2.4772844314575195
422, -3.4543073177337646, 0.004813194274902344, 2.4055938720703125
423, -3.69380784034729, 0.004813194274902344, 2.3339033126831055
424, -3.9333083629608154, 0.004813194274902344, 2.2622127532958984
425, -3.9333083629608154, 0.004813194274902344, 2.2622127532958984
426, -4.176567077636719, 0.004813194274902344, 2.3198771476745605
427, -4.419826030731201, 0.004813194274902344, 2.3775415420532227
428, -4.663084983825684, 0.004813194274902344, 2.4352059364318848
429, -4.906343936920166, 0.004813194274902344, 2.492870330810547
430, -5.149602890014648, 0.004813194274902344, 2.550534725189209
431, -5.392861843109131, 0.004813194274902344, 2.608199119567871
432, -5.636120796203613, 0.004813194274902344, 2.665863513946533
433, -5.879379749298096, 0.004813194274902344, 2.7235279083251953
434, -5.879379749298096, 0.004813194274902344, 2.7235279083251953
435, -5.879379749298096, 0.004813194274902344, 2.7235279083251953
436, -5.879379749298096, 0.004813194274902344, 2.7235279083251953
437, -5.879379749298096, 0.004813194274902344, 2.7235279083251953
438, -5.879379749298096, 0.004813194274902344, 2.7235279083251953
439, -5.879379749298096, 0.004813194274902344, 2.7235279083251953
440, -5.636120796203613, 0.004813194274902344, 2.665863513946533
441, -5.392861843109131, 0.004813194274902344, 2.608199119567871
442, -5.149602890014648, 0.004813194274902344, 2.550534725189209
443, -4.906343936920166, 0.004813194274902344, 2.492870330810547
444, -4.663084983825684, 0.004813194274902344, 2.4352059364318848
445, -4.419826030731201, 0.004813194274902344, 2.3775415420532227
446, -4.176567077636719, 0.004813194274902344, 2.3198771476745605
447, -3.9333083629608154, 0.004813194274902344, 2.2622127532958984
448, -3.9333083629608154, 0.004813194274902344, 2.2622127532958984
449, -3.69380784034729, 0.004813194274902344, 2.3339033126831055
450, -3.4543073177337646, 0.004813194274902344, 2.4055938720703125
451, -3.2148067951202393, 0.004813194274902344, 2.4772844314575195
452, -2.975306272506714, 0.004813194274902344, 2.5489749908447266
453, -2.975306272506714, 0.004813194274902344, 2.5489749908447266
454, -2.975306272506714, 0.004813194274902344, 2.5489749908447266
455, -2.975306272506714, 0.004813194274902344, 2.5489749908447266
456, -2.975306272506714, 0.004813194274902344, 2.5489749908447266
457, -2.975306272506714, 0.004813194274902344, 2.5489749908447266
458, -2.975306272506714, 0.004813194274902344, 2.5489749908447266
459, -3.2148067951202393, 0.004813194274902344, 2.4772844314575195
460, -3.4543073177337646, 0.004813194274902344, 2.4055938720703125
461, -3.69380784034729, 0.004813194274902344, 2.3339033126831055
462, -3.9333083629608154, 0.004813194274902344, 2.2622127532958984
463, -3.9333083629608154, 0.004813194274902344, 2.2622127532958984
464, -4.176567077636719, 0.004813194274902344, 2.3198771476745605
465, -4.419826030731201, 0.004813194274902344, 2.3775415420532227
466, -4.663084983825684, 0.004813194274902344, 2.4352059364318848
467, -4.906343936920166, 0.004813194274902344, 2.492870330810547
468, -5.149602890014648, 0.004813194274902344, 2.550534725189209
469, -5.392861843109131, 0.004813194274902344, 2.608199119567871
470, -5.636120796203613, 0.004813194274902344, 2.665863513946533
471, -5.879379749298096, 0.004813194274902344, 2.7235279083251953
472, -5.879379749298096, 0.004813194274902344, 2.7235279083251953
473, -5.879379749298096, 0.004813194274902344, 2.7235279083251953
474, -5.879379749298096, 0.004813194274902344, 2.7235279083251953
475, -5.879379749298096, 0.004813194274902344, 2.7235279083251953
476, -5.879379749298096, 0.004813194274902344, 2.7235279083251953
477, -5.879379749298096, 0.004813194274902344, 2.7235279083251953
478, -5.636120796203613, 0.004813194274902344, 2.665863513946533
479, -5.392861843109131, 0.004813194274902344, 2.608199119567871
480, -5.149602890014648, 0.004813194274902344, 2.550534725189209
481, -4.906343936920166, 0.004813194274902344, 2.492870330810547
482, -4.663084983825684, 0.004813194274902344, 2.4352059364318848
483, -4.419826030731201, 0.004813194274902344, 2.3775415420532227
484, -4.176567077636719, 0.004813194274902344, 2.3198771476745605
485, -3.9333083629608154, 0.004813194274902344, 2.2622127532958984
486, -3.9333083629608154, 0.004813194274902344, 2.2622127532958984
487, -3.69380784034729, 0.004813194274902344, 2.3339033126831055
488, -3.4543073177337646, 0.004813194274902344, 2.4055938720703125
489, -3.2148067951202393, 0.004813194274902344, 2.4772844314575195
490, -2.975306272506714, 0.004813194274902344, 2.5489749908447266
491, -2.975306272506714, 0.004813194274902344, 2.5489749908447266
492, -2.975306272506714, 0.004813194274902344, 2.5489749908447266
493, -2.975306272506714, 0.004813194274902344, 2.5489749908447266
494, -2.975306272506714, 0.004813194274902344, 2.5489749908447266
495, -2.975306272506714, 0.004813194274902344, 2.5489749908447266
496, -2.975306272506714, 0.004813194274902344, 2.5489749908447266
497, -3.2148067951202393, 0.004813194274902344, 2.4772844314575195
498, -3.4543073177337646, 0.004813194274902344, 2.4055938720703125
499, -3.69380784034729, 0.004813194274902344, 2.3339033126831055
