1, 5.6674017906188965, 0.07754743099212646, 3.946524143218994
2, 5.6674017906188965, 0.07754743099212646, 3.946524143218994
3, 5.6674017906188965, 0.07754743099212646, 3.946524143218994
4, 5.6674017906188965, 0.07754743099212646, 3.946524143218994
5, 5.6674017906188965, 0.07754743099212646, 3.946524143218994
6, 5.6674017906188965, 0.07754743099212646, 3.946524143218994
7, 5.6674017906188965, 0.07754743099212646, 3.946524143218994
8, 5.6674017906188965, 0.07754743099212646, 3.946524143218994
9, 5.6674017906188965, 0.07754743099212646, 3.946524143218994
10, 5.6674017906188965, 0.07754743099212646, 3.946524143218994
11, 5.6674017906188965, 0.07754743099212646, 3.946524143218994
12, 5.6674017906188965, 0.07754743099212646, 3.946524143218994
13, 5.6674017906188965, 0.07754743099212646, 3.946524143218994
14, 5.6674017906188965, 0.07754743099212646, 3.946524143218994
15, 5.6674017906188965, 0.07754743099212646, 3.946524143218994
16, 5.6674017906188965, 0.07754743099212646, 3.946524143218994
17, 5.556890964508057, 0.07754743099212646, 4.170772552490234
18, 5.556890964508057, 0.07754743099212646, 4.170772552490234
19, 5.556890964508057, 0.07754743099212646, 4.170772552490234
20, 5.695840358734131, 0.07754743099212646, 4.378602027893066
21, 5.834789752960205, 0.07754743099212646, 4.586431503295898
22, 5.834789752960205, 0.07754743099212646, 4.586431503295898
23, 6.059038162231445, 0.07754743099212646, 4.696942329406738
24, 6.2832865715026855, 0.07754743099212646, 4.807453155517578
25, 6.2832865715026855, 0.07754743099212646, 4.807453155517578
26, 6.5327467918396, 0.07754743099212646, 4.79103422164917
27, 6.5327467918396, 0.07754743099212646, 4.79103422164917
28, 6.5327467918396, 0.07754743099212646, 4.79103422164917
29, 6.5327467918396, 0.07754743099212646, 4.79103422164917
30, 6.5327467918396, 0.07754743099212646, 4.79103422164917
31, 6.5327467918396, 0.07754743099212646, 4.79103422164917
32, 6.308498382568359, 0.07754743099212646, 4.68052339553833
33, 6.084249973297119, 0.07754743099212646, 4.57001256942749
34, 5.860001564025879, 0.07754743099212646, 4.45950174331665
35, 5.635753154754639, 0.07754743099212646, 4.3489909172058105
36, 5.635753154754639, 0.07754743099212646, 4.3489909172058105
37, 5.386292934417725, 0.07754743099212646, 4.365409851074219
38, 5.386292934417725, 0.07754743099212646, 4.365409851074219
39, 5.386292934417725, 0.07754743099212646, 4.365409851074219
40, 5.24734354019165, 0.07754743099212646, 4.157580375671387
41, 5.24734354019165, 0.07754743099212646, 4.157580375671387
42, 5.230924606323242, 0.07754743099212646, 3.9081201553344727
43, 5.214505672454834, 0.07754743099212646, 3.6586599349975586
44, 5.214505672454834, 0.07754743099212646, 3.6586599349975586
45, 5.325016498565674, 0.07754743099212646, 3.4344115257263184
46, 5.435527324676514, 0.07754743099212646, 3.210163116455078
47, 5.5460381507873535, 0.07754743099212646, 2.985914707183838
48, 5.5460381507873535, 0.07754743099212646, 2.985914707183838
49, 5.7538676261901855, 0.07754743099212646, 2.8469653129577637
50, 10.9348726272583, 0.07754743099212646, 0.0748298168182373
