1, 2.3531017303466797, 0.046541884541511536, -0.40649229288101196
2, 2.3531017303466797, 0.046541884541511536, -0.40649229288101196
3, 2.3531017303466797, 0.046541884541511536, -0.40649229288101196
4, 2.3531017303466797, 0.046541884541511536, -0.40649229288101196
5, 2.3531017303466797, 0.046541884541511536, -0.40649229288101196
6, 2.3531017303466797, 0.046541884541511536, -0.40649229288101196
7, 2.3531017303466797, 0.046541884541511536, -0.40649229288101196
8, 2.3531017303466797, 0.046541884541511536, -0.40649229288101196
9, 2.3531017303466797, 0.046541884541511536, -0.40649229288101196
10, 2.3531017303466797, 0.046541884541511536, -0.40649229288101196
11, 2.3531017303466797, 0.046541884541511536, -0.40649229288101196
12, 2.3531017303466797, 0.046541884541511536, -0.40649229288101196
13, 2.3531017303466797, 0.046541884541511536, -0.40649229288101196
14, 2.3531017303466797, 0.046541884541511536, -0.40649229288101196
15, 2.3531017303466797, 0.046541884541511536, -0.40649229288101196
16, 2.1191890239715576, 0.046541884541511536, -0.31826040148735046
17, 1.8852763175964355, 0.046541884541511536, -0.23002851009368896
18, 1.6513636112213135, 0.046541884541511536, -0.14179661870002747
19, 1.4174509048461914, 0.046541884541511536, -0.05356472730636597
20, 1.1835381984710693, 0.046541884541511536, 0.03466716408729553
21, 1.1835381984710693, 0.046541884541511536, 0.03466716408729553
22, 0.9368479251861572, 0.046541884541511536, -0.005878090858459473
23, 0.6901576519012451, 0.046541884541511536, -0.04642334580421448
24, 0.443467378616333, 0.046541884541511536, -0.08696860074996948
25, 0.1967771053314209, 0.046541884541511536, -0.1275138556957245
26, -0.04991316795349121, 0.046541884541511536, -0.1680591106414795
27, -0.2966034412384033, 0.046541884541511536, -0.2086043655872345
28, -0.5432937145233154, 0.046541884541511536, -0.2491496205329895
29, -0.7899839878082275, 0.046541884541511536, -0.2896948754787445
30, -0.7899839878082275, 0.046541884541511536, -0.2896948754787445
31, -0.9833514094352722, 0.046541884541511536, -0.44815322756767273
32, -1.176718831062317, 0.046541884541511536, -0.6066116094589233
33, -1.3700861930847168, 0.046541884541511536, -0.7650699615478516
34, -1.5634535551071167, 0.046541884541511536, -0.9235283136367798
35, -1.7568209171295166, 0.046541884541511536, -1.081986665725708
36, -1.7568209171295166, 0.046541884541511536, -1.081986665725708
37, -1.7568209171295166, 0.046541884541511536, -1.081986665725708
38, -1.716275691986084, 0.046541884541511536, -1.3286769390106201
39, -1.716275691986084, 0.046541884541511536, -1.3286769390106201
40, -1.5578173398971558, 0.046541884541511536, -1.52204430103302
41, -1.3993589878082275, 0.046541884541511536, -1.71541166305542
42, -1.2409006357192993, 0.046541884541511536, -1.9087790250778198
43, -1.2409006357192993, 0.046541884541511536, -1.9087790250778198
44, -1.2003554105758667, 0.046541884541511536, -2.1554691791534424
45, -1.2003554105758667, 0.046541884541511536, -2.1554691791534424
46, -1.2003554105758667, 0.046541884541511536, -2.1554691791534424
47, -1.3937227725982666, 0.046541884541511536, -2.31392765045166
48, -1.3937227725982666, 0.046541884541511536, -2.31392765045166
49, -1.6404130458831787, 0.046541884541511536, -2.3544728755950928
50, -1.8871033191680908, 0.046541884541511536, -2.3950181007385254
51, -2.133793592453003, 0.046541884541511536, -2.435563325881958
52, -2.380483865737915, 0.046541884541511536, -2.4761085510253906
53, -2.380483865737915, 0.046541884541511536, -2.4761085510253906
54, -2.614396572113037, 0.046541884541511536, -2.387876510620117
55, -2.848309278488159, 0.046541884541511536, -2.2996444702148438
56, -3.0822219848632812, 0.046541884541511536, -2.2114124298095703
57, -3.3161346912384033, 0.046541884541511536, -2.123180389404297
58, -3.5500473976135254, 0.046541884541511536, -2.0349483489990234
59, -3.7839601039886475, 0.046541884541511536, -1.9467164278030396
60, -3.7839601039886475, 0.046541884541511536, -1.9467164278030396
61, -4.0306501388549805, 0.046541884541511536, -1.9872616529464722
62, -4.277340412139893, 0.046541884541511536, -2.0278069972991943
63, -4.524030685424805, 0.046541884541511536, -2.068352222442627
64, -4.524030685424805, 0.046541884541511536, -2.068352222442627
65, -4.717398166656494, 0.046541884541511536, -2.2268104553222656
66, -4.910765647888184, 0.046541884541511536, -2.3852686882019043
67, -4.910765647888184, 0.046541884541511536, -2.3852686882019043
68, -4.998997688293457, 0.046541884541511536, -2.6191813945770264
69, -5.0872297286987305, 0.046541884541511536, -2.8530941009521484
70, -5.175461769104004, 0.046541884541511536, -3.0870068073272705
71, -5.175461769104004, 0.046541884541511536, -3.0870068073272705
72, -5.175461769104004, 0.046541884541511536, -3.0870068073272705
73, -5.175461769104004, 0.046541884541511536, -3.0870068073272705
74, -5.175461769104004, 0.046541884541511536, -3.0870068073272705
75, -5.175461769104004, 0.046541884541511536, -3.0870068073272705
76, -5.175461769104004, 0.046541884541511536, -3.0870068073272705
77, -5.175461769104004, 0.046541884541511536, -3.0870068073272705
78, -5.216007232666016, 0.046541884541511536, -2.8403165340423584
79, -5.216007232666016, 0.046541884541511536, -2.8403165340423584
80, -5.127775192260742, 0.046541884541511536, -2.6064038276672363
81, -5.039543151855469, 0.046541884541511536, -2.3724911212921143
82, -5.039543151855469, 0.046541884541511536, -2.3724911212921143
83, -4.846175670623779, 0.046541884541511536, -2.2140326499938965
84, -4.65280818939209, 0.046541884541511536, -2.0555741786956787
85, -4.65280818939209, 0.046541884541511536, -2.0555741786956787
86, -4.406117916107178, 0.046541884541511536, -2.015028953552246
87, -4.159427642822266, 0.046541884541511536, -1.9744837284088135
88, -3.9127373695373535, 0.046541884541511536, -1.9339385032653809
89, -3.9127373695373535, 0.046541884541511536, -1.9339385032653809
90, -3.6788246631622314, 0.046541884541511536, -2.022170305252075
91, -3.6788246631622314, 0.046541884541511536, -2.022170305252075
92, -3.5203661918640137, 0.046541884541511536, -2.2155377864837646
93, -3.5203661918640137, 0.046541884541511536, -2.2155377864837646
94, -3.2864534854888916, 0.046541884541511536, -2.303769588470459
95, -3.0525407791137695, 0.046541884541511536, -2.3920013904571533
96, -2.8186280727386475, 0.046541884541511536, -2.4802331924438477
97, -2.8186280727386475, 0.046541884541511536, -2.4802331924438477
98, -2.5719377994537354, 0.046541884541511536, -2.439687967300415
99, -2.3252475261688232, 0.046541884541511536, -2.3991427421569824
100, -2.078557252883911, 0.046541884541511536, -2.35859751701355
101, -2.078557252883911, 0.046541884541511536, -2.35859751701355
102, -1.844644546508789, 0.046541884541511536, -2.446829319000244
103, -1.610731840133667, 0.046541884541511536, -2.5350611209869385
104, -1.610731840133667, 0.046541884541511536, -2.5350611209869385
105, -1.610731840133667, 0.046541884541511536, -2.5350611209869385
106, -1.610731840133667, 0.046541884541511536, -2.5350611209869385
107, -1.610731840133667, 0.046541884541511536, -2.5350611209869385
108, -1.610731840133667, 0.046541884541511536, -2.5350611209869385
109, -1.610731840133667, 0.046541884541511536, -2.5350611209869385
110, -1.844644546508789, 0.046541884541511536, -2.446829319000244
111, -2.078557252883911, 0.046541884541511536, -2.35859751701355
112, -2.312469959259033, 0.046541884541511536, -2.2703657150268555
113, -2.5463826656341553, 0.046541884541511536, -2.182133913040161
114, -2.7802953720092773, 0.046541884541511536, -2.093902111053467
115, -3.0142080783843994, 0.046541884541511536, -2.0056703090667725
116, -3.2481207847595215, 0.046541884541511536, -1.9174383878707886
117, -3.4820334911346436, 0.046541884541511536, -1.8292064666748047
118, -3.4820334911346436, 0.046541884541511536, -1.8292064666748047
119, -3.7287237644195557, 0.046541884541511536, -1.8697516918182373
120, -3.9754140377044678, 0.046541884541511536, -1.91029691696167
121, -4.222104072570801, 0.046541884541511536, -1.9508421421051025
122, -4.468794345855713, 0.046541884541511536, -1.9913873672485352
123, -4.468794345855713, 0.046541884541511536, -1.9913873672485352
124, -4.702706813812256, 0.046541884541511536, -1.9031554460525513
125, -4.936619281768799, 0.046541884541511536, -1.8149235248565674
126, -4.936619281768799, 0.046541884541511536, -1.8149235248565674
127, -5.0950775146484375, 0.046541884541511536, -1.621556043624878
128, -5.253535747528076, 0.046541884541511536, -1.4281885623931885
129, -5.253535747528076, 0.046541884541511536, -1.4281885623931885
130, -5.294081211090088, 0.046541884541511536, -1.1814982891082764
131, -5.294081211090088, 0.046541884541511536, -1.1814982891082764
132, -5.452539443969727, 0.046541884541511536, -0.9881309270858765
133, -5.610997676849365, 0.046541884541511536, -0.7947635650634766
134, -5.666736602783203, 0.046541884541511536, -0.726745069026947
135, -5.666736602783203, 0.046541884541511536, -0.726745069026947
136, -5.666736602783203, 0.046541884541511536, -0.726745069026947
137, -5.666736602783203, 0.046541884541511536, -0.726745069026947
138, -5.57850456237793, 0.046541884541511536, -0.49283239245414734
139, -5.57850456237793, 0.046541884541511536, -0.49283239245414734
140, -5.57850456237793, 0.046541884541511536, -0.49283239245414734
141, -5.57850456237793, 0.046541884541511536, -0.49283239245414734
142, -5.57850456237793, 0.046541884541511536, -0.49283239245414734
143, -5.57850456237793, 0.046541884541511536, -0.49283239245414734
144, -5.57850456237793, 0.046541884541511536, -0.49283239245414734
145, -5.57850456237793, 0.046541884541511536, -0.49283239245414734
146, -5.537959098815918, 0.046541884541511536, -0.7395226359367371
147, -5.497413635253906, 0.046541884541511536, -0.9862129092216492
148, -5.4568681716918945, 0.046541884541511536, -1.2329031229019165
149, -5.416322708129883, 0.046541884541511536, -1.4795933961868286
150, -5.416322708129883, 0.046541884541511536, -1.4795933961868286
151, -5.257864475250244, 0.046541884541511536, -1.6729607582092285
152, -5.257864475250244, 0.046541884541511536, -1.6729607582092285
153, -5.023952007293701, 0.046541884541511536, -1.7611926794052124
154, -4.790039539337158, 0.046541884541511536, -1.8494246006011963
155, -4.556127071380615, 0.046541884541511536, -1.9376565217971802
156, -4.556127071380615, 0.046541884541511536, -1.9376565217971802
157, -4.309436798095703, 0.046541884541511536, -1.897111177444458
158, -4.062746524810791, 0.046541884541511536, -1.8565659523010254
159, -3.816056251525879, 0.046541884541511536, -1.8160207271575928
160, -3.816056251525879, 0.046541884541511536, -1.8160207271575928
161, -3.582143545150757, 0.046541884541511536, -1.9042526483535767
162, -3.3482308387756348, 0.046541884541511536, -1.9924845695495605
163, -3.1143181324005127, 0.046541884541511536, -2.080716371536255
164, -2.8804054260253906, 0.046541884541511536, -2.168948173522949
165, -2.6464927196502686, 0.046541884541511536, -2.2571799755096436
166, -2.4125800132751465, 0.046541884541511536, -2.345411777496338
167, -2.1786673069000244, 0.046541884541511536, -2.4336435794830322
168, -1.9447546005249023, 0.046541884541511536, -2.5218753814697266
169, -1.7108418941497803, 0.046541884541511536, -2.610107183456421
170, -1.4769291877746582, 0.046541884541511536, -2.6983389854431152
171, -1.2430164813995361, 0.046541884541511536, -2.7865707874298096
172, -1.009103775024414, 0.046541884541511536, -2.874802589416504
173, -1.009103775024414, 0.046541884541511536, -2.874802589416504
174, -0.762413501739502, 0.046541884541511536, -2.8342573642730713
175, -0.5157232284545898, 0.046541884541511536, -2.7937121391296387
176, -0.5157232284545898, 0.046541884541511536, -2.7937121391296387
177, -0.5157232284545898, 0.046541884541511536, -2.7937121391296387
178, -0.26903295516967773, 0.046541884541511536, -2.753166913986206
179, -0.26903295516967773, 0.046541884541511536, -2.753166913986206
180, -0.03512026369571686, 0.046541884541511536, -2.8413987159729004
181, 0.19879242777824402, 0.046541884541511536, -2.9296305179595947
182, 0.19879242777824402, 0.046541884541511536, -2.9296305179595947
183, 0.19879242777824402, 0.046541884541511536, -2.9296305179595947
184, 0.19879242777824402, 0.046541884541511536, -2.9296305179595947
185, 0.35725077986717224, 0.046541884541511536, -3.122997999191284
186, 0.5157091617584229, 0.046541884541511536, -3.3163654804229736
187, 0.5157091617584229, 0.046541884541511536, -3.3163654804229736
188, 0.7496218085289001, 0.046541884541511536, -3.404597282409668
189, 0.9835344552993774, 0.046541884541511536, -3.4928290843963623
190, 0.9835344552993774, 0.046541884541511536, -3.4928290843963623
191, 1.2302247285842896, 0.046541884541511536, -3.4522838592529297
192, 1.4769150018692017, 0.046541884541511536, -3.411738634109497
193, 1.7236052751541138, 0.046541884541511536, -3.3711934089660645
194, 1.9702955484390259, 0.046541884541511536, -3.330648183822632
195, 2.2169857025146484, 0.046541884541511536, -3.290102958679199
196, 2.2169857025146484, 0.046541884541511536, -3.290102958679199
197, 2.4508984088897705, 0.046541884541511536, -3.3783347606658936
198, 2.6848111152648926, 0.046541884541511536, -3.466566562652588
199, 2.9187238216400146, 0.046541884541511536, -3.5547983646392822
200, 3.1526365280151367, 0.046541884541511536, -3.6430301666259766
201, 3.386549234390259, 0.046541884541511536, -3.731261968612671
202, 3.620461940765381, 0.046541884541511536, -3.8194937705993652
203, 3.854374647140503, 0.046541884541511536, -3.9077255725860596
204, 3.854374647140503, 0.046541884541511536, -3.9077255725860596
205, 4.101064682006836, 0.046541884541511536, -3.867180347442627
206, 4.347754955291748, 0.046541884541511536, -3.8266351222991943
207, 4.347754955291748, 0.046541884541511536, -3.8266351222991943
208, 4.347754955291748, 0.046541884541511536, -3.8266351222991943
209, 4.347754955291748, 0.046541884541511536, -3.8266351222991943
210, 4.5411224365234375, 0.046541884541511536, -3.6681766510009766
211, 4.734489917755127, 0.046541884541511536, -3.509718179702759
212, 4.734489917755127, 0.046541884541511536, -3.509718179702759
213, 4.734489917755127, 0.046541884541511536, -3.509718179702759
214, 4.734489917755127, 0.046541884541511536, -3.509718179702759
215, 4.734489917755127, 0.046541884541511536, -3.509718179702759
216, 4.734489917755127, 0.046541884541511536, -3.509718179702759
217, 4.734489917755127, 0.046541884541511536, -3.509718179702759
218, 4.734489917755127, 0.046541884541511536, -3.509718179702759
219, 4.892948150634766, 0.046541884541511536, -3.7030856609344482
220, 5.051406383514404, 0.046541884541511536, -3.8964531421661377
221, 5.209864616394043, 0.046541884541511536, -4.089820384979248
222, 5.209864616394043, 0.046541884541511536, -4.089820384979248
223, 5.209864616394043, 0.046541884541511536, -4.089820384979248
224, 5.209864616394043, 0.046541884541511536, -4.089820384979248
225, 5.209864616394043, 0.046541884541511536, -4.089820384979248
226, 5.209864616394043, 0.046541884541511536, -4.089820384979248
227, 5.209864616394043, 0.046541884541511536, -4.089820384979248
228, 5.209864616394043, 0.046541884541511536, -4.089820384979248
229, 5.209864616394043, 0.046541884541511536, -4.089820384979248
230, 5.209864616394043, 0.046541884541511536, -4.089820384979248
231, 5.209864616394043, 0.046541884541511536, -4.089820384979248
232, 5.209864616394043, 0.046541884541511536, -4.089820384979248
233, 5.443777084350586, 0.046541884541511536, -4.1780524253845215
234, 5.677689552307129, 0.046541884541511536, -4.266284465789795
235, 5.911602020263672, 0.046541884541511536, -4.354516506195068
236, 6.145514488220215, 0.046541884541511536, -4.442748546600342
237, 6.379426956176758, 0.05962032452225685, -4.530980587005615
238, 6.613339424133301, 0.09622626006603241, -4.619212627410889
239, 6.613339424133301, 0.09622626006603241, -4.619212627410889
240, 6.860029697418213, 0.13595449924468994, -4.578667163848877
241, 7.106719970703125, 0.17568272352218628, -4.538121700286865
242, 7.353410243988037, 0.18906651437282562, -4.4975762367248535
243, 7.600100517272949, 0.046541884541511536, -4.457030773162842
244, 7.600100517272949, 0.046541884541511536, -4.457030773162842
245, 7.63326358795166, 0.046541884541511536, -4.429854869842529
246, 7.63326358795166, 0.046541884541511536, -4.429854869842529
247, 7.63326358795166, 0.046541884541511536, -4.429854869842529
248, 7.63326358795166, 0.046541884541511536, -4.429854869842529
249, 7.63326358795166, 0.046541884541511536, -4.429854869842529
250, 7.63326358795166, 0.046541884541511536, -4.429854869842529
251, 7.63326358795166, 0.046541884541511536, -4.429854869842529
252, 7.63326358795166, 0.046541884541511536, -4.429854869842529
253, 7.63326358795166, 0.046541884541511536, -4.429854869842529
254, 7.63326358795166, 0.046541884541511536, -4.429854869842529
255, 7.63326358795166, 0.046541884541511536, -4.429854869842529
256, 7.399351119995117, 0.22025719285011292, -4.341622829437256
257, 7.399351119995117, 0.22025719285011292, -4.341622829437256
258, 7.152660846710205, 0.1843283474445343, -4.382168292999268
259, 6.905970573425293, 0.14460012316703796, -4.422713756561279
260, 6.659280300140381, 0.10487187653779984, -4.463259220123291
261, 6.412590026855469, 0.0651436373591423, -4.503804683685303
262, 6.165899753570557, 0.046541884541511536, -4.5443501472473145
263, 6.165899753570557, 0.046541884541511536, -4.5443501472473145
264, 5.931987285614014, 0.046541884541511536, -4.456118106842041
265, 5.698074817657471, 0.046541884541511536, -4.367886066436768
266, 5.464162349700928, 0.046541884541511536, -4.279654026031494
267, 5.230249881744385, 0.046541884541511536, -4.191421985626221
268, 5.230249881744385, 0.046541884541511536, -4.191421985626221
269, 5.071791648864746, 0.046541884541511536, -3.9980545043945312
270, 5.071791648864746, 0.046541884541511536, -3.9980545043945312
271, 5.031246185302734, 0.046541884541511536, -3.751364231109619
272, 4.990700721740723, 0.046541884541511536, -3.504673957824707
273, 4.950155258178711, 0.046541884541511536, -3.257983684539795
274, 4.950155258178711, 0.046541884541511536, -3.257983684539795
275, 4.950155258178711, 0.046541884541511536, -3.257983684539795
276, 5.0832624435424805, 0.046541884541511536, -3.148906707763672
277, 5.0832624435424805, 0.046541884541511536, -3.148906707763672
278, 5.0832624435424805, 0.046541884541511536, -3.148906707763672
279, 5.0832624435424805, 0.046541884541511536, -3.148906707763672
280, 5.052247047424316, 0.046541884541511536, -2.9601993560791016
281, 5.052247047424316, 0.046541884541511536, -2.9601993560791016
282, 5.052247047424316, 0.046541884541511536, -2.9601993560791016
283, 5.052247047424316, 0.046541884541511536, -2.9601993560791016
284, 5.052247047424316, 0.046541884541511536, -2.9601993560791016
285, 5.052247047424316, 0.046541884541511536, -2.9601993560791016
286, 4.964015007019043, 0.046541884541511536, -3.1941120624542236
287, 4.8757829666137695, 0.046541884541511536, -3.4280247688293457
288, 4.787550926208496, 0.046541884541511536, -3.6619374752044678
289, 4.699318885803223, 0.046541884541511536, -3.89585018157959
290, 4.611086845397949, 0.046541884541511536, -4.129762649536133
291, 4.522854804992676, 0.046541884541511536, -4.363675117492676
292, 4.434622764587402, 0.046541884541511536, -4.597587585449219
293, 4.346390724182129, 0.046541884541511536, -4.831500053405762
294, 4.2581586837768555, 0.046541884541511536, -5.065412521362305
295, 4.169926643371582, 0.046541884541511536, -5.299324989318848
296, 4.081694602966309, 0.046541884541511536, -5.533237457275391
297, 3.9934628009796143, 0.046541884541511536, -5.767149925231934
298, 3.90523099899292, 0.046541884541511536, -6.001062393188477
299, 3.90523099899292, 0.046541884541511536, -6.001062393188477
300, 3.9457762241363525, 0.046541884541511536, -6.247752666473389
301, 3.986321449279785, 0.046541884541511536, -6.494442939758301
302, 3.986321449279785, 0.046541884541511536, -6.494442939758301
303, 3.986321449279785, 0.046541884541511536, -6.494442939758301
304, 3.986321449279785, 0.046541884541511536, -6.494442939758301
305, 3.986321449279785, 0.046541884541511536, -6.494442939758301
306, 3.986321449279785, 0.046541884541511536, -6.494442939758301
307, 4.074553489685059, 0.046541884541511536, -6.260530471801758
308, 4.074553489685059, 0.046541884541511536, -6.260530471801758
309, 4.034008026123047, 0.046541884541511536, -6.013840198516846
310, 3.9934628009796143, 0.046541884541511536, -5.767149925231934
311, 3.9529175758361816, 0.046541884541511536, -5.5204596519470215
312, 3.9529175758361816, 0.046541884541511536, -5.5204596519470215
313, 4.041149616241455, 0.046541884541511536, -5.2865471839904785
314, 4.1293816566467285, 0.046541884541511536, -5.0526347160339355
315, 4.217613697052002, 0.046541884541511536, -4.818722248077393
316, 4.305845737457275, 0.046541884541511536, -4.58480978012085
317, 4.394077777862549, 0.046541884541511536, -4.350897312164307
318, 4.482309818267822, 0.046541884541511536, -4.116984844207764
319, 4.570541858673096, 0.046541884541511536, -3.8830721378326416
320, 4.658773899078369, 0.046541884541511536, -3.6491594314575195
321, 4.747005939483643, 0.046541884541511536, -3.4152467250823975
322, 4.747005939483643, 0.046541884541511536, -3.4152467250823975
323, 4.940373420715332, 0.046541884541511536, -3.2567882537841797
324, 4.940373420715332, 0.046541884541511536, -3.2567882537841797
325, 5.0286054611206055, 0.046541884541511536, -3.0228755474090576
326, 5.0286054611206055, 0.046541884541511536, -3.0228755474090576
327, 5.0286054611206055, 0.046541884541511536, -3.0228755474090576
328, 5.0286054611206055, 0.046541884541511536, -3.0228755474090576
329, 5.0286054611206055, 0.046541884541511536, -3.0228755474090576
330, 5.0286054611206055, 0.046541884541511536, -3.0228755474090576
331, 5.0286054611206055, 0.046541884541511536, -3.0228755474090576
332, 4.940373420715332, 0.046541884541511536, -3.2567882537841797
333, 4.852141380310059, 0.046541884541511536, -3.4907009601593018
334, 4.763909339904785, 0.046541884541511536, -3.724613666534424
335, 4.675677299499512, 0.046541884541511536, -3.958526372909546
336, 4.587445259094238, 0.046541884541511536, -4.192439079284668
337, 4.499213218688965, 0.046541884541511536, -4.426351547241211
338, 4.410981178283691, 0.046541884541511536, -4.660264015197754
339, 4.322749137878418, 0.046541884541511536, -4.894176483154297
340, 4.2345170974731445, 0.046541884541511536, -5.12808895111084
341, 4.146285057067871, 0.046541884541511536, -5.362001419067383
342, 4.058053016662598, 0.046541884541511536, -5.595913887023926
343, 3.9698212146759033, 0.046541884541511536, -5.829826354980469
344, 3.9698212146759033, 0.046541884541511536, -5.829826354980469
345, 4.010366439819336, 0.046541884541511536, -6.076516628265381
346, 4.050911903381348, 0.046541884541511536, -6.323206901550293
347, 4.091457366943359, 0.046541884541511536, -6.569897174835205
348, 4.091457366943359, 0.046541884541511536, -6.569897174835205
349, 4.249915599822998, 0.046541884541511536, -6.7632646560668945
350, 4.408373832702637, 0.046541884541511536, -6.956632137298584
351, 4.566832065582275, 0.046541884541511536, -7.149999618530273
352, 4.725290298461914, 0.046541884541511536, -7.343367099761963
353, 4.883748531341553, 0.10183483362197876, -7.536734580993652
354, 4.883748531341553, 0.10183483362197876, -7.536734580993652
355, 4.9242939949035645, 0.17619822919368744, -7.7834248542785645
356, 4.9242939949035645, 0.17619822919368744, -7.7834248542785645
357, 4.836061954498291, 0.14362962543964386, -8.017337799072266
358, 4.747829914093018, 0.11106099933385849, -8.251250267028809
359, 4.747829914093018, 0.11106099933385849, -8.251250267028809
360, 4.747829914093018, 0.11106099933385849, -8.251250267028809
361, 4.747829914093018, 0.11106099933385849, -8.251250267028809
362, 4.9817423820495605, 0.11133122444152832, -8.339482307434082
363, 4.9817423820495605, 0.11133122444152832, -8.339482307434082
364, 5.228432655334473, 0.1073601096868515, -8.29893684387207
365, 5.475122928619385, 0.12301471084356308, -8.258391380310059
366, 5.475122928619385, 0.12301471084356308, -8.258391380310059
367, 5.709035396575928, 0.046541884541511536, -8.346623420715332
368, 5.942947864532471, 0.046541884541511536, -8.434855461120605
369, 5.942947864532471, 0.046541884541511536, -8.434855461120605
370, 6.045663356781006, 0.046541884541511536, -8.560199737548828
371, 6.045663356781006, 0.046541884541511536, -8.560199737548828
372, 6.045663356781006, 0.046541884541511536, -8.560199737548828
373, 6.045663356781006, 0.046541884541511536, -8.560199737548828
374, 6.045663356781006, 0.046541884541511536, -8.560199737548828
375, 6.292353630065918, 0.046541884541511536, -8.519654273986816
376, 6.292353630065918, 0.046541884541511536, -8.519654273986816
377, 6.292353630065918, 0.046541884541511536, -8.519654273986816
378, 6.292353630065918, 0.046541884541511536, -8.519654273986816
379, 6.33289909362793, 0.046541884541511536, -8.76634407043457
380, 6.373444557189941, 0.046541884541511536, -9.013033866882324
381, 6.4026618003845215, 0.046541884541511536, -9.190800666809082
382, 6.4026618003845215, 0.046541884541511536, -9.190800666809082
383, 6.4026618003845215, 0.046541884541511536, -9.190800666809082
384, 6.4026618003845215, 0.046541884541511536, -9.190800666809082
385, 6.4026618003845215, 0.046541884541511536, -9.190800666809082
386, 6.4026618003845215, 0.046541884541511536, -9.190800666809082
387, 6.4026618003845215, 0.046541884541511536, -9.190800666809082
388, 6.4026618003845215, 0.046541884541511536, -9.190800666809082
389, 6.4026618003845215, 0.046541884541511536, -9.190800666809082
390, 6.233263969421387, 0.046541884541511536, -9.32961654663086
391, 6.233263969421387, 0.046541884541511536, -9.32961654663086
392, 6.233263969421387, 0.046541884541511536, -9.32961654663086
393, 6.273809432983398, 0.046541884541511536, -9.576306343078613
394, 6.273809432983398, 0.046541884541511536, -9.576306343078613
395, 6.273809432983398, 0.046541884541511536, -9.576306343078613
396, 6.273809432983398, 0.046541884541511536, -9.576306343078613
397, 6.273809432983398, 0.046541884541511536, -9.576306343078613
398, 6.31435489654541, 0.046541884541511536, -9.822996139526367
399, 6.354900360107422, 0.046541884541511536, -10.069685935974121
400, 6.354900360107422, 0.046541884541511536, -10.069685935974121
401, 6.460872173309326, 0.046541884541511536, -10.199003219604492
402, 6.460872173309326, 0.046541884541511536, -10.199003219604492
403, 6.460872173309326, 0.046541884541511536, -10.199003219604492
404, 6.460872650146484, 0.046541884541511536, -10.199004173278809
405, 6.460872650146484, 0.046541884541511536, -10.199004173278809
406, 6.460872650146484, 0.046541884541511536, -10.199004173278809
407, 6.460872650146484, 0.046541884541511536, -10.199004173278809
408, 6.460872650146484, 0.046541884541511536, -10.199004173278809
409, 6.460872650146484, 0.046541884541511536, -10.199004173278809
410, 6.460872650146484, 0.046541884541511536, -10.199004173278809
411, 6.460872650146484, 0.046541884541511536, -10.199004173278809
412, 6.460872650146484, 0.046541884541511536, -10.199004173278809
413, 6.460872650146484, 0.046541884541511536, -10.199004173278809
414, 6.460872650146484, 0.046541884541511536, -10.199004173278809
415, 6.483455181121826, 0.046541884541511536, -10.20752239227295
416, 6.483455181121826, 0.046541884541511536, -10.20752239227295
417, 6.483455181121826, 0.046541884541511536, -10.20752239227295
418, 6.483455181121826, 0.046541884541511536, -10.20752239227295
419, 6.483455181121826, 0.046541884541511536, -10.20752239227295
420, 6.483455181121826, 0.046541884541511536, -10.20752239227295
421, 6.483455181121826, 0.046541884541511536, -10.20752239227295
422, 6.483455181121826, 0.046541884541511536, -10.20752239227295
423, 6.483455181121826, 0.046541884541511536, -10.20752239227295
424, 6.483455181121826, 0.046541884541511536, -10.20752239227295
425, 6.483455181121826, 0.046541884541511536, -10.20752239227295
426, 6.483455181121826, 0.046541884541511536, -10.20752239227295
427, 6.483455181121826, 0.046541884541511536, -10.20752239227295
428, 6.483455181121826, 0.046541884541511536, -10.20752239227295
429, 6.482575416564941, 0.046541884541511536, -10.209855079650879
430, 6.482575416564941, 0.046541884541511536, -10.209855079650879
431, 6.482575416564941, 0.046541884541511536, -10.209855079650879
432, 6.482575416564941, 0.046541884541511536, -10.209855079650879
433, 6.482575416564941, 0.046541884541511536, -10.209855079650879
434, 6.482575416564941, 0.046541884541511536, -10.209855079650879
435, 6.482575416564941, 0.046541884541511536, -10.209855079650879
436, 6.482575416564941, 0.046541884541511536, -10.209855079650879
437, 6.482575416564941, 0.046541884541511536, -10.209855079650879
438, 6.482575416564941, 0.046541884541511536, -10.209855079650879
439, 6.482575416564941, 0.046541884541511536, -10.209855079650879
440, 6.482575416564941, 0.046541884541511536, -10.209855079650879
441, 6.483269691467285, 0.046541884541511536, -10.21011734008789
442, 6.483269691467285, 0.046541884541511536, -10.21011734008789
443, 6.483269691467285, 0.046541884541511536, -10.21011734008789
444, 6.483269691467285, 0.046541884541511536, -10.21011734008789
445, 6.483269691467285, 0.046541884541511536, -10.21011734008789
446, 6.483269691467285, 0.046541884541511536, -10.21011734008789
447, 3.427873134613037, 0.046541884541511536, -4.335684299468994
