1, 8.214493751525879, -0.5355252027511597, 4.109227180480957
2, 8.214493751525879, -0.5355252027511597, 4.109227180480957
3, 8.214493751525879, -0.5355252027511597, 4.109227180480957
4, 8.214493751525879, -0.5355252027511597, 4.109227180480957
5, 8.214493751525879, -0.5355252027511597, 4.109227180480957
6, 8.214493751525879, -0.5355252027511597, 4.109227180480957
7, 8.214493751525879, -0.5355252027511597, 4.109227180480957
8, 8.214493751525879, -0.5355252027511597, 4.109227180480957
9, 8.214493751525879, -0.5355252027511597, 4.109227180480957
10, 8.214493751525879, -0.5355252027511597, 4.109227180480957
11, 8.214493751525879, -0.5355252027511597, 4.109227180480957
12, 8.214493751525879, -0.5355252027511597, 4.109227180480957
13, 8.214493751525879, -0.5355252027511597, 4.109227180480957
14, 8.214493751525879, -0.5355252027511597, 4.109227180480957
15, 8.264881134033203, -0.5355252027511597, 3.8643577098846436
16, 8.264881134033203, -0.5355252027511597, 3.8643577098846436
17, 8.18608283996582, -0.5355252027511597, 3.627100706100464
18, 8.107284545898438, -0.5355252027511597, 3.389843702316284
19, 8.107284545898438, -0.5355252027511597, 3.389843702316284
20, 8.107284545898438, -0.5355252027511597, 3.389843702316284
21, 7.862414836883545, -0.5355252027511597, 3.33945631980896
22, 7.617545127868652, -0.5355252027511597, 3.2890689373016357
23, 7.37267541885376, -0.5355252027511597, 3.2386815547943115
24, 7.127805709838867, -0.5355252027511597, 3.1882941722869873
25, 6.882936000823975, -0.5355252027511597, 3.137906789779663
26, 6.882936000823975, -0.5355252027511597, 3.137906789779663
27, 6.696066379547119, -0.5355252027511597, 2.971835136413574
28, 6.696066379547119, -0.5355252027511597, 2.971835136413574
29, 6.696066379547119, -0.5355252027511597, 2.971835136413574
30, 6.696066379547119, -0.5355252027511597, 2.971835136413574
31, 6.696066379547119, -0.5355252027511597, 2.971835136413574
32, 6.4588093757629395, -0.5355252027511597, 3.050633192062378
33, 6.22155237197876, -0.5355252027511597, 3.1294312477111816
34, 5.98429536819458, -0.5355252027511597, 3.2082293033599854
35, 5.7470383644104, -0.5355252027511597, 3.287027359008789
36, 5.509781360626221, -0.5355252027511597, 3.3658254146575928
37, 5.272524356842041, -0.5355252027511597, 3.4446234703063965
38, 5.035267353057861, -0.5355252027511597, 3.5234215259552
39, 5.035267353057861, -0.5355252027511597, 3.5234215259552
40, 4.790397644042969, -0.5355252027511597, 3.473034143447876
41, 4.545527935028076, -0.5355252027511597, 3.4226467609405518
42, 4.300658226013184, -0.5355252027511597, 3.3722593784332275
43, 4.055788516998291, -0.5355252027511597, 3.3218719959259033
44, 4.055788516998291, -0.5355252027511597, 3.3218719959259033
45, 3.8185315132141113, -0.5355252027511597, 3.400670051574707
46, 3.5812745094299316, -0.5355252027511597, 3.4794681072235107
47, 3.5812745094299316, -0.5355252027511597, 3.4794681072235107
48, 3.5812745094299316, -0.5355252027511597, 3.4794681072235107
49, 3.5308871269226074, -0.5355252027511597, 3.724337577819824
50, 3.480499744415283, -0.5355252027511597, 3.969207286834717
51, 3.480499744415283, -0.5355252027511597, 3.969207286834717
52, 3.559297800064087, -0.5355252027511597, 4.2064642906188965
53, 3.559297800064087, -0.5355252027511597, 4.2064642906188965
54, 3.5089104175567627, -0.5355252027511597, 4.451333999633789
55, 3.4585230350494385, -0.5355252027511597, 4.696203708648682
56, 3.4081356525421143, -0.5355252027511597, 4.941073417663574
57, 3.4065816402435303, -0.5355252027511597, 4.948625087738037
58, 3.4065816402435303, -0.5355252027511597, 4.948625087738037
59, 3.4532883167266846, -0.5355252027511597, 5.089256286621094
60, 3.4532883167266846, -0.5355252027511597, 5.089256286621094
61, 3.4532883167266846, -0.5355252027511597, 5.089256286621094
62, 3.4532883167266846, -0.5355252027511597, 5.089256286621094
63, 3.4532883167266846, -0.5355252027511597, 5.089256286621094
64, 3.4532883167266846, -0.5355252027511597, 5.089256286621094
65, 3.4532883167266846, -0.5355252027511597, 5.089256286621094
66, 3.4532883167266846, -0.5355252027511597, 5.089256286621094
67, 3.503675699234009, -0.5355252027511597, 4.844386577606201
68, 3.554063081741333, -0.5355252027511597, 4.599516868591309
69, 3.6044504642486572, -0.5355252027511597, 4.354647159576416
70, 3.6044504642486572, -0.5355252027511597, 4.354647159576416
71, 3.5256524085998535, -0.5355252027511597, 4.117390155792236
72, 3.44685435295105, -0.5355252027511597, 3.8801331520080566
73, 3.368056297302246, -0.5355252027511597, 3.642876148223877
74, 3.368056297302246, -0.5355252027511597, 3.642876148223877
75, 3.368056297302246, -0.5355252027511597, 3.642876148223877
76, 3.368056297302246, -0.5355252027511597, 3.642876148223877
77, 3.368056297302246, -0.5355252027511597, 3.642876148223877
78, 3.368056297302246, -0.5355252027511597, 3.642876148223877
79, 3.368056297302246, -0.5355252027511597, 3.642876148223877
80, 3.368056297302246, -0.5355252027511597, 3.642876148223877
81, 3.605313301086426, -0.5355252027511597, 3.5640780925750732
82, 3.8425703048706055, -0.5355252027511597, 3.4852800369262695
83, 4.079827308654785, -0.5355252027511597, 3.406481981277466
84, 4.317084312438965, -0.5355252027511597, 3.327683925628662
85, 4.5543413162231445, -0.5355252027511597, 3.2488858699798584
86, 4.791598320007324, -0.5355252027511597, 3.1700878143310547
87, 5.028855323791504, -0.5355252027511597, 3.091289758682251
88, 5.028855323791504, -0.5355252027511597, 3.091289758682251
89, 5.2737250328063965, -0.5355252027511597, 3.141677141189575
90, 5.518594741821289, -0.5355252027511597, 3.1920645236968994
91, 5.763464450836182, -0.5355252027511597, 3.2424519062042236
92, 6.008334159851074, -0.5355252027511597, 3.292839288711548
93, 6.008334159851074, -0.5355252027511597, 3.292839288711548
94, 6.245591163635254, -0.5355252027511597, 3.214041233062744
95, 6.245591163635254, -0.5355252027511597, 3.214041233062744
96, 6.411662578582764, -0.5355252027511597, 3.0271716117858887
97, 6.577733993530273, -0.5355252027511597, 2.840301990509033
98, 6.577733993530273, -0.5355252027511597, 2.840301990509033
99, 6.628121376037598, -0.5355252027511597, 2.5954325199127197
100, 6.678508758544922, -0.5355252027511597, 2.3505630493164062
101, 6.728896141052246, -0.5355252027511597, 2.1056935787200928
102, 6.77928352355957, -0.5355252027511597, 1.8608239889144897
103, 6.77928352355957, -0.5355252027511597, 1.8608239889144897
104, 6.94535493850708, -0.5355252027511597, 1.6739544868469238
105, 6.94535493850708, -0.5355252027511597, 1.6739544868469238
106, 6.94535493850708, -0.5355252027511597, 1.6739544868469238
107, 6.94535493850708, -0.5355252027511597, 1.6739544868469238
108, 6.94535493850708, -0.5355252027511597, 1.6739544868469238
109, 6.94535493850708, -0.5355252027511597, 1.6739544868469238
110, 6.94535493850708, -0.5355252027511597, 1.6739544868469238
111, 6.94535493850708, -0.5355252027511597, 1.6739544868469238
112, 6.894967555999756, -0.5355252027511597, 1.9188240766525269
113, 6.844580173492432, -0.5355252027511597, 2.16369366645813
114, 6.794192790985107, -0.5355252027511597, 2.4085631370544434
115, 6.743805408477783, -0.5355252027511597, 2.653432846069336
116, 6.743805408477783, -0.5355252027511597, 2.653432846069336
117, 6.577733993530273, -0.5355252027511597, 2.8403024673461914
118, 6.411662578582764, -0.5355252027511597, 3.027172088623047
119, 6.245591163635254, -0.5355252027511597, 3.2140417098999023
120, 6.079519748687744, -0.5355252027511597, 3.400911331176758
121, 6.079519748687744, -0.5355252027511597, 3.400911331176758
122, 6.079519748687744, -0.5355252027511597, 3.400911331176758
123, 6.158317565917969, -0.5355252027511597, 3.6381683349609375
124, 6.237115383148193, -0.5355252027511597, 3.875425338745117
125, 6.315913200378418, -0.5355252027511597, 4.112682342529297
126, 6.394711017608643, -0.5355252027511597, 4.349939346313477
127, 6.394711017608643, -0.5355252027511597, 4.349939346313477
128, 6.344323635101318, -0.5355252027511597, 4.594809055328369
129, 6.293936252593994, -0.5355252027511597, 4.839678764343262
130, 6.293936252593994, -0.5355252027511597, 4.839678764343262
131, 6.293936252593994, -0.5355252027511597, 4.839678764343262
132, 6.293936252593994, -0.5355252027511597, 4.839678764343262
133, 6.293936252593994, -0.5355252027511597, 4.839678764343262
134, 6.293936252593994, -0.5355252027511597, 4.839678764343262
135, 6.293936252593994, -0.5355252027511597, 4.839678764343262
136, 6.344323635101318, -0.5355252027511597, 4.594809055328369
137, 6.394711017608643, -0.5355252027511597, 4.349939346313477
138, 6.394711017608643, -0.5355252027511597, 4.349939346313477
139, 6.315913200378418, -0.5355252027511597, 4.112682342529297
140, 6.237115383148193, -0.5355252027511597, 3.875425338745117
141, 6.237115383148193, -0.5355252027511597, 3.875425338745117
142, 6.287502765655518, -0.5355252027511597, 3.6305558681488037
143, 6.337890148162842, -0.5355252027511597, 3.3856863975524902
144, 6.337890148162842, -0.5355252027511597, 3.3856863975524902
145, 6.503961563110352, -0.5355252027511597, 3.1988167762756348
146, 6.503961563110352, -0.5355252027511597, 3.1988167762756348
147, 6.554348945617676, -0.5355252027511597, 2.9539473056793213
148, 6.604736328125, -0.5355252027511597, 2.709077835083008
149, 6.655123710632324, -0.5355252027511597, 2.4642083644866943
150, 6.705511093139648, -0.5355252027511597, 2.219338893890381
151, 6.705511093139648, -0.5355252027511597, 2.219338893890381
152, 6.705511093139648, -0.5355252027511597, 2.219338893890381
153, 6.705511093139648, -0.5355252027511597, 2.219338893890381
154, 6.705511093139648, -0.5355252027511597, 2.219338893890381
155, 6.705511093139648, -0.5355252027511597, 2.219338893890381
156, 6.705511093139648, -0.5355252027511597, 2.219338893890381
157, 6.705511093139648, -0.5355252027511597, 2.219338893890381
158, 6.705511093139648, -0.5355252027511597, 2.219338893890381
159, 6.705511093139648, -0.5355252027511597, 2.219338893890381
160, 6.705511093139648, -0.5355252027511597, 2.219338893890381
161, 6.655123710632324, -0.5355252027511597, 2.4642086029052734
162, 6.604736328125, -0.5355252027511597, 2.709078311920166
163, 6.554348945617676, -0.5355252027511597, 2.9539480209350586
164, 6.554348945617676, -0.5355252027511597, 2.9539480209350586
165, 6.388277530670166, -0.5355252027511597, 3.140817642211914
166, 6.388277530670166, -0.5355252027511597, 3.140817642211914
167, 6.151020526885986, -0.5355252027511597, 3.2196156978607178
168, 5.913763523101807, -0.5355252027511597, 3.2984137535095215
169, 5.676506519317627, -0.5355252027511597, 3.377211809158325
170, 5.439249515533447, -0.5355252027511597, 3.456009864807129
171, 5.201992511749268, -0.5355252027511597, 3.5348079204559326
172, 5.201992511749268, -0.5355252027511597, 3.5348079204559326
173, 4.957122802734375, -0.5355252027511597, 3.4844205379486084
174, 4.712253093719482, -0.5355252027511597, 3.434033155441284
175, 4.46738338470459, -0.5355252027511597, 3.38364577293396
176, 4.222513675689697, -0.5355252027511597, 3.3332583904266357
177, 3.977644205093384, -0.5355252027511597, 3.2828710079193115
178, 3.7327747344970703, -0.5355252027511597, 3.2324836254119873
179, 3.487905263900757, -0.5355252027511597, 3.182096242904663
180, 3.487905263900757, -0.5355252027511597, 3.182096242904663
181, 3.250648260116577, -0.5355252027511597, 3.260894298553467
182, 3.0133912563323975, -0.5355252027511597, 3.3396923542022705
183, 3.0133912563323975, -0.5355252027511597, 3.3396923542022705
184, 2.768521785736084, -0.5355252027511597, 3.2893049716949463
185, 2.768521785736084, -0.5355252027511597, 3.2893049716949463
186, 2.768521785736084, -0.5355252027511597, 3.2893049716949463
187, 2.768521785736084, -0.5355252027511597, 3.2893049716949463
188, 2.5312647819519043, -0.5355252027511597, 3.36810302734375
189, 2.5312647819519043, -0.5355252027511597, 3.36810302734375
190, 2.3651931285858154, -0.5355252027511597, 3.5549726486206055
191, 2.1991214752197266, -0.5355252027511597, 3.741842269897461
192, 2.1991214752197266, -0.5355252027511597, 3.741842269897461
193, 2.1991214752197266, -0.5355252027511597, 3.741842269897461
194, 2.0330498218536377, -0.5355252027511597, 3.9287118911743164
195, 2.0330498218536377, -0.5355252027511597, 3.9287118911743164
196, 2.0330498218536377, -0.5355252027511597, 3.9287118911743164
197, 2.0330498218536377, -0.5355252027511597, 3.9287118911743164
198, 2.0330498218536377, -0.5355252027511597, 3.9287118911743164
199, 2.0330498218536377, -0.5355252027511597, 3.9287118911743164
200, 1.8461802005767822, -0.5355252027511597, 3.7626402378082275
201, 1.6593105792999268, -0.5355252027511597, 3.5965685844421387
202, 1.6593105792999268, -0.5355252027511597, 3.5965685844421387
203, 1.6593105792999268, -0.5355252027511597, 3.5965685844421387
204, 1.709697961807251, -0.5355252027511597, 3.351699113845825
205, 1.7600853443145752, -0.5355252027511597, 3.1068296432495117
206, 1.8104727268218994, -0.5355252027511597, 2.8619601726531982
207, 1.8608601093292236, -0.5355252027511597, 2.6170907020568848
208, 1.9112474918365479, -0.5355252027511597, 2.3722212314605713
209, 1.961634874343872, -0.5355252027511597, 2.127351760864258
210, 2.0120222568511963, -0.5355252027511597, 1.8824821710586548
211, 2.0624096393585205, -0.5355252027511597, 1.6376125812530518
212, 2.1127970218658447, -0.5355252027511597, 1.3927429914474487
213, 2.1127970218658447, -0.5355252027511597, 1.3927429914474487
214, 2.2788686752319336, -0.5355252027511597, 1.2058734893798828
215, 3.64540696144104, -0.5355252027511597, 4.150155067443848
