1, 19.726696014404297, 0.09943583607673645, -0.6964430809020996
2, 19.726696014404297, 0.09943583607673645, -0.6964430809020996
3, 19.726696014404297, 0.09943583607673645, -0.6964430809020996
4, 19.726696014404297, 0.09943583607673645, -0.6964430809020996
5, 19.726696014404297, 0.09943583607673645, -0.6964430809020996
6, 19.726696014404297, 0.09943583607673645, -0.6964430809020996
7, 19.726696014404297, 0.09943583607673645, -0.6964430809020996
8, 19.726696014404297, 0.09943583607673645, -0.6964430809020996
9, 19.726696014404297, 0.09943583607673645, -0.6964430809020996
10, 19.726696014404297, 0.09943583607673645, -0.6964430809020996
11, 19.726696014404297, 0.09943583607673645, -0.6964430809020996
12, 19.726696014404297, 0.09943583607673645, -0.6964430809020996
13, 19.726696014404297, 0.09943583607673645, -0.6964430809020996
14, 19.726696014404297, 0.09943583607673645, -0.6964430809020996
15, 19.726696014404297, 0.09943583607673645, -0.6964430809020996
16, 19.726696014404297, 0.09943583607673645, -0.6964430809020996
17, 19.726696014404297, 0.09943583607673645, -0.6964430809020996
18, 19.726696014404297, 0.09943583607673645, -0.6964430809020996
19, 19.97496223449707, 0.09943583607673645, -0.7258422374725342
20, 20.223228454589844, 0.09943583607673645, -0.7552413940429688
21, 20.223228454589844, 0.09943583607673645, -0.7552413940429688
22, 20.452932357788086, 0.09943583607673645, -0.6565691232681274
23, 20.682636260986328, 0.09943583607673645, -0.5578968524932861
24, 20.91234016418457, 0.09943583607673645, -0.45922455191612244
25, 21.142044067382812, 0.09943583607673645, -0.36055225133895874
26, 21.142044067382812, 0.09943583607673645, -0.36055225133895874
27, 21.291637420654297, 0.09943583607673645, -0.16024768352508545
28, 21.291637420654297, 0.09943583607673645, -0.16024768352508545
29, 21.291637420654297, 0.09943583607673645, -0.16024768352508545
30, 21.40435791015625, 0.09943583607673645, -0.17359577119350433
31, 21.40435791015625, 0.09943583607673645, -0.17359577119350433
32, 21.40435791015625, 0.09943583607673645, -0.17359577119350433
33, 21.634061813354492, 0.09943583607673645, -0.07492347061634064
34, 21.634061813354492, 0.09943583607673645, -0.07492347061634064
35, 21.705188751220703, 0.09943583607673645, -0.08334623277187347
36, 21.705188751220703, 0.09943583607673645, -0.08334638178348541
37, 21.705188751220703, 0.09943583607673645, -0.08334638178348541
38, 21.920711517333984, 0.09943583607673645, 0.009234428405761719
39, 21.920711517333984, 0.09943583607673645, 0.009234428405761719
40, 21.920711517333984, 0.09943583607673645, 0.009234428405761719
41, 22.121015548706055, 0.09943583607673645, -0.14035865664482117
42, 22.321319580078125, 0.09943583607673645, -0.28995174169540405
43, 22.521623611450195, 0.09943583607673645, -0.43954482674598694
44, 22.721927642822266, 0.09943583607673645, -0.5891379117965698
45, 22.922231674194336, 0.09943583607673645, -0.7387310266494751
46, 23.122535705566406, 0.09943583607673645, -0.8883241415023804
47, 23.122535705566406, 0.09943583607673645, -0.8883241415023804
48, 23.37080192565918, 0.09943583607673645, -0.9177232980728149
49, 23.37080192565918, 0.09943583607673645, -0.9177232980728149
50, 23.57110595703125, 0.09943583607673645, -1.0673164129257202
51, 23.57110595703125, 0.09943583607673645, -1.0673164129257202
52, 23.57110595703125, 0.09943583607673645, -1.0673164129257202
53, 23.57110595703125, 0.09943583607673645, -1.0673164129257202
54, 23.819372177124023, 0.09943583607673645, -1.0967155694961548
55, 24.067638397216797, 0.09943583607673645, -1.1261147260665894
56, 24.067638397216797, 0.09943583607673645, -1.1261147260665894
57, 24.29734230041504, 0.09943583607673645, -1.027442455291748
58, 5.839999675750732, 2.8994359970092773, -2.1943814754486084
