1, 0.7096881866455078, 0.07216382026672363, 5.473627090454102
2, 0.7096881866455078, 0.07216382026672363, 5.473627090454102
3, 0.7096881866455078, 0.07216382026672363, 5.473627090454102
4, 0.7096881866455078, 0.07216382026672363, 5.473627090454102
5, 0.7096881866455078, 0.07216382026672363, 5.473627090454102
6, 0.7096881866455078, 0.07216382026672363, 5.473627090454102
7, 0.7096881866455078, 0.07216382026672363, 5.473627090454102
8, 0.7096881866455078, 0.07216382026672363, 5.473627090454102
9, 0.7096881866455078, 0.07216382026672363, 5.473627090454102
10, 0.7096881866455078, 0.07216382026672363, 5.473627090454102
11, 0.7096881866455078, 0.07216382026672363, 5.473627090454102
12, 0.7096881866455078, 0.07216382026672363, 5.473627090454102
13, 0.7096881866455078, 0.07216382026672363, 5.473627090454102
14, 0.7096881866455078, 0.07216382026672363, 5.473627090454102
15, 0.7096881866455078, 0.07216382026672363, 5.473627090454102
16, 0.7096881866455078, 0.07216382026672363, 5.473627090454102
17, 0.7096881866455078, 0.07216382026672363, 5.473627090454102
18, 0.7096881866455078, 0.07216382026672363, 5.473627090454102
19, 0.9345496892929077, 0.07216382026672363, 5.3643693923950195
20, 1.1594111919403076, 0.07216382026672363, 5.2551116943359375
21, 1.1594111919403076, 0.07216382026672363, 5.2551116943359375
22, 1.4087759256362915, 0.07216382026672363, 5.272922515869141
23, 1.4087759256362915, 0.07216382026672363, 5.272922515869141
24, 1.633637547492981, 0.07216382026672363, 5.163664817810059
25, 1.8584991693496704, 0.07216382026672363, 5.054407119750977
26, 1.8584991693496704, 0.07216382026672363, 5.054407119750977
27, 1.8584991693496704, 0.07216382026672363, 5.054407119750977
28, 1.8584991693496704, 0.07216382026672363, 5.054407119750977
29, 1.8584991693496704, 0.07216382026672363, 5.054407119750977
30, 1.8584991693496704, 0.07216382026672363, 5.054407119750977
31, 1.8584991693496704, 0.07216382026672363, 5.054407119750977
32, 1.8584991693496704, 0.07216382026672363, 5.054407119750977
33, 1.8584991693496704, 0.07216382026672363, 5.054407119750977
34, 1.8584991693496704, 0.07216382026672363, 5.054407119750977
35, 1.8584991693496704, 0.07216382026672363, 5.054407119750977
36, 1.8584991693496704, 0.07216382026672363, 5.054407119750977
37, 1.8584991693496704, 0.07216382026672363, 5.054407119750977
38, 2.0833606719970703, 0.07216382026672363, 4.9451494216918945
39, 2.3082222938537598, 0.07216382026672363, 4.8358917236328125
40, 2.533083915710449, 0.07216382026672363, 4.7266340255737305
41, 2.7579455375671387, 0.07216382026672363, 4.617376327514648
42, 2.982807159423828, 0.07216382026672363, 4.508118629455566
43, 3.2076687812805176, 0.07216382026672363, 4.398860931396484
44, 3.2076687812805176, 0.07216382026672363, 4.398860931396484
45, 3.457033634185791, 0.07216382026672363, 4.4166717529296875
46, 3.457033634185791, 0.07216382026672363, 4.4166717529296875
47, 3.6640844345092773, 0.07216382026672363, 4.556778907775879
48, 3.6640844345092773, 0.07216382026672363, 4.556778907775879
49, 3.913449287414551, 0.07216382026672363, 4.574589729309082
50, 3.913449287414551, 0.07216382026672363, 4.574589729309082
51, 3.913449287414551, 0.07216382026672363, 4.574589729309082
52, 3.913449287414551, 0.07216382026672363, 4.574589729309082
53, 3.913449287414551, 0.07216382026672363, 4.574589729309082
54, 3.913449287414551, 0.07216382026672363, 4.574589729309082
55, 3.913449287414551, 0.07216382026672363, 4.574589729309082
56, 3.913449287414551, 0.07216382026672363, 4.574589729309082
57, 3.7063984870910645, 0.07216382026672363, 4.434482574462891
58, 3.7063984870910645, 0.07216382026672363, 4.434482574462891
59, 3.5971407890319824, 0.07216382026672363, 4.209620952606201
60, 3.4878830909729004, 0.07216382026672363, 3.9847593307495117
61, 3.3786253929138184, 0.07216382026672363, 3.7598977088928223
62, 3.3786253929138184, 0.07216382026672363, 3.7598977088928223
63, 3.171574592590332, 0.07216382026672363, 3.61979079246521
64, 3.171574592590332, 0.07216382026672363, 3.61979079246521
65, 3.171574592590332, 0.07216382026672363, 3.61979079246521
66, 3.189385414123535, 0.07216382026672363, 3.3704259395599365
67, 3.2071962356567383, 0.07216382026672363, 3.121061086654663
68, 3.2250070571899414, 0.07216382026672363, 2.8716962337493896
69, 3.2428178787231445, 0.07216382026672363, 2.622331380844116
70, 3.2606287002563477, 0.07216382026672363, 2.3729665279388428
71, 3.2606287002563477, 0.07216382026672363, 2.3729665279388428
72, 3.1513710021972656, 0.07216382026672363, 2.1481049060821533
73, 3.1513710021972656, 0.07216382026672363, 2.1481049060821533
74, 3.1691818237304688, 0.07216382026672363, 1.8987401723861694
75, 3.1691818237304688, 0.07216382026672363, 1.8987401723861694
76, 3.0599241256713867, 0.07216382026672363, 1.67387855052948
77, 2.9506664276123047, 0.07216382026672363, 1.4490169286727905
78, 2.9506664276123047, 0.07216382026672363, 1.4490169286727905
79, 2.7436156272888184, 0.07216382026672363, 1.3089100122451782
80, 2.536564826965332, 0.07216382026672363, 1.168803095817566
81, 2.3295140266418457, 0.07216382026672363, 1.0286961793899536
82, 2.1224632263183594, 0.07216382026672363, 0.8885892629623413
83, 1.915412425994873, 0.07216382026672363, 0.748482346534729
84, 1.915412425994873, 0.07216382026672363, 0.748482346534729
85, 1.6660476922988892, 0.07216382026672363, 0.7306715846061707
86, 1.4166829586029053, 0.07216382026672363, 0.7128608226776123
87, 1.1673182249069214, 0.18884041905403137, 0.695050060749054
88, 0.9179534912109375, 0.19018959999084473, 0.6772392988204956
89, 0.6685887575149536, 0.11977367103099823, 0.6594285368919373
90, 0.4192240238189697, 0.07216382026672363, 0.6416177749633789
91, 0.4192240238189697, 0.07216382026672363, 0.6416177749633789
92, 0.19436243176460266, 0.07216382026672363, 0.7508755922317505
93, -0.030499160289764404, 0.07216382026672363, 0.8601334095001221
94, -0.25536075234413147, 0.07216382026672363, 0.9693912267684937
95, -0.48022234439849854, 0.07216382026672363, 1.0786490440368652
96, -0.705083966255188, 0.07216382026672363, 1.1879068613052368
97, -0.9299455881118774, 0.07216382026672363, 1.2971646785736084
98, -1.154807209968567, 0.07216382026672363, 1.40642249584198
99, -1.3796688318252563, 0.07216382026672363, 1.5156803131103516
100, -1.6045304536819458, 0.07216382026672363, 1.6249381303787231
101, -1.6045304536819458, 0.07216382026672363, 1.6249381303787231
102, -1.744637370109558, 0.07216382026672363, 1.8319889307022095
103, -1.8847442865371704, 0.07216382026672363, 2.0390398502349854
104, -2.0248513221740723, 0.07216382026672363, 2.2460906505584717
105, -2.1649582386016846, 0.07216382026672363, 2.453141450881958
106, -2.305065155029297, 0.07216382026672363, 2.6601922512054443
107, -2.445172071456909, 0.07216382026672363, 2.8672430515289307
108, -2.445172071456909, 0.07216382026672363, 2.8672430515289307
109, -2.6700336933135986, 0.07216382026672363, 2.976500988006592
110, -2.894895315170288, 0.07216382026672363, 3.085758686065674
111, -3.1197569370269775, 0.07216382026672363, 3.195016384124756
112, -3.344618558883667, 0.07216382026672363, 3.304274082183838
113, -3.5694801807403564, 0.07216382026672363, 3.41353178024292
114, -3.794341802597046, 0.07216382026672363, 3.522789478302002
115, -4.019203186035156, 0.07216382026672363, 3.632047176361084
116, -4.019203186035156, 0.07216382026672363, 3.632047176361084
117, -4.159310340881348, 0.07216382026672363, 3.8390979766845703
118, -4.299417495727539, 0.07216382026672363, 4.046148777008057
119, -4.299417495727539, 0.07216382026672363, 4.046148777008057
120, -4.317228317260742, 0.07216382026672363, 4.29551362991333
121, -4.317228317260742, 0.07216382026672363, 4.29551362991333
122, -4.20797061920166, 0.07216382026672363, 4.5203752517700195
123, -4.098712921142578, 0.07216382026672363, 4.745236873626709
124, -3.989455223083496, 0.07216382026672363, 4.970098495483398
125, -3.989455223083496, 0.07216382026672363, 4.970098495483398
126, -3.989455223083496, 0.07216382026672363, 4.970098495483398
127, -3.7400903701782227, 0.07216382026672363, 4.987909317016602
128, -3.7400903701782227, 0.07216382026672363, 4.987909317016602
129, -3.7400903701782227, 0.07216382026672363, 4.987909317016602
130, -3.7400903701782227, 0.07216382026672363, 4.987909317016602
131, -3.7400903701782227, 0.07216382026672363, 4.987909317016602
132, -3.7400903701782227, 0.07216382026672363, 4.987909317016602
133, -3.947141170501709, 0.07216382026672363, 4.84780216217041
134, -3.947141170501709, 0.07216382026672363, 4.84780216217041
135, -3.9857239723205566, 0.07216382026672363, 4.76839542388916
136, -3.9857239723205566, 0.07216382026672363, 4.76839542388916
137, -3.9857239723205566, 0.07216382026672363, 4.76839542388916
138, -3.9857239723205566, 0.07216382026672363, 4.76839542388916
139, -3.9857239723205566, 0.07216382026672363, 4.76839542388916
140, -4.23508882522583, 0.07216382026672363, 4.750584602355957
141, -4.23508882522583, 0.07216382026672363, 4.750584602355957
142, -4.23508882522583, 0.07216382026672363, 4.750584602355957
143, -4.344346523284912, 0.07216382026672363, 4.525722980499268
144, -4.344346523284912, 0.07216382026672363, 4.525722980499268
145, -4.326535701751709, 0.07216382026672363, 4.276358127593994
146, -4.326535701751709, 0.07216382026672363, 4.276358127593994
147, -4.186428546905518, 0.07216382026672363, 4.069307327270508
148, -4.046321392059326, 0.07216382026672363, 3.8622565269470215
149, -3.906214475631714, 0.07216382026672363, 3.655205726623535
150, -3.906214475631714, 0.07216382026672363, 3.655205726623535
151, -3.906214475631714, 0.07216382026672363, 3.655205726623535
152, -3.906214475631714, 0.07216382026672363, 3.655205726623535
153, -3.906214475631714, 0.07216382026672363, 3.655205726623535
154, -3.906214475631714, 0.07216382026672363, 3.655205726623535
155, -3.906214475631714, 0.07216382026672363, 3.655205726623535
156, -4.046321392059326, 0.07216382026672363, 3.8622565269470215
157, -4.186428546905518, 0.07216382026672363, 4.069307327270508
158, -4.186428546905518, 0.07216382026672363, 4.069307327270508
159, -4.411290168762207, 0.07216382026672363, 4.17856502532959
160, -4.411290168762207, 0.07216382026672363, 4.17856502532959
161, -4.551397323608398, 0.07216382026672363, 4.385615825653076
162, -4.69150447845459, 0.07216382026672363, 4.5926666259765625
163, -4.831611633300781, 0.07216382026672363, 4.799717426300049
164, -4.831611633300781, 0.07216382026672363, 4.799717426300049
165, -4.849422454833984, 0.07216382026672363, 5.049082279205322
166, -4.8672332763671875, 0.07216382026672363, 5.298447132110596
167, -4.885044097900391, 0.07216382026672363, 5.547811985015869
168, -4.902854919433594, 0.07216382026672363, 5.797176837921143
169, -4.920665740966797, 0.07216382026672363, 6.046541690826416
170, -4.9384765625, 0.07216382026672363, 6.2959065437316895
171, -4.956287384033203, 0.07216382026672363, 6.545271396636963
172, -4.974098205566406, 0.07216382026672363, 6.794636249542236
173, -4.974098205566406, 0.07216382026672363, 6.794636249542236
174, -4.974098205566406, 0.07216382026672363, 6.794636249542236
175, -4.991909027099609, 0.07216382026672363, 7.04400110244751
176, -4.991909027099609, 0.07216382026672363, 7.04400110244751
177, -4.882651329040527, 0.07216382026672363, 7.268862724304199
178, -4.773393630981445, 0.07216382026672363, 7.493724346160889
179, -4.773393630981445, 0.07216382026672363, 7.493724346160889
180, -4.773393630981445, 0.07216382026672363, 7.493724346160889
181, -4.664135932922363, 0.07216382026672363, 7.718585968017578
182, -4.664135932922363, 0.07216382026672363, 7.718585968017578
183, -4.664135932922363, 0.07216382026672363, 7.718585968017578
184, -4.554878234863281, 0.07216382026672363, 7.943447589874268
185, -4.554878234863281, 0.07216382026672363, 7.943447589874268
186, -4.347827434539795, 0.07216382026672363, 8.0835542678833
187, -4.347827434539795, 0.07216382026672363, 8.0835542678833
188, -4.0984625816345215, 0.07216382026672363, 8.101365089416504
189, -3.849097728729248, 0.07216382026672363, 8.119175910949707
190, -3.5997328758239746, 0.07216382026672363, 8.13698673248291
191, -3.5997328758239746, 0.07216382026672363, 8.13698673248291
192, -3.374871253967285, 0.07216382026672363, 8.027729034423828
193, -3.1500096321105957, 0.07216382026672363, 7.918471336364746
194, -3.1500096321105957, 0.07216382026672363, 7.918471336364746
195, -3.0099027156829834, 0.07216382026672363, 7.71142053604126
196, -2.869795799255371, 0.07216382026672363, 7.504369735717773
197, -2.729688882827759, 0.07216382026672363, 7.297318935394287
198, -2.729688882827759, 0.07216382026672363, 7.297318935394287
199, -2.7118780612945557, 0.07216382026672363, 7.047954082489014
200, -2.6940672397613525, 0.07216382026672363, 6.79858922958374
201, -2.6762564182281494, 0.07216382026672363, 6.549224376678467
202, -2.6584455966949463, 0.07216382026672363, 6.299859523773193
203, -2.6584455966949463, 0.07216382026672363, 6.299859523773193
204, -2.7677035331726074, 0.07216382026672363, 6.074997901916504
205, -2.8769612312316895, 0.07216382026672363, 5.8501362800598145
206, -2.9862189292907715, 0.07216382026672363, 5.625274658203125
207, -2.9862189292907715, 0.07216382026672363, 5.625274658203125
208, -3.193269729614258, 0.07216382026672363, 5.485167503356934
209, -3.400320529937744, 0.07216382026672363, 5.345060348510742
210, -3.400320529937744, 0.07216382026672363, 5.345060348510742
211, -3.6496853828430176, 0.07216382026672363, 5.327249526977539
212, -3.899050235748291, 0.07216382026672363, 5.309438705444336
213, -4.1484150886535645, 0.07216382026672363, 5.291627883911133
214, -4.397779941558838, 0.07216382026672363, 5.27381706237793
215, -4.647144794464111, 0.07216382026672363, 5.256006240844727
216, -4.896509647369385, 0.07216382026672363, 5.238195419311523
217, -5.145874500274658, 0.07216382026672363, 5.22038459777832
218, -5.395239353179932, 0.07216382026672363, 5.202573776245117
219, -5.395239353179932, 0.07216382026672363, 5.202573776245117
220, -5.620100975036621, 0.07216382026672363, 5.311831474304199
221, -5.620100975036621, 0.07216382026672363, 5.311831474304199
222, -5.8694658279418945, 0.07216382026672363, 5.294020652770996
223, -5.8694658279418945, 0.07216382026672363, 5.294020652770996
224, -6.094327449798584, 0.07216382026672363, 5.403278350830078
225, -6.094327449798584, 0.07216382026672363, 5.403278350830078
226, -6.094327449798584, 0.07216382026672363, 5.403278350830078
227, -6.112138271331787, 0.07216382026672363, 5.652643203735352
228, -6.12994909286499, 0.07216382026672363, 5.902008056640625
229, -6.147759914398193, 0.07216382026672363, 6.151372909545898
230, -6.1655707359313965, 0.07216382026672363, 6.400737762451172
231, -6.1833815574646, 0.07216382026672363, 6.650102615356445
232, -6.201192378997803, 0.07216382026672363, 6.899467468261719
233, -6.219003200531006, 0.07216382026672363, 7.148832321166992
234, -6.236814022064209, 0.07216382026672363, 7.398197174072266
235, -6.236814022064209, 0.07216382026672363, 7.398197174072266
236, -6.236814022064209, 0.07216382026672363, 7.398197174072266
237, -6.236814022064209, 0.07216382026672363, 7.398197174072266
238, -6.3769211769104, 0.07216382026672363, 7.605247974395752
239, -6.3769211769104, 0.07216382026672363, 7.605247974395752
240, -6.60178279876709, 0.07216382026672363, 7.714505672454834
241, -6.826644420623779, 0.07216382026672363, 7.823763370513916
242, -7.051506042480469, 0.07216382026672363, 7.933021068572998
243, -7.276367664337158, 0.07216382026672363, 8.042279243469238
244, -7.276367664337158, 0.07216382026672363, 8.042279243469238
245, -7.525732517242432, 0.07216382026672363, 8.024468421936035
246, -7.775097370147705, 0.07216382026672363, 8.006657600402832
247, -8.02446174621582, 0.07216382026672363, 7.988846778869629
248, -8.273826599121094, 0.07216382026672363, 7.971035957336426
249, -8.523191452026367, 0.07216382026672363, 7.953225135803223
250, -8.523191452026367, 0.07216382026672363, 7.953225135803223
251, -8.730242729187012, 0.07216382026672363, 7.813117980957031
252, -8.937294006347656, 0.07216382026672363, 7.67301082611084
253, -8.937294006347656, 0.07216382026672363, 7.67301082611084
254, -8.937294006347656, 0.07216382026672363, 7.67301082611084
255, -8.937294006347656, 0.07216382026672363, 7.67301082611084
256, -8.937294006347656, 0.07216382026672363, 7.67301082611084
257, -8.937294006347656, 0.07216382026672363, 7.67301082611084
258, -8.687929153442383, 0.07216382026672363, 7.690821647644043
259, -8.43856430053711, 0.07216382026672363, 7.708632469177246
260, -8.189199447631836, 0.07216382026672363, 7.726443290710449
261, -7.9398345947265625, 0.07216382026672363, 7.744254112243652
262, -7.9398345947265625, 0.07216382026672363, 7.744254112243652
263, -7.732783794403076, 0.07216382026672363, 7.884361267089844
264, -7.732783794403076, 0.07216382026672363, 7.884361267089844
265, -7.483418941497803, 0.07216382026672363, 7.902172088623047
266, -7.234054088592529, 0.07216382026672363, 7.91998291015625
267, -7.234054088592529, 0.07216382026672363, 7.91998291015625
268, -7.00919246673584, 0.07216382026672363, 7.810725212097168
269, -6.78433084487915, 0.07216382026672363, 7.701467514038086
270, -6.559469223022461, 0.07216382026672363, 7.592209815979004
271, -6.559469223022461, 0.07216382026672363, 7.592209815979004
272, -6.4193620681762695, 0.07216382026672363, 7.385159015655518
273, -6.279254913330078, 0.07216382026672363, 7.178108215332031
274, -6.139147758483887, 0.07216382026672363, 6.971057415008545
275, -5.999040603637695, 0.07216382026672363, 6.764006614685059
276, -5.999040603637695, 0.07216382026672363, 6.764006614685059
277, -5.981229782104492, 0.07216382026672363, 6.514641761779785
278, -5.963418960571289, 0.07216382026672363, 6.265276908874512
279, -5.945608139038086, 0.07216382026672363, 6.015912055969238
280, -5.927797317504883, 0.07216382026672363, 5.766547203063965
281, -5.927797317504883, 0.07216382026672363, 5.766547203063965
282, -5.787690162658691, 0.07216382026672363, 5.5594964027404785
283, -5.6475830078125, 0.07216382026672363, 5.352445602416992
284, -5.6475830078125, 0.07216382026672363, 5.352445602416992
285, -5.4227213859558105, 0.07216382026672363, 5.24318790435791
286, -5.197859764099121, 0.07216382026672363, 5.133930206298828
287, -5.197859764099121, 0.07216382026672363, 5.133930206298828
288, -4.948494911193848, 0.07216382026672363, 5.151741027832031
289, -4.699130058288574, 0.07216382026672363, 5.169551849365234
290, -4.449765205383301, 0.07216382026672363, 5.1873626708984375
291, -4.200400352478027, 0.07216382026672363, 5.205173492431641
292, -4.200400352478027, 0.07216382026672363, 5.205173492431641
293, -4.200400352478027, 0.07216382026672363, 5.205173492431641
294, -4.200400352478027, 0.07216382026672363, 5.205173492431641
295, -4.182589530944824, 0.07216382026672363, 4.955808639526367
296, -4.182589530944824, 0.07216382026672363, 4.955808639526367
297, -4.291847229003906, 0.07216382026672363, 4.730947017669678
298, -4.401104927062988, 0.07216382026672363, 4.506085395812988
299, -4.401104927062988, 0.07216382026672363, 4.506085395812988
300, -4.608155727386475, 0.07216382026672363, 4.365978240966797
301, -4.815206527709961, 0.07216382026672363, 4.2258710861206055
302, -5.022257328033447, 0.07216382026672363, 4.085763931274414
303, -5.022257328033447, 0.07216382026672363, 4.085763931274414
304, -5.271622180938721, 0.07216382026672363, 4.067953109741211
305, -5.520987033843994, 0.07216382026672363, 4.050142288208008
306, -5.770351886749268, 0.07216382026672363, 4.032331466674805
307, -5.770351886749268, 0.07216382026672363, 4.032331466674805
308, -5.977402687072754, 0.07216382026672363, 3.8922245502471924
309, -6.18445348739624, 0.07216382026672363, 3.75211763381958
310, -6.391504287719727, 0.07216382026672363, 3.6120107173919678
311, -6.598555088043213, 0.07216382026672363, 3.4719038009643555
312, -6.805605888366699, 0.07216382026672363, 3.331796884536743
313, -6.805605888366699, 0.07216382026672363, 3.331796884536743
314, -6.914863586425781, 0.07216382026672363, 3.1069352626800537
315, -7.024121284484863, 0.07216382026672363, 2.8820736408233643
316, -7.133378982543945, 0.07216382026672363, 2.657212018966675
317, -7.133378982543945, 0.07216382026672363, 2.657212018966675
318, -7.340429782867432, 0.07216382026672363, 2.5171051025390625
319, -7.340429782867432, 0.07216382026672363, 2.5171051025390625
320, -7.589794635772705, 0.07216382026672363, 2.4992942810058594
321, -7.8391594886779785, 0.07216382026672363, 2.4814834594726562
322, -7.8391594886779785, 0.07216382026672363, 2.4814834594726562
323, -7.8391594886779785, 0.07216382026672363, 2.4814834594726562
324, -7.8391594886779785, 0.07216382026672363, 2.4814834594726562
325, -7.8391594886779785, 0.07216382026672363, 2.4814834594726562
326, -7.8391594886779785, 0.07216382026672363, 2.4814834594726562
327, -7.8391594886779785, 0.07216382026672363, 2.4814834594726562
328, -7.8391594886779785, 0.07216382026672363, 2.4814834594726562
329, -7.8391594886779785, 0.07216382026672363, 2.4814834594726562
330, -7.8391594886779785, 0.07216382026672363, 2.4814834594726562
331, -7.8391594886779785, 0.07216382026672363, 2.4814834594726562
332, -7.589794635772705, 0.07216382026672363, 2.4992942810058594
333, -7.340429782867432, 0.07216382026672363, 2.5171051025390625
334, -7.340429782867432, 0.07216382026672363, 2.5171051025390625
335, -7.133378982543945, 0.07216382026672363, 2.657212018966675
336, -7.133378982543945, 0.07216382026672363, 2.657212018966675
337, -7.024121284484863, 0.07216382026672363, 2.8820736408233643
338, -6.914863586425781, 0.07216382026672363, 3.1069352626800537
339, -6.805605888366699, 0.07216382026672363, 3.331796884536743
340, -6.805605888366699, 0.07216382026672363, 3.331796884536743
341, -6.598555088043213, 0.07216382026672363, 3.4719038009643555
342, -6.391504287719727, 0.07216382026672363, 3.6120107173919678
343, -6.18445348739624, 0.07216382026672363, 3.75211763381958
344, -5.977402687072754, 0.07216382026672363, 3.8922245502471924
345, -5.977402687072754, 0.07216382026672363, 3.8922245502471924
346, -5.7280378341674805, 0.07216382026672363, 3.9100353717803955
347, -5.478672981262207, 0.07216382026672363, 3.9278461933135986
348, -5.229308128356934, 0.07216382026672363, 3.9456570148468018
349, -4.97994327545166, 0.07216382026672363, 3.963467836380005
350, -4.97994327545166, 0.07216382026672363, 3.963467836380005
351, -4.755081653594971, 0.07216382026672363, 3.854210138320923
352, -4.530220031738281, 0.07216382026672363, 3.744952440261841
353, -4.305358409881592, 0.07216382026672363, 3.635694742202759
354, -4.080496788024902, 0.07216382026672363, 3.5264370441436768
355, -3.855635166168213, 0.07216382026672363, 3.4171793460845947
356, -3.6307735443115234, 0.07216382026672363, 3.3079216480255127
357, -3.405911922454834, 0.07216382026672363, 3.1986639499664307
358, -3.1810503005981445, 0.07216382026672363, 3.0894062519073486
359, -3.1810503005981445, 0.07216382026672363, 3.0894062519073486
360, -3.0409433841705322, 0.07216382026672363, 2.8823554515838623
361, -2.90083646774292, 0.07216382026672363, 2.675304651260376
362, -2.7607295513153076, 0.07216382026672363, 2.4682538509368896
363, -2.6206226348876953, 0.07216382026672363, 2.2612030506134033
364, -2.480515718460083, 0.07216382026672363, 2.054152250289917
365, -2.3404088020324707, 0.07216382026672363, 1.8471014499664307
366, -2.2003018856048584, 0.07216382026672363, 1.6400506496429443
367, -2.2003018856048584, 0.07216382026672363, 1.6400506496429443
368, -2.1824910640716553, 0.07216382026672363, 1.3906859159469604
369, -2.164680242538452, 0.07216382026672363, 1.1413211822509766
370, -2.146869421005249, 0.07216382026672363, 0.8919564485549927
371, -2.129058599472046, 0.07216382026672363, 0.6425917148590088
372, -2.1112477779388428, 0.07216382026672363, 0.3932269811630249
373, -2.1112477779388428, 0.07216382026672363, 0.3932269811630249
374, -2.220505475997925, 0.07216382026672363, 0.16836538910865784
375, -2.329763174057007, 0.07216382026672363, -0.05649620294570923
376, -2.439020872116089, 0.07216382026672363, -0.2813577950000763
377, -2.548278570175171, 0.07216382026672363, -0.5062193870544434
378, -2.548278570175171, 0.07216382026672363, -0.5062193870544434
379, -2.5304677486419678, 0.07216382026672363, -0.7555841207504272
380, -2.5304677486419678, 0.07216382026672363, -0.7555841207504272
381, -2.63972544670105, 0.07216382026672363, -0.9804457426071167
382, -2.748983144760132, 0.07216382026672363, -1.2053073644638062
383, -2.748983144760132, 0.07216382026672363, -1.2053073644638062
384, -2.956033945083618, 0.07216382026672363, -1.3454142808914185
385, -2.956033945083618, 0.07216382026672363, -1.3454142808914185
386, -2.956033945083618, 0.07216382026672363, -1.3454142808914185
387, -2.956033945083618, 0.07216382026672363, -1.3454142808914185
388, -2.956033945083618, 0.07216382026672363, -1.3454142808914185
389, -2.956033945083618, 0.07216382026672363, -1.3454142808914185
390, -2.9098222255706787, 0.07216382026672363, -1.2503066062927246
391, -2.9098222255706787, 0.07216382026672363, -1.2503066062927246
392, -2.9098222255706787, 0.07216382026672363, -1.2503066062927246
393, -2.7027714252471924, 0.07216382026672363, -1.1101995706558228
394, -2.7027714252471924, 0.07216382026672363, -1.1101995706558228
395, -2.5935137271881104, 0.07216382026672363, -0.8853379487991333
396, -2.4842560291290283, 0.07216382026672363, -0.6604763269424438
397, -2.4842560291290283, 0.07216382026672363, -0.6604763269424438
398, -2.5020668506622314, 0.07216382026672363, -0.4111115634441376
399, -2.5198776721954346, 0.07216382026672363, -0.1617467999458313
400, -2.5198776721954346, 0.07216382026672363, -0.1617467999458313
401, -2.4106199741363525, 0.07216382026672363, 0.06311485171318054
402, -2.3013622760772705, 0.07216382026672363, 0.2879765033721924
403, -2.1921045780181885, 0.07216382026672363, 0.5128381252288818
404, -2.0828468799591064, 0.07216382026672363, 0.7376997470855713
405, -2.0828468799591064, 0.07216382026672363, 0.7376997470855713
406, -2.1006577014923096, 0.07216382026672363, 0.9870644807815552
407, -2.1184685230255127, 0.07216382026672363, 1.236429214477539
408, -2.136279344558716, 0.07216382026672363, 1.485793948173523
409, -2.136279344558716, 0.07216382026672363, 1.485793948173523
410, -2.276386260986328, 0.07216382026672363, 1.6928447484970093
411, -2.4164931774139404, 0.07216382026672363, 1.8998955488204956
412, -2.5566000938415527, 0.07216382026672363, 2.1069464683532715
413, -2.696707010269165, 0.07216382026672363, 2.313997268676758
414, -2.8368139266967773, 0.07216382026672363, 2.521048069000244
415, -2.9769208431243896, 0.07216382026672363, 2.7280988693237305
416, -3.117027759552002, 0.07216382026672363, 2.935149669647217
417, -3.2571346759796143, 0.07216382026672363, 3.142200469970703
418, -3.2571346759796143, 0.07216382026672363, 3.142200469970703
419, -3.4819962978363037, 0.07216382026672363, 3.251458168029785
420, -3.706857919692993, 0.07216382026672363, 3.360715866088867
421, -3.9317195415496826, 0.07216382026672363, 3.469973564147949
422, -4.156580924987793, 0.07216382026672363, 3.5792312622070312
423, -4.381442546844482, 0.07216382026672363, 3.6884889602661133
424, -4.606304168701172, 0.07216382026672363, 3.7977466583251953
425, -4.831165790557861, 0.07216382026672363, 3.9070043563842773
426, -4.831165790557861, 0.07216382026672363, 3.9070043563842773
427, -4.971272945404053, 0.07216382026672363, 4.114055156707764
428, -5.111380100250244, 0.07216382026672363, 4.32110595703125
429, -5.2514872550964355, 0.07216382026672363, 4.528156757354736
430, -5.391594409942627, 0.07216382026672363, 4.735207557678223
431, -5.531701564788818, 0.07216382026672363, 4.942258358001709
432, -5.67180871963501, 0.07216382026672363, 5.149309158325195
433, -5.811915874481201, 0.07216382026672363, 5.356359958648682
434, -5.952023029327393, 0.07216382026672363, 5.563410758972168
435, -6.092130184173584, 0.07216382026672363, 5.770461559295654
436, -6.092130184173584, 0.07216382026672363, 5.770461559295654
437, -6.109941005706787, 0.07216382026672363, 6.019826412200928
438, -6.12775182723999, 0.07216382026672363, 6.269191265106201
439, -6.145562648773193, 0.07216382026672363, 6.518556118011475
440, -6.1633734703063965, 0.07216382026672363, 6.767920970916748
441, -6.1811842918396, 0.07216382026672363, 7.0172858238220215
442, -6.1811842918396, 0.07216382026672363, 7.0172858238220215
443, -6.321291446685791, 0.07216382026672363, 7.224336624145508
444, -6.461398601531982, 0.07216382026672363, 7.431387424468994
445, -6.601505756378174, 0.07216382026672363, 7.6384382247924805
446, -6.741612911224365, 0.07216382026672363, 7.845489025115967
447, -6.741612911224365, 0.07216382026672363, 7.845489025115967
448, -6.966474533081055, 0.07216382026672363, 7.954746723175049
449, -7.191336154937744, 0.07216382026672363, 8.064004898071289
450, -7.191336154937744, 0.07216382026672363, 8.064004898071289
451, -7.440701007843018, 0.07216382026672363, 8.046194076538086
452, -7.690065860748291, 0.07216382026672363, 8.028383255004883
453, -7.9394307136535645, 0.07216382026672363, 8.01057243347168
454, -8.18879508972168, 0.07216382026672363, 7.992761611938477
455, -8.438159942626953, 0.07216382026672363, 7.974950790405273
456, -8.687524795532227, 0.07216382026672363, 7.95713996887207
457, -8.9368896484375, 0.07216382026672363, 7.939329147338867
458, -9.186254501342773, 0.07216382026672363, 7.921518325805664
459, -9.435619354248047, 0.07216382026672363, 7.903707504272461
460, -9.68498420715332, 0.07216382026672363, 7.885896682739258
461, -9.934349060058594, 0.07216382026672363, 7.868085861206055
462, -10.183713912963867, 0.07216382026672363, 7.850275039672852
463, -10.43307876586914, 0.07216382026672363, 7.832464218139648
464, -10.43307876586914, 0.07216382026672363, 7.832464218139648
465, -10.43307876586914, 0.07216382026672363, 7.832464218139648
466, -10.43307876586914, 0.07216382026672363, 7.832464218139648
467, -10.450889587402344, 0.07216382026672363, 8.081829071044922
468, -10.450889587402344, 0.07216382026672363, 8.081829071044922
469, -10.590996742248535, 0.07216382026672363, 8.28887939453125
470, -10.590996742248535, 0.07216382026672363, 8.28887939453125
471, -10.590996742248535, 0.07216382026672363, 8.28887939453125
472, -10.590996742248535, 0.07216382026672363, 8.28887939453125
473, -10.815858840942383, 0.07216382026672363, 8.398137092590332
474, -10.815858840942383, 0.07216382026672363, 8.398137092590332
475, -10.901911735534668, 0.07216382026672363, 8.52530574798584
476, -10.901911735534668, 0.07216382026672363, 8.52530574798584
477, -10.901911735534668, 0.07216382026672363, 8.52530574798584
478, -10.901911735534668, 0.07216382026672363, 8.52530574798584
479, -10.792654037475586, 0.07216382026672363, 8.750167846679688
480, -10.724237442016602, 0.07216382026672363, 8.890975952148438
481, -10.724237442016602, 0.07216382026672363, 8.890975952148438
482, -10.724237442016602, 0.07216382026672363, 8.890975952148438
483, -10.724237442016602, 0.07216382026672363, 8.890975952148438
484, -10.724237442016602, 0.07216382026672363, 8.890975952148438
485, -10.724237442016602, 0.07216382026672363, 8.890975952148438
486, -10.901911735534668, 0.07216382026672363, 8.87828540802002
487, -10.901911735534668, 0.07216382026672363, 8.87828540802002
488, -10.901911735534668, 0.07216382026672363, 8.87828540802002
489, -10.901911735534668, 0.07216382026672363, 8.87828540802002
490, -10.901911735534668, 0.07216382026672363, 8.87828540802002
491, -10.869312286376953, 0.07216382026672363, 8.945378303527832
492, -10.869312286376953, 0.07216382026672363, 8.945378303527832
493, -10.869312286376953, 0.07216382026672363, 8.945378303527832
494, -10.869312286376953, 0.07216382026672363, 8.945378303527832
495, -10.869311332702637, 0.07216382026672363, 8.945378303527832
496, 3.234459400177002, 3.0721640586853027, 6.815215587615967
