1, -12.850428581237793, 0.004813194274902344, -1.5326730012893677
2, -12.850428581237793, 0.004813194274902344, -1.5326730012893677
3, -12.850428581237793, 0.004813194274902344, -1.5326730012893677
4, -12.850428581237793, 0.004813194274902344, -1.5326730012893677
5, -12.850428581237793, 0.004813194274902344, -1.5326730012893677
6, -12.850428581237793, 0.004813194274902344, -1.5326730012893677
7, -12.850428581237793, 0.004813194274902344, -1.5326730012893677
8, -12.850428581237793, 0.004813194274902344, -1.5326730012893677
9, -12.850428581237793, 0.004813194274902344, -1.5326730012893677
10, -12.850428581237793, 0.004813194274902344, -1.5326730012893677
11, -12.850428581237793, 0.004813194274902344, -1.5326730012893677
12, -12.850428581237793, 0.004813194274902344, -1.5326730012893677
13, -12.850428581237793, 0.004813194274902344, -1.5326730012893677
14, -12.610968589782715, 0.004813194274902344, -1.6045000553131104
15, -12.610968589782715, 0.004813194274902344, -1.6045000553131104
16, -12.367676734924316, 0.004813194274902344, -1.5469744205474854
17, -12.367676734924316, 0.004813194274902344, -1.5469744205474854
18, -12.367676734924316, 0.004813194274902344, -1.5469744205474854
19, -12.295849800109863, 0.028595054522156715, -1.3075149059295654
20, -12.22402286529541, 0.028459612280130386, -1.0680553913116455
21, -12.152195930480957, 0.004813194274902344, -0.8285958170890808
22, -12.080368995666504, 0.006290465127676725, -0.5891362428665161
23, -12.00854206085205, 0.06362439692020416, -0.3496766686439514
24, -11.936715126037598, 0.1126612052321434, -0.11021709442138672
25, -11.864888191223145, 0.16169801354408264, 0.12924247980117798
26, -11.793061256408691, 0.20481324195861816, 0.3687020540237427
27, -11.721234321594238, 0.20481324195861816, 0.6081616282463074
28, -11.721234321594238, 0.20481324195861816, 0.6081616282463074
29, -11.721234321594238, 0.20481324195861816, 0.6081616282463074
30, -11.721234321594238, 0.20481324195861816, 0.6081616282463074
31, -11.778759956359863, 0.20481324195861816, 0.8514532446861267
32, -1.3709475994110107, -2.9951868057250977, 0.21211065351963043
