1, 7.986915588378906, 0.07754743099212646, 6.451138973236084
2, 7.986915588378906, 0.07754743099212646, 6.451138973236084
3, 7.986915588378906, 0.07754743099212646, 6.451138973236084
4, 7.986915588378906, 0.07754743099212646, 6.451138973236084
5, 7.986915588378906, 0.07754743099212646, 6.451138973236084
6, 7.986915588378906, 0.07754743099212646, 6.451138973236084
7, 7.986915588378906, 0.07754743099212646, 6.451138973236084
8, 7.986915588378906, 0.07754743099212646, 6.451138973236084
9, 7.986915588378906, 0.07754743099212646, 6.451138973236084
10, 7.986915588378906, 0.07754743099212646, 6.451138973236084
11, 7.986915588378906, 0.07754743099212646, 6.451138973236084
12, 7.986915588378906, 0.07754743099212646, 6.451138973236084
13, 7.986915588378906, 0.07754743099212646, 6.451138973236084
14, 7.986915588378906, 0.07754743099212646, 6.451138973236084
15, 7.986915588378906, 0.07754743099212646, 6.451138973236084
16, 7.986915588378906, 0.07754743099212646, 6.451138973236084
17, 7.986915588378906, 0.07754743099212646, 6.451138973236084
18, 7.986915588378906, 0.07754743099212646, 6.451138973236084
19, 7.986915588378906, 0.07754743099212646, 6.451138973236084
20, 7.975325584411621, 0.07754743099212646, 6.2014079093933105
21, 7.963735580444336, 0.07754743099212646, 5.951676845550537
22, 7.952145576477051, 0.07754743099212646, 5.701945781707764
23, 7.940555572509766, 0.07754743099212646, 5.45221471786499
24, 7.940555572509766, 0.07754743099212646, 5.45221471786499
25, 8.055383682250977, 0.07754743099212646, 5.2301459312438965
26, 8.055383682250977, 0.07754743099212646, 5.2301459312438965
27, 8.265862464904785, 0.07754743099212646, 5.095242977142334
28, 8.476341247558594, 0.07754743099212646, 4.9603400230407715
29, 8.476341247558594, 0.07754743099212646, 4.9603400230407715
30, 8.726072311401367, 0.07754743099212646, 4.948750019073486
31, 8.97580337524414, 0.07754743099212646, 4.937160015106201
32, 9.225534439086914, 0.07754743099212646, 4.925570011138916
33, 9.225534439086914, 0.07754743099212646, 4.925570011138916
34, 9.447603225708008, 0.07754743099212646, 5.040398120880127
35, 9.669672012329102, 0.07754743099212646, 5.155226230621338
36, 9.669672012329102, 0.07754743099212646, 5.155226230621338
37, 9.919403076171875, 0.07754743099212646, 5.143636226654053
38, 9.919403076171875, 0.07754743099212646, 5.143636226654053
39, 10.04940414428711, 0.07754743099212646, 5.21085786819458
40, 10.04940414428711, 0.07754743099212646, 5.21085786819458
41, 10.04940414428711, 0.07754743099212646, 5.21085786819458
42, 10.04940414428711, 0.07754743099212646, 5.21085786819458
43, 10.04940414428711, 0.07754743099212646, 5.21085786819458
44, 10.04940414428711, 0.07754743099212646, 5.21085786819458
45, 10.04940414428711, 0.07754743099212646, 5.21085786819458
46, 10.04940414428711, 0.07754743099212646, 5.21085786819458
47, 10.04940414428711, 0.07754743099212646, 5.21085786819458
48, 10.04940414428711, 0.07754743099212646, 5.21085786819458
49, 10.04940414428711, 0.07754743099212646, 5.21085786819458
50, 10.04940414428711, 0.07754743099212646, 5.21085786819458
51, 10.04940414428711, 0.07754743099212646, 5.21085786819458
52, 10.04940414428711, 0.07754743099212646, 5.21085786819458
53, 10.04940414428711, 0.07754743099212646, 5.21085786819458
54, 10.04940414428711, 0.07754743099212646, 5.21085786819458
55, 10.04940414428711, 0.07754743099212646, 5.21085786819458
56, 10.04940414428711, 0.07754743099212646, 5.21085786819458
57, 10.04940414428711, 0.07754743099212646, 5.21085786819458
58, 10.04940414428711, 0.07754743099212646, 5.21085786819458
59, 10.04940414428711, 0.07754743099212646, 5.21085786819458
60, 10.04940414428711, 0.07754743099212646, 5.21085786819458
61, 10.04940414428711, 0.07754743099212646, 5.21085786819458
62, 10.04940414428711, 0.07754743099212646, 5.21085786819458
63, 10.04940414428711, 0.07754743099212646, 5.21085786819458
64, 10.04940414428711, 0.07754743099212646, 5.21085786819458
65, 10.04940414428711, 0.07754743099212646, 5.21085786819458
66, 10.04940414428711, 0.07754743099212646, 5.21085786819458
67, 10.04940414428711, 0.07754743099212646, 5.21085786819458
68, 10.04940414428711, 0.07754743099212646, 5.21085786819458
69, 10.04940414428711, 0.07754743099212646, 5.21085786819458
70, 10.04940414428711, 0.07754743099212646, 5.21085786819458
71, 10.04940414428711, 0.07754743099212646, 5.21085786819458
72, 10.054512023925781, 0.07754743099212646, 5.200979232788086
73, 10.054512023925781, 0.07754743099212646, 5.200979232788086
74, 10.054512023925781, 0.07754743099212646, 5.200979232788086
75, 10.054512023925781, 0.07754743099212646, 5.200979232788086
76, 10.054512023925781, 0.07754743099212646, 5.200979232788086
77, 10.054512023925781, 0.07754743099212646, 5.200979232788086
78, 10.054512023925781, 0.07754743099212646, 5.200979232788086
79, 10.054512023925781, 0.07754743099212646, 5.200979232788086
80, 10.054952621459961, 0.07754743099212646, 5.210461616516113
81, 10.054952621459961, 0.07754743099212646, 5.210461616516113
82, 10.054952621459961, 0.07754743099212646, 5.210461616516113
83, 10.054952621459961, 0.07754743099212646, 5.210461616516113
84, 10.054952621459961, 0.07754743099212646, 5.210461616516113
85, 10.054952621459961, 0.07754743099212646, 5.210461616516113
86, 10.054952621459961, 0.07754743099212646, 5.210461616516113
87, 10.054952621459961, 0.07754743099212646, 5.210461616516113
88, 10.054952621459961, 0.07754743099212646, 5.210461616516113
89, 10.054952621459961, 0.07754743099212646, 5.210461616516113
90, 10.054952621459961, 0.07754743099212646, 5.210461616516113
91, 10.054952621459961, 0.07754743099212646, 5.210461616516113
92, 10.058485984802246, 0.07754743099212646, 5.2036285400390625
93, 10.058485984802246, 0.07754743099212646, 5.2036285400390625
94, 10.058485984802246, 0.07754743099212646, 5.2036285400390625
95, 10.058485984802246, 0.07754743099212646, 5.2036285400390625
96, 10.058485984802246, 0.07754743099212646, 5.2036285400390625
97, 10.058485984802246, 0.07754743099212646, 5.2036285400390625
98, 10.058485984802246, 0.07754743099212646, 5.2036285400390625
99, 10.058485984802246, 0.07754743099212646, 5.2036285400390625
100, 10.058485984802246, 0.07754743099212646, 5.2036285400390625
101, 10.058485984802246, 0.07754743099212646, 5.2036285400390625
102, 10.058485984802246, 0.07754743099212646, 5.2036285400390625
103, 10.058485984802246, 0.07754743099212646, 5.2036285400390625
104, 10.058485984802246, 0.07754743099212646, 5.2036285400390625
105, 10.058485984802246, 0.07754743099212646, 5.2036285400390625
106, 10.058485984802246, 0.07754743099212646, 5.2036285400390625
107, 10.058485984802246, 0.07754743099212646, 5.2036285400390625
108, 10.05879020690918, 0.07754743099212646, 5.2101874351501465
109, 10.05879020690918, 0.07754743099212646, 5.2101874351501465
110, 10.05879020690918, 0.07754743099212646, 5.2101874351501465
111, 10.05879020690918, 0.07754743099212646, 5.2101874351501465
112, 10.05879020690918, 0.07754743099212646, 5.2101874351501465
113, 10.05879020690918, 0.07754743099212646, 5.2101874351501465
114, 10.05879020690918, 0.07754743099212646, 5.2101874351501465
115, 10.05879020690918, 0.07754743099212646, 5.2101874351501465
116, 10.05879020690918, 0.07754743099212646, 5.2101874351501465
117, 10.05879020690918, 0.07754743099212646, 5.2101874351501465
118, 10.05879020690918, 0.07754743099212646, 5.2101874351501465
119, 10.05879020690918, 0.07754743099212646, 5.2101874351501465
120, 10.061234474182129, 0.07754743099212646, 5.205460548400879
121, 10.061234474182129, 0.07754743099212646, 5.205460548400879
122, 10.061234474182129, 0.07754743099212646, 5.205460548400879
123, 10.061234474182129, 0.07754743099212646, 5.205460548400879
124, 10.061234474182129, 0.07754743099212646, 5.205460548400879
125, 10.061234474182129, 0.07754743099212646, 5.205460548400879
126, 10.061234474182129, 0.07754743099212646, 5.205460548400879
127, 10.061234474182129, 0.07754743099212646, 5.205460548400879
128, 10.061234474182129, 0.07754743099212646, 5.205460548400879
129, 10.061234474182129, 0.07754743099212646, 5.205460548400879
130, 10.061234474182129, 0.07754743099212646, 5.205460548400879
131, 10.061234474182129, 0.07754743099212646, 5.205460548400879
132, 10.061234474182129, 0.07754743099212646, 5.205460548400879
133, 10.061234474182129, 0.07754743099212646, 5.205460548400879
134, 10.061234474182129, 0.07754743099212646, 5.205460548400879
135, 10.061234474182129, 0.07754743099212646, 5.205460548400879
136, 10.061234474182129, 0.07754743099212646, 5.205460548400879
137, 10.061234474182129, 0.07754743099212646, 5.205460548400879
138, 10.061234474182129, 0.07754743099212646, 5.205460548400879
139, 10.061445236206055, 0.07754743099212646, 5.209997653961182
140, 10.061445236206055, 0.07754743099212646, 5.209997653961182
141, 10.061445236206055, 0.07754743099212646, 5.209997653961182
142, 10.061445236206055, 0.07754743099212646, 5.209997653961182
143, 10.061445236206055, 0.07754743099212646, 5.209997653961182
144, 10.061445236206055, 0.07754743099212646, 5.209997653961182
145, 9.811714172363281, 0.07754743099212646, 5.221588134765625
146, 9.811714172363281, 0.07754743099212646, 5.221588134765625
147, 9.589645385742188, 0.07754743099212646, 5.106760025024414
148, 9.367576599121094, 0.07754743099212646, 4.991931915283203
149, 9.1455078125, 0.07754743099212646, 4.877103805541992
150, 8.923439025878906, 0.07754743099212646, 4.762275695800781
151, 8.701370239257812, 0.07754743099212646, 4.64744758605957
152, 8.701370239257812, 0.07754743099212646, 4.64744758605957
153, 8.451639175415039, 0.07754743099212646, 4.659038066864014
154, 8.201908111572266, 0.07754743099212646, 4.670628547668457
155, 7.952177047729492, 0.07754743099212646, 4.6822190284729
156, 7.702445983886719, 0.07754743099212646, 4.693809509277344
157, 7.452714920043945, 0.07754743099212646, 4.705399990081787
158, 7.202983856201172, 0.07754743099212646, 4.7169904708862305
159, 6.953252792358398, 0.07754743099212646, 4.728580951690674
160, 6.703521728515625, 0.07754743099212646, 4.740171432495117
161, 6.453790664672852, 0.07754743099212646, 4.7517619132995605
162, 6.204059600830078, 0.07754743099212646, 4.763352394104004
163, 6.204059600830078, 0.07754743099212646, 4.763352394104004
164, 5.981990814208984, 0.07754743099212646, 4.648524284362793
165, 5.759922027587891, 0.07754743099212646, 4.533696174621582
166, 5.759922027587891, 0.07754743099212646, 4.533696174621582
167, 5.625019073486328, 0.07754743099212646, 4.323217868804932
168, 5.625019073486328, 0.07754743099212646, 4.323217868804932
169, 5.613429069519043, 0.07754743099212646, 4.073486804962158
170, 5.601839065551758, 0.07754743099212646, 3.8237557411193848
171, 5.601839065551758, 0.07754743099212646, 3.8237557411193848
172, 5.601839065551758, 0.07754743099212646, 3.8237557411193848
173, 5.812317371368408, 0.07754743099212646, 3.6888527870178223
174, 5.812317371368408, 0.07754743099212646, 3.6888527870178223
175, 5.927145481109619, 0.07754743099212646, 3.4667840003967285
176, 5.927145481109619, 0.07754743099212646, 3.4667840003967285
177, 5.915555477142334, 0.07754743099212646, 3.217052936553955
178, 5.903965473175049, 0.07754743099212646, 2.9673218727111816
179, 5.892375469207764, 0.07754743099212646, 2.717590808868408
180, 5.8807854652404785, 0.07754743099212646, 2.4678597450256348
181, 5.8807854652404785, 0.07754743099212646, 2.4678597450256348
182, 5.9956135749816895, 0.07754743099212646, 2.245790958404541
183, 6.1104416847229, 0.07754743099212646, 2.0237221717834473
184, 6.225269794464111, 0.07754743099212646, 1.801653504371643
185, 6.340097904205322, 0.07754743099212646, 1.5795848369598389
186, 6.454926013946533, 0.07754743099212646, 1.3575161695480347
187, 10.867356300354004, 0.07754743099212646, 5.401505470275879
