1, 0.8055387735366821, 0.046541884541511536, -0.4773370325565338
2, 0.8055387735366821, 0.046541884541511536, -0.4773370325565338
3, 0.8055387735366821, 0.046541884541511536, -0.4773370325565338
4, 0.8055387735366821, 0.046541884541511536, -0.4773370325565338
5, 0.8055387735366821, 0.046541884541511536, -0.4773370325565338
6, 0.8055387735366821, 0.046541884541511536, -0.4773370325565338
7, 0.8055387735366821, 0.046541884541511536, -0.4773370325565338
8, 0.8055387735366821, 0.046541884541511536, -0.4773370325565338
9, 0.8055387735366821, 0.046541884541511536, -0.4773370325565338
10, 0.8055387735366821, 0.046541884541511536, -0.4773370325565338
11, 0.8055387735366821, 0.046541884541511536, -0.4773370325565338
12, 0.8055387735366821, 0.046541884541511536, -0.4773370325565338
13, 0.8920294046401978, 0.046541884541511536, -0.24277496337890625
14, 0.8920294046401978, 0.046541884541511536, -0.24277496337890625
15, 0.8920294046401978, 0.046541884541511536, -0.24277496337890625
16, 1.1384114027023315, 0.046541884541511536, -0.20039701461791992
17, 1.1384114027023315, 0.046541884541511536, -0.20039701461791992
18, 1.3729734420776367, 0.046541884541511536, -0.28688764572143555
19, 1.607535481452942, 0.046541884541511536, -0.37337827682495117
20, 1.842097520828247, 0.046541884541511536, -0.4598689079284668
21, 2.076659679412842, 0.046541884541511536, -0.5463595390319824
22, 2.076659679412842, 0.046541884541511536, -0.5463595390319824
23, 2.23655104637146, 0.046541884541511536, -0.738543689250946
24, 2.23655104637146, 0.046541884541511536, -0.738543689250946
25, 2.252119302749634, 0.046541884541511536, -0.8290559649467468
26, 2.252119302749634, 0.046541884541511536, -0.8290560245513916
27, 2.252119302749634, 0.046541884541511536, -0.8290560245513916
28, 2.252119302749634, 0.046541884541511536, -0.8290560245513916
29, 2.252119302749634, 0.046541884541511536, -0.8290560245513916
30, 2.4866814613342285, 0.046541884541511536, -0.9155466556549072
31, 2.4866814613342285, 0.046541884541511536, -0.9155466556549072
32, 2.4866814613342285, 0.046541884541511536, -0.9155466556549072
33, 2.529059410095215, 0.046541884541511536, -1.161928653717041
34, 2.529059410095215, 0.046541884541511536, -1.161928653717041
35, 2.442568778991699, 0.046541884541511536, -1.3964906930923462
36, 2.3560781478881836, 0.046541884541511536, -1.6310527324676514
37, 2.3560781478881836, 0.046541884541511536, -1.6310527324676514
38, 2.39845609664917, 0.046541884541511536, -1.8774347305297852
39, 2.4408340454101562, 0.046541884541511536, -2.123816728591919
40, 2.4832119941711426, 0.046541884541511536, -2.3701987266540527
41, 2.4832119941711426, 0.046541884541511536, -2.3701987266540527
42, 2.4832119941711426, 0.046541884541511536, -2.3701987266540527
43, 2.4832119941711426, 0.046541884541511536, -2.3701987266540527
44, 2.396721363067627, 0.046541884541511536, -2.6047608852386475
45, 2.3102307319641113, 0.046541884541511536, -2.839323043823242
46, 2.3102307319641113, 0.046541884541511536, -2.839323043823242
47, 2.3102307319641113, 0.046541884541511536, -2.839323043823242
48, 2.3102307319641113, 0.046541884541511536, -2.839323043823242
49, 2.3526086807250977, 0.046541884541511536, -3.085705041885376
50, 2.3526086807250977, 0.046541884541511536, -3.085705041885376
51, 2.512500047683716, 0.046541884541511536, -3.2778892517089844
52, 2.672391414642334, 0.046541884541511536, -3.4700734615325928
53, 2.832282781600952, 0.046541884541511536, -3.662257671356201
54, 2.832282781600952, 0.046541884541511536, -3.662257671356201
55, 2.832282781600952, 0.046541884541511536, -3.662257671356201
56, 2.832282781600952, 0.046541884541511536, -3.662257671356201
57, 2.832282781600952, 0.046541884541511536, -3.662257671356201
58, 2.832282781600952, 0.046541884541511536, -3.662257671356201
59, 2.832282781600952, 0.046541884541511536, -3.662257671356201
60, 2.832282781600952, 0.046541884541511536, -3.662257671356201
61, 2.832282781600952, 0.046541884541511536, -3.662257671356201
62, 2.672391414642334, 0.046541884541511536, -3.470073699951172
63, 2.672391414642334, 0.046541884541511536, -3.470073699951172
64, 2.672391414642334, 0.046541884541511536, -3.470073699951172
65, 2.672391414642334, 0.046541884541511536, -3.470073699951172
66, 2.672391414642334, 0.046541884541511536, -3.470073699951172
67, 2.672391414642334, 0.046541884541511536, -3.470073699951172
68, 2.672391414642334, 0.046541884541511536, -3.470073699951172
69, 2.672391414642334, 0.046541884541511536, -3.470073699951172
70, 2.672391414642334, 0.046541884541511536, -3.470073699951172
71, 2.672391414642334, 0.046541884541511536, -3.470073699951172
72, 2.672391414642334, 0.046541884541511536, -3.470073699951172
73, 2.4260094165802, 0.046541884541511536, -3.512451648712158
74, 2.1796274185180664, 0.046541884541511536, -3.5548295974731445
75, 1.9332454204559326, 0.046541884541511536, -3.597207546234131
76, 1.9332454204559326, 0.046541884541511536, -3.597207546234131
77, 1.698683261871338, 0.046541884541511536, -3.5107169151306152
78, 1.4641211032867432, 0.046541884541511536, -3.4242262840270996
79, 1.2295589447021484, 0.046541884541511536, -3.337735652923584
80, 0.9949967861175537, 0.046541884541511536, -3.2512450218200684
81, 0.760434627532959, 0.046541884541511536, -3.1647543907165527
82, 0.5258724689483643, 0.046541884541511536, -3.078263759613037
83, 0.2913103401660919, 0.046541884541511536, -2.9917731285095215
84, 0.05674821138381958, 0.046541884541511536, -2.905282497406006
85, -0.17781391739845276, 0.046541884541511536, -2.8187918663024902
86, -0.17781391739845276, 0.046541884541511536, -2.8187918663024902
87, -0.17781391739845276, 0.046541884541511536, -2.8187918663024902
88, -0.17781391739845276, 0.046541884541511536, -2.8187918663024902
89, -0.17781391739845276, 0.046541884541511536, -2.8187918663024902
90, -0.17781391739845276, 0.046541884541511536, -2.8187918663024902
91, -0.17781391739845276, 0.046541884541511536, -2.8187918663024902
92, 0.05674821138381958, 0.046541884541511536, -2.905282497406006
93, 0.2913103401660919, 0.046541884541511536, -2.9917731285095215
94, 0.5258724689483643, 0.046541884541511536, -3.078263759613037
95, 0.760434627532959, 0.046541884541511536, -3.1647543907165527
96, 0.9949967861175537, 0.046541884541511536, -3.2512450218200684
97, 1.2295589447021484, 0.046541884541511536, -3.337735652923584
98, 1.4641211032867432, 0.046541884541511536, -3.4242262840270996
99, 1.698683261871338, 0.046541884541511536, -3.5107169151306152
100, 1.698683261871338, 0.046541884541511536, -3.5107169151306152
101, 1.9450652599334717, 0.046541884541511536, -3.468338966369629
102, 2.1914472579956055, 0.046541884541511536, -3.4259610176086426
103, 2.1914472579956055, 0.046541884541511536, -3.4259610176086426
104, 2.4260094165802, 0.046541884541511536, -3.512451648712158
105, 2.660571575164795, 0.046541884541511536, -3.598942279815674
106, 2.660571575164795, 0.046541884541511536, -3.598942279815674
107, 2.820463180541992, 0.046541884541511536, -3.791126251220703
108, 2.9803547859191895, 0.046541884541511536, -3.9833102226257324
109, 3.1402463912963867, 0.046541884541511536, -4.175494194030762
110, 3.300137996673584, 0.046541884541511536, -4.367678165435791
111, 3.4600296020507812, 0.046541884541511536, -4.55986213684082
112, 3.6199212074279785, 0.046541884541511536, -4.75204610824585
113, 3.6199212074279785, 0.046541884541511536, -4.75204610824585
114, 3.662299156188965, 0.046541884541511536, -4.9984283447265625
115, 3.662299156188965, 0.046541884541511536, -4.9984283447265625
116, 3.575808525085449, 0.046541884541511536, -5.232990264892578
117, 3.575808525085449, 0.046541884541511536, -5.232990264892578
118, 3.575808525085449, 0.046541884541511536, -5.232990264892578
119, 3.575808525085449, 0.046541884541511536, -5.232990264892578
120, 3.6181864738464355, 0.046541884541511536, -5.479372501373291
121, 3.660564422607422, 0.046541884541511536, -5.725754737854004
122, 3.702942371368408, 0.046541884541511536, -5.972136974334717
123, 3.7453203201293945, 0.046541884541511536, -6.21851921081543
124, 3.787698268890381, 0.046541884541511536, -6.464901447296143
125, 3.787698268890381, 0.046541884541511536, -6.464901447296143
126, 3.947589874267578, 0.046541884541511536, -6.657085418701172
127, 4.107481479644775, 0.046541884541511536, -6.849269390106201
128, 4.107481479644775, 0.046541884541511536, -6.849269390106201
129, 4.107481479644775, 0.046541884541511536, -6.849269390106201
130, 4.107481479644775, 0.046541884541511536, -6.849269390106201
131, 4.107481479644775, 0.046541884541511536, -6.849269390106201
132, 4.107481479644775, 0.046541884541511536, -6.849269390106201
133, 4.107481479644775, 0.046541884541511536, -6.849269390106201
134, 3.9475901126861572, 0.046541884541511536, -6.657085418701172
135, 3.787698745727539, 0.046541884541511536, -6.464901447296143
136, 3.787698745727539, 0.046541884541511536, -6.464901447296143
137, 3.7453207969665527, 0.046541884541511536, -6.21851921081543
138, 3.7029428482055664, 0.046541884541511536, -5.972136974334717
139, 3.66056489944458, 0.046541884541511536, -5.725754737854004
140, 3.6181869506835938, 0.046541884541511536, -5.479372501373291
141, 3.5758090019226074, 0.046541884541511536, -5.232990264892578
142, 3.533431053161621, 0.046541884541511536, -4.986608028411865
143, 3.4910531044006348, 0.046541884541511536, -4.740225791931152
144, 3.4486751556396484, 0.046541884541511536, -4.4938435554504395
145, 3.4486751556396484, 0.046541884541511536, -4.4938435554504395
146, 3.2887837886810303, 0.046541884541511536, -4.30165958404541
147, 3.128892421722412, 0.046541884541511536, -4.109475612640381
148, 2.969001054763794, 0.046541884541511536, -3.9172916412353516
149, 2.809109687805176, 0.046541884541511536, -3.7251076698303223
150, 2.809109687805176, 0.046541884541511536, -3.7251076698303223
151, 2.574547529220581, 0.046541884541511536, -3.6386170387268066
152, 2.3399853706359863, 0.046541884541511536, -3.552126407623291
153, 2.1054232120513916, 0.046541884541511536, -3.4656357765197754
154, 1.8708610534667969, 0.046541884541511536, -3.3791451454162598
155, 1.6362988948822021, 0.046541884541511536, -3.292654514312744
156, 1.4017367362976074, 0.046541884541511536, -3.2061638832092285
157, 1.1671745777130127, 0.046541884541511536, -3.119673252105713
158, 0.932612419128418, 0.046541884541511536, -3.0331826210021973
159, 0.6980502605438232, 0.046541884541511536, -2.9466919898986816
160, 0.4634881317615509, 0.046541884541511536, -2.860201358795166
161, 0.22892600297927856, 0.046541884541511536, -2.7737107276916504
162, -0.005636125802993774, 0.046541884541511536, -2.6872200965881348
163, -0.005636125802993774, 0.046541884541511536, -2.6872200965881348
164, -0.25201815366744995, 0.046541884541511536, -2.729598045349121
165, -0.25201815366744995, 0.046541884541511536, -2.729598045349121
166, -0.25201815366744995, 0.046541884541511536, -2.729598045349121
167, -0.25201815366744995, 0.046541884541511536, -2.729598045349121
168, -0.25201815366744995, 0.046541884541511536, -2.729598045349121
169, -0.25201815366744995, 0.046541884541511536, -2.729598045349121
170, -0.017456024885177612, 0.046541884541511536, -2.8160886764526367
171, 0.21710610389709473, 0.046541884541511536, -2.9025793075561523
172, 0.45166823267936707, 0.046541884541511536, -2.989069938659668
173, 0.6862303614616394, 0.046541884541511536, -3.0755605697631836
174, 0.9207924604415894, 0.046541884541511536, -3.162051200866699
175, 1.155354619026184, 0.046541884541511536, -3.248541831970215
176, 1.3899167776107788, 0.046541884541511536, -3.3350324630737305
177, 1.6244789361953735, 0.046541884541511536, -3.421523094177246
178, 1.8590410947799683, 0.046541884541511536, -3.5080137252807617
179, 1.8590410947799683, 0.046541884541511536, -3.5080137252807617
180, 2.1054232120513916, 0.046541884541511536, -3.4656357765197754
181, 2.3518052101135254, 0.046541884541511536, -3.423257827758789
182, 2.3518052101135254, 0.046541884541511536, -3.423257827758789
183, 2.58636736869812, 0.046541884541511536, -3.5097484588623047
184, 2.820929527282715, 0.046541884541511536, -3.5962390899658203
185, 3.0554916858673096, 0.046541884541511536, -3.682729721069336
186, 3.2900538444519043, 0.046541884541511536, -3.7692203521728516
187, 3.524616003036499, 0.046541884541511536, -3.855710983276367
188, 3.7591781616210938, 0.046541884541511536, -3.942201614379883
189, 3.9937403202056885, 0.046541884541511536, -4.028692245483398
190, 4.228302478790283, 0.046541884541511536, -4.115182876586914
191, 4.462864398956299, 0.046541884541511536, -4.20167350769043
192, 4.6974263191223145, 0.046541884541511536, -4.288164138793945
193, 4.93198823928833, 0.046541884541511536, -4.374654769897461
194, 5.166550159454346, 0.046541884541511536, -4.461145401000977
195, 5.401112079620361, 0.046541884541511536, -4.547636032104492
196, 5.635673999786377, 0.046541884541511536, -4.634126663208008
197, 5.870235919952393, 0.046541884541511536, -4.720617294311523
198, 6.104797840118408, 0.046541884541511536, -4.807107925415039
199, 6.104797840118408, 0.046541884541511536, -4.807107925415039
200, 6.351180076599121, 0.05314606800675392, -4.764729976654053
201, 6.597562313079834, 0.0928405225276947, -4.722352027893066
202, 6.597562313079834, 0.0928405225276947, -4.722352027893066
203, 6.597562313079834, 0.0928405225276947, -4.722352027893066
204, 6.597562313079834, 0.0928405225276947, -4.722352027893066
205, 6.597562313079834, 0.0928405225276947, -4.722352027893066
206, 6.597562313079834, 0.0928405225276947, -4.722352027893066
207, 6.363000392913818, 0.0561162568628788, -4.635861396789551
208, 6.128438472747803, 0.046541884541511536, -4.549370765686035
209, 5.893876552581787, 0.046541884541511536, -4.4628801345825195
210, 5.6593146324157715, 0.046541884541511536, -4.376389503479004
211, 5.424752712249756, 0.046541884541511536, -4.289898872375488
212, 5.19019079208374, 0.046541884541511536, -4.203408241271973
213, 4.955628871917725, 0.046541884541511536, -4.116917610168457
214, 4.721066951751709, 0.046541884541511536, -4.030426979064941
215, 4.486505031585693, 0.046541884541511536, -3.943936347961426
216, 4.251943111419678, 0.046541884541511536, -3.85744571685791
217, 4.017381191253662, 0.046541884541511536, -3.7709550857543945
218, 3.7828190326690674, 0.046541884541511536, -3.684464454650879
219, 3.5482568740844727, 0.046541884541511536, -3.5979738235473633
220, 3.313694715499878, 0.046541884541511536, -3.5114831924438477
221, 3.079132556915283, 0.046541884541511536, -3.424992561340332
222, 2.8445703983306885, 0.046541884541511536, -3.3385019302368164
223, 2.6100082397460938, 0.046541884541511536, -3.252011299133301
224, 2.375446081161499, 0.046541884541511536, -3.165520668029785
225, 2.1408839225769043, 0.046541884541511536, -3.0790300369262695
226, 2.1408839225769043, 0.046541884541511536, -3.0790300369262695
227, 1.8945019245147705, 0.046541884541511536, -3.121407985687256
228, 1.6481199264526367, 0.046541884541511536, -3.163785934448242
229, 1.401737928390503, 0.046541884541511536, -3.2061638832092285
230, 1.1553559303283691, 0.046541884541511536, -3.248541831970215
231, 1.1553559303283691, 0.046541884541511536, -3.248541831970215
232, 0.9207937717437744, 0.046541884541511536, -3.162051200866699
233, 0.6862316131591797, 0.046541884541511536, -3.0755605697631836
234, 0.45166945457458496, 0.046541884541511536, -2.989069938659668
235, 0.21710731089115143, 0.046541884541511536, -2.9025793075561523
236, -0.017454832792282104, 0.046541884541511536, -2.8160886764526367
237, -0.25201696157455444, 0.046541884541511536, -2.729598045349121
238, -0.25201696157455444, 0.046541884541511536, -2.729598045349121
239, -0.4983989894390106, 0.046541884541511536, -2.7719759941101074
240, -0.7447810173034668, 0.046541884541511536, -2.8143539428710938
241, -0.7447810173034668, 0.046541884541511536, -2.8143539428710938
242, -0.7447810173034668, 0.046541884541511536, -2.8143539428710938
243, -0.7447810173034668, 0.046541884541511536, -2.8143539428710938
244, -0.7447810173034668, 0.046541884541511536, -2.8143539428710938
245, -0.7447810173034668, 0.046541884541511536, -2.8143539428710938
246, -0.7447810173034668, 0.046541884541511536, -2.8143539428710938
247, -0.7447810173034668, 0.046541884541511536, -2.8143539428710938
248, -0.7447810173034668, 0.046541884541511536, -2.8143539428710938
249, -0.498399019241333, 0.046541884541511536, -2.7719759941101074
250, -0.2520170211791992, 0.046541884541511536, -2.729598045349121
251, -0.2520170211791992, 0.046541884541511536, -2.729598045349121
252, -0.017454877495765686, 0.046541884541511536, -2.8160886764526367
253, -0.017454877495765686, 0.046541884541511536, -2.8160886764526367
254, 0.14243662357330322, 0.046541884541511536, -3.008272647857666
255, 0.14243662357330322, 0.046541884541511536, -3.008272647857666
256, 0.37699878215789795, 0.046541884541511536, -3.0947632789611816
257, 0.6115609407424927, 0.046541884541511536, -3.1812539100646973
258, 0.8461230993270874, 0.046541884541511536, -3.267744541168213
259, 1.0806852579116821, 0.046541884541511536, -3.3542351722717285
260, 1.3152474164962769, 0.046541884541511536, -3.440725803375244
261, 1.5498095750808716, 0.046541884541511536, -3.5272164344787598
262, 1.7843717336654663, 0.046541884541511536, -3.6137070655822754
263, 1.7843717336654663, 0.046541884541511536, -3.6137070655822754
264, 2.0307538509368896, 0.046541884541511536, -3.571329116821289
265, 2.2771358489990234, 0.046541884541511536, -3.5289511680603027
266, 2.2771358489990234, 0.046541884541511536, -3.5289511680603027
267, 2.511698007583618, 0.046541884541511536, -3.6154417991638184
268, 2.746260166168213, 0.046541884541511536, -3.701932430267334
269, 2.746260166168213, 0.046541884541511536, -3.701932430267334
270, 2.90615177154541, 0.046541884541511536, -3.8941164016723633
271, 3.0660433769226074, 0.046541884541511536, -4.086300373077393
272, 3.2259349822998047, 0.046541884541511536, -4.278484344482422
273, 3.385826587677002, 0.046541884541511536, -4.470668315887451
274, 3.545718193054199, 0.046541884541511536, -4.6628522872924805
275, 3.7056097984313965, 0.046541884541511536, -4.85503625869751
276, 3.7056097984313965, 0.046541884541511536, -4.85503625869751
277, 3.747987985610962, 0.046541884541511536, -5.101418495178223
278, 3.7903661727905273, 0.046541884541511536, -5.3478007316589355
279, 3.8327443599700928, 0.046541884541511536, -5.594182968139648
280, 3.875122547149658, 0.046541884541511536, -5.840565204620361
281, 3.9175007343292236, 0.046541884541511536, -6.086947441101074
282, 3.959878921508789, 0.046541884541511536, -6.333329677581787
283, 4.002256870269775, 0.046541884541511536, -6.5797119140625
284, 4.002256870269775, 0.046541884541511536, -6.5797119140625
285, 4.162148475646973, 0.046541884541511536, -6.771895885467529
286, 4.32204008102417, 0.046541884541511536, -6.964079856872559
287, 4.481931686401367, 0.046541884541511536, -7.156263828277588
288, 4.6418232917785645, 0.046541884541511536, -7.348447799682617
289, 4.6418232917785645, 0.046541884541511536, -7.348447799682617
290, 4.6418232917785645, 0.046541884541511536, -7.348447799682617
291, 4.6418232917785645, 0.046541884541511536, -7.348447799682617
292, 4.6418232917785645, 0.046541884541511536, -7.348447799682617
293, 4.6418232917785645, 0.046541884541511536, -7.348447799682617
294, 4.6418232917785645, 0.046541884541511536, -7.348447799682617
295, 4.481931686401367, 0.046541884541511536, -7.156263828277588
296, 4.32204008102417, 0.046541884541511536, -6.964079856872559
297, 4.162148475646973, 0.046541884541511536, -6.771895885467529
298, 4.002256870269775, 0.046541884541511536, -6.5797119140625
299, 3.842365264892578, 0.046541884541511536, -6.387527942657471
300, 3.682473659515381, 0.046541884541511536, -6.195343971252441
301, 3.682473659515381, 0.046541884541511536, -6.195343971252441
302, 3.6400954723358154, 0.046541884541511536, -5.9489617347717285
303, 3.59771728515625, 0.046541884541511536, -5.702579498291016
304, 3.5553390979766846, 0.046541884541511536, -5.456197261810303
305, 3.512960910797119, 0.046541884541511536, -5.20981502532959
306, 3.4705827236175537, 0.046541884541511536, -4.963432788848877
307, 3.4282045364379883, 0.046541884541511536, -4.717050552368164
308, 3.385826349258423, 0.046541884541511536, -4.470668315887451
309, 3.385826349258423, 0.046541884541511536, -4.470668315887451
310, 3.2259347438812256, 0.046541884541511536, -4.278484344482422
311, 3.0660431385040283, 0.046541884541511536, -4.086300373077393
312, 2.906151533126831, 0.046541884541511536, -3.8941164016723633
313, 2.746259927749634, 0.046541884541511536, -3.701932430267334
314, 2.746259927749634, 0.046541884541511536, -3.701932430267334
315, 2.511697769165039, 0.046541884541511536, -3.6154420375823975
316, 2.2771356105804443, 0.046541884541511536, -3.528951644897461
317, 2.0425734519958496, 0.046541884541511536, -3.4424612522125244
318, 1.8080112934112549, 0.046541884541511536, -3.355970859527588
319, 1.5734491348266602, 0.046541884541511536, -3.2694804668426514
320, 1.3388869762420654, 0.046541884541511536, -3.182990074157715
321, 1.1043248176574707, 0.046541884541511536, -3.0964996814727783
322, 0.8697627186775208, 0.046541884541511536, -3.010009288787842
323, 0.6352006196975708, 0.046541884541511536, -2.9235188961029053
324, 0.40063852071762085, 0.046541884541511536, -2.8370285034179688
325, 0.1660764068365097, 0.046541884541511536, -2.7505381107330322
326, 0.1660764068365097, 0.046541884541511536, -2.7505381107330322
327, -0.08030562102794647, 0.046541884541511536, -2.7929162979125977
328, -0.32668763399124146, 0.046541884541511536, -2.835294485092163
329, -0.57306969165802, 0.046541884541511536, -2.8776726722717285
330, -0.8194516897201538, 0.046541884541511536, -2.920050859451294
331, -1.0658336877822876, 0.046541884541511536, -2.9624290466308594
332, -1.0658336877822876, 0.046541884541511536, -2.9624290466308594
333, -1.3003958463668823, 0.046541884541511536, -2.8759384155273438
334, -1.534958004951477, 0.046541884541511536, -2.789447784423828
335, -1.7695201635360718, 0.046541884541511536, -2.7029571533203125
336, -2.004082202911377, 0.046541884541511536, -2.616466522216797
337, -2.2386443614959717, 0.046541884541511536, -2.5299758911132812
338, -2.4732065200805664, 0.046541884541511536, -2.4434852600097656
339, -2.4732065200805664, 0.046541884541511536, -2.4434852600097656
340, -2.7195885181427, 0.046541884541511536, -2.485863447189331
341, -2.7195885181427, 0.046541884541511536, -2.485863447189331
342, -2.7195885181427, 0.046541884541511536, -2.485863447189331
343, -2.7195885181427, 0.046541884541511536, -2.485863447189331
344, -2.9117724895477295, 0.046541884541511536, -2.6457550525665283
345, -3.103956460952759, 0.046541884541511536, -2.8056466579437256
346, -3.296140432357788, 0.046541884541511536, -2.965538263320923
347, -3.296140432357788, 0.046541884541511536, -2.965538263320923
348, -3.296140432357788, 0.046541884541511536, -2.965538263320923
349, -3.4883244037628174, 0.046541884541511536, -3.12542986869812
350, -3.4883244037628174, 0.046541884541511536, -3.12542986869812
351, -3.574814796447754, 0.046541884541511536, -3.359992027282715
352, -3.6613051891326904, 0.046541884541511536, -3.5945541858673096
353, -3.747795581817627, 0.046541884541511536, -3.8291163444519043
354, -3.747795581817627, 0.046541884541511536, -3.8291163444519043
355, -3.7054173946380615, 0.046541884541511536, -4.075498580932617
356, -3.7054173946380615, 0.046541884541511536, -4.075498580932617
357, -3.7054173946380615, 0.046541884541511536, -4.075498580932617
358, -3.7054173946380615, 0.046541884541511536, -4.075498580932617
359, -3.7054173946380615, 0.046541884541511536, -4.075498580932617
360, -3.7054173946380615, 0.046541884541511536, -4.075498580932617
361, -3.7054173946380615, 0.046541884541511536, -4.075498580932617
362, -3.747795581817627, 0.046541884541511536, -3.8291165828704834
363, -3.747795581817627, 0.046541884541511536, -3.8291165828704834
364, -3.6613049507141113, 0.046541884541511536, -3.5945544242858887
365, -3.5748143196105957, 0.046541884541511536, -3.359992265701294
366, -3.48832368850708, 0.046541884541511536, -3.125430107116699
367, -3.48832368850708, 0.046541884541511536, -3.125430107116699
368, -3.296139717102051, 0.046541884541511536, -2.965538501739502
369, -3.1039557456970215, 0.046541884541511536, -2.8056468963623047
370, -2.911771774291992, 0.046541884541511536, -2.6457552909851074
371, -2.911771774291992, 0.046541884541511536, -2.6457552909851074
372, -2.6653897762298584, 0.046541884541511536, -2.603377103805542
373, -2.4190077781677246, 0.046541884541511536, -2.5609989166259766
374, -2.172625780105591, 0.046541884541511536, -2.518620729446411
375, -2.172625780105591, 0.046541884541511536, -2.518620729446411
376, -1.938063621520996, 0.046541884541511536, -2.6051111221313477
377, -1.7035014629364014, 0.046541884541511536, -2.691601514816284
378, -1.4689393043518066, 0.046541884541511536, -2.7780919075012207
379, -1.234377145767212, 0.046541884541511536, -2.8645823001861572
380, -1.234377145767212, 0.046541884541511536, -2.8645823001861572
381, -0.9879951477050781, 0.046541884541511536, -2.822204113006592
382, -0.7416131496429443, 0.046541884541511536, -2.7798259258270264
383, -0.49523112177848816, 0.046541884541511536, -2.737447738647461
384, -0.24884909391403198, 0.046541884541511536, -2.6950695514678955
385, -0.24884909391403198, 0.046541884541511536, -2.6950695514678955
386, -0.014286935329437256, 0.046541884541511536, -2.781559944152832
387, 0.22027522325515747, 0.046541884541511536, -2.8680503368377686
388, 0.4548373818397522, 0.046541884541511536, -2.954540729522705
389, 0.6893995404243469, 0.046541884541511536, -3.0410311222076416
390, 0.9239616990089417, 0.046541884541511536, -3.127521514892578
391, 1.1585237979888916, 0.046541884541511536, -3.2140119075775146
392, 1.3930859565734863, 0.046541884541511536, -3.300502300262451
393, 1.627648115158081, 0.046541884541511536, -3.3869926929473877
394, 1.8622102737426758, 0.046541884541511536, -3.473483085632324
395, 2.0967724323272705, 0.046541884541511536, -3.5599734783172607
396, 2.0967724323272705, 0.046541884541511536, -3.5599734783172607
397, 2.3431544303894043, 0.046541884541511536, -3.5175952911376953
398, 2.3431544303894043, 0.046541884541511536, -3.5175952911376953
399, 2.577716588973999, 0.046541884541511536, -3.604085683822632
400, 2.8122787475585938, 0.046541884541511536, -3.6905760765075684
401, 2.8122787475585938, 0.046541884541511536, -3.6905760765075684
402, 2.972170352935791, 0.046541884541511536, -3.8827600479125977
403, 3.1320619583129883, 0.046541884541511536, -4.074944019317627
404, 3.2919535636901855, 0.046541884541511536, -4.267127990722656
405, 3.451845169067383, 0.046541884541511536, -4.4593119621276855
406, 3.61173677444458, 0.046541884541511536, -4.651495933532715
407, 3.7716283798217773, 0.046541884541511536, -4.843679904937744
408, 3.7716283798217773, 0.046541884541511536, -4.843679904937744
409, 3.8140065670013428, 0.046541884541511536, -5.090062141418457
410, 3.856384754180908, 0.046541884541511536, -5.33644437789917
411, 3.8987629413604736, 0.046541884541511536, -5.582826614379883
412, 3.941141128540039, 0.046541884541511536, -5.829208850860596
413, 3.9835193157196045, 0.046541884541511536, -6.075591087341309
414, 4.02589750289917, 0.046541884541511536, -6.3219733238220215
415, 4.068275451660156, 0.046541884541511536, -6.568355560302734
416, 4.068275451660156, 0.046541884541511536, -6.568355560302734
417, 4.2281670570373535, 0.046541884541511536, -6.760539531707764
418, 4.388058662414551, 0.046541884541511536, -6.952723503112793
419, 4.547950267791748, 0.046541884541511536, -7.144907474517822
420, 4.707841873168945, 0.046541884541511536, -7.337091445922852
421, 4.867733478546143, 0.09665314853191376, -7.529275417327881
422, 4.867733478546143, 0.09665314853191376, -7.529275417327881
423, 4.910111427307129, 0.16999782621860504, -7.775657653808594
424, 4.952489376068115, 0.19327330589294434, -8.022039413452148
425, 4.952489376068115, 0.19327330589294434, -8.022039413452148
426, 4.952489376068115, 0.19327330589294434, -8.022039413452148
427, 5.187051296234131, 0.19251763820648193, -8.108530044555664
428, 5.4216132164001465, 0.1569063514471054, -8.19502067565918
429, 5.656175136566162, 0.07264269888401031, -8.281511306762695
430, 5.890737056732178, 0.046541884541511536, -8.368001937866211
431, 5.890737056732178, 0.046541884541511536, -8.368001937866211
432, 5.890737056732178, 0.046541884541511536, -8.368001937866211
433, 6.125299453735352, 0.046541884541511536, -8.454492568969727
434, 6.125299453735352, 0.046541884541511536, -8.454492568969727
435, 6.125299453735352, 0.046541884541511536, -8.454492568969727
436, 6.125299453735352, 0.046541884541511536, -8.454492568969727
437, 6.285191059112549, 0.046541884541511536, -8.646677017211914
438, 6.285191059112549, 0.046541884541511536, -8.646677017211914
439, 6.285191059112549, 0.046541884541511536, -8.646677017211914
440, 6.285191059112549, 0.046541884541511536, -8.646677017211914
441, 6.285191059112549, 0.046541884541511536, -8.646677017211914
442, 6.285191059112549, 0.046541884541511536, -8.646677017211914
443, 6.327569007873535, 0.046541884541511536, -8.893058776855469
444, 6.3699469566345215, 0.046541884541511536, -9.139440536499023
445, 6.3699469566345215, 0.046541884541511536, -9.139440536499023
446, 6.3699469566345215, 0.046541884541511536, -9.139440536499023
447, 6.3699469566345215, 0.046541884541511536, -9.139440536499023
448, 6.3699469566345215, 0.046541884541511536, -9.139440536499023
449, 6.38326358795166, 0.046541884541511536, -9.216862678527832
450, 6.38326358795166, 0.046541884541511536, -9.216862678527832
451, 6.38326358795166, 0.046541884541511536, -9.216862678527832
452, 6.2967729568481445, 0.046541884541511536, -9.451424598693848
453, 6.2967729568481445, 0.046541884541511536, -9.451424598693848
454, 6.2967729568481445, 0.046541884541511536, -9.451424598693848
455, 6.2967729568481445, 0.046541884541511536, -9.451424598693848
456, 6.339150905609131, 0.046541884541511536, -9.697806358337402
457, 6.381528854370117, 0.046541884541511536, -9.944188117980957
458, 6.42201566696167, 0.046541884541511536, -10.17957592010498
459, 6.42201566696167, 0.046541884541511536, -10.17957592010498
460, 6.42201566696167, 0.046541884541511536, -10.17957592010498
461, 6.42201566696167, 0.046541884541511536, -10.17957592010498
462, 6.483823299407959, 0.046541884541511536, -10.202366828918457
463, 6.483823299407959, 0.046541884541511536, -10.202366828918457
464, 6.483823299407959, 0.046541884541511536, -10.202366828918457
465, 6.483823299407959, 0.046541884541511536, -10.202367782592773
466, 6.483823299407959, 0.046541884541511536, -10.202367782592773
467, 6.481297969818115, 0.046541884541511536, -10.209216117858887
468, 6.481297969818115, 0.046541884541511536, -10.209216117858887
469, 6.481297969818115, 0.046541884541511536, -10.209216117858887
470, 6.481297969818115, 0.046541884541511536, -10.209216117858887
471, 6.481297969818115, 0.046541884541511536, -10.209216117858887
472, 6.481297969818115, 0.046541884541511536, -10.209216117858887
473, 6.481297969818115, 0.046541884541511536, -10.209216117858887
474, 6.481297969818115, 0.046541884541511536, -10.209216117858887
475, 6.483282089233398, 0.046541884541511536, -10.20994758605957
476, 6.483282089233398, 0.046541884541511536, -10.20994758605957
477, 6.483282089233398, 0.046541884541511536, -10.20994758605957
478, 6.483282089233398, 0.046541884541511536, -10.20994758605957
479, 6.483282089233398, 0.046541884541511536, -10.20994758605957
480, 6.483282089233398, 0.046541884541511536, -10.20994758605957
481, 6.483282089233398, 0.046541884541511536, -10.20994758605957
482, 6.440904140472412, 0.046541884541511536, -9.963565826416016
483, 6.398526191711426, 0.046541884541511536, -9.717184066772461
484, 6.3561482429504395, 0.046541884541511536, -9.470802307128906
485, 6.313770294189453, 0.046541884541511536, -9.224420547485352
486, 6.271392345428467, 0.046541884541511536, -8.978038787841797
487, 6.233263969421387, 0.046541884541511536, -8.756363868713379
488, 6.233263969421387, 0.046541884541511536, -8.756363868713379
489, 6.233263969421387, 0.046541884541511536, -8.756363868713379
490, 6.319754600524902, 0.046541884541511536, -8.521801948547363
491, 6.319754600524902, 0.046541884541511536, -8.521801948547363
492, 6.319754600524902, 0.046541884541511536, -8.521801948547363
493, 6.319754600524902, 0.046541884541511536, -8.521801948547363
494, 6.085192680358887, 0.046541884541511536, -8.435311317443848
495, 5.850630760192871, 0.046541884541511536, -8.348820686340332
496, 5.6160688400268555, 0.08852697908878326, -8.262330055236816
497, 5.38150691986084, 0.17279063165187836, -8.1758394241333
498, 5.146944999694824, 0.18056070804595947, -8.089348793029785
499, 5.146944999694824, 0.18056070804595947, -8.089348793029785
