1, 3.328695297241211, 2.0644748210906982, 2.880143642425537
2, 3.328695297241211, 2.0644748210906982, 2.880143642425537
3, 3.328695297241211, 2.0644748210906982, 2.880143642425537
4, 3.328695297241211, 2.0644748210906982, 2.880143642425537
5, 3.328695297241211, 2.0644748210906982, 2.880143642425537
6, 3.328695297241211, 2.0644748210906982, 2.880143642425537
7, 3.328695297241211, 2.0644748210906982, 2.880143642425537
8, 3.328695297241211, 2.0644748210906982, 2.880143642425537
9, 3.328695297241211, 2.0644748210906982, 2.880143642425537
10, 3.328695297241211, 2.0644748210906982, 2.880143642425537
11, 3.328695297241211, 2.0644748210906982, 2.880143642425537
12, 3.328695297241211, 2.0644748210906982, 2.880143642425537
13, 3.328695297241211, 2.0644748210906982, 2.880143642425537
14, 3.328695297241211, 2.0644748210906982, 2.880143642425537
15, 3.328695297241211, 2.0644748210906982, 2.880143642425537
16, 3.328695297241211, 2.0644748210906982, 2.880143642425537
17, 3.328695297241211, 2.0644748210906982, 2.880143642425537
18, 3.328695297241211, 2.0644748210906982, 2.880143642425537
19, 3.5750222206115723, 2.0644748210906982, 2.9228408336639404
20, 3.8213491439819336, 2.0644748210906982, 2.9655380249023438
21, 4.067676067352295, 2.0644748210906982, 3.008235216140747
22, 4.314002990722656, 2.0644748210906982, 3.0509324073791504
23, 4.560329914093018, 2.0644748210906982, 3.0936295986175537
24, 4.806656837463379, 2.0644748210906982, 3.136326789855957
25, 4.806656837463379, 2.0644748210906982, 3.136326789855957
26, 5.041330814361572, 2.0644748210906982, 3.050140142440796
27, 5.041330814361572, 2.0644748210906982, 3.050140142440796
28, 5.041330814361572, 2.0644748210906982, 3.050140142440796
29, 5.276004791259766, 2.0644748210906982, 2.9639534950256348
30, 5.276004791259766, 2.0644748210906982, 2.9639534950256348
31, 5.522331714630127, 2.0644748210906982, 3.006650686264038
32, 5.768658638000488, 2.0644748210906982, 3.0493478775024414
33, 5.768658638000488, 2.0644748210906982, 3.0493478775024414
34, 5.960635185241699, 2.0644748210906982, 3.2094883918762207
35, 6.15261173248291, 2.0644748210906982, 3.36962890625
36, 6.344588279724121, 2.0644748210906982, 3.5297694206237793
37, 6.536564826965332, 2.0644748210906982, 3.6899099349975586
38, 6.728541374206543, 2.0644748210906982, 3.850050449371338
39, 6.920517921447754, 2.0644748210906982, 4.010190963745117
40, 6.920517921447754, 2.0644748210906982, 4.010190963745117
41, 7.006704330444336, 2.0644748210906982, 4.2448649406433105
42, 7.092890739440918, 2.0644748210906982, 4.479538917541504
43, 7.1790771484375, 2.0644748210906982, 4.714212894439697
44, 7.1790771484375, 2.0644748210906982, 4.714212894439697
45, 7.371053695678711, 2.0644748210906982, 4.874353408813477
46, 7.371053695678711, 2.0644748210906982, 4.874353408813477
47, 7.371053695678711, 2.0644748210906982, 4.874353408813477
48, 7.371053695678711, 2.0644748210906982, 4.874353408813477
49, 7.371053695678711, 2.0644748210906982, 4.874353408813477
50, 7.3283562660217285, 2.0644748210906982, 5.120680332183838
51, 7.285658836364746, 2.0644748210906982, 5.367007255554199
52, 7.285658836364746, 2.0644748210906982, 5.367007255554199
53, 7.125518321990967, 2.0644748210906982, 5.55898380279541
54, 7.125518321990967, 2.0644748210906982, 5.55898380279541
55, 7.125518321990967, 2.0644748210906982, 5.55898380279541
56, 7.125518321990967, 2.0644748210906982, 5.55898380279541
57, 7.125518321990967, 2.0644748210906982, 5.55898380279541
58, 7.125518321990967, 2.0644748210906982, 5.55898380279541
59, 7.125518321990967, 2.0644748210906982, 5.55898380279541
60, 7.039331912994385, 2.0644748210906982, 5.324309825897217
61, 7.039331912994385, 2.0644748210906982, 5.324309825897217
62, 7.082029342651367, 2.0644748210906982, 5.0779829025268555
63, 7.12472677230835, 2.0644748210906982, 4.831655979156494
64, 7.12472677230835, 2.0644748210906982, 4.831655979156494
65, 7.038540363311768, 2.0644748210906982, 4.596982002258301
66, 6.9523539543151855, 2.0644748210906982, 4.362308025360107
67, 6.9523539543151855, 2.0644748210906982, 4.362308025360107
68, 6.760377407073975, 2.0644748210906982, 4.202167510986328
69, 6.568400859832764, 2.0644748210906982, 4.042026996612549
70, 6.568400859832764, 2.0644748210906982, 4.042026996612549
71, 6.568400859832764, 2.0644748210906982, 4.042026996612549
72, 6.611098289489746, 2.0644748210906982, 3.7957000732421875
73, 6.611098289489746, 2.0644748210906982, 3.7957000732421875
74, 6.524911880493164, 2.0644748210906982, 3.561026096343994
75, 6.524911880493164, 2.0644748210906982, 3.561026096343994
76, 6.5676093101501465, 2.0644748210906982, 3.314699172973633
77, 6.5676093101501465, 2.0644748210906982, 3.314699172973633
78, 6.727749824523926, 2.0644748210906982, 3.1227223873138428
79, 6.887890338897705, 2.0644748210906982, 2.9307456016540527
80, 7.048030853271484, 2.0644748210906982, 2.7387688159942627
81, 7.208171367645264, 2.0644748210906982, 2.5467920303344727
82, 7.368311882019043, 2.0644748210906982, 2.3548152446746826
83, 7.528452396392822, 2.0644748210906982, 2.1628384590148926
84, 7.688592910766602, 2.0644748210906982, 1.9708616733551025
85, 7.688592910766602, 2.0644748210906982, 1.9708616733551025
86, 7.688592910766602, 2.0644748210906982, 1.9708616733551025
87, 7.688592910766602, 2.0644748210906982, 1.9708616733551025
88, 7.688592910766602, 2.0644748210906982, 1.9708616733551025
89, 7.688592910766602, 2.0644748210906982, 1.9708616733551025
90, 7.688592910766602, 2.0644748210906982, 1.9708616733551025
91, 7.528452396392822, 2.0644748210906982, 2.1628384590148926
92, 7.368311882019043, 2.0644748210906982, 2.3548152446746826
93, 7.208171367645264, 2.0644748210906982, 2.5467920303344727
94, 7.048030853271484, 2.0644748210906982, 2.7387688159942627
95, 7.048030853271484, 2.0644748210906982, 2.7387688159942627
96, 6.813356876373291, 2.0644748210906982, 2.824955463409424
97, 6.578682899475098, 2.0644748210906982, 2.911142110824585
98, 6.344008922576904, 2.0644748210906982, 2.997328758239746
99, 6.109334945678711, 2.0644748210906982, 3.0835154056549072
100, 6.109334945678711, 2.0644748210906982, 3.0835154056549072
101, 5.86300802230835, 2.0644748210906982, 3.040818214416504
102, 5.86300802230835, 2.0644748210906982, 3.040818214416504
103, 5.671031475067139, 2.0644748210906982, 2.8806779384613037
104, 5.671031475067139, 2.0644748210906982, 2.8806779384613037
105, 5.671031475067139, 2.0644748210906982, 2.8806779384613037
106, 5.671031475067139, 2.0644748210906982, 2.8806779384613037
107, 5.424704551696777, 2.0644748210906982, 2.8379807472229004
108, 5.424704551696777, 2.0644748210906982, 2.8379807472229004
109, 5.190030574798584, 2.0644748210906982, 2.9241671562194824
110, 4.955356597900391, 2.0644748210906982, 3.0103535652160645
111, 4.720682621002197, 2.0644748210906982, 3.0965399742126465
112, 4.486008644104004, 2.0644748210906982, 3.1827263832092285
113, 4.2513346672058105, 2.0644748210906982, 3.2689127922058105
114, 4.2513346672058105, 2.0644748210906982, 3.2689127922058105
115, 4.005007743835449, 2.0644748210906982, 3.2262156009674072
116, 3.758680820465088, 2.0644748210906982, 3.183518409729004
117, 3.5123538970947266, 2.0644748210906982, 3.1408212184906006
118, 3.2660269737243652, 2.0644748210906982, 3.0981240272521973
119, 3.019700050354004, 2.0644748210906982, 3.055426836013794
120, 2.7733731269836426, 2.0644748210906982, 3.0127296447753906
121, 2.5270462036132812, 2.0644748210906982, 2.9700324535369873
122, 2.5270462036132812, 2.0644748210906982, 2.9700324535369873
123, 2.335069417953491, 2.0644748210906982, 2.809892177581787
124, 2.335069417953491, 2.0644748210906982, 2.809892177581787
125, 2.248883008956909, 2.0644748210906982, 2.5752182006835938
126, 2.162696599960327, 2.0644748210906982, 2.3405442237854004
127, 2.076510190963745, 2.0644748210906982, 2.105870246887207
128, 1.9903236627578735, 2.0644748210906982, 1.8711962699890137
129, 3.512655735015869, 2.0644748210906982, 3.7745280265808105
