1, 7.744846343994141, 0.09943583607673645, -0.635614275932312
2, 7.744846343994141, 0.09943583607673645, -0.635614275932312
3, 7.744846343994141, 0.09943583607673645, -0.635614275932312
4, 7.744846343994141, 0.09943583607673645, -0.635614275932312
5, 7.744846343994141, 0.09943583607673645, -0.635614275932312
6, 7.744846343994141, 0.09943583607673645, -0.635614275932312
7, 7.744846343994141, 0.09943583607673645, -0.635614275932312
8, 7.744846343994141, 0.09943583607673645, -0.635614275932312
9, 7.744846343994141, 0.09943583607673645, -0.635614275932312
10, 7.744846343994141, 0.09943583607673645, -0.635614275932312
11, 7.744846343994141, 0.09943583607673645, -0.635614275932312
12, 7.744846343994141, 0.09943583607673645, -0.635614275932312
13, 7.994823932647705, 0.09943583607673645, -0.6389515399932861
14, 8.13071060180664, 0.09943583607673645, -0.6407656669616699
15, 8.13071060180664, 0.09943583607673645, -0.6407656669616699
16, 8.13071060180664, 0.09943583607673645, -0.6407656669616699
17, 8.13071060180664, 0.09943583607673645, -0.6407656669616699
18, 8.13071060180664, 0.09943583607673645, -0.6407656669616699
19, 8.13071060180664, 0.09943583607673645, -0.6407656669616699
20, 8.34886646270752, 0.09943583607673645, -0.5186669826507568
21, 8.34886646270752, 0.09943583607673645, -0.5186669826507568
22, 8.34886646270752, 0.09943583607673645, -0.5186669826507568
23, 8.563684463500977, 0.09943583607673645, -0.6465460658073425
24, 8.778502464294434, 0.09943583607673645, -0.7744251489639282
25, 8.99332046508789, 0.09943583607673645, -0.9023042321205139
26, 8.99332046508789, 0.09943583607673645, -0.9023042321205139
27, 9.115419387817383, 0.09943583607673645, -1.1204599142074585
28, 9.237518310546875, 0.09943583607673645, -1.3386156558990479
29, 9.237518310546875, 0.09943583607673645, -1.3386156558990479
30, 9.452336311340332, 0.09943583607673645, -1.4664946794509888
31, 9.452336311340332, 0.09943583607673645, -1.4664946794509888
32, 9.452336311340332, 0.09943583607673645, -1.4664946794509888
33, 9.452336311340332, 0.09943583607673645, -1.4664946794509888
34, 9.452336311340332, 0.09943583607673645, -1.4664946794509888
35, 9.452336311340332, 0.09943583607673645, -1.4664946794509888
36, 9.33023738861084, 0.09943583607673645, -1.2483389377593994
37, 9.33023738861084, 0.09943583607673645, -1.2483389377593994
38, 9.333574295043945, 0.09943583607673645, -0.9983611702919006
39, 9.33691120147705, 0.09943583607673645, -0.7483834028244019
40, 9.340248107910156, 0.09943583607673645, -0.4984056353569031
41, 9.343585014343262, 0.09943583607673645, -0.2484278678894043
42, 9.343585014343262, 0.09943583607673645, -0.2484278678894043
43, 9.447122573852539, 0.09943583607673645, -0.07449977844953537
44, 9.447122573852539, 0.09943583607673645, -0.07449977844953537
45, 9.447122573852539, 0.09943583607673645, -0.07449977844953537
46, 9.447122573852539, 0.09943583607673645, -0.07449977844953537
47, 9.447122573852539, 0.09943583607673645, -0.07449977844953537
48, 9.447122573852539, 0.09943583607673645, -0.07449977844953537
49, 9.447122573852539, 0.09943583607673645, -0.07449977844953537
50, 9.319243431091309, 0.09943583607673645, -0.28931817412376404
51, 9.319243431091309, 0.09943583607673645, -0.28931817412376404
52, 9.315906524658203, 0.09943583607673645, -0.5392959117889404
53, 9.312569618225098, 0.09943583607673645, -0.7892736196517944
54, 9.309232711791992, 0.09943583607673645, -1.0392513275146484
55, 9.309232711791992, 0.09943583607673645, -1.0392513275146484
56, 9.431331634521484, 0.09943583607673645, -1.2574070692062378
57, 9.447122573852539, 0.09943583607673645, -1.285620927810669
58, 9.447122573852539, 0.09943583607673645, -1.285620927810669
59, 9.447122573852539, 0.09943583607673645, -1.285620927810669
60, 9.447122573852539, 0.09943583607673645, -1.285620927810669
61, 9.447122573852539, 0.09943583607673645, -1.285620927810669
62, 9.447122573852539, 0.09943583607673645, -1.285620927810669
63, 9.447122573852539, 0.09943583607673645, -1.285620927810669
64, 9.325023651123047, 0.09943583607673645, -1.0674651861190796
65, 9.325023651123047, 0.09943583607673645, -1.0674651861190796
66, 9.328360557556152, 0.09943583607673645, -0.8174874186515808
67, 9.331697463989258, 0.09943583607673645, -0.567509651184082
68, 9.335034370422363, 0.09943583607673645, -0.31753188371658325
69, 9.338371276855469, 0.09943583607673645, -0.06755411624908447
70, 9.338371276855469, 0.09943583607673645, -0.06755411624908447
71, 9.4662504196167, 0.09943583607673645, 0.147264301776886
72, 9.4662504196167, 0.09943583607673645, 0.147264301776886
73, 9.684406280517578, 0.09943583607673645, 0.2693629264831543
74, 9.902562141418457, 0.09943583607673645, 0.3914615511894226
75, 9.902562141418457, 0.09943583607673645, 0.3914615511894226
76, 10.15254020690918, 0.09943583607673645, 0.3881242275238037
77, 10.402518272399902, 0.09943583607673645, 0.3847869038581848
78, 10.652496337890625, 0.09943583607673645, 0.3814495801925659
79, 10.902474403381348, 0.09943583607673645, 0.378112256526947
80, 10.902474403381348, 0.09943583607673645, 0.378112256526947
81, 10.902474403381348, 0.09943583607673645, 0.378112256526947
82, 10.902474403381348, 0.09943583607673645, 0.378112256526947
83, 10.902474403381348, 0.09943583607673645, 0.378112256526947
84, 10.902474403381348, 0.09943583607673645, 0.378112256526947
85, 10.902474403381348, 0.09943583607673645, 0.378112256526947
86, 10.652496337890625, 0.09943583607673645, 0.3814496397972107
87, 10.402518272399902, 0.09943583607673645, 0.38478702306747437
88, 10.15254020690918, 0.09943583607673645, 0.38812440633773804
89, 9.902562141418457, 0.09943583607673645, 0.3914617896080017
90, 9.902562141418457, 0.09943583607673645, 0.3914617896080017
91, 9.684406280517578, 0.09943583607673645, 0.2693631649017334
92, 9.4662504196167, 0.09943583607673645, 0.14726455509662628
93, 9.4662504196167, 0.09943583607673645, 0.14726455509662628
94, 9.338371276855469, 0.09943583607673645, -0.0675538033246994
95, 9.338371276855469, 0.09943583607673645, -0.0675538033246994
96, 9.335033416748047, 0.09943583607673645, -0.3175315260887146
97, 9.331695556640625, 0.09943583607673645, -0.5675092339515686
98, 9.328357696533203, 0.09943583607673645, -0.8174869418144226
99, 9.325019836425781, 0.09943583607673645, -1.0674647092819214
100, 9.325019836425781, 0.09943583607673645, -1.0674647092819214
101, 9.447118759155273, 0.09943583607673645, -1.2856204509735107
102, 9.447122573852539, 0.09943583607673645, -1.2856273651123047
103, 9.447122573852539, 0.09943583607673645, -1.2856273651123047
104, 9.443784713745117, 0.09943583607673645, -1.5356050729751587
105, 9.443784713745117, 0.09943583607673645, -1.5356050729751587
106, 9.443784713745117, 0.09943583607673645, -1.5356050729751587
107, 9.658602714538574, 0.09943583607673645, -1.6634842157363892
108, 9.873420715332031, 0.09943583607673645, -1.7913633584976196
109, 9.873420715332031, 0.09943583607673645, -1.7913633584976196
110, 10.123398780822754, 0.09943583607673645, -1.7947007417678833
111, 10.373376846313477, 0.09943583607673645, -1.798038125038147
112, 10.6233549118042, 0.09943583607673645, -1.8013755083084106
113, 10.873332977294922, 0.09943583607673645, -1.8047128915786743
114, 11.123311042785645, 0.09943583607673645, -1.808050274848938
115, 11.373289108276367, 0.09943583607673645, -1.8113876581192017
116, 11.373289108276367, 0.09943583607673645, -1.8113876581192017
117, 11.591444969177246, 0.09943583607673645, -1.6892890930175781
118, 11.809600830078125, 0.09943583607673645, -1.5671905279159546
119, 12.027756690979004, 0.09943583607673645, -1.445091962814331
120, 12.245912551879883, 0.09943583607673645, -1.3229933977127075
121, 12.464068412780762, 0.09943583607673645, -1.200894832611084
122, 12.464068412780762, 0.09943583607673645, -1.200894832611084
123, 12.591947555541992, 0.09943583607673645, -0.9860764741897583
124, 12.719826698303223, 0.09943583607673645, -0.7712581157684326
125, 12.719826698303223, 0.09943583607673645, -0.7712581157684326
126, 12.937982559204102, 0.09943583607673645, -0.6491595506668091
127, 13.15613842010498, 0.09943583607673645, -0.5270609855651855
128, 13.37429428100586, 0.09943583607673645, -0.4049623906612396
129, 13.592450141906738, 0.09943583607673645, -0.2828637957572937
130, 13.810606002807617, 0.09943583607673645, -0.16076520085334778
131, 14.028761863708496, 0.09943583607673645, -0.038666605949401855
132, 14.028761863708496, 0.09943583607673645, -0.038666605949401855
133, 14.028761863708496, 0.09943583607673645, -0.038666605949401855
134, 14.028761863708496, 0.09943583607673645, -0.038666605949401855
135, 14.278739929199219, 0.09943583607673645, -0.04200400412082672
136, 14.278739929199219, 0.09943583607673645, -0.04200400412082672
137, 14.493557929992676, 0.09943583607673645, -0.1698831170797348
138, 14.493557929992676, 0.09943583607673645, -0.1698831170797348
139, 14.493557929992676, 0.09943583607673645, -0.1698831170797348
140, 14.493557929992676, 0.09943583607673645, -0.1698831170797348
141, 14.743535995483398, 0.09943583607673645, -0.1732204407453537
142, 14.743535995483398, 0.09943583607673645, -0.1732204407453537
143, 14.961691856384277, 0.09943583607673645, -0.05112181603908539
144, 15.179847717285156, 0.09943583607673645, 0.07097680866718292
145, 15.179847717285156, 0.09943583607673645, 0.07097680866718292
146, 15.429825782775879, 0.09943583607673645, 0.06763948500156403
147, 15.679803848266602, 0.09943583607673645, 0.06430216133594513
148, 15.929781913757324, 0.09943583607673645, 0.06096483767032623
149, 16.179759979248047, 0.09943583607673645, 0.057627514004707336
150, 16.429737091064453, 0.09943583607673645, 0.05429019033908844
151, 16.67971420288086, 0.09943583607673645, 0.05095286667346954
152, 16.67971420288086, 0.09943583607673645, 0.05095286667346954
153, 16.67971420288086, 0.09943583607673645, 0.05095286667346954
154, 16.929691314697266, 0.09943583607673645, 0.04761554300785065
155, 16.929691314697266, 0.09943583607673645, 0.04761554300785065
156, 17.14451026916504, 0.09943583607673645, -0.08026354014873505
157, 17.359329223632812, 0.09943583607673645, -0.20814262330532074
158, 17.359329223632812, 0.09943583607673645, -0.20814262330532074
159, 17.481428146362305, 0.09943583607673645, -0.4262983500957489
160, 17.481428146362305, 0.09943583607673645, -0.4262983500957489
161, 17.481428146362305, 0.09943583607673645, -0.4262983500957489
162, 17.481428146362305, 0.09943583607673645, -0.4262983500957489
163, 17.481428146362305, 0.09943583607673645, -0.4262983500957489
164, 17.481428146362305, 0.09943583607673645, -0.4262983500957489
165, 17.309524536132812, 0.09943583607673645, -0.3239660859107971
166, 17.309524536132812, 0.09943583607673645, -0.323965847492218
167, 17.309524536132812, 0.09943583607673645, -0.323965847492218
168, 17.18742561340332, 0.09943583607673645, -0.10581007599830627
169, 17.18742561340332, 0.09943583607673645, -0.10581007599830627
170, 16.972606658935547, 0.09943583607673645, 0.022069066762924194
171, 16.972606658935547, 0.09943583607673645, 0.022069066762924194
172, 16.72262954711914, 0.09943583607673645, 0.025406450033187866
173, 16.472652435302734, 0.09943583607673645, 0.028743833303451538
174, 16.222675323486328, 0.09943583607673645, 0.03208121657371521
175, 15.972697257995605, 0.09943583607673645, 0.03541859984397888
176, 15.722719192504883, 0.09943583607673645, 0.038755983114242554
177, 15.47274112701416, 0.09943583607673645, 0.042093366384506226
178, 15.222763061523438, 0.09943583607673645, 0.0454307496547699
179, 14.972784996032715, 0.09943583607673645, 0.04876813292503357
180, 14.722806930541992, 0.09943583607673645, 0.05210551619529724
181, 14.47282886505127, 0.09943583607673645, 0.05544289946556091
182, 14.222850799560547, 0.09943583607673645, 0.058780282735824585
183, 13.972872734069824, 0.09943583607673645, 0.06211766600608826
184, 13.972872734069824, 0.09943583607673645, 0.06211766600608826
185, 13.754716873168945, 0.09943583607673645, -0.05998097360134125
186, 13.536561012268066, 0.09943583607673645, -0.18207961320877075
187, 13.318405151367188, 0.09943583607673645, -0.30417823791503906
188, 13.100249290466309, 0.09943583607673645, -0.4262768626213074
189, 12.88209342956543, 0.09943583607673645, -0.5483754873275757
190, 12.66393756866455, 0.09943583607673645, -0.670474112033844
191, 12.66393756866455, 0.09943583607673645, -0.670474112033844
192, 12.53605842590332, 0.09943583607673645, -0.8852924704551697
193, 12.40817928314209, 0.09943583607673645, -1.1001108884811401
194, 12.28030014038086, 0.09943583607673645, -1.3149292469024658
195, 12.28030014038086, 0.09943583607673645, -1.3149292469024658
196, 12.06214427947998, 0.09943583607673645, -1.4370278120040894
197, 11.843988418579102, 0.09943583607673645, -1.559126377105713
198, 11.625832557678223, 0.09943583607673645, -1.6812249422073364
199, 11.625832557678223, 0.09943583607673645, -1.6812249422073364
200, 11.3758544921875, 0.09943583607673645, -1.6778875589370728
201, 11.125876426696777, 0.09943583607673645, -1.674550175666809
202, 10.875898361206055, 0.09943583607673645, -1.6712127923965454
203, 10.625920295715332, 0.09943583607673645, -1.6678754091262817
204, 10.37594223022461, 0.09943583607673645, -1.664538025856018
205, 10.125964164733887, 0.09943583607673645, -1.6612006425857544
206, 9.875986099243164, 0.09943583607673645, -1.6578632593154907
207, 9.626008033752441, 0.09943583607673645, -1.654525876045227
208, 9.376029968261719, 0.09943583607673645, -1.6511884927749634
209, 9.126051902770996, 0.09943583607673645, -1.6478511095046997
210, 8.876073837280273, 0.09943583607673645, -1.644513726234436
211, 8.62609577178955, 0.09943583607673645, -1.6411763429641724
212, 8.376117706298828, 0.09943583607673645, -1.6378389596939087
213, 8.126139640808105, 0.09943583607673645, -1.634501576423645
214, 7.876162052154541, 0.09943583607673645, -1.6311641931533813
215, 7.626184463500977, 0.09943583607673645, -1.6278268098831177
216, 7.376206874847412, 0.09943583607673645, -1.624489426612854
217, 7.126229286193848, 0.09943583607673645, -1.6211520433425903
218, 7.126229286193848, 0.09943583607673645, -1.6211520433425903
219, 6.911410808563232, 0.09943583607673645, -1.4932729005813599
220, 6.911410808563232, 0.09943583607673645, -1.4932729005813599
221, 6.661433219909668, 0.09943583607673645, -1.4899355173110962
222, 6.4114556312561035, 0.09943583607673645, -1.4865981340408325
223, 6.4114556312561035, 0.09943583607673645, -1.4865981340408325
224, 6.196637153625488, 0.09943583607673645, -1.358718991279602
225, 6.196637153625488, 0.09943583607673645, -1.358718991279602
226, 6.196637153625488, 0.09943583607673645, -1.358718991279602
227, 5.978481292724609, 0.09943583607673645, -1.4808175563812256
228, 5.7603254318237305, 0.09943583607673645, -1.6029161214828491
229, 5.603363037109375, 0.09943583607673645, -1.690765619277954
230, 5.603363037109375, 0.09943583607673645, -1.690765619277954
231, 5.603363037109375, 0.09943583607673645, -1.690765619277954
232, 5.603363037109375, 0.09943583607673645, -1.690765619277954
233, 5.603363037109375, 0.09943583607673645, -1.690765619277954
234, 5.603363037109375, 0.09943583607673645, -1.690765619277954
235, 5.603363037109375, 0.09943583607673645, -1.690765619277954
236, 5.603363037109375, 0.09943583607673645, -1.690765619277954
237, 5.603363037109375, 0.09943583607673645, -1.690765619277954
238, 5.3533854484558105, 0.09943583607673645, -1.6874282360076904
239, 5.3533854484558105, 0.09943583607673645, -1.6874282360076904
240, 5.3533854484558105, 0.09943583607673645, -1.6874282360076904
241, 5.22550630569458, 0.09943583607673645, -1.9022465944290161
242, 5.22550630569458, 0.09943583607673645, -1.9022465944290161
243, 5.007350444793701, 0.09943583607673645, -2.0243451595306396
244, 5.007350444793701, 0.09943583607673645, -2.0243451595306396
245, 5.007350444793701, 0.09943583607673645, -2.0243451595306396
246, 5.007350444793701, 0.09943583607673645, -2.0243451595306396
247, 5.007350444793701, 0.09943583607673645, -2.0243451595306396
248, 5.007350444793701, 0.09943583607673645, -2.0243451595306396
249, 4.757372856140137, 0.09943583607673645, -2.021007776260376
250, 4.507395267486572, 0.09943583607673645, -2.0176703929901123
251, 4.257417678833008, 0.09943583607673645, -2.0143330097198486
252, 4.007440090179443, 0.09943583607673645, -2.010995626449585
253, 4.007440090179443, 0.09943583607673645, -2.010995626449585
254, 4.007440090179443, 0.09943583607673645, -2.010995626449585
255, 3.879560947418213, 0.09943583607673645, -2.225813865661621
256, 3.8696978092193604, 0.09943583607673645, -2.242382526397705
257, 3.8696978092193604, 0.09943583607673645, -2.242382526397705
258, 3.6515419483184814, 0.09943583607673645, -2.364480972290039
259, 3.4333860874176025, 0.09943583607673645, -2.486579418182373
260, 3.4333860874176025, 0.09943583607673645, -2.486579418182373
261, 3.305506944656372, 0.09943583607673645, -2.701397657394409
262, 3.1776278018951416, 0.09943583607673645, -2.9162158966064453
263, 3.1776278018951416, 0.09943583607673645, -2.9162158966064453
264, 3.174290418624878, 0.09943583607673645, -3.166193723678589
265, 7.7302727699279785, 0.09943583607673645, -0.7778059840202332
