1, -7.228005886077881, 3.0721640586853027, 4.656960964202881
2, -7.228005886077881, 3.0721640586853027, 4.656960964202881
3, -7.228005886077881, 3.0721640586853027, 4.656960964202881
4, -7.228005886077881, 3.0721640586853027, 4.656960964202881
5, -7.228005886077881, 3.0721640586853027, 4.656960964202881
6, -7.228005886077881, 3.0721640586853027, 4.656960964202881
7, -7.228005886077881, 3.0721640586853027, 4.656960964202881
8, -7.228005886077881, 3.0721640586853027, 4.656960964202881
9, -7.228005886077881, 3.0721640586853027, 4.656960964202881
10, -7.228005886077881, 3.0721640586853027, 4.656960964202881
11, -7.228005886077881, 3.0721640586853027, 4.656960964202881
12, -7.228005886077881, 3.0721640586853027, 4.656960964202881
13, -7.06838321685791, 3.0721640586853027, 4.4645538330078125
14, -6.9087605476379395, 3.0721640586853027, 4.272146701812744
15, -6.749137878417969, 3.0721640586853027, 4.079739570617676
16, -6.589515209197998, 3.0721640586853027, 3.8873322010040283
17, -6.589515209197998, 3.0721640586853027, 3.8873322010040283
18, -6.355074405670166, 3.0721640586853027, 3.800513982772827
19, -6.120633602142334, 3.0721640586853027, 3.713695764541626
20, -5.886192798614502, 3.0721640586853027, 3.626877546310425
21, -5.65175199508667, 3.0721640586853027, 3.5400593280792236
22, -5.417311191558838, 3.0721640586853027, 3.4532411098480225
23, -5.182870388031006, 3.0721640586853027, 3.3664228916168213
24, -4.948429584503174, 3.0721640586853027, 3.27960467338562
25, -4.713988780975342, 3.0721640586853027, 3.192786455154419
26, -4.47954797744751, 3.0721640586853027, 3.1059682369232178
27, -4.47954797744751, 3.0721640586853027, 3.1059682369232178
28, -4.319925308227539, 3.0721640586853027, 2.9135608673095703
29, -4.160302639007568, 3.0721640586853027, 2.721153497695923
30, -4.160302639007568, 3.0721640586853027, 2.721153497695923
31, -4.118268966674805, 3.0721640586853027, 2.474712610244751
32, -4.076235294342041, 3.0721640586853027, 2.228271722793579
33, -4.034201622009277, 3.0721640586853027, 1.9818307161331177
34, -4.034201622009277, 3.0721640586853027, 1.9818307161331177
35, -4.034201622009277, 3.0721640586853027, 1.9818307161331177
36, -4.034201622009277, 3.0721640586853027, 1.9818307161331177
37, -4.034201622009277, 3.0721640586853027, 1.9818307161331177
38, -4.034201622009277, 3.0721640586853027, 1.9818307161331177
39, -3.7877607345581055, 3.0721640586853027, 2.023864507675171
40, -3.7877607345581055, 3.0721640586853027, 2.023864507675171
41, -3.7877607345581055, 3.0721640586853027, 2.023864507675171
42, -3.7877607345581055, 3.0721640586853027, 2.023864507675171
43, -3.7877607345581055, 3.0721640586853027, 2.023864507675171
44, -3.8745789527893066, 3.0721640586853027, 1.7894234657287598
45, -3.961397171020508, 3.0721640586853027, 1.5549824237823486
46, -3.961397171020508, 3.0721640586853027, 1.5549824237823486
47, -3.919363498687744, 3.0721640586853027, 1.3085414171218872
48, -3.919363498687744, 3.0721640586853027, 1.3085414171218872
49, -3.919363498687744, 3.0721640586853027, 1.3085414171218872
50, -3.684922456741333, 3.0721640586853027, 1.221723198890686
51, -3.450481414794922, 3.0721640586853027, 1.1349049806594849
52, -3.2160403728485107, 3.0721640586853027, 1.0480867624282837
53, -2.465947389602661, 3.0721640586853027, 4.112856864929199
