1, -15.554529190063477, 2.8048131465911865, 2.0907866954803467
2, -15.554529190063477, 2.8048131465911865, 2.0907866954803467
3, -15.554529190063477, 2.8048131465911865, 2.0907866954803467
4, -15.554529190063477, 2.8048131465911865, 2.0907866954803467
5, -15.554529190063477, 2.8048131465911865, 2.0907866954803467
6, -15.554529190063477, 2.8048131465911865, 2.0907866954803467
7, -15.554529190063477, 2.8048131465911865, 2.0907866954803467
8, -15.554529190063477, 2.8048131465911865, 2.0907866954803467
9, -15.554529190063477, 2.8048131465911865, 2.0907866954803467
10, -15.554529190063477, 2.8048131465911865, 2.0907866954803467
11, -15.554529190063477, 2.8048131465911865, 2.0907866954803467
12, -15.554529190063477, 2.8048131465911865, 2.0907866954803467
13, -15.554529190063477, 2.8048131465911865, 2.0907866954803467
14, -15.530930519104004, 2.8048131465911865, 2.339670419692993
15, -15.507331848144531, 2.8048131465911865, 2.5885541439056396
16, -15.483733177185059, 2.8048131465911865, 2.837437868118286
17, -15.460134506225586, 2.8048131465911865, 3.0863215923309326
18, -15.436535835266113, 2.8048131465911865, 3.335205316543579
19, -15.41293716430664, 2.8048131465911865, 3.5840890407562256
20, -15.389338493347168, 2.8048131465911865, 3.832972764968872
21, -15.365739822387695, 2.8048131465911865, 4.081856727600098
22, -15.342141151428223, 2.8048131465911865, 4.330740451812744
23, -15.31854248046875, 2.8048131465911865, 4.579624176025391
24, -15.31854248046875, 2.8048131465911865, 4.579624176025391
25, -15.31854248046875, 2.8048131465911865, 4.579624176025391
26, -15.31854248046875, 2.8048131465911865, 4.579624176025391
27, -15.31854248046875, 2.8048131465911865, 4.579624176025391
28, -15.294943809509277, 2.8048131465911865, 4.828507900238037
29, -15.271345138549805, 2.8048131465911865, 5.077391624450684
30, -15.247746467590332, 2.8048131465911865, 5.32627534866333
31, -15.22414779663086, 2.8048131465911865, 5.575159072875977
32, -15.22414779663086, 2.8048131465911865, 5.575159072875977
33, -15.079268455505371, 2.8048131465911865, 5.778899192810059
34, -14.934389114379883, 2.8048131465911865, 5.982639312744141
35, -14.934389114379883, 2.8048131465911865, 5.982639312744141
36, -14.707050323486328, 2.8048131465911865, 6.086644172668457
37, -5.160698890686035, -2.9951868057250977, 6.339094161987305
