1, 5.499439239501953, 0.07754743099212646, 2.293487071990967
2, 5.499439239501953, 0.07754743099212646, 2.293487071990967
3, 5.499439239501953, 0.07754743099212646, 2.293487071990967
4, 5.499439239501953, 0.07754743099212646, 2.293487071990967
5, 5.499439239501953, 0.07754743099212646, 2.293487071990967
6, 5.499439239501953, 0.07754743099212646, 2.293487071990967
7, 5.499439239501953, 0.07754743099212646, 2.293487071990967
8, 5.499439239501953, 0.07754743099212646, 2.293487071990967
9, 5.499439239501953, 0.07754743099212646, 2.293487071990967
10, 5.499439239501953, 0.07754743099212646, 2.293487071990967
11, 5.499439239501953, 0.07754743099212646, 2.293487071990967
12, 5.499439239501953, 0.07754743099212646, 2.293487071990967
13, 5.499439239501953, 0.07754743099212646, 2.293487071990967
14, 5.499439239501953, 0.07754743099212646, 2.293487071990967
15, 5.721418857574463, 0.07754743099212646, 2.40848708152771
16, 5.721418857574463, 0.07754743099212646, 2.40848708152771
17, 5.856159210205078, 0.07754743099212646, 2.619069814682007
18, 5.856159210205078, 0.07754743099212646, 2.619069814682007
19, 6.078138828277588, 0.07754743099212646, 2.73406982421875
20, 6.300118446350098, 0.07754743099212646, 2.849069833755493
21, 6.522098064422607, 0.07754743099212646, 2.9640698432922363
22, 6.744077682495117, 0.07754743099212646, 3.0790698528289795
23, 6.744077682495117, 0.07754743099212646, 3.0790698528289795
24, 6.9938178062438965, 0.07754743099212646, 3.0676729679107666
25, 7.243557929992676, 0.07754743099212646, 3.0562760829925537
26, 7.493298053741455, 0.07754743099212646, 3.044879198074341
27, 7.493298053741455, 0.07754743099212646, 3.044879198074341
28, 7.703880786895752, 0.07754743099212646, 2.9101390838623047
29, 7.914463520050049, 0.07754743099212646, 2.7753989696502686
30, 2.797210216522217, 0.07754743099212646, 3.3459582328796387
