1, 2.281006336212158, 0.046541884541511536, -3.5086965560913086
2, 2.281006336212158, 0.046541884541511536, -3.5086965560913086
3, 2.281006336212158, 0.046541884541511536, -3.5086965560913086
4, 2.281006336212158, 0.046541884541511536, -3.5086965560913086
5, 2.281006336212158, 0.046541884541511536, -3.5086965560913086
6, 2.281006336212158, 0.046541884541511536, -3.5086965560913086
7, 2.281006336212158, 0.046541884541511536, -3.5086965560913086
8, 2.281006336212158, 0.046541884541511536, -3.5086965560913086
9, 2.281006336212158, 0.046541884541511536, -3.5086965560913086
10, 2.281006336212158, 0.046541884541511536, -3.5086965560913086
11, 2.281006336212158, 0.046541884541511536, -3.5086965560913086
12, 2.281006336212158, 0.046541884541511536, -3.5086965560913086
13, 2.281006336212158, 0.046541884541511536, -3.5086965560913086
14, 2.281006336212158, 0.046541884541511536, -3.5086965560913086
15, 2.281006336212158, 0.046541884541511536, -3.5086965560913086
16, 2.281006336212158, 0.046541884541511536, -3.5086965560913086
17, 2.281006336212158, 0.046541884541511536, -3.5086965560913086
18, 2.281006336212158, 0.046541884541511536, -3.5086965560913086
19, 2.48905611038208, 0.046541884541511536, -3.6473159790039062
20, 2.697105884552002, 0.046541884541511536, -3.785935401916504
21, 2.905155658721924, 0.046541884541511536, -3.9245548248291016
22, 3.1132054328918457, 0.046541884541511536, -4.063174247741699
23, 3.3212552070617676, 0.046541884541511536, -4.201793670654297
24, 3.5293049812316895, 0.046541884541511536, -4.3404130935668945
25, 3.7373547554016113, 0.046541884541511536, -4.479032516479492
26, 3.7373547554016113, 0.046541884541511536, -4.479032516479492
27, 3.7373547554016113, 0.046541884541511536, -4.479032516479492
28, 3.7213315963745117, 0.046541884541511536, -4.728518486022949
29, 3.705308437347412, 0.046541884541511536, -4.978004455566406
30, 3.6892852783203125, 0.046541884541511536, -5.227490425109863
31, 3.673262119293213, 0.046541884541511536, -5.47697639465332
32, 3.6572389602661133, 0.046541884541511536, -5.726462364196777
33, 3.6412158012390137, 0.046541884541511536, -5.975948333740234
34, 3.6412158012390137, 0.046541884541511536, -5.975948333740234
35, 3.6412158012390137, 0.046541884541511536, -5.975948333740234
36, 3.6412158012390137, 0.046541884541511536, -5.975948333740234
37, 3.6412158012390137, 0.046541884541511536, -5.975948333740234
38, 3.8492655754089355, 0.046541884541511536, -6.114567756652832
39, 3.8492655754089355, 0.046541884541511536, -6.114567756652832
40, 3.960132122039795, 0.046541884541511536, -6.3386406898498535
41, 4.070998668670654, 0.046541884541511536, -6.562713623046875
42, 4.070998668670654, 0.046541884541511536, -6.562713623046875
43, 4.070998668670654, 0.046541884541511536, -6.562713623046875
44, 4.070998668670654, 0.046541884541511536, -6.562713623046875
45, 4.070998668670654, 0.046541884541511536, -6.562713623046875
46, 4.070998668670654, 0.046541884541511536, -6.562713623046875
47, 4.087021827697754, 0.046541884541511536, -6.313227653503418
48, 4.1030449867248535, 0.046541884541511536, -6.063741683959961
49, 4.119068145751953, 0.046541884541511536, -5.814255714416504
50, 4.135091304779053, 0.046541884541511536, -5.564769744873047
51, 4.135091304779053, 0.046541884541511536, -5.564769744873047
52, 4.27371072769165, 0.046541884541511536, -5.356719970703125
53, 4.412330150604248, 0.046541884541511536, -5.148670196533203
54, 4.412330150604248, 0.046541884541511536, -5.148670196533203
55, 4.6364030838012695, 0.046541884541511536, -5.037803649902344
56, 4.860476016998291, 0.046541884541511536, -4.926937103271484
57, 4.860476016998291, 0.046541884541511536, -4.926937103271484
58, 4.860476016998291, 0.046541884541511536, -4.926937103271484
59, 4.860476016998291, 0.046541884541511536, -4.926937103271484
60, 4.860476016998291, 0.046541884541511536, -4.926937103271484
61, 4.860476016998291, 0.046541884541511536, -4.926937103271484
62, 4.860476016998291, 0.046541884541511536, -4.926937103271484
63, 4.6364030838012695, 0.046541884541511536, -5.037803649902344
64, 4.412330627441406, 0.046541884541511536, -5.148670196533203
65, 4.412330627441406, 0.046541884541511536, -5.148670196533203
66, 4.273711204528809, 0.046541884541511536, -5.356719970703125
67, 4.135091781616211, 0.046541884541511536, -5.564769744873047
68, 4.135091781616211, 0.046541884541511536, -5.564769744873047
69, 4.119068622589111, 0.046541884541511536, -5.814255714416504
70, 4.103045463562012, 0.046541884541511536, -6.063741683959961
71, 4.087022304534912, 0.046541884541511536, -6.313227653503418
72, 4.087022304534912, 0.046541884541511536, -6.313227653503418
73, 4.1978888511657715, 0.046541884541511536, -6.537300109863281
74, 4.308755397796631, 0.046541884541511536, -6.7613725662231445
75, 4.41962194442749, 0.046541884541511536, -6.985445022583008
76, 4.41962194442749, 0.046541884541511536, -6.985445022583008
77, 4.41962194442749, 0.046541884541511536, -6.985445022583008
78, 4.41962194442749, 0.046541884541511536, -6.985445022583008
79, 4.41962194442749, 0.046541884541511536, -6.985445022583008
80, 4.41962194442749, 0.046541884541511536, -6.985445022583008
81, 4.41962194442749, 0.046541884541511536, -6.985445022583008
82, 4.308755397796631, 0.046541884541511536, -6.7613725662231445
83, 4.1978888511657715, 0.046541884541511536, -6.537300109863281
84, 4.087022304534912, 0.046541884541511536, -6.313227653503418
85, 3.9761555194854736, 0.046541884541511536, -6.089155197143555
86, 3.9761555194854736, 0.046541884541511536, -6.089155197143555
87, 3.992178440093994, 0.046541884541511536, -5.839669227600098
88, 3.992178440093994, 0.046541884541511536, -5.839669227600098
89, 3.992178440093994, 0.046541884541511536, -5.839669227600098
90, 3.992178440093994, 0.046541884541511536, -5.839669227600098
91, 3.992178440093994, 0.046541884541511536, -5.839669227600098
92, 3.992178440093994, 0.046541884541511536, -5.839669227600098
93, 3.992178440093994, 0.046541884541511536, -5.839669227600098
94, 3.9761555194854736, 0.046541884541511536, -6.089155197143555
95, 3.960132598876953, 0.046541884541511536, -6.338641166687012
96, 3.960132598876953, 0.046541884541511536, -6.338641166687012
97, 4.0709991455078125, 0.046541884541511536, -6.562713623046875
98, 4.181865692138672, 0.046541884541511536, -6.786786079406738
99, 4.292732238769531, 0.046541884541511536, -7.010858535766602
100, 4.292732238769531, 0.046541884541511536, -7.010858535766602
101, 4.500782012939453, 0.046541884541511536, -7.149477958679199
102, 4.708831787109375, 0.046541884541511536, -7.288097381591797
103, 4.708831787109375, 0.046541884541511536, -7.288097381591797
104, 4.819698333740234, 0.08261627703905106, -7.51216983795166
105, 4.930564880371094, 0.16775447130203247, -7.736242294311523
106, 5.041431427001953, 0.22980773448944092, -7.960314750671387
107, 5.041431427001953, 0.22980773448944092, -7.960314750671387
108, 5.249481201171875, 0.22440794110298157, -8.098934173583984
109, 5.457530975341797, 0.13415831327438354, -8.237553596496582
110, 5.457530975341797, 0.13415831327438354, -8.237553596496582
111, 5.707016944885254, 0.07006983458995819, -8.253576278686523
112, 5.956502914428711, 0.046541884541511536, -8.269598960876465
113, 5.956502914428711, 0.046541884541511536, -8.269598960876465
114, 5.956502914428711, 0.046541884541511536, -8.269598960876465
115, 5.956502914428711, 0.046541884541511536, -8.269598960876465
116, 6.164552688598633, 0.046541884541511536, -8.408218383789062
117, 6.164552688598633, 0.046541884541511536, -8.408218383789062
118, 6.275419235229492, 0.046541884541511536, -8.632290840148926
119, 6.386285781860352, 0.046541884541511536, -8.856363296508789
120, 6.386285781860352, 0.046541884541511536, -8.856363296508789
121, 6.370262622833252, 0.046541884541511536, -9.105849266052246
122, 6.370262622833252, 0.046541884541511536, -9.105849266052246
123, 6.370262622833252, 0.046541884541511536, -9.105849266052246
124, 6.370262622833252, 0.046541884541511536, -9.105849266052246
125, 6.370262622833252, 0.046541884541511536, -9.105849266052246
126, 6.354239463806152, 0.046541884541511536, -9.355335235595703
127, 6.338216304779053, 0.046541884541511536, -9.60482120513916
128, 6.322193145751953, 0.046541884541511536, -9.854307174682617
129, 6.322193145751953, 0.046541884541511536, -9.854307174682617
130, 6.322193145751953, 0.046541884541511536, -9.854307174682617
131, 6.322193145751953, 0.046541884541511536, -9.854307174682617
132, 6.322193145751953, 0.046541884541511536, -9.854307174682617
133, 6.3061699867248535, 0.046541884541511536, -10.103793144226074
134, 6.3061699867248535, 0.046541884541511536, -10.103793144226074
135, 6.317911624908447, 0.046541884541511536, -10.127523422241211
136, 6.317911624908447, 0.046541884541511536, -10.127523422241211
137, 6.317914962768555, 0.046541884541511536, -10.127525329589844
138, 6.317914962768555, 0.046541884541511536, -10.127525329589844
139, 6.488387107849121, 0.046541884541511536, -10.138473510742188
140, 6.488387107849121, 0.046541884541511536, -10.138473510742188
141, 6.488387107849121, 0.046541884541511536, -10.138473510742188
142, 6.488387107849121, 0.046541884541511536, -10.138473510742188
143, 6.488387107849121, 0.046541884541511536, -10.138473510742188
144, 6.488386631011963, 0.046541884541511536, -10.138482093811035
145, 6.488386631011963, 0.046541884541511536, -10.138482093811035
146, 6.451263427734375, 0.046541884541511536, -10.194199562072754
147, 6.451263427734375, 0.046541884541511536, -10.194199562072754
148, 6.451263427734375, 0.046541884541511536, -10.194199562072754
149, 6.451263427734375, 0.046541884541511536, -10.194199562072754
150, 6.451263427734375, 0.046541884541511536, -10.194199562072754
151, 6.451263427734375, 0.046541884541511536, -10.194199562072754
152, 6.451263427734375, 0.046541884541511536, -10.194199562072754
153, 6.484255313873291, 0.046541884541511536, -10.196318626403809
154, 6.484255313873291, 0.046541884541511536, -10.196318626403809
155, 6.484255313873291, 0.046541884541511536, -10.196318626403809
156, 6.484255313873291, 0.046541884541511536, -10.196318626403809
157, 6.484255313873291, 0.046541884541511536, -10.196318626403809
158, 6.484254360198975, 0.046541884541511536, -10.196335792541504
159, 6.484254360198975, 0.046541884541511536, -10.196335792541504
160, 6.477077960968018, 0.046541884541511536, -10.207106590270996
161, 6.477077960968018, 0.046541884541511536, -10.207106590270996
162, 6.477077960968018, 0.046541884541511536, -10.207106590270996
163, 6.477077960968018, 0.046541884541511536, -10.207106590270996
164, 6.477077960968018, 0.046541884541511536, -10.207106590270996
165, 6.477077960968018, 0.046541884541511536, -10.207106590270996
166, 6.477077960968018, 0.046541884541511536, -10.207106590270996
167, 6.477077960968018, 0.046541884541511536, -10.207106590270996
168, 6.477077960968018, 0.046541884541511536, -10.207106590270996
169, 6.477077960968018, 0.046541884541511536, -10.207106590270996
170, 6.483455657958984, 0.046541884541511536, -10.207515716552734
171, 6.483455657958984, 0.046541884541511536, -10.207515716552734
172, 6.483455657958984, 0.046541884541511536, -10.207515716552734
173, 6.483455657958984, 0.046541884541511536, -10.207515716552734
174, 6.483455657958984, 0.046541884541511536, -10.207515716552734
175, 6.483455657958984, 0.046541884541511536, -10.207515716552734
176, 6.483455657958984, 0.046541884541511536, -10.207515716552734
177, 6.372588634490967, 0.046541884541511536, -9.983443260192871
178, 6.372588634490967, 0.046541884541511536, -9.983443260192871
179, 6.388611316680908, 0.046541884541511536, -9.733957290649414
180, 6.40463399887085, 0.046541884541511536, -9.484471321105957
181, 6.40833044052124, 0.046541884541511536, -9.426911354064941
182, 6.40833044052124, 0.046541884541511536, -9.426911354064941
183, 6.40833044052124, 0.046541884541511536, -9.426911354064941
184, 6.40833044052124, 0.046541884541511536, -9.426911354064941
185, 6.40833044052124, 0.046541884541511536, -9.426911354064941
186, 6.233263969421387, 0.046541884541511536, -9.31026840209961
187, 6.233263969421387, 0.046541884541511536, -9.31026840209961
188, 6.233263969421387, 0.046541884541511536, -9.31026840209961
189, 6.249286651611328, 0.046541884541511536, -9.060782432556152
190, 6.2653093338012695, 0.046541884541511536, -8.811296463012695
191, 6.2653093338012695, 0.046541884541511536, -8.811296463012695
192, 6.2653093338012695, 0.046541884541511536, -8.811296463012695
193, 6.2653093338012695, 0.046541884541511536, -8.811296463012695
194, 6.2653093338012695, 0.046541884541511536, -8.811296463012695
195, 6.2653093338012695, 0.046541884541511536, -8.811296463012695
196, 6.376176357269287, 0.046541884541511536, -9.035368919372559
197, 6.436392307281494, 0.046541884541511536, -9.157071113586426
198, 6.436392307281494, 0.046541884541511536, -9.157071113586426
199, 6.436391830444336, 0.046541884541511536, -9.157071113586426
200, 6.436391830444336, 0.046541884541511536, -9.157071113586426
201, 6.436391830444336, 0.046541884541511536, -9.157071113586426
202, 6.436391830444336, 0.046541884541511536, -9.157071113586426
203, 6.233263969421387, 0.046541884541511536, -9.257575035095215
204, 6.233263969421387, 0.046541884541511536, -9.257575035095215
205, 6.233263969421387, 0.046541884541511536, -9.257575035095215
206, 6.233263969421387, 0.046541884541511536, -9.257575035095215
207, 6.344130992889404, 0.046541884541511536, -9.481647491455078
208, 6.454998016357422, 0.046541884541511536, -9.705719947814941
209, 6.454998016357422, 0.046541884541511536, -9.705719947814941
210, 6.4389753341674805, 0.046541884541511536, -9.955205917358398
211, 6.4389753341674805, 0.046541884541511536, -9.955205917358398
212, 6.493592739105225, 0.046541884541511536, -10.065592765808105
213, 6.493592739105225, 0.046541884541511536, -10.065592765808105
214, 6.493592739105225, 0.046541884541511536, -10.065592765808105
215, 6.493591785430908, 0.046541884541511536, -10.065608978271484
216, 6.493591785430908, 0.046541884541511536, -10.065608978271484
217, 6.418747425079346, 0.046541884541511536, -10.17794132232666
218, 6.418747425079346, 0.046541884541511536, -10.17794132232666
219, 6.418747425079346, 0.046541884541511536, -10.17794132232666
220, 6.418747425079346, 0.046541884541511536, -10.17794132232666
221, 6.418747425079346, 0.046541884541511536, -10.17794132232666
222, 6.418747901916504, 0.046541884541511536, -10.17794132232666
223, 6.418747901916504, 0.046541884541511536, -10.17794132232666
224, 6.485262870788574, 0.046541884541511536, -10.182212829589844
225, 6.485262870788574, 0.046541884541511536, -10.182212829589844
226, 6.485262870788574, 0.046541884541511536, -10.182212829589844
227, 6.485262870788574, 0.046541884541511536, -10.182212829589844
228, 6.485262870788574, 0.046541884541511536, -10.182212829589844
229, 6.485261917114258, 0.046541884541511536, -10.182228088378906
230, 6.485261917114258, 0.046541884541511536, -10.182228088378906
231, 6.470783233642578, 0.046541884541511536, -10.203958511352539
232, 6.470783233642578, 0.046541884541511536, -10.203958511352539
233, 6.47078275680542, 0.046541884541511536, -10.203958511352539
234, 6.47078275680542, 0.046541884541511536, -10.203958511352539
235, 6.47078275680542, 0.046541884541511536, -10.203958511352539
236, 6.47078275680542, 0.046541884541511536, -10.203958511352539
237, 6.47078275680542, 0.046541884541511536, -10.203958511352539
238, 6.47078275680542, 0.046541884541511536, -10.203958511352539
239, 6.470784664154053, 0.046541884541511536, -10.203959465026855
240, 6.470784664154053, 0.046541884541511536, -10.203959465026855
241, 6.4836506843566895, 0.046541884541511536, -10.204785346984863
242, 6.4836506843566895, 0.046541884541511536, -10.204785346984863
243, 6.4836506843566895, 0.046541884541511536, -10.204785346984863
244, 6.4836506843566895, 0.046541884541511536, -10.204785346984863
245, 6.4836506843566895, 0.046541884541511536, -10.204785346984863
246, 6.4836506843566895, 0.046541884541511536, -10.204785346984863
247, 6.4836506843566895, 0.046541884541511536, -10.204785346984863
248, 6.372783660888672, 0.046541884541511536, -9.980712890625
249, 6.372783660888672, 0.046541884541511536, -9.980712890625
250, 6.388806343078613, 0.046541884541511536, -9.731226921081543
251, 6.404829025268555, 0.046541884541511536, -9.481740951538086
252, 6.408349514007568, 0.046541884541511536, -9.426923751831055
253, 6.408349514007568, 0.046541884541511536, -9.426923751831055
254, 6.408349514007568, 0.046541884541511536, -9.426923751831055
255, 6.408349514007568, 0.046541884541511536, -9.426923751831055
256, 6.408349514007568, 0.046541884541511536, -9.426923751831055
257, 6.233263969421387, 0.046541884541511536, -9.310267448425293
258, 6.233263969421387, 0.046541884541511536, -9.310267448425293
259, 6.233263969421387, 0.046541884541511536, -9.310267448425293
260, 6.233263969421387, 0.046541884541511536, -9.310267448425293
261, 6.371882915496826, 0.046541884541511536, -9.102217674255371
262, 6.371882915496826, 0.046541884541511536, -9.102217674255371
263, 6.387905597686768, 0.046541884541511536, -8.852731704711914
264, 6.387905597686768, 0.046541884541511536, -8.852731704711914
265, 6.27703857421875, 0.046541884541511536, -8.62865924835205
266, 6.166171550750732, 0.046541884541511536, -8.404586791992188
267, 6.166171550750732, 0.046541884541511536, -8.404586791992188
268, 5.9581217765808105, 0.046541884541511536, -8.26596736907959
269, 5.9581217765808105, 0.046541884541511536, -8.26596736907959
270, 5.7086358070373535, 0.07090962678194046, -8.249944686889648
271, 5.4591498374938965, 0.13499809801578522, -8.233922004699707
272, 5.4591498374938965, 0.13499809801578522, -8.233922004699707
273, 5.251100063323975, 0.22648315131664276, -8.09530258178711
274, 5.043050289154053, 0.2304193377494812, -7.956683158874512
275, 5.043050289154053, 0.2304193377494812, -7.956683158874512
276, 4.932183265686035, 0.1670251488685608, -7.732610702514648
277, 4.821316242218018, 0.08188684284687042, -7.508538246154785
278, 4.71044921875, 0.046541884541511536, -7.284465789794922
279, 4.71044921875, 0.046541884541511536, -7.284465789794922
280, 4.502399444580078, 0.046541884541511536, -7.145846366882324
281, 4.294349670410156, 0.046541884541511536, -7.007226943969727
282, 4.294349670410156, 0.046541884541511536, -7.007226943969727
283, 4.183482646942139, 0.046541884541511536, -6.783154487609863
284, 4.072615623474121, 0.046541884541511536, -6.55908203125
285, 3.9617488384246826, 0.046541884541511536, -6.335009574890137
286, 3.9617488384246826, 0.046541884541511536, -6.335009574890137
287, 3.977771759033203, 0.046541884541511536, -6.08552360534668
288, 3.977771759033203, 0.046541884541511536, -6.08552360534668
289, 4.116390705108643, 0.046541884541511536, -5.877473831176758
290, 4.255009651184082, 0.046541884541511536, -5.669424057006836
291, 4.3936285972595215, 0.046541884541511536, -5.461374282836914
292, 4.532247543334961, 0.046541884541511536, -5.253324508666992
293, 4.532247543334961, 0.046541884541511536, -5.253324508666992
294, 4.756319999694824, 0.046541884541511536, -5.142457485198975
295, 4.9803924560546875, 0.046541884541511536, -5.031590461730957
296, 4.9803924560546875, 0.046541884541511536, -5.031590461730957
297, 4.9803924560546875, 0.046541884541511536, -5.031590461730957
298, 4.9803924560546875, 0.046541884541511536, -5.031590461730957
299, 4.9803924560546875, 0.046541884541511536, -5.031590461730957
300, 4.9803924560546875, 0.046541884541511536, -5.031590461730957
301, 4.9803924560546875, 0.046541884541511536, -5.031590461730957
302, 4.756319999694824, 0.046541884541511536, -5.142457485198975
303, 4.532247543334961, 0.046541884541511536, -5.253324508666992
304, 4.308175086975098, 0.046541884541511536, -5.36419153213501
305, 4.308175086975098, 0.046541884541511536, -5.36419153213501
306, 4.1695556640625, 0.046541884541511536, -5.572241306304932
307, 4.1695556640625, 0.046541884541511536, -5.572241306304932
308, 4.153532981872559, 0.046541884541511536, -5.821727275848389
309, 4.137510299682617, 0.046541884541511536, -6.071213245391846
310, 4.121487617492676, 0.046541884541511536, -6.320699214935303
311, 4.105464935302734, 0.046541884541511536, -6.57018518447876
312, 4.105464935302734, 0.046541884541511536, -6.57018518447876
313, 4.216331958770752, 0.046541884541511536, -6.794257640838623
314, 4.216331958770752, 0.046541884541511536, -6.794257640838623
315, 4.424381732940674, 0.046541884541511536, -6.9328765869140625
316, 4.632431507110596, 0.046541884541511536, -7.07149600982666
317, 4.632431507110596, 0.046541884541511536, -7.07149600982666
318, 4.743298530578613, 0.046541884541511536, -7.295568466186523
319, 4.854165554046631, 0.09131606668233871, -7.519640922546387
320, 4.965032577514648, 0.1764543652534485, -7.74371337890625
321, 5.075899600982666, 0.2285965085029602, -7.967785835266113
322, 5.075899600982666, 0.2285965085029602, -7.967785835266113
323, 5.283949375152588, 0.21908462047576904, -8.106405258178711
324, 5.49199914932251, 0.1235368400812149, -8.245024681091309
325, 5.49199914932251, 0.1235368400812149, -8.245024681091309
326, 5.741485118865967, 0.05944836884737015, -8.26104736328125
327, 5.990971088409424, 0.046541884541511536, -8.277070045471191
328, 5.990971088409424, 0.046541884541511536, -8.277070045471191
329, 6.199020862579346, 0.046541884541511536, -8.415689468383789
330, 6.407070636749268, 0.046541884541511536, -8.554308891296387
331, 6.407070636749268, 0.046541884541511536, -8.554308891296387
332, 6.517937660217285, 0.046541884541511536, -8.77838134765625
333, 6.517937660217285, 0.046541884541511536, -8.77838134765625
334, 6.501914978027344, 0.046541884541511536, -9.027867317199707
335, 6.497544765472412, 0.046541884541511536, -9.095918655395508
336, 6.497544288635254, 0.046541884541511536, -9.095918655395508
337, 6.497544288635254, 0.046541884541511536, -9.095918655395508
338, 6.497544288635254, 0.046541884541511536, -9.095918655395508
339, 6.497544288635254, 0.046541884541511536, -9.095918655395508
340, 6.497544288635254, 0.046541884541511536, -9.095918655395508
341, 6.497544288635254, 0.046541884541511536, -9.095918655395508
342, 6.497544288635254, 0.046541884541511536, -9.095918655395508
343, 6.497544288635254, 0.046541884541511536, -9.095918655395508
344, 6.497544288635254, 0.046541884541511536, -9.095918655395508
345, 6.497544288635254, 0.046541884541511536, -9.095918655395508
346, 6.497544288635254, 0.046541884541511536, -9.095918655395508
347, 6.273471832275391, 0.046541884541511536, -9.206785202026367
348, 6.273471832275391, 0.046541884541511536, -9.206785202026367
349, 6.273471832275391, 0.046541884541511536, -9.206785202026367
350, 6.257449150085449, 0.046541884541511536, -9.456271171569824
351, 6.241426467895508, 0.046541884541511536, -9.705757141113281
352, 6.241426467895508, 0.046541884541511536, -9.705757141113281
353, 6.352293491363525, 0.046541884541511536, -9.929829597473145
354, 6.463160514831543, 0.046541884541511536, -10.153902053833008
355, 6.463160514831543, 0.046541884541511536, -10.153902053833008
356, 6.460282802581787, 0.046541884541511536, -10.198708534240723
357, 6.460282802581787, 0.046541884541511536, -10.198708534240723
358, 6.460282802581787, 0.046541884541511536, -10.198708534240723
359, 6.46028470993042, 0.046541884541511536, -10.198709487915039
360, 6.46028470993042, 0.046541884541511536, -10.198709487915039
361, 6.483975887298584, 0.046541884541511536, -10.200230598449707
362, 6.483975887298584, 0.046541884541511536, -10.200230598449707
363, 6.483975887298584, 0.046541884541511536, -10.200230598449707
364, 6.483975887298584, 0.046541884541511536, -10.200230598449707
365, 6.483975887298584, 0.046541884541511536, -10.200230598449707
366, 6.483975887298584, 0.046541884541511536, -10.200230598449707
367, 6.483975887298584, 0.046541884541511536, -10.200230598449707
368, 6.483975887298584, 0.046541884541511536, -10.200230598449707
369, 6.483974933624268, 0.046541884541511536, -10.200247764587402
370, 6.483974933624268, 0.046541884541511536, -10.200247764587402
371, 6.478823661804199, 0.046541884541511536, -10.207979202270508
372, 6.478823661804199, 0.046541884541511536, -10.207979202270508
373, 6.478823661804199, 0.046541884541511536, -10.207979202270508
374, 6.478823661804199, 0.046541884541511536, -10.207979202270508
375, 6.478823661804199, 0.046541884541511536, -10.207979202270508
376, 6.478823661804199, 0.046541884541511536, -10.207979202270508
377, 6.478823661804199, 0.046541884541511536, -10.207979202270508
378, 6.478823661804199, 0.046541884541511536, -10.207979202270508
379, 6.478823661804199, 0.046541884541511536, -10.207979202270508
380, 6.478823661804199, 0.046541884541511536, -10.207979202270508
381, 6.483401775360107, 0.046541884541511536, -10.208272933959961
382, 6.483401775360107, 0.046541884541511536, -10.208272933959961
383, 6.483401775360107, 0.046541884541511536, -10.208272933959961
384, 6.483401775360107, 0.046541884541511536, -10.208272933959961
385, 6.483401775360107, 0.046541884541511536, -10.208272933959961
386, 6.483401775360107, 0.046541884541511536, -10.208272933959961
387, 1.1467766761779785, 0.046541884541511536, -3.7957115173339844
