1, 9.585037231445312, 2.0644748210906982, 1.4316602945327759
2, 9.585037231445312, 2.0644748210906982, 1.4316602945327759
3, 9.585037231445312, 2.0644748210906982, 1.4316602945327759
4, 9.585037231445312, 2.0644748210906982, 1.4316602945327759
5, 9.585037231445312, 2.0644748210906982, 1.4316602945327759
6, 9.585037231445312, 2.0644748210906982, 1.4316602945327759
7, 9.585037231445312, 2.0644748210906982, 1.4316602945327759
8, 9.585037231445312, 2.0644748210906982, 1.4316602945327759
9, 9.585037231445312, 2.0644748210906982, 1.4316602945327759
10, 9.585037231445312, 2.0644748210906982, 1.4316602945327759
11, 9.585037231445312, 2.0644748210906982, 1.4316602945327759
12, 9.585037231445312, 2.0644748210906982, 1.4316602945327759
13, 9.585037231445312, 2.0644748210906982, 1.4316602945327759
14, 9.585037231445312, 2.0644748210906982, 1.4316602945327759
15, 9.623490333557129, 2.0644748210906982, 1.1846352815628052
16, 9.623490333557129, 2.0644748210906982, 1.1846352815628052
17, 9.533279418945312, 2.0644748210906982, 0.9514787793159485
18, 9.443068504333496, 2.0644748210906982, 0.7183222770690918
19, 9.443068504333496, 2.0644748210906982, 0.7183222770690918
20, 9.24836540222168, 2.0644748210906982, 0.5615083575248718
21, 9.053662300109863, 2.0644748210906982, 0.40469443798065186
22, 8.858959197998047, 2.0644748210906982, 0.24788051843643188
23, 8.66425609588623, 2.0644748210906982, 0.09106659889221191
24, 8.469552993774414, 2.0644748210906982, -0.06574732065200806
25, 8.274849891662598, 2.0644748210906982, -0.22256124019622803
26, 8.080146789550781, 2.0644748210906982, -0.379375159740448
27, 8.080146789550781, 2.0644748210906982, -0.379375159740448
28, 7.8331217765808105, 2.0644748210906982, -0.4178283214569092
29, 7.58609676361084, 2.0644748210906982, -0.45628148317337036
30, 7.345638275146484, 2.0644748210906982, -0.4937124252319336
31, 7.345638275146484, 2.0644748210906982, -0.4937124252319336
32, 7.345638275146484, 2.0644748210906982, -0.4937124252319336
33, 7.345638275146484, 2.0644748210906982, -0.4937124252319336
34, 7.345638275146484, 2.0644748210906982, -0.4937124252319336
35, 7.345638275146484, 2.0644748210906982, -0.4937124252319336
36, 7.345638275146484, 2.0644748210906982, -0.4937124252319336
37, 7.345638275146484, 2.0644748210906982, -0.4937124252319336
38, 7.255427360534668, 2.0644748210906982, -0.7268689274787903
39, 7.255427360534668, 2.0644748210906982, -0.7268689274787903
40, 7.255427360534668, 2.0644748210906982, -0.7268689274787903
41, 7.255427360534668, 2.0644748210906982, -0.7268689274787903
42, 7.255427360534668, 2.0644748210906982, -0.7268689274787903
43, 7.255427360534668, 2.0644748210906982, -0.7268689274787903
44, 7.255427360534668, 2.0644748210906982, -0.7268689274787903
45, 7.255427360534668, 2.0644748210906982, -0.7268689274787903
46, 7.450130462646484, 2.0644748210906982, -0.5700550079345703
47, 7.644833564758301, 2.0644748210906982, -0.41324105858802795
48, 7.644833564758301, 2.0644748210906982, -0.41324105858802795
49, 7.735044479370117, 2.0644748210906982, -0.18008455634117126
50, 7.825255393981934, 2.0644748210906982, 0.053071945905685425
51, 7.91546630859375, 2.0644748210906982, 0.2862284481525421
52, 7.91546630859375, 2.0644748210906982, 0.2862284481525421
53, 7.877013206481934, 2.0644748210906982, 0.5332534909248352
54, 7.838560104370117, 2.0644748210906982, 0.7802785634994507
55, 7.800107002258301, 2.0644748210906982, 1.0273035764694214
56, 7.761653900146484, 2.0644748210906982, 1.274328589439392
57, 7.723200798034668, 2.0644748210906982, 1.5213536024093628
58, 7.684747695922852, 2.0644748210906982, 1.7683786153793335
59, 7.646294593811035, 2.0644748210906982, 2.0154037475585938
60, 7.607841491699219, 2.0644748210906982, 2.2624287605285645
61, 7.569388389587402, 2.0644748210906982, 2.509453773498535
62, 7.530935287475586, 2.0644748210906982, 2.756478786468506
63, 7.4924821853637695, 2.0644748210906982, 3.0035037994384766
64, 7.4924821853637695, 2.0644748210906982, 3.0035037994384766
65, 7.335668087005615, 2.0644748210906982, 3.198207139968872
66, 7.178853988647461, 2.0644748210906982, 3.3929104804992676
67, 7.178853988647461, 2.0644748210906982, 3.3929104804992676
68, 7.1404008865356445, 2.0644748210906982, 3.6399354934692383
69, 7.1404008865356445, 2.0644748210906982, 3.6399354934692383
70, 7.1404008865356445, 2.0644748210906982, 3.6399354934692383
71, 7.101947784423828, 2.0644748210906982, 3.886960506439209
72, 7.101947784423828, 2.0644748210906982, 3.886960506439209
73, 7.1921586990356445, 2.0644748210906982, 4.1201171875
74, 7.282369613647461, 2.0644748210906982, 4.353273868560791
75, 7.282369613647461, 2.0644748210906982, 4.353273868560791
76, 7.468020439147949, 2.0644748210906982, 4.502797603607178
77, 7.468021392822266, 2.0644748210906982, 4.502798080444336
78, 7.468021392822266, 2.0644748210906982, 4.502798080444336
79, 7.558232307434082, 2.0644748210906982, 4.735954761505127
80, 7.558232307434082, 2.0644748210906982, 4.735954761505127
81, 7.558232307434082, 2.0644748210906982, 4.735954761505127
82, 7.558232307434082, 2.0644748210906982, 4.735954761505127
83, 7.558232307434082, 2.0644748210906982, 4.735954761505127
84, 7.558232307434082, 2.0644748210906982, 4.735954761505127
85, 7.558232307434082, 2.0644748210906982, 4.735954761505127
86, 7.558232307434082, 2.0644748210906982, 4.735954761505127
87, 7.363529205322266, 2.0644748210906982, 4.579140663146973
88, 7.168826103210449, 2.0644748210906982, 4.422326564788818
89, 6.974123001098633, 2.0644748210906982, 4.265512466430664
90, 6.779419898986816, 2.0644748210906982, 4.10869836807251
91, 6.584716796875, 2.0644748210906982, 3.9518845081329346
92, 6.390013694763184, 2.0644748210906982, 3.7950706481933594
93, 6.195310592651367, 2.0644748210906982, 3.638256788253784
94, 6.000607490539551, 2.0644748210906982, 3.481442928314209
95, 5.805904388427734, 2.0644748210906982, 3.324629068374634
96, 5.611201286315918, 2.0644748210906982, 3.1678152084350586
97, 5.611201286315918, 2.0644748210906982, 3.1678152084350586
98, 5.364176273345947, 2.0644748210906982, 3.129362106323242
99, 5.117151260375977, 2.0644748210906982, 3.090909004211426
100, 4.870126247406006, 2.0644748210906982, 3.0524559020996094
101, 4.623101234436035, 2.0644748210906982, 3.014002799987793
102, 4.3760762214660645, 2.0644748210906982, 2.9755496978759766
103, 4.129051208496094, 2.0644748210906982, 2.93709659576416
104, 3.882026195526123, 2.0644748210906982, 2.8986434936523438
105, 3.7631821632385254, 2.0644748210906982, 2.880143642425537
106, 3.7631821632385254, 2.0644748210906982, 2.880143642425537
107, 3.5300257205963135, 2.0644748210906982, 2.9703547954559326
108, 3.2968692779541016, 2.0644748210906982, 3.060565948486328
109, 3.0637128353118896, 2.0644748210906982, 3.1507771015167236
110, 2.8305563926696777, 2.0644748210906982, 3.240988254547119
111, 2.8305563926696777, 2.0644748210906982, 3.240988254547119
112, 2.583531379699707, 2.0644748210906982, 3.2025351524353027
113, 2.583531379699707, 2.0644748210906982, 3.2025351524353027
114, 2.3888280391693115, 2.0644748210906982, 3.0457212924957275
115, 2.3888280391693115, 2.0644748210906982, 3.0457212924957275
116, 2.298616886138916, 2.0644748210906982, 2.8125648498535156
117, 2.2084057331085205, 2.0644748210906982, 2.5794084072113037
118, 2.118194580078125, 2.0644748210906982, 2.346251964569092
119, 2.0279834270477295, 2.0644748210906982, 2.11309552192688
120, 1.9377723932266235, 2.0644748210906982, 1.8799389600753784
121, 2.093935489654541, 2.0644748210906982, -0.9514005780220032
