1, 10.020548820495605, 0.09943583607673645, -1.6546822786331177
2, 10.020548820495605, 0.09943583607673645, -1.6546822786331177
3, 10.020548820495605, 0.09943583607673645, -1.6546822786331177
4, 10.020548820495605, 0.09943583607673645, -1.6546822786331177
5, 10.020548820495605, 0.09943583607673645, -1.6546822786331177
6, 10.020548820495605, 0.09943583607673645, -1.6546822786331177
7, 10.020548820495605, 0.09943583607673645, -1.6546822786331177
8, 10.020548820495605, 0.09943583607673645, -1.6546822786331177
9, 10.020548820495605, 0.09943583607673645, -1.6546822786331177
10, 10.020548820495605, 0.09943583607673645, -1.6546822786331177
11, 10.020548820495605, 0.09943583607673645, -1.6546822786331177
12, 10.020548820495605, 0.09943583607673645, -1.6546822786331177
13, 10.020548820495605, 0.09943583607673645, -1.6546822786331177
14, 9.783822059631348, 0.09943583607673645, -1.735058069229126
15, 9.783822059631348, 0.09943583607673645, -1.735058069229126
16, 9.538622856140137, 0.09943583607673645, -1.6863019466400146
17, 9.293423652648926, 0.09943583607673645, -1.6375458240509033
18, 9.293423652648926, 0.09943583607673645, -1.6375458240509033
19, 9.105452537536621, 0.09943583607673645, -1.472722053527832
20, 9.105452537536621, 0.09943583607673645, -1.472722053527832
21, 9.105452537536621, 0.09943583607673645, -1.472722053527832
22, 9.105452537536621, 0.09943583607673645, -1.472722053527832
23, 9.105452537536621, 0.09943583607673645, -1.472722053527832
24, 8.868725776672363, 0.09943583607673645, -1.5530978441238403
25, 8.631999015808105, 0.09943583607673645, -1.6334736347198486
26, 8.631999015808105, 0.09943583607673645, -1.6334736347198486
27, 8.386799812316895, 0.09943583607673645, -1.5847176313400269
28, 8.386799812316895, 0.09943583607673645, -1.5847176313400269
29, 8.150073051452637, 0.09943583607673645, -1.6650934219360352
30, 8.150073051452637, 0.09943583607673645, -1.6650934219360352
31, 7.904873371124268, 0.09943583607673645, -1.6163372993469238
32, 7.659673690795898, 0.09943583607673645, -1.5675811767578125
33, 7.414474010467529, 0.09943583607673645, -1.5188250541687012
34, 7.16927433013916, 0.09943583607673645, -1.4700689315795898
35, 6.924074649810791, 0.09943583607673645, -1.4213128089904785
36, 6.924074649810791, 0.09943583607673645, -1.4213128089904785
37, 6.924074649810791, 0.09943583607673645, -1.4213128089904785
38, 6.924074649810791, 0.09943583607673645, -1.4213128089904785
39, 6.924074649810791, 0.09943583607673645, -1.4213128089904785
40, 6.924074649810791, 0.09943583607673645, -1.4213128089904785
41, 6.924074649810791, 0.09943583607673645, -1.4213128089904785
42, 7.16927433013916, 0.09943583607673645, -1.4700688123703003
43, 7.414474010467529, 0.09943583607673645, -1.518824815750122
44, 7.414474010467529, 0.09943583607673645, -1.518824815750122
45, 7.602445125579834, 0.09943583607673645, -1.6836485862731934
46, 7.602445125579834, 0.09943583607673645, -1.6836485862731934
47, 7.847644805908203, 0.09943583607673645, -1.7324045896530151
48, 7.847644805908203, 0.09943583607673645, -1.7324045896530151
49, 8.084371566772461, 0.09943583607673645, -1.6520286798477173
50, 8.321098327636719, 0.09943583607673645, -1.5716527700424194
51, 8.321098327636719, 0.09943583607673645, -1.5716527700424194
52, 8.321098327636719, 0.09943583607673645, -1.5716527700424194
53, 8.369853973388672, 0.09943583607673645, -1.3264532089233398
54, 8.418609619140625, 0.09943583607673645, -1.0812535285949707
55, 8.418609619140625, 0.09943583607673645, -1.0812535285949707
56, 8.347123146057129, 0.09943583607673645, -0.8707073926925659
57, 8.347123146057129, 0.09943583607673645, -0.8707073926925659
58, 8.347123146057129, 0.09943583607673645, -0.8707073926925659
59, 8.395878791809082, 0.09943583607673645, -0.6255077719688416
60, 8.395878791809082, 0.09943583607673645, -0.6255077719688416
61, 8.395878791809082, 0.09943583607673645, -0.6255077719688416
62, 8.395878791809082, 0.09943583607673645, -0.6255077719688416
63, 8.395878791809082, 0.09943583607673645, -0.6255077719688416
64, 8.395878791809082, 0.09943583607673645, -0.6255077719688416
65, 8.395878791809082, 0.09943583607673645, -0.6255077719688416
66, 8.395878791809082, 0.09943583607673645, -0.6255077719688416
67, 8.395878791809082, 0.09943583607673645, -0.6255077719688416
68, 8.583849906921387, 0.09943583607673645, -0.7903315424919128
69, 8.771821022033691, 0.09943583607673645, -0.9551553130149841
70, 8.959792137145996, 0.09943583607673645, -1.1199791431427002
71, 9.1477632522583, 0.09943583607673645, -1.2848029136657715
72, 9.1477632522583, 0.09943583607673645, -1.2848029136657715
73, 9.1477632522583, 0.09943583607673645, -1.2848029136657715
74, 9.1477632522583, 0.09943583607673645, -1.2848029136657715
75, 9.1477632522583, 0.09943583607673645, -1.2848029136657715
76, 9.196518898010254, 0.09943583607673645, -1.0396032333374023
77, 9.245274543762207, 0.09943583607673645, -0.794403612613678
78, 9.29403018951416, 0.09943583607673645, -0.5492039918899536
79, 9.342785835266113, 0.09943583607673645, -0.30400437116622925
80, 9.342785835266113, 0.09943583607673645, -0.30400437116622925
81, 9.342785835266113, 0.09943583607673645, -0.30400437116622925
82, 9.342785835266113, 0.09943583607673645, -0.30400437116622925
83, 9.342785835266113, 0.09943583607673645, -0.30400437116622925
84, 9.342785835266113, 0.09943583607673645, -0.30400437116622925
85, 9.342785835266113, 0.09943583607673645, -0.30400437116622925
86, 9.29403018951416, 0.09943583607673645, -0.5492039918899536
87, 9.245274543762207, 0.09943583607673645, -0.794403612613678
88, 9.245274543762207, 0.09943583607673645, -0.794403612613678
89, 9.325650215148926, 0.09943583607673645, -1.0311306715011597
90, 9.406025886535645, 0.09943583607673645, -1.2678577899932861
91, 9.406025886535645, 0.09943583607673645, -1.2678577899932861
92, 9.553733825683594, 0.09943583607673645, -1.3973766565322876
93, 9.553733825683594, 0.09943583607673645, -1.3973767757415771
94, 9.553733825683594, 0.09943583607673645, -1.3973767757415771
95, 9.634109497070312, 0.09943583607673645, -1.6341038942337036
96, 9.634109497070312, 0.09943583607673645, -1.6341038942337036
97, 9.634109497070312, 0.09943583607673645, -1.6341038942337036
98, 9.879308700561523, 0.09943583607673645, -1.6828598976135254
99, 9.879308700561523, 0.09943583607673645, -1.6828598976135254
100, 9.879308700561523, 0.09943583607673645, -1.6828598976135254
101, 9.879308700561523, 0.09943583607673645, -1.6828598976135254
102, 9.879308700561523, 0.09943583607673645, -1.6828598976135254
103, 9.879308700561523, 0.09943583607673645, -1.6828598976135254
104, 9.879308700561523, 0.09943583607673645, -1.6828598976135254
105, 9.634109497070312, 0.09943583607673645, -1.634103775024414
106, 9.388910293579102, 0.09943583607673645, -1.5853476524353027
107, 9.388910293579102, 0.09943583607673645, -1.5853476524353027
108, 9.200939178466797, 0.09943583607673645, -1.4205238819122314
109, 9.200939178466797, 0.09943583607673645, -1.4205238819122314
110, 9.120563507080078, 0.09943583607673645, -1.183796763420105
111, 9.04018783569336, 0.09943583607673645, -0.9470696449279785
112, 9.04018783569336, 0.09943583607673645, -0.9470696449279785
113, 9.088943481445312, 0.09943583607673645, -0.7018700242042542
114, 9.137699127197266, 0.09943583607673645, -0.4566704034805298
115, 9.186454772949219, 0.09943583607673645, -0.21147078275680542
116, 9.186454772949219, 0.09943583607673645, -0.21147078275680542
117, 9.186454772949219, 0.09943583607673645, -0.21147078275680542
118, 9.186454772949219, 0.09943583607673645, -0.21147078275680542
119, 9.186454772949219, 0.09943583607673645, -0.21147078275680542
120, 9.186454772949219, 0.09943583607673645, -0.21147078275680542
121, 9.186454772949219, 0.09943583607673645, -0.21147078275680542
122, 9.137699127197266, 0.09943583607673645, -0.4566704034805298
123, 9.088943481445312, 0.09943583607673645, -0.7018700242042542
124, 9.088943481445312, 0.09943583607673645, -0.7018700242042542
125, 9.169319152832031, 0.09943583607673645, -0.9385971426963806
126, 9.24969482421875, 0.09943583607673645, -1.1753242015838623
127, 9.24969482421875, 0.09943583607673645, -1.1753242015838623
128, 9.437665939331055, 0.09943583607673645, -1.3401479721069336
129, 9.62563705444336, 0.09943583607673645, -1.5049717426300049
130, 9.813608169555664, 0.09943583607673645, -1.6697955131530762
131, 9.813608169555664, 0.09943583607673645, -1.6697955131530762
132, 10.058807373046875, 0.09943583607673645, -1.7185516357421875
133, 10.058807373046875, 0.09943583607673645, -1.7185516357421875
134, 10.058807373046875, 0.09943583607673645, -1.7185516357421875
135, 10.058807373046875, 0.09943583607673645, -1.7185516357421875
136, 10.058807373046875, 0.09943583607673645, -1.7185516357421875
137, 10.058807373046875, 0.09943583607673645, -1.7185516357421875
138, 10.058807373046875, 0.09943583607673645, -1.7185516357421875
139, 9.813608169555664, 0.09943583607673645, -1.6697955131530762
140, 9.568408966064453, 0.09943583607673645, -1.6210393905639648
141, 9.568408966064453, 0.09943583607673645, -1.6210393905639648
142, 9.380437850952148, 0.09943583607673645, -1.4562156200408936
143, 9.192466735839844, 0.09943583607673645, -1.2913918495178223
144, 9.192466735839844, 0.09943583607673645, -1.2913918495178223
145, 9.112091064453125, 0.09943583607673645, -1.0546647310256958
146, 9.112091064453125, 0.09943583607673645, -1.0546647310256958
147, 9.160846710205078, 0.09943583607673645, -0.8094651103019714
148, 9.209602355957031, 0.09943583607673645, -0.5642654895782471
149, 9.258358001708984, 0.09943583607673645, -0.3190658688545227
150, 9.307113647460938, 0.09943583607673645, -0.07386624813079834
151, 9.307113647460938, 0.09943583607673645, -0.07386624813079834
152, 9.307113647460938, 0.09943583607673645, -0.07386624813079834
153, 9.307113647460938, 0.09943583607673645, -0.07386624813079834
154, 9.307113647460938, 0.09943583607673645, -0.07386624813079834
155, 9.307113647460938, 0.09943583607673645, -0.07386624813079834
156, 9.307113647460938, 0.09943583607673645, -0.07386624813079834
157, 9.307113647460938, 0.09943583607673645, -0.07386624813079834
158, 9.147123336791992, 0.09943583607673645, -0.25632530450820923
159, 9.147123336791992, 0.09943583607673645, -0.25632530450820923
160, 9.147123336791992, 0.09943583607673645, -0.25632530450820923
161, 9.147123336791992, 0.09943583607673645, -0.25632530450820923
162, 9.147123336791992, 0.09943583607673645, -0.25632530450820923
163, 9.227499008178711, 0.09943583607673645, -0.4930524230003357
164, 9.227499008178711, 0.09943583607673645, -0.4930524230003357
165, 9.178743362426758, 0.09943583607673645, -0.7382520437240601
166, 9.178743362426758, 0.09943583607673645, -0.7382520437240601
167, 9.013919830322266, 0.09943583607673645, -0.92622309923172
168, 8.849096298217773, 0.09943583607673645, -1.1141941547393799
169, 8.684272766113281, 0.09943583607673645, -1.3021652698516846
170, 8.519449234008789, 0.09943583607673645, -1.4901363849639893
171, 8.519449234008789, 0.09943583607673645, -1.4901363849639893
172, 8.282722473144531, 0.09943583607673645, -1.5705121755599976
173, 8.045995712280273, 0.09943583607673645, -1.6508879661560059
174, 7.809268474578857, 0.09943583607673645, -1.7312637567520142
175, 7.809268474578857, 0.09943583607673645, -1.7312637567520142
176, 7.809268474578857, 0.09943583607673645, -1.7312637567520142
177, 7.809268474578857, 0.09943583607673645, -1.7312637567520142
178, 7.809268474578857, 0.09943583607673645, -1.7312637567520142
179, 7.809268474578857, 0.09943583607673645, -1.7312637567520142
180, 7.809268474578857, 0.09943583607673645, -1.7312637567520142
181, 8.045995712280273, 0.09943583607673645, -1.6508879661560059
182, 8.282722473144531, 0.09943583607673645, -1.570512056350708
183, 8.282722473144531, 0.09943583607673645, -1.570512056350708
184, 8.447546005249023, 0.09943583607673645, -1.3825409412384033
185, 8.447546005249023, 0.09943583607673645, -1.3825409412384033
186, 8.496301651000977, 0.09943583607673645, -1.1373412609100342
187, 8.496301651000977, 0.09943583607673645, -1.1373412609100342
188, 8.415925979614258, 0.09943583607673645, -0.9006141424179077
189, 8.415925979614258, 0.09943583607673645, -0.9006141424179077
190, 8.343212127685547, 0.09943583607673645, -0.8368548154830933
191, 8.343212127685547, 0.09943583607673645, -0.8368548154830933
192, 8.343212127685547, 0.09943583607673645, -0.8368548154830933
193, 8.262836456298828, 0.09943583607673645, -0.6001276969909668
194, 8.262836456298828, 0.09943583607673645, -0.6001276969909668
195, 8.262836456298828, 0.09943583607673645, -0.6001276969909668
196, 8.017637252807617, 0.09943583607673645, -0.5513716340065002
197, 8.017637252807617, 0.09943583607673645, -0.5513716340065002
198, 8.017637252807617, 0.09943583607673645, -0.5513716340065002
199, 8.017637252807617, 0.09943583607673645, -0.5513716340065002
200, 8.017637252807617, 0.09943583607673645, -0.5513716340065002
201, 8.017637252807617, 0.09943583607673645, -0.5513716340065002
202, 8.017637252807617, 0.09943583607673645, -0.5513716340065002
203, 8.262836456298828, 0.09943583607673645, -0.6001276969909668
204, 8.508035659790039, 0.09943583607673645, -0.6488837599754333
205, 8.508035659790039, 0.09943583607673645, -0.6488837599754333
206, 8.744762420654297, 0.09943583607673645, -0.5685079097747803
207, 8.744762420654297, 0.09943583607673645, -0.5685079097747803
208, 8.744762420654297, 0.09943583607673645, -0.5685079097747803
209, 8.932733535766602, 0.09943583607673645, -0.7333316802978516
210, 8.932733535766602, 0.09943583607673645, -0.7333316802978516
211, 9.01310920715332, 0.09943583607673645, -0.970058798789978
212, 9.093484878540039, 0.09943583607673645, -1.2067859172821045
213, 9.093484878540039, 0.09943583607673645, -1.2067859172821045
214, 9.281455993652344, 0.09943583607673645, -1.3716096878051758
215, 9.469427108764648, 0.09943583607673645, -1.536433458328247
216, 9.657398223876953, 0.09943583607673645, -1.7012572288513184
217, 9.657398223876953, 0.09943583607673645, -1.7012572288513184
218, 9.902597427368164, 0.09943583607673645, -1.7500132322311401
219, 9.902597427368164, 0.09943583607673645, -1.7500132322311401
220, 9.902597427368164, 0.09943583607673645, -1.7500132322311401
221, 9.902597427368164, 0.09943583607673645, -1.7500132322311401
222, 9.902597427368164, 0.09943583607673645, -1.7500132322311401
223, 9.902597427368164, 0.09943583607673645, -1.7500132322311401
224, 9.71462631225586, 0.09943583607673645, -1.5851894617080688
225, 9.526655197143555, 0.09943583607673645, -1.4203656911849976
226, 9.33868408203125, 0.09943583607673645, -1.2555419206619263
227, 9.33868408203125, 0.09943583607673645, -1.2555419206619263
228, 9.258308410644531, 0.09943583607673645, -1.0188148021697998
229, 9.177932739257812, 0.09943583607673645, -0.7820876836776733
230, 9.177932739257812, 0.09943583607673645, -0.7820876836776733
231, 9.226688385009766, 0.09943583607673645, -0.536888062953949
232, 9.275444030761719, 0.09943583607673645, -0.2916884422302246
233, 9.324199676513672, 0.09943583607673645, -0.046488821506500244
234, 9.324199676513672, 0.09943583607673645, -0.046488821506500244
235, 9.324199676513672, 0.09943583607673645, -0.046488821506500244
236, 9.324199676513672, 0.09943583607673645, -0.046488821506500244
237, 9.324199676513672, 0.09943583607673645, -0.046488821506500244
238, 9.324199676513672, 0.09943583607673645, -0.046488821506500244
239, 9.324199676513672, 0.09943583607673645, -0.046488821506500244
240, 9.324199676513672, 0.09943583607673645, -0.046488821506500244
241, 9.15937614440918, 0.09943583607673645, -0.23445989191532135
242, 9.147123336791992, 0.09943583607673645, -0.248433455824852
243, 9.147123336791992, 0.09943583607673645, -0.248433455824852
244, 9.147123336791992, 0.09943583607673645, -0.248433455824852
245, 9.147123336791992, 0.09943583607673645, -0.248433455824852
246, 9.227499008178711, 0.09943583607673645, -0.48516055941581726
247, 9.227499008178711, 0.09943583607673645, -0.48516055941581726
248, 9.178743362426758, 0.09943583607673645, -0.7303601503372192
249, 9.178743362426758, 0.09943583607673645, -0.7303601503372192
250, 9.013919830322266, 0.09943583607673645, -0.9183312058448792
251, 8.849096298217773, 0.09943583607673645, -1.106302261352539
252, 8.684272766113281, 0.09943583607673645, -1.2942733764648438
253, 8.519449234008789, 0.09943583607673645, -1.4822444915771484
254, 8.519449234008789, 0.09943583607673645, -1.4822444915771484
255, 8.282722473144531, 0.09943583607673645, -1.5626202821731567
256, 8.045995712280273, 0.09943583607673645, -1.642996072769165
257, 7.809268474578857, 0.09943583607673645, -1.7233718633651733
258, 7.809268474578857, 0.09943583607673645, -1.7233718633651733
259, 7.809268474578857, 0.09943583607673645, -1.7233718633651733
260, 7.809268474578857, 0.09943583607673645, -1.7233718633651733
261, 7.809268474578857, 0.09943583607673645, -1.7233718633651733
262, 7.809268474578857, 0.09943583607673645, -1.7233718633651733
263, 7.809268474578857, 0.09943583607673645, -1.7233718633651733
264, 8.045995712280273, 0.09943583607673645, -1.642996072769165
265, 8.282722473144531, 0.09943583607673645, -1.5626201629638672
266, 8.282722473144531, 0.09943583607673645, -1.5626201629638672
267, 8.447546005249023, 0.09943583607673645, -1.3746490478515625
268, 8.447546005249023, 0.09943583607673645, -1.3746490478515625
269, 8.496301651000977, 0.09943583607673645, -1.1294493675231934
270, 8.496301651000977, 0.09943583607673645, -1.1294493675231934
271, 8.415925979614258, 0.09943583607673645, -0.8927222490310669
272, 8.415925979614258, 0.09943583607673645, -0.8927222490310669
273, 8.279125213623047, 0.09943583607673645, -0.7727676630020142
274, 8.279125213623047, 0.09943583607673645, -0.7727676630020142
275, 8.279125213623047, 0.09943583607673645, -0.7727676630020142
276, 8.198749542236328, 0.09943583607673645, -0.5360405445098877
277, 8.198749542236328, 0.09943583607673645, -0.5360405445098877
278, 8.198749542236328, 0.09943583607673645, -0.5360405445098877
279, 8.198749542236328, 0.09943583607673645, -0.5360405445098877
280, 8.198749542236328, 0.09943583607673645, -0.5360405445098877
281, 8.198749542236328, 0.09943583607673645, -0.5360405445098877
282, 8.198749542236328, 0.09943583607673645, -0.5360405445098877
283, 8.198749542236328, 0.09943583607673645, -0.5360405445098877
284, 8.198749542236328, 0.09943583607673645, -0.5360405445098877
285, 8.443948745727539, 0.09943583607673645, -0.5847966074943542
286, 8.68914794921875, 0.09943583607673645, -0.6335526704788208
287, 8.68914794921875, 0.09943583607673645, -0.6335526704788208
288, 8.68914794921875, 0.09943583607673645, -0.6335526704788208
289, 8.68914794921875, 0.09943583607673645, -0.6335526704788208
290, 8.877119064331055, 0.09943583607673645, -0.7983764410018921
291, 9.06509017944336, 0.09943583607673645, -0.9632002115249634
292, 9.06509017944336, 0.09943583607673645, -0.9632002115249634
293, 9.145465850830078, 0.09943583607673645, -1.1999273300170898
294, 9.225841522216797, 0.09943583607673645, -1.4366544485092163
295, 9.225841522216797, 0.09943583607673645, -1.4366544485092163
296, 9.413812637329102, 0.09943583607673645, -1.6014782190322876
297, 9.413812637329102, 0.09943583607673645, -1.6014782190322876
298, 9.659011840820312, 0.09943583607673645, -1.6502342224121094
299, 9.904211044311523, 0.09943583607673645, -1.6989902257919312
300, 9.904211044311523, 0.09943583607673645, -1.6989902257919312
301, 9.904211044311523, 0.09943583607673645, -1.6989902257919312
302, 9.904211044311523, 0.09943583607673645, -1.6989902257919312
303, 9.904211044311523, 0.09943583607673645, -1.6989902257919312
304, 9.904211044311523, 0.09943583607673645, -1.6989902257919312
305, 10.07569694519043, 0.09943583607673645, -1.64076566696167
306, 10.07569694519043, 0.09943583607673645, -1.64076566696167
307, 10.07569694519043, 0.09943583607673645, -1.64076566696167
308, 10.07569694519043, 0.09943583607673645, -1.64076566696167
309, 10.07569694519043, 0.09943583607673645, -1.64076566696167
310, 10.07569694519043, 0.09943583607673645, -1.64076566696167
311, 10.07569694519043, 0.09943583607673645, -1.64076566696167
312, 10.07569694519043, 0.09943583607673645, -1.64076566696167
313, 9.838970184326172, 0.09943583607673645, -1.7211414575576782
314, 9.838970184326172, 0.09943583607673645, -1.7211414575576782
315, 9.593770980834961, 0.09943583607673645, -1.6723854541778564
316, 9.593770980834961, 0.09943583607673645, -1.6723854541778564
317, 9.405799865722656, 0.09943583607673645, -1.5075616836547852
318, 9.217828750610352, 0.09943583607673645, -1.3427379131317139
319, 9.217828750610352, 0.09943583607673645, -1.3427379131317139
320, 9.137453079223633, 0.09943583607673645, -1.1060107946395874
321, 9.137453079223633, 0.09943583607673645, -1.1060107946395874
322, 9.186208724975586, 0.09943583607673645, -0.860811173915863
323, 9.234964370727539, 0.09943583607673645, -0.6156115531921387
324, 9.283720016479492, 0.09943583607673645, -0.3704119324684143
325, 9.332475662231445, 0.09943583607673645, -0.12521231174468994
326, 9.332475662231445, 0.09943583607673645, -0.12521231174468994
327, 9.332475662231445, 0.09943583607673645, -0.12521231174468994
328, 9.332475662231445, 0.09943583607673645, -0.12521231174468994
329, 9.332475662231445, 0.09943583607673645, -0.12521231174468994
330, 9.332475662231445, 0.09943583607673645, -0.12521231174468994
331, 9.332475662231445, 0.09943583607673645, -0.12521231174468994
332, 9.283720016479492, 0.09943583607673645, -0.3704119324684143
333, 9.234964370727539, 0.09943583607673645, -0.6156115531921387
334, 9.186208724975586, 0.09943583607673645, -0.860811173915863
335, 9.186208724975586, 0.09943583607673645, -0.860811173915863
336, 9.266584396362305, 0.09943583607673645, -1.0975382328033447
337, 9.346960067749023, 0.09943583607673645, -1.3342653512954712
338, 9.346960067749023, 0.09943583607673645, -1.3342653512954712
339, 9.534931182861328, 0.09943583607673645, -1.4990891218185425
340, 9.722902297973633, 0.09943583607673645, -1.6639128923416138
341, 9.722902297973633, 0.09943583607673645, -1.6639128923416138
342, 9.968101501464844, 0.09943583607673645, -1.7126688957214355
343, 9.968101501464844, 0.09943583607673645, -1.7126688957214355
344, 9.968101501464844, 0.09943583607673645, -1.7126688957214355
345, 9.968101501464844, 0.09943583607673645, -1.7126688957214355
346, 9.968101501464844, 0.09943583607673645, -1.7126688957214355
347, 9.968101501464844, 0.09943583607673645, -1.7126688957214355
348, 9.968101501464844, 0.09943583607673645, -1.7126688957214355
349, 9.722902297973633, 0.09943583607673645, -1.6639127731323242
350, 9.477703094482422, 0.09943583607673645, -1.615156650543213
351, 9.477703094482422, 0.09943583607673645, -1.615156650543213
352, 9.289731979370117, 0.09943583607673645, -1.4503328800201416
353, 9.101760864257812, 0.09943583607673645, -1.2855091094970703
354, 8.913789749145508, 0.09943583607673645, -1.120685338973999
355, 8.725818634033203, 0.09943583607673645, -0.9558615684509277
356, 8.537847518920898, 0.09943583607673645, -0.7910377979278564
357, 8.349876403808594, 0.09943583607673645, -0.6262140274047852
358, 8.349876403808594, 0.09943583607673645, -0.6262140274047852
359, 8.104677200317383, 0.09943583607673645, -0.5774579644203186
360, 7.859477519989014, 0.09943583607673645, -0.528701901435852
361, 7.859477519989014, 0.09943583607673645, -0.528701901435852
362, 7.859477519989014, 0.09943583607673645, -0.528701901435852
363, 7.859477519989014, 0.09943583607673645, -0.528701901435852
364, 7.859477519989014, 0.09943583607673645, -0.528701901435852
365, 7.859477519989014, 0.09943583607673645, -0.528701901435852
366, 7.859477519989014, 0.09943583607673645, -0.528701901435852
367, 8.104677200317383, 0.09943583607673645, -0.5774579644203186
368, 8.349876403808594, 0.09943583607673645, -0.6262140274047852
369, 8.595075607299805, 0.09943583607673645, -0.6749700903892517
370, 8.595075607299805, 0.09943583607673645, -0.6749700903892517
371, 8.595075607299805, 0.09943583607673645, -0.6749700903892517
372, 8.595075607299805, 0.09943583607673645, -0.6749700903892517
373, 8.78304672241211, 0.09943583607673645, -0.839793860912323
374, 8.971017837524414, 0.09943583607673645, -1.004617691040039
375, 9.158988952636719, 0.09943583607673645, -1.1694414615631104
376, 9.346960067749023, 0.09943583607673645, -1.3342652320861816
377, 9.534931182861328, 0.09943583607673645, -1.499089002609253
378, 9.722902297973633, 0.09943583607673645, -1.6639127731323242
379, 9.722902297973633, 0.09943583607673645, -1.6639127731323242
380, 9.722902297973633, 0.09943583607673645, -1.6639127731323242
381, 9.722902297973633, 0.09943583607673645, -1.6639127731323242
382, 9.722902297973633, 0.09943583607673645, -1.6639127731323242
383, 9.722902297973633, 0.09943583607673645, -1.6639127731323242
384, 9.722902297973633, 0.09943583607673645, -1.6639127731323242
385, 9.534931182861328, 0.09943583607673645, -1.499089002609253
386, 9.346960067749023, 0.09943583607673645, -1.3342652320861816
387, 9.346960067749023, 0.09943583607673645, -1.3342652320861816
388, 9.266584396362305, 0.09943583607673645, -1.0975381135940552
389, 9.186208724975586, 0.09943583607673645, -0.8608109951019287
390, 9.186208724975586, 0.09943583607673645, -0.8608109951019287
391, 9.234964370727539, 0.09943583607673645, -0.6156113743782043
392, 9.283720016479492, 0.09943583607673645, -0.37041175365448
393, 9.332475662231445, 0.09943583607673645, -0.12521213293075562
394, 9.332475662231445, 0.09943583607673645, -0.12521213293075562
395, 9.332475662231445, 0.09943583607673645, -0.12521213293075562
396, 9.332475662231445, 0.09943583607673645, -0.12521213293075562
397, 9.332475662231445, 0.09943583607673645, -0.12521213293075562
398, 9.332475662231445, 0.09943583607673645, -0.12521213293075562
399, 9.332475662231445, 0.09943583607673645, -0.12521213293075562
400, 9.283720016479492, 0.09943583607673645, -0.37041175365448
401, 9.234964370727539, 0.09943583607673645, -0.6156113743782043
402, 9.186208724975586, 0.09943583607673645, -0.8608109951019287
403, 9.186208724975586, 0.09943583607673645, -0.8608109951019287
404, 9.266584396362305, 0.09943583607673645, -1.0975381135940552
405, 9.346960067749023, 0.09943583607673645, -1.3342652320861816
406, 9.346960067749023, 0.09943583607673645, -1.3342652320861816
407, 9.534931182861328, 0.09943583607673645, -1.499089002609253
408, 9.722902297973633, 0.09943583607673645, -1.6639127731323242
409, 9.722902297973633, 0.09943583607673645, -1.6639127731323242
410, 9.968101501464844, 0.09943583607673645, -1.7126688957214355
411, 9.968101501464844, 0.09943583607673645, -1.7126688957214355
412, 9.968101501464844, 0.09943583607673645, -1.7126688957214355
413, 9.968101501464844, 0.09943583607673645, -1.7126688957214355
414, 9.968101501464844, 0.09943583607673645, -1.7126688957214355
415, 9.968101501464844, 0.09943583607673645, -1.7126688957214355
416, 9.968101501464844, 0.09943583607673645, -1.7126688957214355
417, 9.722902297973633, 0.09943583607673645, -1.6639127731323242
418, 9.477703094482422, 0.09943583607673645, -1.615156650543213
419, 9.477703094482422, 0.09943583607673645, -1.615156650543213
420, 9.289731979370117, 0.09943583607673645, -1.4503328800201416
421, 9.101760864257812, 0.09943583607673645, -1.2855091094970703
422, 8.913789749145508, 0.09943583607673645, -1.120685338973999
423, 8.725818634033203, 0.09943583607673645, -0.9558615684509277
424, 8.537847518920898, 0.09943583607673645, -0.7910377979278564
425, 8.349876403808594, 0.09943583607673645, -0.6262140274047852
426, 8.349876403808594, 0.09943583607673645, -0.6262140274047852
427, 8.104677200317383, 0.09943583607673645, -0.5774579644203186
428, 7.859477519989014, 0.09943583607673645, -0.528701901435852
429, 7.6142778396606445, 0.09943583607673645, -0.4799458384513855
430, 7.6142778396606445, 0.09943583607673645, -0.4799458384513855
431, 7.6142778396606445, 0.09943583607673645, -0.4799458384513855
432, 7.6142778396606445, 0.09943583607673645, -0.4799458384513855
433, 7.6142778396606445, 0.09943583607673645, -0.4799458384513855
434, 7.6142778396606445, 0.09943583607673645, -0.4799458384513855
435, 7.6142778396606445, 0.09943583607673645, -0.4799458384513855
436, 7.859477519989014, 0.09943583607673645, -0.528701901435852
437, 8.104677200317383, 0.09943583607673645, -0.5774579644203186
438, 8.349876403808594, 0.09943583607673645, -0.6262140274047852
439, 8.595075607299805, 0.09943583607673645, -0.6749700903892517
440, 8.595075607299805, 0.09943583607673645, -0.6749700903892517
441, 8.595075607299805, 0.09943583607673645, -0.6749700903892517
442, 8.595075607299805, 0.09943583607673645, -0.6749700903892517
443, 8.78304672241211, 0.09943583607673645, -0.839793860912323
444, 8.971017837524414, 0.09943583607673645, -1.004617691040039
445, 9.158988952636719, 0.09943583607673645, -1.1694414615631104
446, 9.346960067749023, 0.09943583607673645, -1.3342652320861816
447, 9.534931182861328, 0.09943583607673645, -1.499089002609253
448, 9.722902297973633, 0.09943583607673645, -1.6639127731323242
449, 9.722902297973633, 0.09943583607673645, -1.6639127731323242
450, 9.968101501464844, 0.09943583607673645, -1.712668776512146
451, 9.968101501464844, 0.09943583607673645, -1.712668776512146
452, 9.968101501464844, 0.09943583607673645, -1.712668776512146
453, 9.968101501464844, 0.09943583607673645, -1.712668776512146
454, 9.968101501464844, 0.09943583607673645, -1.712668776512146
455, 9.968101501464844, 0.09943583607673645, -1.712668776512146
456, 9.968101501464844, 0.09943583607673645, -1.712668776512146
457, 9.722902297973633, 0.09943583607673645, -1.6639127731323242
458, 9.477703094482422, 0.09943583607673645, -1.615156650543213
459, 9.477703094482422, 0.09943583607673645, -1.615156650543213
460, 9.289731979370117, 0.09943583607673645, -1.4503328800201416
461, 9.101760864257812, 0.09943583607673645, -1.2855091094970703
462, 8.913789749145508, 0.09943583607673645, -1.120685338973999
463, 8.725818634033203, 0.09943583607673645, -0.9558615684509277
464, 8.537847518920898, 0.09943583607673645, -0.7910377979278564
465, 8.349876403808594, 0.09943583607673645, -0.6262140274047852
466, 8.349876403808594, 0.09943583607673645, -0.6262140274047852
467, 8.104677200317383, 0.09943583607673645, -0.5774579644203186
468, 7.859477519989014, 0.09943583607673645, -0.528701901435852
469, 7.6142778396606445, 0.09943583607673645, -0.4799458384513855
470, 7.369078159332275, 0.09943583607673645, -0.43118977546691895
471, 7.123878479003906, 0.09943583607673645, -0.3824337124824524
472, 6.878678798675537, 0.09943583607673645, -0.33367764949798584
473, 6.633479118347168, 0.09943583607673645, -0.2849215865135193
474, 6.633479118347168, 0.09943583607673645, -0.2849215865135193
475, 6.396751880645752, 0.09943583607673645, -0.36529743671417236
476, 6.160024642944336, 0.09943583607673645, -0.44567328691482544
477, 5.92329740524292, 0.09943583607673645, -0.5260491371154785
478, 5.686570167541504, 0.09943583607673645, -0.6064249873161316
479, 5.686570167541504, 0.09943583607673645, -0.6064249873161316
480, 5.441370487213135, 0.09943583607673645, -0.557668924331665
481, 5.196170806884766, 0.09943583607673645, -0.5089129209518433
482, 4.9509711265563965, 0.09943583607673645, -0.4601568877696991
483, 4.705771446228027, 0.09943583607673645, -0.41140085458755493
484, 4.460571765899658, 0.09943583607673645, -0.36264482140541077
485, 4.460571765899658, 0.09943583607673645, -0.36264482140541077
486, 4.460571765899658, 0.09943583607673645, -0.36264482140541077
487, 4.460571765899658, 0.09943583607673645, -0.36264482140541077
488, 4.378598213195801, 0.09943583607673645, -0.29076576232910156
489, 4.378598213195801, 0.09943583607673645, -0.29076576232910156
490, 4.378598213195801, 0.09943583607673645, -0.29076576232910156
491, 4.378598213195801, 0.09943583607673645, -0.29076576232910156
492, 4.378598213195801, 0.09943583607673645, -0.29076576232910156
493, 4.141870975494385, 0.09943583607673645, -0.37114161252975464
494, 4.141870975494385, 0.09943583607673645, -0.37114161252975464
495, 4.141870975494385, 0.09943583607673645, -0.37114161252975464
496, 4.141870975494385, 0.09943583607673645, -0.37114161252975464
497, 4.141870975494385, 0.09943583607673645, -0.37114161252975464
498, 4.141870975494385, 0.09943583607673645, -0.37114161252975464
499, 4.141870975494385, 0.09943583607673645, -0.37114161252975464
