1, -8.309051513671875, 3.0721640586853027, -3.660486936569214
2, -8.309051513671875, 3.0721640586853027, -3.660486936569214
3, -8.309051513671875, 3.0721640586853027, -3.660486936569214
4, -8.309051513671875, 3.0721640586853027, -3.660486936569214
5, -8.309051513671875, 3.0721640586853027, -3.660486936569214
6, -8.309051513671875, 3.0721640586853027, -3.660486936569214
7, -8.309051513671875, 3.0721640586853027, -3.660486936569214
8, -8.309051513671875, 3.0721640586853027, -3.660486936569214
9, -8.309051513671875, 3.0721640586853027, -3.660486936569214
10, -8.309051513671875, 3.0721640586853027, -3.660486936569214
11, -8.309051513671875, 3.0721640586853027, -3.660486936569214
12, -8.309051513671875, 3.0721640586853027, -3.660486936569214
13, -8.309051513671875, 3.0721640586853027, -3.660486936569214
14, -8.309051513671875, 3.0721640586853027, -3.660486936569214
15, -8.309051513671875, 3.0721640586853027, -3.660486936569214
16, -8.309051513671875, 3.0721640586853027, -3.660486936569214
17, -8.215776443481445, 3.0721640586853027, -3.428539276123047
18, -8.122501373291016, 3.0721640586853027, -3.196591377258301
19, -8.029226303100586, 3.0721640586853027, -2.9646434783935547
20, -7.935951232910156, 3.0721640586853027, -2.7326955795288086
21, -7.842676162719727, 3.0721640586853027, -2.5007476806640625
22, -7.749401092529297, 3.0721640586853027, -2.2687997817993164
23, -7.656126022338867, 3.0721640586853027, -2.0368518829345703
24, -7.5628509521484375, 3.0721640586853027, -1.8049041032791138
25, -7.499199867248535, 3.0721640586853027, -1.6466224193572998
26, -7.499199867248535, 3.0721640586853027, -1.6466224193572998
27, -7.499199867248535, 3.0721640586853027, -1.6466224193572998
28, -7.534395217895508, 3.0721640586853027, -1.3991122245788574
29, -7.5695905685424805, 3.0721640586853027, -1.151602029800415
30, -7.604785919189453, 3.0721640586853027, -0.9040918350219727
31, -7.639981269836426, 3.0721640586853027, -0.6565816402435303
32, -7.675176620483398, 3.0721640586853027, -0.4090714454650879
33, -7.710371971130371, 3.088975191116333, -0.1615612506866455
34, -7.745567321777344, 3.121587038040161, 0.08594894409179688
35, -7.780762672424316, 3.15419864654541, 0.33345913887023926
36, -7.815958023071289, 3.16281795501709, 0.5809693336486816
37, -7.851153373718262, 3.0721640586853027, 0.828479528427124
38, -7.886348724365234, 3.0721640586853027, 1.0759897232055664
39, -7.886348724365234, 3.0721640586853027, 1.0759897232055664
40, -8.040583610534668, 3.0721640586853027, 1.2727421522140503
41, -8.194818496704102, 3.0721640586853027, 1.4694945812225342
42, -8.349053382873535, 3.0721640586853027, 1.666247010231018
43, -8.349053382873535, 3.0721640586853027, 1.666247010231018
44, -8.581001281738281, 3.0721640586853027, 1.7595220804214478
45, -8.581001281738281, 3.0721640586853027, 1.7595220804214478
46, -8.581001281738281, 3.0721640586853027, 1.7595220804214478
47, -8.581001281738281, 3.0721640586853027, 1.7595220804214478
48, -8.581001281738281, 3.0721640586853027, 1.7595220804214478
49, -8.812949180603027, 3.0721640586853027, 1.852797031402588
50, -9.044897079467773, 3.0721640586853027, 1.946071982383728
51, -9.27684497833252, 3.0721640586853027, 2.039346933364868
52, -9.508792877197266, 3.0721640586853027, 2.132622003555298
53, -9.740740776062012, 3.0721640586853027, 2.2258970737457275
54, -9.740740776062012, 3.0721640586853027, 2.2258970737457275
55, -9.740740776062012, 3.0721640586853027, 2.2258970737457275
56, -9.740740776062012, 3.0721640586853027, 2.2258970737457275
57, -9.740740776062012, 3.0721640586853027, 2.2258970737457275
58, -9.543988227844238, 3.0721640586853027, 2.3801321983337402
59, -9.543988227844238, 3.0721640586853027, 2.3801321983337402
60, -9.296478271484375, 3.0721640586853027, 2.415327548980713
61, -9.048968315124512, 3.0721640586853027, 2.4505228996276855
62, -9.048968315124512, 3.0721640586853027, 2.4505228996276855
63, -8.817020416259766, 3.0721640586853027, 2.357247829437256
64, -8.817020416259766, 3.0721640586853027, 2.357247829437256
65, -8.569510459899902, 3.0721640586853027, 2.3924431800842285
66, -8.368804931640625, 3.0721640586853027, 2.420983076095581
67, -8.368804931640625, 3.0721640586853027, 2.420983076095581
68, -8.368804931640625, 3.0721640586853027, 2.420983076095581
69, -8.136857032775879, 3.0721640586853027, 2.3277082443237305
70, -8.136857032775879, 3.0721640586853027, 2.3277082443237305
71, -8.136857032775879, 3.0721640586853027, 2.3277082443237305
72, -7.9401044845581055, 3.0721640586853027, 2.481943368911743
73, -7.743351936340332, 3.0721640586853027, 2.636178493499756
74, -7.743351936340332, 3.0721640586853027, 2.636178493499756
75, -7.650076866149902, 3.0721640586853027, 2.868126392364502
76, -7.650076866149902, 3.0721640586853027, 2.868126392364502
77, -7.453324317932129, 3.0721640586853027, 3.0223617553710938
78, -7.453324317932129, 3.0721640586853027, 3.0223617553710938
79, -7.453324317932129, 3.0721640586853027, 3.0223617553710938
80, -7.453324317932129, 3.0721640586853027, 3.0223617553710938
81, -7.360049247741699, 3.0721640586853027, 3.25430965423584
82, -7.2667741775512695, 3.0721640586853027, 3.486257553100586
83, -7.17349910736084, 3.0721640586853027, 3.718205451965332
84, -7.08022403717041, 3.0721640586853027, 3.950153350830078
85, -7.08022403717041, 3.0721640586853027, 3.950153350830078
86, -7.08022403717041, 3.0721640586853027, 3.950153350830078
87, -7.08022403717041, 3.0721640586853027, 3.950153350830078
88, -7.08022403717041, 3.0721640586853027, 3.950153350830078
89, -6.832714080810547, 3.0721640586853027, 3.985348701477051
90, -6.832714080810547, 3.0721640586853027, 3.985348701477051
91, -6.600766181945801, 3.0721640586853027, 3.8920738697052
92, -6.368818283081055, 3.0721640586853027, 3.7987990379333496
93, -6.136870384216309, 3.0721640586853027, 3.705524206161499
94, -5.9049224853515625, 3.0721640586853027, 3.6122493743896484
95, -5.672974586486816, 3.0721640586853027, 3.518974542617798
96, -5.44102668762207, 3.0721640586853027, 3.4256997108459473
97, -5.209078788757324, 3.0721640586853027, 3.3324248790740967
98, -4.977130889892578, 3.0721640586853027, 3.239150047302246
99, -4.745182991027832, 3.0721640586853027, 3.1458752155303955
100, -4.745182991027832, 3.0721640586853027, 3.1458752155303955
101, -4.745182991027832, 3.0721640586853027, 3.1458752155303955
102, -4.745182991027832, 3.0721640586853027, 3.1458752155303955
103, -4.745182991027832, 3.0721640586853027, 3.1458752155303955
104, -4.745182991027832, 3.0721640586853027, 3.1458752155303955
105, -4.899418354034424, 3.0721640586853027, 3.34262752532959
106, -5.053653717041016, 3.0721640586853027, 3.539379835128784
107, -5.207889080047607, 3.0721640586853027, 3.7361321449279785
108, -5.362124443054199, 3.0721640586853027, 3.932884454727173
109, -5.362124443054199, 3.0721640586853027, 3.932884454727173
110, -5.594072341918945, 3.0721640586853027, 4.026159286499023
111, -5.826020240783691, 3.0721640586853027, 4.119434356689453
112, -6.0579681396484375, 3.0721640586853027, 4.212709426879883
113, -6.289916038513184, 3.0721640586853027, 4.3059844970703125
114, -6.52186393737793, 3.0721640586853027, 4.399259567260742
115, -6.753811836242676, 3.0721640586853027, 4.492534637451172
116, -6.753811836242676, 3.0721640586853027, 4.492534637451172
117, -6.908047199249268, 3.0721640586853027, 4.689287185668945
118, -7.062282562255859, 3.0721640586853027, 4.886039733886719
119, -7.216517925262451, 3.0721640586853027, 5.082792282104492
120, -7.216517925262451, 3.0721640586853027, 5.082792282104492
121, -7.216517925262451, 3.0721640586853027, 5.082792282104492
122, -7.216517925262451, 3.0721640586853027, 5.082792282104492
123, -7.216517925262451, 3.0721640586853027, 5.082792282104492
124, -7.216517925262451, 3.0721640586853027, 5.082792282104492
125, -7.413270473480225, 3.0721640586853027, 4.9285569190979
126, -7.413270473480225, 3.0721640586853027, 4.9285569190979
127, -7.506545543670654, 3.0721640586853027, 4.696609020233154
128, -7.506545543670654, 3.0721640586853027, 4.696609020233154
129, -7.471350193023682, 3.0721640586853027, 4.449099063873291
130, -7.471350193023682, 3.0721640586853027, 4.449099063873291
131, -7.31711483001709, 3.0721640586853027, 4.252346515655518
132, -7.162879467010498, 3.0721640586853027, 4.055593967437744
133, -7.162879467010498, 3.0721640586853027, 4.055593967437744
134, -6.930931568145752, 3.0721640586853027, 3.9623191356658936
135, -6.698983669281006, 3.0721640586853027, 3.869044303894043
136, -6.46703577041626, 3.0721640586853027, 3.7757694721221924
137, -6.46703577041626, 3.0721640586853027, 3.7757694721221924
138, -6.46703577041626, 3.0721640586853027, 3.7757694721221924
139, -6.46703577041626, 3.0721640586853027, 3.7757694721221924
140, -6.46703577041626, 3.0721640586853027, 3.7757694721221924
141, -6.502231121063232, 3.0721640586853027, 4.023279666900635
142, -6.502231121063232, 3.0721640586853027, 4.023279666900635
143, -6.656466484069824, 3.0721640586853027, 4.220032215118408
144, -6.810701847076416, 3.0721640586853027, 4.416784763336182
145, -6.964937210083008, 3.0721640586853027, 4.613537311553955
146, -7.1191725730896, 3.0721640586853027, 4.8102898597717285
147, -7.1191725730896, 3.0721640586853027, 4.8102898597717285
148, -7.154367923736572, 3.0721640586853027, 5.05780029296875
149, -7.154367923736572, 3.0721640586853027, 5.05780029296875
150, -7.154367923736572, 3.0721640586853027, 5.05780029296875
151, -7.154367923736572, 3.0721640586853027, 5.05780029296875
152, -7.154367923736572, 3.0721640586853027, 5.05780029296875
153, -6.960710525512695, 3.0721640586853027, 4.979923248291016
154, -6.960710525512695, 3.0721640586853027, 4.979923248291016
155, -6.960710525512695, 3.0721640586853027, 4.979923248291016
156, -6.960710525512695, 3.0721640586853027, 4.979923248291016
157, -6.925515174865723, 3.0721640586853027, 4.732413291931152
158, -6.925515174865723, 3.0721640586853027, 4.732413291931152
159, -6.771279811859131, 3.0721640586853027, 4.535660743713379
160, -6.617044448852539, 3.0721640586853027, 4.3389081954956055
161, -6.462809085845947, 3.0721640586853027, 4.142155647277832
162, -6.3085737228393555, 3.0721640586853027, 3.9454033374786377
163, -6.154338359832764, 3.0721640586853027, 3.7486510276794434
164, -6.154338359832764, 3.0721640586853027, 3.7486510276794434
165, -5.922390460968018, 3.0721640586853027, 3.6553761959075928
166, -5.6904425621032715, 3.0721640586853027, 3.562101364135742
167, -5.458494663238525, 3.0721640586853027, 3.4688265323638916
168, -5.226546764373779, 3.0721640586853027, 3.375551700592041
169, -4.994598865509033, 3.0721640586853027, 3.2822768688201904
170, -4.762650966644287, 3.0721640586853027, 3.18900203704834
171, -4.530703067779541, 3.0721640586853027, 3.0957272052764893
172, -4.298755168914795, 3.0721640586853027, 3.0024523735046387
173, -4.066807270050049, 3.0721640586853027, 2.909177541732788
174, -4.066807270050049, 3.0721640586853027, 2.909177541732788
175, -3.8192970752716064, 3.0721640586853027, 2.9443728923797607
176, -3.571786880493164, 3.0721640586853027, 2.9795682430267334
177, -3.3242766857147217, 3.0721640586853027, 3.014763593673706
178, -3.0767664909362793, 3.0721640586853027, 3.0499589443206787
179, -2.829256296157837, 3.0721640586853027, 3.0851542949676514
180, -2.5817461013793945, 3.0721640586853027, 3.120349645614624
181, -2.5817461013793945, 3.0721640586853027, 3.120349645614624
182, -2.3849937915802, 3.0721640586853027, 3.2745847702026367
183, -2.188241481781006, 3.0721640586853027, 3.4288198947906494
184, -2.188241481781006, 3.0721640586853027, 3.4288198947906494
185, -2.094966411590576, 3.0721640586853027, 3.6607677936553955
186, -2.094966411590576, 3.0721640586853027, 3.6607677936553955
187, -2.094966411590576, 3.0721640586853027, 3.6607677936553955
188, -2.094966411590576, 3.0721640586853027, 3.6607677936553955
189, -2.094966411590576, 3.0721640586853027, 3.6607677936553955
190, -2.3424766063690186, 3.0721640586853027, 3.625572443008423
191, -2.3424766063690186, 3.0721640586853027, 3.625572443008423
192, -2.539228916168213, 3.0721640586853027, 3.47133731842041
193, -2.7359812259674072, 3.0721640586853027, 3.3171021938323975
194, -2.9327335357666016, 3.0721640586853027, 3.1628670692443848
195, -3.129485845565796, 3.0721640586853027, 3.008631944656372
196, -3.3262381553649902, 3.0721640586853027, 2.8543968200683594
197, -3.5229904651641846, 3.0721640586853027, 2.7001616954803467
198, -3.5229904651641846, 3.0721640586853027, 2.7001616954803467
199, -3.616265296936035, 3.0721640586853027, 2.4682137966156006
200, -3.709540367126465, 3.0721640586853027, 2.2362658977508545
201, -3.8028154373168945, 3.0721640586853027, 2.0043179988861084
202, -3.896090507507324, 3.0721640586853027, 1.7723702192306519
203, -3.989365577697754, 3.0721640586853027, 1.5404224395751953
204, -3.989365577697754, 3.0721640586853027, 1.5404224395751953
205, -3.9541702270507812, 3.0721640586853027, 1.292912244796753
206, -3.9541702270507812, 3.0721640586853027, 1.292912244796753
207, -3.9541702270507812, 3.0721640586853027, 1.292912244796753
208, -3.722222328186035, 3.0721640586853027, 1.1996372938156128
209, -3.722222328186035, 3.0721640586853027, 1.1996372938156128
210, -3.5679872035980225, 3.0721640586853027, 1.002884864807129
211, -3.4137520790100098, 3.0721640586853027, 0.8061324954032898
212, -3.4137520790100098, 3.0721640586853027, 0.8061324954032898
213, -3.1818041801452637, 3.0721640586853027, 0.7128576040267944
214, -3.1818041801452637, 3.0721640586853027, 0.7128576040267944
215, -3.1818041801452637, 3.0721640586853027, 0.7128576040267944
216, -2.9850518703460693, 3.0721640586853027, 0.8670928478240967
217, -1.3683786392211914, 3.0721640586853027, 7.6279473304748535
