1, -16.460636138916016, 2.9947268962860107, -3.9473485946655273
2, -16.460636138916016, 2.9947268962860107, -3.9473485946655273
3, -16.460636138916016, 2.9947268962860107, -3.9473485946655273
4, -16.460636138916016, 2.9947268962860107, -3.9473485946655273
5, -16.460636138916016, 2.9947268962860107, -3.9473485946655273
6, -16.460636138916016, 2.9947268962860107, -3.9473485946655273
7, -16.460636138916016, 2.9947268962860107, -3.9473485946655273
8, -16.460636138916016, 2.9947268962860107, -3.9473485946655273
9, -16.460636138916016, 2.9947268962860107, -3.9473485946655273
10, -16.460636138916016, 2.9947268962860107, -3.9473485946655273
11, -16.460636138916016, 2.9947268962860107, -3.9473485946655273
12, -16.460636138916016, 2.9947268962860107, -3.9473485946655273
13, -16.460636138916016, 2.9947268962860107, -3.9473485946655273
14, -16.460636138916016, 2.9947268962860107, -3.9473485946655273
15, -16.49489402770996, 3.0285511016845703, -3.699706792831421
16, -16.49489402770996, 3.0285511016845703, -3.699706792831421
17, -16.49489402770996, 3.0285511016845703, -3.699706792831421
18, -16.49489402770996, 3.0285511016845703, -3.699706792831421
19, -16.49489402770996, 3.0285511016845703, -3.699706792831421
20, -16.49489402770996, 3.0285511016845703, -3.699706792831421
21, -16.49489402770996, 3.0285511016845703, -3.699706792831421
22, -16.49489402770996, 3.0285511016845703, -3.699706792831421
23, -16.49489402770996, 3.0285511016845703, -3.699706792831421
24, -16.49489402770996, 3.0285511016845703, -3.699706792831421
25, -16.49489402770996, 3.0285511016845703, -3.699706792831421
26, -16.297557830810547, 3.018143892288208, -3.5462183952331543
27, -16.297557830810547, 3.018143892288208, -3.5462183952331543
28, -16.203405380249023, 2.9937925338745117, -3.3146257400512695
29, -16.203405380249023, 2.9937925338745117, -3.3146257400512695
30, -16.23766326904297, 3.0123791694641113, -3.066983938217163
31, -16.271921157836914, 3.030965805053711, -2.8193421363830566
32, -16.271921157836914, 3.030965805053711, -2.8193421363830566
33, -16.17776870727539, 3.0066144466400146, -2.587749481201172
34, -16.083616256713867, 2.9822633266448975, -2.356156826019287
35, -15.989462852478027, 2.957911729812622, -2.1245641708374023
36, -15.895309448242188, 2.9335601329803467, -1.8929715156555176
37, -15.801156044006348, 2.9092085361480713, -1.6613788604736328
38, -15.707002639770508, 2.8288369178771973, -1.429786205291748
39, -15.707002639770508, 2.8288369178771973, -1.429786205291748
40, -15.50966739654541, 2.8048131465911865, -1.2762975692749023
41, -15.312332153320312, 2.8048131465911865, -1.1228089332580566
42, -15.312332153320312, 2.8048131465911865, -1.1228089332580566
43, -15.23669147491455, 2.8048131465911865, -1.1123453378677368
44, -15.23669147491455, 2.8048131465911865, -1.1123453378677368
45, -15.23669147491455, 2.8048131465911865, -1.1123453378677368
46, -15.23669147491455, 2.8048131465911865, -1.1123453378677368
47, -15.17801284790039, 2.8048131465911865, -1.1877870559692383
48, -15.17801284790039, 2.8048131465911865, -1.1877870559692383
49, -15.17801284790039, 2.8048131465911865, -1.1877870559692383
50, -14.930371284484863, 2.8048131465911865, -1.1535298824310303
51, -14.816566467285156, 2.8048131465911865, -1.137786865234375
52, -14.816566467285156, 2.8048131465911865, -1.137786865234375
53, -14.816566467285156, 2.8048131465911865, -1.137786865234375
54, -14.816566467285156, 2.8048131465911865, -1.137786865234375
55, -14.816566467285156, 2.8048131465911865, -1.137786865234375
56, -14.816566467285156, 2.8048131465911865, -1.137786865234375
57, -14.816566467285156, 2.8048131465911865, -1.137786865234375
58, -14.816566467285156, 2.8048131465911865, -1.137786865234375
59, -14.816566467285156, 2.8048131465911865, -1.137786865234375
60, -14.693578720092773, 2.8048131465911865, -1.1877870559692383
61, -14.693578720092773, 2.8048131465911865, -1.1877870559692383
62, -14.445937156677246, 2.8048131465911865, -1.1535298824310303
63, -14.198295593261719, 2.8048131465911865, -1.1192727088928223
64, -13.950654029846191, 2.8048131465911865, -1.0850155353546143
65, -13.703012466430664, 2.8048131465911865, -1.0507583618164062
66, -13.500907897949219, 2.8048131465911865, -1.0228005647659302
67, -13.500907897949219, 2.8048131465911865, -1.0228005647659302
68, -13.500907897949219, 2.8048131465911865, -1.0228005647659302
69, -13.500907897949219, 2.8048131465911865, -1.0228005647659302
70, -13.500907897949219, 2.8048131465911865, -1.0228005647659302
71, -13.500907897949219, 2.8048131465911865, -1.0228005647659302
72, -13.269314765930176, 2.8048131465911865, -1.1169538497924805
73, -13.269314765930176, 2.8048131465911865, -1.1169538497924805
74, -13.021673202514648, 2.8048131465911865, -1.0826966762542725
75, -13.021673202514648, 2.8048131465911865, -1.0826966762542725
76, -12.790081024169922, 2.8048131465911865, -1.1768500804901123
77, -12.558488845825195, 2.8048131465911865, -1.2710034847259521
78, -12.558488845825195, 2.8048131465911865, -1.2710034847259521
79, -12.405000686645508, 2.8048131465911865, -1.468338966369629
80, -12.25151252746582, 2.8048131465911865, -1.6656744480133057
81, -12.098024368286133, 2.8048131465911865, -1.8630099296569824
82, -11.944536209106445, 2.8048131465911865, -2.060345411300659
83, -11.791048049926758, 2.8048131465911865, -2.257680892944336
84, -11.791048049926758, 2.8048131465911865, -2.257680892944336
85, -11.756791114807129, 2.8048131465911865, -2.5053226947784424
86, -11.7225341796875, 2.8048131465911865, -2.752964496612549
87, -11.7225341796875, 2.8048131465911865, -2.752964496612549
88, -11.7225341796875, 2.8048131465911865, -2.752964496612549
89, -11.7225341796875, 2.8048131465911865, -2.752964496612549
90, -11.7225341796875, 2.8048131465911865, -2.752964496612549
91, -11.7225341796875, 2.8048131465911865, -2.752964496612549
92, -11.7225341796875, 2.8048131465911865, -2.752964496612549
93, -11.7225341796875, 2.8048131465911865, -2.752964496612549
94, -11.7225341796875, 2.8048131465911865, -2.752964496612549
95, -11.688277244567871, 2.8048131465911865, -3.0006062984466553
96, -11.688277244567871, 2.8048131465911865, -3.0006062984466553
97, -11.688277244567871, 2.8048131465911865, -3.0006062984466553
98, -11.688277244567871, 2.8048131465911865, -3.0006062984466553
99, -11.688277244567871, 2.8048131465911865, -3.0006062984466553
100, -11.688277244567871, 2.8048131465911865, -3.0006062984466553
101, -11.688277244567871, 2.8048131465911865, -3.0006062984466553
102, -11.688277244567871, 2.8048131465911865, -3.0006062984466553
103, -11.688277244567871, 2.8048131465911865, -3.0006062984466553
104, -11.654020309448242, 2.8048131465911865, -3.2482481002807617
105, -11.654020309448242, 2.8048131465911865, -3.2482481002807617
106, -11.654020309448242, 2.8048131465911865, -3.2482481002807617
107, -11.654020309448242, 2.8048131465911865, -3.2482481002807617
108, -11.654020309448242, 2.8048131465911865, -3.2482481002807617
109, -11.654020309448242, 2.8048131465911865, -3.2482481002807617
110, -11.654020309448242, 2.8048131465911865, -3.2482481002807617
111, -11.654020309448242, 2.8048131465911865, -3.2482481002807617
112, -11.654020309448242, 2.8048131465911865, -3.2482481002807617
113, -11.619763374328613, 2.8048131465911865, -3.495889902114868
114, -11.619763374328613, 2.8048131465911865, -3.495889902114868
115, -11.619763374328613, 2.8048131465911865, -3.495889902114868
116, -11.619763374328613, 2.8048131465911865, -3.495889902114868
117, -11.619763374328613, 2.8048131465911865, -3.495889902114868
118, -11.619763374328613, 2.8048131465911865, -3.495889902114868
119, -11.619763374328613, 2.8048131465911865, -3.495889902114868
120, -11.619763374328613, 2.8048131465911865, -3.495889902114868
121, -11.619763374328613, 2.8048131465911865, -3.495889902114868
122, -11.585506439208984, 2.8048131465911865, -3.7435317039489746
123, -11.585506439208984, 2.8048131465911865, -3.7435317039489746
124, -11.585506439208984, 2.8048131465911865, -3.7435317039489746
125, -11.585506439208984, 2.8048131465911865, -3.7435317039489746
126, -11.585506439208984, 2.8048131465911865, -3.7435317039489746
127, -11.585506439208984, 2.8048131465911865, -3.7435317039489746
128, -11.585506439208984, 2.8048131465911865, -3.7435317039489746
129, -11.585506439208984, 2.8048131465911865, -3.7435317039489746
130, -11.585506439208984, 2.8048131465911865, -3.7435317039489746
131, -11.551249504089355, 2.8048131465911865, -3.991173505783081
132, -5.185545921325684, -2.9951868057250977, 2.7753522396087646
