1, 8.016739845275879, 0.07754743099212646, 5.568202972412109
2, 8.016739845275879, 0.07754743099212646, 5.568202972412109
3, 8.016739845275879, 0.07754743099212646, 5.568202972412109
4, 8.016739845275879, 0.07754743099212646, 5.568202972412109
5, 8.016739845275879, 0.07754743099212646, 5.568202972412109
6, 8.016739845275879, 0.07754743099212646, 5.568202972412109
7, 8.016739845275879, 0.07754743099212646, 5.568202972412109
8, 8.016739845275879, 0.07754743099212646, 5.568202972412109
9, 8.016739845275879, 0.07754743099212646, 5.568202972412109
10, 8.016739845275879, 0.07754743099212646, 5.568202972412109
11, 8.016739845275879, 0.07754743099212646, 5.568202972412109
12, 8.016739845275879, 0.07754743099212646, 5.568202972412109
13, 8.016739845275879, 0.07754743099212646, 5.568202972412109
14, 8.016739845275879, 0.07754743099212646, 5.568202972412109
15, 8.016739845275879, 0.07754743099212646, 5.568202972412109
16, 8.147587776184082, 0.07754743099212646, 5.479386329650879
17, 8.147587776184082, 0.07754743099212646, 5.479386329650879
18, 8.256523132324219, 0.07754743099212646, 5.254368305206299
19, 8.256523132324219, 0.07754743099212646, 5.254368305206299
20, 8.463372230529785, 0.07754743099212646, 5.113964080810547
21, 8.463372230529785, 0.07754743099212646, 5.113964080810547
22, 8.712711334228516, 0.07754743099212646, 5.095795631408691
23, 8.962050437927246, 0.07754743099212646, 5.077627182006836
24, 9.211389541625977, 0.07754743099212646, 5.0594587326049805
25, 9.460728645324707, 0.07754743099212646, 5.041290283203125
26, 9.460728645324707, 0.07754743099212646, 5.041290283203125
27, 9.685747146606445, 0.07754743099212646, 5.1502251625061035
28, 9.685747146606445, 0.07754743099212646, 5.1502251625061035
29, 9.935086250305176, 0.07754743099212646, 5.132056713104248
30, 9.935086250305176, 0.07754743099212646, 5.132056713104248
31, 9.993673324584961, 0.07754743099212646, 5.160419464111328
32, 9.993673324584961, 0.07754743099212646, 5.160419464111328
33, 10.02890396118164, 0.07754743099212646, 5.212322235107422
34, 10.02890396118164, 0.07754743099212646, 5.212322235107422
35, 10.02890396118164, 0.07754743099212646, 5.212322235107422
36, 10.02890396118164, 0.07754743099212646, 5.212322235107422
37, 10.02890396118164, 0.07754743099212646, 5.212322235107422
38, 10.02890396118164, 0.07754743099212646, 5.212322235107422
39, 10.02890396118164, 0.07754743099212646, 5.212322235107422
40, 10.02890396118164, 0.07754743099212646, 5.212322235107422
41, 10.02890396118164, 0.07754743099212646, 5.212322235107422
42, 10.02890396118164, 0.07754743099212646, 5.212322235107422
43, 10.02890396118164, 0.07754743099212646, 5.212322235107422
44, 10.02890396118164, 0.07754743099212646, 5.212322235107422
45, 10.02890396118164, 0.07754743099212646, 5.212322235107422
46, 10.02890396118164, 0.07754743099212646, 5.212322235107422
47, 10.02890396118164, 0.07754743099212646, 5.212322235107422
48, 10.02890396118164, 0.07754743099212646, 5.212322235107422
49, 10.02890396118164, 0.07754743099212646, 5.212322235107422
50, 10.02890396118164, 0.07754743099212646, 5.212322235107422
51, 10.02890396118164, 0.07754743099212646, 5.212322235107422
52, 10.02890396118164, 0.07754743099212646, 5.212322235107422
53, 10.02890396118164, 0.07754743099212646, 5.212322235107422
54, 10.02890396118164, 0.07754743099212646, 5.212322235107422
55, 10.02890396118164, 0.07754743099212646, 5.212322235107422
56, 10.02890396118164, 0.07754743099212646, 5.212322235107422
57, 10.02890396118164, 0.07754743099212646, 5.212322235107422
58, 10.02890396118164, 0.07754743099212646, 5.212322235107422
59, 10.02890396118164, 0.07754743099212646, 5.212322235107422
60, 10.02890396118164, 0.07754743099212646, 5.212322235107422
61, 10.02890396118164, 0.07754743099212646, 5.212322235107422
62, 10.02890396118164, 0.07754743099212646, 5.212322235107422
63, 10.02890396118164, 0.07754743099212646, 5.212322235107422
64, 10.02890396118164, 0.07754743099212646, 5.212322235107422
65, 10.02890396118164, 0.07754743099212646, 5.212322235107422
66, 10.02890396118164, 0.07754743099212646, 5.212322235107422
67, 10.02890396118164, 0.07754743099212646, 5.212322235107422
68, 10.03930377960205, 0.07754743099212646, 5.190840244293213
69, 10.03930377960205, 0.07754743099212646, 5.190840244293213
70, 10.03930377960205, 0.07754743099212646, 5.190840244293213
71, 10.03930377960205, 0.07754743099212646, 5.190840244293213
72, 10.03930377960205, 0.07754743099212646, 5.190840244293213
73, 10.03930377960205, 0.07754743099212646, 5.190840244293213
74, 10.03930377960205, 0.07754743099212646, 5.190840244293213
75, 10.03930377960205, 0.07754743099212646, 5.190840244293213
76, 10.040806770324707, 0.07754743099212646, 5.211472034454346
77, 10.040806770324707, 0.07754743099212646, 5.211472034454346
78, 10.040806770324707, 0.07754743099212646, 5.211472034454346
79, 10.040806770324707, 0.07754743099212646, 5.211472034454346
80, 10.040806770324707, 0.07754743099212646, 5.211472034454346
81, 10.040806770324707, 0.07754743099212646, 5.211472034454346
82, 10.040806770324707, 0.07754743099212646, 5.211472034454346
83, 10.040806770324707, 0.07754743099212646, 5.211472034454346
84, 10.040806770324707, 0.07754743099212646, 5.211472034454346
85, 10.040806770324707, 0.07754743099212646, 5.211472034454346
86, 10.040806770324707, 0.07754743099212646, 5.211472034454346
87, 10.040806770324707, 0.07754743099212646, 5.211472034454346
88, 10.047990798950195, 0.07754743099212646, 5.196631908416748
89, 10.047990798950195, 0.07754743099212646, 5.196631908416748
90, 10.047990798950195, 0.07754743099212646, 5.196631908416748
91, 10.047990798950195, 0.07754743099212646, 5.196631908416748
92, 10.047990798950195, 0.07754743099212646, 5.196631908416748
93, 10.047990798950195, 0.07754743099212646, 5.196631908416748
94, 10.047990798950195, 0.07754743099212646, 5.196631908416748
95, 10.047990798950195, 0.07754743099212646, 5.196631908416748
96, 10.047990798950195, 0.07754743099212646, 5.196631908416748
97, 10.047990798950195, 0.07754743099212646, 5.196631908416748
98, 10.047990798950195, 0.07754743099212646, 5.196631908416748
99, 10.047990798950195, 0.07754743099212646, 5.196631908416748
100, 10.047990798950195, 0.07754743099212646, 5.196631908416748
101, 10.047990798950195, 0.07754743099212646, 5.196631908416748
102, 10.047990798950195, 0.07754743099212646, 5.196631908416748
103, 10.047990798950195, 0.07754743099212646, 5.196631908416748
104, 10.049029350280762, 0.07754743099212646, 5.2108845710754395
105, 10.049029350280762, 0.07754743099212646, 5.2108845710754395
106, 10.049029350280762, 0.07754743099212646, 5.2108845710754395
107, 10.049029350280762, 0.07754743099212646, 5.2108845710754395
108, 10.049029350280762, 0.07754743099212646, 5.2108845710754395
109, 10.049029350280762, 0.07754743099212646, 5.2108845710754395
110, 10.048989295959473, 0.07754743099212646, 5.210887432098389
111, 10.048989295959473, 0.07754743099212646, 5.210887432098389
112, 9.823970794677734, 0.07754743099212646, 5.10195255279541
113, 9.823970794677734, 0.07754743099212646, 5.10195255279541
114, 9.68356704711914, 0.07754743099212646, 4.8951029777526855
115, 9.68356704711914, 0.07754743099212646, 4.8951029777526855
116, 9.458548545837402, 0.07754743099212646, 4.786168098449707
117, 9.233530044555664, 0.07754743099212646, 4.6772332191467285
118, 9.008511543273926, 0.07754743099212646, 4.56829833984375
119, 9.008511543273926, 0.07754743099212646, 4.56829833984375
120, 8.759172439575195, 0.07754743099212646, 4.5864667892456055
121, 8.509833335876465, 0.07754743099212646, 4.604635238647461
122, 8.260494232177734, 0.07754743099212646, 4.622803688049316
123, 8.011155128479004, 0.07754743099212646, 4.640972137451172
124, 7.761816024780273, 0.07754743099212646, 4.659140586853027
125, 7.512476921081543, 0.07754743099212646, 4.677309036254883
126, 7.2631378173828125, 0.07754743099212646, 4.695477485656738
127, 7.013798713684082, 0.07754743099212646, 4.713645935058594
128, 6.764459609985352, 0.07754743099212646, 4.731814384460449
129, 6.515120506286621, 0.07754743099212646, 4.749982833862305
130, 6.265781402587891, 0.07754743099212646, 4.76815128326416
131, 6.265781402587891, 0.07754743099212646, 4.76815128326416
132, 6.0407633781433105, 0.07754743099212646, 4.659216403961182
133, 5.8157453536987305, 0.07754743099212646, 4.550281524658203
134, 5.8157453536987305, 0.07754743099212646, 4.550281524658203
135, 5.675341606140137, 0.07754743099212646, 4.3434319496154785
136, 5.534937858581543, 0.07754743099212646, 4.136582374572754
137, 5.534937858581543, 0.07754743099212646, 4.136582374572754
138, 5.5167694091796875, 0.07754743099212646, 3.8872435092926025
139, 5.498600959777832, 0.07754743099212646, 3.637904644012451
140, 5.480432510375977, 0.07754743099212646, 3.3885657787323
141, 5.480432510375977, 0.07754743099212646, 3.3885657787323
142, 5.589367389678955, 0.07754743099212646, 3.1635477542877197
143, 5.698302268981934, 0.07754743099212646, 2.9385297298431396
144, 1.5521934032440186, 0.07754743099212646, 0.5196341872215271
