1, -1.2276257276535034, 0.046541884541511536, -1.452587604522705
2, -1.2276257276535034, 0.046541884541511536, -1.452587604522705
3, -1.2276257276535034, 0.046541884541511536, -1.452587604522705
4, -1.2276257276535034, 0.046541884541511536, -1.452587604522705
5, -1.2276257276535034, 0.046541884541511536, -1.452587604522705
6, -1.2276257276535034, 0.046541884541511536, -1.452587604522705
7, -1.2276257276535034, 0.046541884541511536, -1.452587604522705
8, -1.2276257276535034, 0.046541884541511536, -1.452587604522705
9, -1.2276257276535034, 0.046541884541511536, -1.452587604522705
10, -1.2276257276535034, 0.046541884541511536, -1.452587604522705
11, -1.2276257276535034, 0.046541884541511536, -1.452587604522705
12, -1.2276257276535034, 0.046541884541511536, -1.452587604522705
13, -1.2276257276535034, 0.046541884541511536, -1.452587604522705
14, -1.2276257276535034, 0.046541884541511536, -1.452587604522705
15, -1.2276257276535034, 0.046541884541511536, -1.452587604522705
16, -1.4634954929351807, 0.046541884541511536, -1.5354455709457397
17, -1.699365258216858, 0.046541884541511536, -1.6183035373687744
18, -1.9352350234985352, 0.046541884541511536, -1.701161503791809
19, -2.171104907989502, 0.046541884541511536, -1.7840194702148438
20, -2.4069747924804688, 0.046541884541511536, -1.8668774366378784
21, -2.6428446769714355, 0.046541884541511536, -1.949735403060913
22, -2.6428446769714355, 0.046541884541511536, -1.949735403060913
23, -2.805684804916382, 0.046541884541511536, -2.139427423477173
24, -2.805684804916382, 0.046541884541511536, -2.139427423477173
25, -2.805684804916382, 0.046541884541511536, -2.139427423477173
26, -2.805684804916382, 0.046541884541511536, -2.139427423477173
27, -2.805684804916382, 0.046541884541511536, -2.139427423477173
28, -2.7228267192840576, 0.046541884541511536, -2.3752973079681396
29, -2.7228267192840576, 0.046541884541511536, -2.3752973079681396
30, -2.7228267192840576, 0.046541884541511536, -2.3752973079681396
31, -2.7228267192840576, 0.046541884541511536, -2.3752973079681396
32, -2.9586963653564453, 0.046541884541511536, -2.458155393600464
33, -2.9586963653564453, 0.046541884541511536, -2.458155393600464
34, -2.9586963653564453, 0.046541884541511536, -2.458155393600464
35, -2.9586963653564453, 0.046541884541511536, -2.458155393600464
36, -3.1215364933013916, 0.046541884541511536, -2.6478474140167236
37, -3.284376621246338, 0.046541884541511536, -2.8375394344329834
38, -3.284376621246338, 0.046541884541511536, -2.8375394344329834
39, -3.284376621246338, 0.046541884541511536, -2.8375394344329834
40, -3.284376621246338, 0.046541884541511536, -2.8375394344329834
41, -3.4740686416625977, 0.046541884541511536, -2.674699306488037
42, -3.4740686416625977, 0.046541884541511536, -2.674699306488037
43, -3.556926727294922, 0.046541884541511536, -2.4388294219970703
44, -3.639784812927246, 0.046541884541511536, -2.2029595375061035
45, -3.639784812927246, 0.046541884541511536, -2.2029595375061035
46, -3.829476833343506, 0.046541884541511536, -2.0401194095611572
47, -3.829476833343506, 0.046541884541511536, -2.0401194095611572
48, -4.0751752853393555, 0.046541884541511536, -1.9939416646957397
49, -4.320873737335205, 0.046541884541511536, -1.9477639198303223
50, -4.320873737335205, 0.046541884541511536, -1.9477639198303223
51, -4.556743621826172, 0.046541884541511536, -2.0306220054626465
52, -4.556743621826172, 0.046541884541511536, -2.0306220054626465
53, -4.556743621826172, 0.046541884541511536, -2.0306220054626465
54, -4.556743621826172, 0.046541884541511536, -2.0306220054626465
55, -4.556743621826172, 0.046541884541511536, -2.0306220054626465
56, -4.556743621826172, 0.046541884541511536, -2.0306220054626465
57, -4.556743621826172, 0.046541884541511536, -2.0306220054626465
58, -4.792613506317139, 0.046541884541511536, -2.1134800910949707
59, -5.0284833908081055, 0.046541884541511536, -2.196338176727295
60, -5.0284833908081055, 0.046541884541511536, -2.196338176727295
61, -5.191323280334473, 0.046541884541511536, -2.3860301971435547
62, -5.191323280334473, 0.046541884541511536, -2.3860301971435547
63, -5.191323280334473, 0.046541884541511536, -2.3860301971435547
64, -5.191323280334473, 0.046541884541511536, -2.3860301971435547
65, -5.191323280334473, 0.046541884541511536, -2.3860301971435547
66, -5.191323280334473, 0.046541884541511536, -2.3860301971435547
67, -5.381015300750732, 0.046541884541511536, -2.2231900691986084
68, -5.381015300750732, 0.046541884541511536, -2.2231900691986084
69, -5.463873386383057, 0.046541884541511536, -1.9873203039169312
70, -5.463873386383057, 0.046541884541511536, -1.9873203039169312
71, -5.463873386383057, 0.046541884541511536, -1.9873203039169312
72, -5.463873386383057, 0.046541884541511536, -1.9873203039169312
73, -5.22800350189209, 0.046541884541511536, -1.9044620990753174
74, -4.992133617401123, 0.046541884541511536, -1.8216040134429932
75, -4.992133617401123, 0.046541884541511536, -1.8216040134429932
76, -4.746435165405273, 0.046541884541511536, -1.867781639099121
77, -4.500736713409424, 0.046541884541511536, -1.913959264755249
78, -4.255038261413574, 0.046541884541511536, -1.960136890411377
79, -4.009339809417725, 0.046541884541511536, -2.006314516067505
80, -3.763641595840454, 0.046541884541511536, -2.052492141723633
81, -3.763641595840454, 0.046541884541511536, -2.052492141723633
82, -3.5739495754241943, 0.046541884541511536, -2.215332269668579
83, -3.5739495754241943, 0.046541884541511536, -2.215332269668579
84, -3.5739495754241943, 0.046541884541511536, -2.215332269668579
85, -3.5739495754241943, 0.046541884541511536, -2.215332269668579
86, -3.5739495754241943, 0.046541884541511536, -2.215332269668579
87, -3.5739495754241943, 0.046541884541511536, -2.215332269668579
88, -3.5739495754241943, 0.046541884541511536, -2.215332269668579
89, -3.763641595840454, 0.046541884541511536, -2.052492141723633
90, -3.763641595840454, 0.046541884541511536, -2.052492141723633
91, -4.009339809417725, 0.046541884541511536, -2.006314516067505
92, -4.255038261413574, 0.046541884541511536, -1.960136890411377
93, -4.500736713409424, 0.046541884541511536, -1.913959264755249
94, -4.746435165405273, 0.046541884541511536, -1.867781639099121
95, -4.992133617401123, 0.046541884541511536, -1.8216040134429932
96, -4.992133617401123, 0.046541884541511536, -1.8216040134429932
97, -5.181825637817383, 0.046541884541511536, -1.6587638854980469
98, -5.371517658233643, 0.046541884541511536, -1.4959237575531006
99, -5.371517658233643, 0.046541884541511536, -1.4959237575531006
100, -5.454375743865967, 0.046541884541511536, -1.2600539922714233
101, -5.537233829498291, 0.046541884541511536, -1.024184226989746
102, -5.620091915130615, 0.046541884541511536, -0.7883144617080688
103, -5.7029500007629395, 0.046541884541511536, -0.5524446964263916
104, -5.7029500007629395, 0.046541884541511536, -0.5524446964263916
105, -5.7029500007629395, 0.046541884541511536, -0.5524446964263916
106, -5.7029500007629395, 0.046541884541511536, -0.5524446964263916
107, -5.7029500007629395, 0.046541884541511536, -0.5524446964263916
108, -5.7029500007629395, 0.046541884541511536, -0.5524446964263916
109, -5.656772613525391, 0.046541884541511536, -0.3067464232444763
110, -5.610594749450684, 0.046541884541511536, -0.061048150062561035
111, -5.564416885375977, 0.046541884541511536, 0.18465012311935425
112, -5.5182390213012695, 0.046541884541511536, 0.43034839630126953
113, -5.4720611572265625, 0.046541884541511536, 0.6760466694831848
114, -5.4258832931518555, 0.046541884541511536, 0.9217449426651001
115, -5.4258832931518555, 0.046541884541511536, 0.9217449426651001
116, -5.4258832931518555, 0.046541884541511536, 0.9217449426651001
117, -5.379705905914307, 0.046541884541511536, 1.1674432754516602
118, -5.379705905914307, 0.046541884541511536, 1.1674432754516602
119, -5.379705905914307, 0.046541884541511536, 1.1674432754516602
120, -5.379705905914307, 0.046541884541511536, 1.1674432754516602
121, -5.379705905914307, 0.046541884541511536, 1.1674432754516602
122, -5.379705905914307, 0.046541884541511536, 1.1674432754516602
123, -5.379705905914307, 0.046541884541511536, 1.1674432754516602
124, -5.379705905914307, 0.046541884541511536, 1.1674432754516602
125, -5.379705905914307, 0.046541884541511536, 1.1674432754516602
126, -5.379705905914307, 0.046541884541511536, 1.1674432754516602
127, -5.379705905914307, 0.046541884541511536, 1.1674432754516602
128, -5.4258832931518555, 0.046541884541511536, 0.9217450618743896
129, -5.4720611572265625, 0.046541884541511536, 0.6760468482971191
130, -5.5182390213012695, 0.046541884541511536, 0.43034860491752625
131, -5.564416885375977, 0.046541884541511536, 0.18465036153793335
132, -5.610594749450684, 0.046541884541511536, -0.061047881841659546
133, -5.656772613525391, 0.046541884541511536, -0.30674612522125244
134, -5.656772613525391, 0.046541884541511536, -0.30674612522125244
135, -5.573914527893066, 0.046541884541511536, -0.5426158905029297
136, -5.491056442260742, 0.046541884541511536, -0.7784856557846069
137, -5.408198356628418, 0.046541884541511536, -1.0143554210662842
138, -5.325340270996094, 0.046541884541511536, -1.2502251863479614
139, -5.2424821853637695, 0.046541884541511536, -1.4860949516296387
140, -5.159624099731445, 0.046541884541511536, -1.721964716911316
141, -5.159624099731445, 0.046541884541511536, -1.721964716911316
142, -4.9699320793151855, 0.046541884541511536, -1.8848048448562622
143, -4.9699320793151855, 0.046541884541511536, -1.8848048448562622
144, -4.724233627319336, 0.046541884541511536, -1.9309824705123901
145, -4.478535175323486, 0.046541884541511536, -1.977160096168518
146, -4.478535175323486, 0.046541884541511536, -1.977160096168518
147, -4.2426652908325195, 0.046541884541511536, -1.8943020105361938
148, -4.2426652908325195, 0.046541884541511536, -1.8943020105361938
149, -3.996967077255249, 0.046541884541511536, -1.9404796361923218
150, -3.7512688636779785, 0.046541884541511536, -1.9866572618484497
151, -3.505570650100708, 0.046541884541511536, -2.032834768295288
152, -3.505570650100708, 0.046541884541511536, -2.032834768295288
153, -3.2697010040283203, 0.046541884541511536, -1.9499766826629639
154, -3.0338313579559326, 0.046541884541511536, -1.8671185970306396
155, -2.797961711883545, 0.046541884541511536, -1.7842605113983154
156, -2.5620920658111572, 0.046541884541511536, -1.7014024257659912
157, -2.3262224197387695, 0.046541884541511536, -1.618544340133667
158, -2.090352773666382, 0.046541884541511536, -1.5356862545013428
159, -1.8544830083847046, 0.046541884541511536, -1.4528281688690186
160, -1.6186132431030273, 0.046541884541511536, -1.3699700832366943
161, -1.38274347782135, 0.046541884541511536, -1.2871119976043701
162, -1.1468737125396729, 0.046541884541511536, -1.204253911972046
163, -0.9110039472579956, 0.046541884541511536, -1.1213958263397217
164, -0.6751341819763184, 0.046541884541511536, -1.0385377407073975
165, -0.4392644464969635, 0.046541884541511536, -0.9556796550750732
166, -0.20339471101760864, 0.046541884541511536, -0.872821569442749
167, 0.032475024461746216, 0.046541884541511536, -0.7899634838104248
168, 0.2683447599411011, 0.046541884541511536, -0.7071053981781006
169, 0.35509151220321655, 0.046541884541511536, -0.6766323447227478
170, 0.35509154200553894, 0.046541884541511536, -0.6766323447227478
171, 0.35509154200553894, 0.046541884541511536, -0.6766323447227478
172, 0.5179316997528076, 0.046541884541511536, -0.4869402348995209
173, 0.5179316997528076, 0.046541884541511536, -0.4869402348995209
174, 0.7538014650344849, 0.046541884541511536, -0.40408214926719666
175, 0.9896712303161621, 0.046541884541511536, -0.32122406363487244
176, 0.9896712303161621, 0.046541884541511536, -0.32122406363487244
177, 1.2353694438934326, 0.046541884541511536, -0.367401659488678
178, 1.4810676574707031, 0.046541884541511536, -0.4135792851448059
179, 1.7267658710479736, 0.046541884541511536, -0.45975691080093384
180, 1.9724640846252441, 0.046541884541511536, -0.5059345364570618
181, 1.9724640846252441, 0.046541884541511536, -0.5059345364570618
182, 1.9724640846252441, 0.046541884541511536, -0.5059345364570618
183, 1.9724640846252441, 0.046541884541511536, -0.5059345364570618
184, 2.162156105041504, 0.046541884541511536, -0.6687746644020081
185, 2.162156105041504, 0.046541884541511536, -0.6687746644020081
186, 2.2002344131469727, 0.046541884541511536, -0.7771711945533752
187, 2.2002344131469727, 0.046541884541511536, -0.7771711945533752
188, 2.2002344131469727, 0.046541884541511536, -0.7771711945533752
189, 2.3899264335632324, 0.046541884541511536, -0.9400113224983215
190, 2.3899264335632324, 0.046541884541511536, -0.9400113224983215
191, 2.4727845191955566, 0.046541884541511536, -1.175881028175354
192, 2.555642604827881, 0.046541884541511536, -1.4117507934570312
193, 2.555642604827881, 0.046541884541511536, -1.4117507934570312
194, 2.509464979171753, 0.046541884541511536, -1.6574490070343018
195, 2.463287353515625, 0.046541884541511536, -1.9031472206115723
196, 2.463287353515625, 0.046541884541511536, -1.9031472206115723
197, 2.546145439147949, 0.046541884541511536, -2.13901686668396
198, 2.546145439147949, 0.046541884541511536, -2.13901686668396
199, 2.735837459564209, 0.046541884541511536, -2.3018569946289062
200, 2.735837459564209, 0.046541884541511536, -2.3018569946289062
201, 2.735837459564209, 0.046541884541511536, -2.3018569946289062
202, 2.735837459564209, 0.046541884541511536, -2.3018569946289062
203, 2.735837459564209, 0.046541884541511536, -2.3018569946289062
204, 2.9255294799804688, 0.046541884541511536, -2.4646971225738525
205, 2.9255294799804688, 0.046541884541511536, -2.4646971225738525
206, 3.008387565612793, 0.046541884541511536, -2.7005667686462402
207, 3.091245651245117, 0.046541884541511536, -2.936436414718628
208, 3.1741037368774414, 0.046541884541511536, -3.1723060607910156
209, 3.2569618225097656, 0.046541884541511536, -3.4081757068634033
210, 3.33981990814209, 0.046541884541511536, -3.644045352935791
211, 3.422677993774414, 0.046541884541511536, -3.8799149990081787
212, 3.5055360794067383, 0.046541884541511536, -4.115784645080566
213, 3.5883941650390625, 0.046541884541511536, -4.351654529571533
214, 3.6712522506713867, 0.046541884541511536, -4.5875244140625
215, 3.6712522506713867, 0.046541884541511536, -4.5875244140625
216, 3.625074625015259, 0.046541884541511536, -4.83322286605835
217, 3.578896999359131, 0.046541884541511536, -5.078921318054199
218, 3.532719373703003, 0.046541884541511536, -5.324619770050049
219, 3.486541748046875, 0.046541884541511536, -5.570318222045898
220, 3.440364122390747, 0.046541884541511536, -5.816016674041748
221, 3.440364122390747, 0.046541884541511536, -5.816016674041748
222, 3.440364122390747, 0.046541884541511536, -5.816016674041748
223, 3.440364122390747, 0.046541884541511536, -5.816016674041748
224, 3.440364122390747, 0.046541884541511536, -5.816016674041748
225, 3.440364122390747, 0.046541884541511536, -5.816016674041748
226, 3.5232222080230713, 0.046541884541511536, -6.051886558532715
227, 3.6060802936553955, 0.046541884541511536, -6.287756443023682
228, 3.6889383792877197, 0.046541884541511536, -6.523626327514648
229, 3.6889383792877197, 0.046541884541511536, -6.523626327514648
230, 3.8786303997039795, 0.046541884541511536, -6.686466217041016
231, 4.068322658538818, 0.046541884541511536, -6.849306106567383
232, 4.258014678955078, 0.046541884541511536, -7.01214599609375
233, 4.447706699371338, 0.046541884541511536, -7.174985885620117
234, 4.637398719787598, 0.046541884541511536, -7.337825775146484
235, 4.637398719787598, 0.046541884541511536, -7.337825775146484
236, 4.720256805419922, 0.08125379681587219, -7.573695659637451
237, 4.803114891052246, 0.12518878281116486, -7.809565544128418
238, 4.88597297668457, 0.16546621918678284, -8.045434951782227
239, 4.9688310623168945, 0.12883485853672028, -8.281304359436035
240, 4.9688310623168945, 0.12883485853672028, -8.281304359436035
241, 4.9226531982421875, 0.05181463062763214, -8.527002334594727
242, 4.8764753341674805, 0.046541884541511536, -8.772700309753418
243, 4.830297470092773, 0.046541884541511536, -9.01839828491211
244, 4.784119606018066, 0.046541884541511536, -9.2640962600708
245, 4.737941741943359, 0.046541884541511536, -9.509794235229492
246, 4.691763877868652, 0.046541884541511536, -9.755492210388184
247, 4.691763877868652, 0.046541884541511536, -9.755492210388184
248, 4.774621963500977, 0.046541884541511536, -9.991361618041992
249, 4.774621963500977, 0.046541884541511536, -9.991361618041992
250, 4.774621963500977, 0.046541884541511536, -9.991361618041992
251, 4.683262825012207, 0.046541884541511536, -10.097785949707031
252, 4.683262825012207, 0.046541884541511536, -10.097785949707031
253, 4.683262825012207, 0.046541884541511536, -10.097785949707031
254, 4.683262825012207, 0.046541884541511536, -10.097785949707031
255, 4.683262825012207, 0.046541884541511536, -10.097785949707031
256, 4.766120910644531, 0.046541884541511536, -10.33365535736084
257, 4.766120910644531, 0.046541884541511536, -10.33365535736084
258, 4.766120910644531, 0.046541884541511536, -10.33365535736084
259, 4.766120910644531, 0.046541884541511536, -10.33365535736084
260, 4.766120910644531, 0.046541884541511536, -10.33365535736084
261, 4.766120910644531, 0.046541884541511536, -10.33365535736084
262, 4.766120910644531, 0.046541884541511536, -10.33365535736084
263, 4.603281021118164, 0.046541884541511536, -10.523347854614258
264, 4.603281021118164, 0.046541884541511536, -10.523347854614258
265, 4.560487747192383, 0.046541884541511536, -10.751036643981934
266, 4.560487747192383, 0.046541884541511536, -10.751036643981934
267, 4.560487747192383, 0.046541884541511536, -10.751036643981934
268, 6.955323219299316, 0.046541884541511536, -2.6519737243652344
