1, 6.6384077072143555, 0.09943583607673645, -1.5895814895629883
2, 6.6384077072143555, 0.09943583607673645, -1.5895814895629883
3, 6.6384077072143555, 0.09943583607673645, -1.5895814895629883
4, 6.6384077072143555, 0.09943583607673645, -1.5895814895629883
5, 6.6384077072143555, 0.09943583607673645, -1.5895814895629883
6, 6.6384077072143555, 0.09943583607673645, -1.5895814895629883
7, 6.6384077072143555, 0.09943583607673645, -1.5895814895629883
8, 6.6384077072143555, 0.09943583607673645, -1.5895814895629883
9, 6.6384077072143555, 0.09943583607673645, -1.5895814895629883
10, 6.6384077072143555, 0.09943583607673645, -1.5895814895629883
11, 6.6384077072143555, 0.09943583607673645, -1.5895814895629883
12, 6.6384077072143555, 0.09943583607673645, -1.5895814895629883
13, 6.6384077072143555, 0.09943583607673645, -1.5895814895629883
14, 6.6384077072143555, 0.09943583607673645, -1.5895814895629883
15, 6.6384077072143555, 0.09943583607673645, -1.5895814895629883
16, 6.6384077072143555, 0.09943583607673645, -1.5895814895629883
17, 6.6384077072143555, 0.09943583607673645, -1.5895814895629883
18, 6.6384077072143555, 0.09943583607673645, -1.5895814895629883
19, 6.3928751945495605, 0.09943583607673645, -1.5425305366516113
20, 6.147342681884766, 0.09943583607673645, -1.4954795837402344
21, 6.147342681884766, 0.09943583607673645, -1.4954795837402344
22, 5.911179542541504, 0.09943583607673645, -1.577498435974121
23, 5.675016403198242, 0.09943583607673645, -1.6595172882080078
24, 5.58504056930542, 0.09943583607673645, -1.690765619277954
25, 5.58504056930542, 0.09943583607673645, -1.690765619277954
26, 5.58504056930542, 0.09943583607673645, -1.690765619277954
27, 5.58504056930542, 0.09943583607673645, -1.690765619277954
28, 5.58504056930542, 0.09943583607673645, -1.690765619277954
29, 5.58504056930542, 0.09943583607673645, -1.690765619277954
30, 5.58504056930542, 0.09943583607673645, -1.690765619277954
31, 5.58504056930542, 0.09943583607673645, -1.690765619277954
32, 5.58504056930542, 0.09943583607673645, -1.690765619277954
33, 5.58504056930542, 0.09943583607673645, -1.690765619277954
34, 5.58504056930542, 0.09943583607673645, -1.690765619277954
35, 5.58504056930542, 0.09943583607673645, -1.690765619277954
36, 5.58504056930542, 0.09943583607673645, -1.690765619277954
37, 5.58504056930542, 0.09943583607673645, -1.690765619277954
38, 5.58504056930542, 0.09943583607673645, -1.690765619277954
39, 5.339508056640625, 0.09943583607673645, -1.6437146663665771
40, 5.339508056640625, 0.09943583607673645, -1.6437146663665771
41, 5.339508056640625, 0.09943583607673645, -1.6437146663665771
42, 5.175994396209717, 0.09943583607673645, -1.8328266143798828
43, 5.175994396209717, 0.09943583607673645, -1.8328266143798828
44, 4.939831733703613, 0.09943583607673645, -1.9148454666137695
45, 4.70366907119751, 0.09943583607673645, -1.9968643188476562
46, 4.70366907119751, 0.09943583607673645, -1.9968643188476562
47, 4.458136558532715, 0.09943583607673645, -1.9498133659362793
48, 4.21260404586792, 0.09943583607673645, -1.9027624130249023
49, 4.21260404586792, 0.09943583607673645, -1.9027624130249023
50, 3.9764411449432373, 0.09943583607673645, -1.984781265258789
51, 3.7402782440185547, 0.09943583607673645, -2.066800117492676
52, 3.504115343093872, 0.09943583607673645, -2.1488189697265625
53, 3.2679524421691895, 0.09943583607673645, -2.230837821960449
54, 3.2679524421691895, 0.09943583607673645, -2.230837821960449
55, 3.2679524421691895, 0.09943583607673645, -2.230837821960449
56, 3.2209014892578125, 0.09943583607673645, -2.476370334625244
57, 3.1738505363464355, 0.09943583607673645, -2.721902847290039
58, 3.1267995834350586, 0.09943583607673645, -2.967435359954834
59, 3.0797486305236816, 0.09943583607673645, -3.212967872619629
60, 20.63605308532715, 0.1888108253479004, 0.16648311913013458
