1, -3.2451257705688477, 3.0721640586853027, 3.2062036991119385
2, -3.2451257705688477, 3.0721640586853027, 3.2062036991119385
3, -3.2451257705688477, 3.0721640586853027, 3.2062036991119385
4, -3.2451257705688477, 3.0721640586853027, 3.2062036991119385
5, -3.2451257705688477, 3.0721640586853027, 3.2062036991119385
6, -3.2451257705688477, 3.0721640586853027, 3.2062036991119385
7, -3.2451257705688477, 3.0721640586853027, 3.2062036991119385
8, -3.2451257705688477, 3.0721640586853027, 3.2062036991119385
9, -3.2451257705688477, 3.0721640586853027, 3.2062036991119385
10, -3.2451257705688477, 3.0721640586853027, 3.2062036991119385
11, -3.2451257705688477, 3.0721640586853027, 3.2062036991119385
12, -3.2451257705688477, 3.0721640586853027, 3.2062036991119385
13, -3.2451257705688477, 3.0721640586853027, 3.2062036991119385
14, -3.49489688873291, 3.0721640586853027, 3.2168984413146973
15, -3.7446680068969727, 3.0721640586853027, 3.227593183517456
16, -3.994439125061035, 3.0721640586853027, 3.238287925720215
17, -4.244210243225098, 3.0721640586853027, 3.2489826679229736
18, -4.49398136138916, 3.0721640586853027, 3.2596774101257324
19, -4.743752479553223, 3.0721640586853027, 3.270372152328491
20, -4.993523597717285, 3.0721640586853027, 3.28106689453125
21, -5.243294715881348, 3.0721640586853027, 3.291761636734009
22, -5.49306583404541, 3.0721640586853027, 3.3024563789367676
23, -5.742836952209473, 3.0721640586853027, 3.3131511211395264
24, -5.992608070373535, 3.0721640586853027, 3.323845863342285
25, -5.992608070373535, 3.0721640586853027, 3.323845863342285
26, -6.214263439178467, 3.0721640586853027, 3.2082221508026123
27, -6.435918807983398, 3.0721640586853027, 3.0925984382629395
28, -6.65757417678833, 3.0721640586853027, 2.9769747257232666
29, -6.879229545593262, 3.0721640586853027, 2.8613510131835938
30, -7.100884914398193, 3.0721640586853027, 2.745727300643921
31, -7.322540283203125, 3.0721640586853027, 2.630103588104248
32, -7.544195652008057, 3.0721640586853027, 2.514479875564575
33, -7.544195652008057, 3.0721640586853027, 2.514479875564575
34, -7.678343296051025, 3.0721640586853027, 2.3035190105438232
35, -7.678343296051025, 3.0721640586853027, 2.3035190105438232
36, -7.678343296051025, 3.0721640586853027, 2.3035190105438232
37, -7.678343296051025, 3.0721640586853027, 2.3035190105438232
38, -7.689038276672363, 3.0721640586853027, 2.0537478923797607
39, -7.699733257293701, 3.0721640586853027, 1.8039767742156982
40, -7.710428237915039, 3.0721640586853027, 1.5542056560516357
41, -7.721123218536377, 3.0721640586853027, 1.3044345378875732
42, -7.731818199157715, 3.0721640586853027, 1.0546634197235107
43, -7.742513179779053, 3.073248863220215, 0.8048923015594482
44, -7.753208160400391, 3.164275884628296, 0.5551211833953857
45, -7.7639031410217285, 3.1463301181793213, 0.30535006523132324
46, -7.774598121643066, 3.1283843517303467, 0.05557893216609955
47, -7.785293102264404, 3.110438346862793, -0.19419220089912415
48, -7.795988082885742, 3.0924925804138184, -0.44396334886550903
49, -7.80668306350708, 3.0745468139648438, -0.6937344670295715
50, -7.80668306350708, 3.0745468139648438, -0.6937344670295715
51, -7.691059589385986, 3.0721640586853027, -0.9153900146484375
52, -7.575436115264893, 3.0721640586853027, -1.1370455026626587
53, -7.575436115264893, 3.0721640586853027, -1.1370455026626587
54, -7.5861310958862305, 3.0721640586853027, -1.3868166208267212
55, -7.596826076507568, 3.0721640586853027, -1.6365877389907837
56, -7.596826076507568, 3.0721640586853027, -1.6365877389907837
57, -7.596826076507568, 3.0721640586853027, -1.6365877389907837
58, -7.596826076507568, 3.0721640586853027, -1.6365877389907837
59, -7.596826076507568, 3.0721640586853027, -1.6365877389907837
60, -7.596826076507568, 3.0721640586853027, -1.6365877389907837
61, -7.596826076507568, 3.0721640586853027, -1.6365877389907837
62, -7.5861310958862305, 3.0721640586853027, -1.3868166208267212
63, -7.575436115264893, 3.0721640586853027, -1.1370455026626587
64, -7.575436115264893, 3.0721640586853027, -1.1370455026626587
65, -7.691059589385986, 3.0721640586853027, -0.915389895439148
66, -7.691059589385986, 3.0721640586853027, -0.915389895439148
67, -7.680364608764648, 3.0721640586853027, -0.6656187772750854
68, -7.6696696281433105, 3.0721640586853027, -0.41584762930870056
69, -7.658974647521973, 3.0721640586853027, -0.16607648134231567
70, -7.648279666900635, 3.089890956878662, 0.08369466662406921
71, -7.637584686279297, 3.107836961746216, 0.3334658145904541
72, -7.626889705657959, 3.1257827281951904, 0.5832369327545166
73, -7.616194725036621, 3.0721640586853027, 0.8330080509185791
74, -7.605499744415283, 3.0721640586853027, 1.0827791690826416
75, -7.594804763793945, 3.0721640586853027, 1.332550287246704
76, -7.584109783172607, 3.0721640586853027, 1.5823214054107666
77, -7.584109783172607, 3.0721640586853027, 1.5823214054107666
78, -7.699733257293701, 3.0721640586853027, 1.8039770126342773
79, -7.699733257293701, 3.0721640586853027, 1.8039770126342773
80, -7.689038276672363, 3.0721640586853027, 2.05374813079834
81, -7.678343296051025, 3.0721640586853027, 2.3035192489624023
82, -7.678343296051025, 3.0721640586853027, 2.3035192489624023
83, -7.544195652008057, 3.0721640586853027, 2.5144801139831543
84, -7.410048007965088, 3.0721640586853027, 2.7254409790039062
85, -7.410048007965088, 3.0721640586853027, 2.7254409790039062
86, -7.188392639160156, 3.0721640586853027, 2.841064691543579
87, -6.966737270355225, 3.0721640586853027, 2.956688404083252
88, -6.745081901550293, 3.0721640586853027, 3.072312116622925
89, -6.745081901550293, 3.0721640586853027, 3.072312116622925
90, -6.4953107833862305, 3.0721640586853027, 3.061617374420166
91, -6.245539665222168, 3.0721640586853027, 3.0509226322174072
92, -5.9957685470581055, 3.0721640586853027, 3.0402278900146484
93, -5.745997428894043, 3.0721640586853027, 3.0295331478118896
94, -5.4962263107299805, 3.0721640586853027, 3.018838405609131
95, -5.4962263107299805, 3.0721640586853027, 3.018838405609131
96, -5.2852654457092285, 3.0721640586853027, 2.884690999984741
97, -5.074304580688477, 3.0721640586853027, 2.7505435943603516
98, -4.863343715667725, 3.0721640586853027, 2.616396188735962
99, -4.652382850646973, 3.0721640586853027, 2.4822487831115723
100, -4.441421985626221, 3.0721640586853027, 2.3481013774871826
101, -4.230461120605469, 3.0721640586853027, 2.213953971862793
102, -4.230461120605469, 3.0721640586853027, 2.213953971862793
103, -4.114837646484375, 3.0721640586853027, 1.9922984838485718
104, -3.999213933944702, 3.0721640586853027, 1.7706429958343506
105, -3.999213933944702, 3.0721640586853027, 1.7706429958343506
106, -4.009908676147461, 3.0721640586853027, 1.520871877670288
107, -4.009908676147461, 3.0721640586853027, 1.520871877670288
108, -4.14405632019043, 3.0721640586853027, 1.3099111318588257
109, -4.278203964233398, 3.0721640586853027, 1.0989503860473633
110, -4.278203964233398, 3.0721640586853027, 1.0989503860473633
111, -4.49985933303833, 3.0721640586853027, 0.9833267331123352
112, -4.49985933303833, 3.0721640586853027, 0.9833267331123352
113, -4.49985933303833, 3.0721640586853027, 0.9833267331123352
114, -4.49985933303833, 3.0721640586853027, 0.9833267331123352
115, -4.634006977081299, 3.0721640586853027, 0.772365927696228
116, -4.768154621124268, 3.0721640586853027, 0.5614051818847656
117, -4.768154621124268, 3.0721640586853027, 0.5614051818847656
118, -4.768154621124268, 3.0721640586853027, 0.5614051818847656
119, -4.768154621124268, 3.0721640586853027, 0.5614051818847656
120, -4.768154621124268, 3.0721640586853027, 0.5614051818847656
121, -4.768154621124268, 3.0721640586853027, 0.5614051818847656
122, -4.768154621124268, 3.0721640586853027, 0.5614051818847656
123, -4.634006977081299, 3.0721640586853027, 0.7723660469055176
124, -4.634006977081299, 3.0721640586853027, 0.7723660469055176
125, -4.412351608276367, 3.0721640586853027, 0.8879897594451904
126, -4.412351608276367, 3.0721640586853027, 0.8879897594451904
127, -4.278203964233398, 3.0721640586853027, 1.0989506244659424
128, -4.278203964233398, 3.0721640586853027, 1.0989506244659424
129, -4.056548595428467, 3.0721640586853027, 1.2145743370056152
130, -4.056548595428467, 3.0721640586853027, 1.2145743370056152
131, -3.922401189804077, 3.0721640586853027, 1.4255352020263672
132, -3.922401189804077, 3.0721640586853027, 1.4255352020263672
133, -3.9117064476013184, 3.0721640586853027, 1.6753064393997192
134, -3.9117064476013184, 3.0721640586853027, 1.6753064393997192
135, -4.027329921722412, 3.0721640586853027, 1.89696204662323
136, -4.142953395843506, 3.0721640586853027, 2.118617534637451
137, -4.2585768699646, 3.0721640586853027, 2.340273141860962
138, -4.2585768699646, 3.0721640586853027, 2.340273141860962
139, -4.469537734985352, 3.0721640586853027, 2.4744205474853516
140, -4.6804986000061035, 3.0721640586853027, 2.608567953109741
141, -4.8914594650268555, 3.0721640586853027, 2.742715358734131
142, -5.102420330047607, 3.0721640586853027, 2.8768627643585205
143, -5.313381195068359, 3.0721640586853027, 3.01101016998291
144, -5.313381195068359, 3.0721640586853027, 3.01101016998291
145, -5.563152313232422, 3.0721640586853027, 3.021704912185669
146, -5.812923431396484, 3.0721640586853027, 3.0323996543884277
147, -6.062694549560547, 3.0721640586853027, 3.0430943965911865
148, -6.312465667724609, 3.0721640586853027, 3.0537891387939453
149, -6.312465667724609, 3.0721640586853027, 3.0537891387939453
150, -6.312465667724609, 3.0721640586853027, 3.0537891387939453
151, -6.428089141845703, 3.0721640586853027, 3.275444746017456
152, -6.543712615966797, 3.0721640586853027, 3.497100353240967
153, -6.659336090087891, 3.0721640586853027, 3.7187559604644775
154, -6.774959564208984, 3.0721640586853027, 3.9404115676879883
155, -6.890583038330078, 3.0721640586853027, 4.16206693649292
156, -7.006206512451172, 3.0721640586853027, 4.383722305297852
157, -7.006206512451172, 3.0721640586853027, 4.383722305297852
158, -7.217167377471924, 3.0721640586853027, 4.51786994934082
159, -7.428128242492676, 3.0721640586853027, 4.652017593383789
160, -7.428128242492676, 3.0721640586853027, 4.652017593383789
161, -7.428128242492676, 3.0721640586853027, 4.652017593383789
162, -7.428128242492676, 3.0721640586853027, 4.652017593383789
163, -7.5622758865356445, 3.0721640586853027, 4.441056728363037
164, -7.5622758865356445, 3.0721640586853027, 4.441056728363037
165, -7.572970390319824, 3.0721640586853027, 4.191285610198975
166, -7.583664894104004, 3.0721640586853027, 3.941514492034912
167, -7.594359397888184, 3.0721640586853027, 3.6917433738708496
168, -7.605053901672363, 3.0721640586853027, 3.441972255706787
169, -7.615748405456543, 3.0721640586853027, 3.1922011375427246
170, -7.626442909240723, 3.0721640586853027, 2.942430019378662
171, -7.626442909240723, 3.0721640586853027, 2.942430019378662
172, -7.626442909240723, 3.0721640586853027, 2.942430019378662
173, -7.626442909240723, 3.0721640586853027, 2.942430019378662
174, -7.37667179107666, 3.0721640586853027, 2.9317352771759033
175, -7.126900672912598, 3.0721640586853027, 2.9210405349731445
176, -6.877129554748535, 3.0721640586853027, 2.9103457927703857
177, -6.627358436584473, 3.0721640586853027, 2.899651050567627
178, -6.627358436584473, 3.0721640586853027, 2.899651050567627
179, -6.405703067779541, 3.0721640586853027, 3.0152747631073
180, -6.405703067779541, 3.0721640586853027, 3.0152747631073
181, -6.1559319496154785, 3.0721640586853027, 3.004580020904541
182, -5.906160831451416, 3.0721640586853027, 2.9938852787017822
183, -5.6563897132873535, 3.0721640586853027, 2.9831905364990234
184, -5.406618595123291, 3.0721640586853027, 2.9724957942962646
185, -5.406618595123291, 3.0721640586853027, 2.9724957942962646
186, -5.195657730102539, 3.0721640586853027, 2.838348388671875
187, -4.984696865081787, 3.0721640586853027, 2.7042009830474854
188, -4.773736000061035, 3.0721640586853027, 2.5700535774230957
189, -4.562775135040283, 3.0721640586853027, 2.435906171798706
190, -4.351814270019531, 3.0721640586853027, 2.3017587661743164
191, -4.140853404998779, 3.0721640586853027, 2.1676113605499268
192, -4.140853404998779, 3.0721640586853027, 2.1676113605499268
193, -4.140853404998779, 3.0721640586853027, 2.1676113605499268
194, -4.140853404998779, 3.0721640586853027, 2.1676113605499268
195, -4.0252299308776855, 3.0721640586853027, 1.9459558725357056
196, -3.9096062183380127, 3.0721640586853027, 1.7243003845214844
197, -3.9096062183380127, 3.0721640586853027, 1.7243003845214844
198, -3.9203009605407715, 3.0721640586853027, 1.4745292663574219
199, -3.9203009605407715, 3.0721640586853027, 1.4745292663574219
200, -4.05444860458374, 3.0721640586853027, 1.26356840133667
201, -4.188596248626709, 3.0721640586853027, 1.052607536315918
202, -4.322743892669678, 3.0721640586853027, 0.8416467308998108
203, -4.4568915367126465, 3.0721640586853027, 0.6306859254837036
204, -4.591039180755615, 3.0721640586853027, 0.41972512006759644
205, -4.591039180755615, 3.0721640586853027, 0.41972512006759644
206, -4.812694549560547, 3.0721640586853027, 0.3041014075279236
207, -5.0343499183654785, 3.0721640586853027, 0.18847770988941193
208, -5.25600528717041, 3.0721640586853027, 0.07285401225090027
209, -5.25600528717041, 3.0721640586853027, 0.07285401225090027
210, -5.505776405334473, 3.0721640586853027, 0.08354872465133667
211, -5.505776405334473, 3.0721640586853027, 0.08354872465133667
212, -5.505776405334473, 3.0721640586853027, 0.08354872465133667
213, -5.505776405334473, 3.0721640586853027, 0.08354872465133667
214, -5.505776405334473, 3.0721640586853027, 0.08354872465133667
215, -5.505776405334473, 3.0721640586853027, 0.08354872465133667
216, -5.505776405334473, 3.0721640586853027, 0.08354872465133667
217, -5.25600528717041, 3.0721640586853027, 0.07285405695438385
218, -5.25600528717041, 3.0721640586853027, 0.07285405695438385
219, -5.045044422149658, 3.0721640586853027, -0.061293378472328186
220, -5.045044422149658, 3.0721640586853027, -0.061293378472328186
221, -5.045044422149658, 3.0721640586853027, -0.061293378472328186
222, -5.045044422149658, 3.0721640586853027, -0.061293378472328186
223, -5.045044422149658, 3.0721640586853027, -0.061293378472328186
224, -5.045044422149658, 3.0721640586853027, -0.061293378472328186
225, -5.045044422149658, 3.0721640586853027, -0.061293378472328186
226, -5.045044422149658, 3.0721640586853027, -0.061293378472328186
227, -5.045044422149658, 3.0721640586853027, -0.061293378472328186
228, -5.045044422149658, 3.0721640586853027, -0.061293378472328186
229, -4.9108967781066895, 3.0721640586853027, 0.14966745674610138
230, -4.776749134063721, 3.0721640586853027, 0.36062830686569214
231, -4.776749134063721, 3.0721640586853027, 0.36062830686569214
232, -4.776749134063721, 3.0721640586853027, 0.36062830686569214
233, -4.642601490020752, 3.0721640586853027, 0.5715891122817993
234, -4.642601490020752, 3.0721640586853027, 0.5715891122817993
235, -4.42094612121582, 3.0721640586853027, 0.6872128248214722
236, -4.199290752410889, 3.0721640586853027, 0.802836537361145
237, -4.199290752410889, 3.0721640586853027, 0.802836537361145
238, -3.949519634246826, 3.0721640586853027, 0.792141854763031
239, -3.6997485160827637, 3.0721640586853027, 0.781447172164917
240, -3.449977397918701, 3.0721640586853027, 0.770752489566803
241, -3.2002062797546387, 3.0721640586853027, 0.760057806968689
242, -7.881044387817383, 3.0995137691497803, -0.8384963274002075
