1, -16.259653091430664, 2.8048131465911865, -1.212707281112671
2, -16.259653091430664, 2.8048131465911865, -1.212707281112671
3, -16.259653091430664, 2.8048131465911865, -1.212707281112671
4, -16.259653091430664, 2.8048131465911865, -1.212707281112671
5, -16.259653091430664, 2.8048131465911865, -1.212707281112671
6, -16.259653091430664, 2.8048131465911865, -1.212707281112671
7, -16.259653091430664, 2.8048131465911865, -1.212707281112671
8, -16.259653091430664, 2.8048131465911865, -1.212707281112671
9, -16.259653091430664, 2.8048131465911865, -1.212707281112671
10, -16.259653091430664, 2.8048131465911865, -1.212707281112671
11, -16.259653091430664, 2.8048131465911865, -1.212707281112671
12, -16.259653091430664, 2.8048131465911865, -1.212707281112671
13, -16.259653091430664, 2.8048131465911865, -1.212707281112671
14, -16.259653091430664, 2.8048131465911865, -1.212707281112671
15, -16.259653091430664, 2.8048131465911865, -1.212707281112671
16, -16.259653091430664, 2.8048131465911865, -1.212707281112671
17, -16.259653091430664, 2.8048131465911865, -1.212707281112671
18, -16.310070037841797, 2.8620848655700684, -1.4575706720352173
19, -16.36048698425293, 2.947683334350586, -1.7024340629577637
20, -16.410903930664062, 3.0332815647125244, -1.94729745388031
21, -16.461320877075195, 3.1119823455810547, -2.1921608448028564
22, -16.461320877075195, 3.1119823455810547, -2.1921608448028564
23, -16.382553100585938, 3.078979730606079, -2.4294276237487793
24, -16.30378532409668, 3.0459768772125244, -2.666694402694702
25, -16.225017547607422, 3.012974262237549, -2.903961181640625
26, -16.225017547607422, 3.012974262237549, -2.903961181640625
27, -16.275434494018555, 3.022472620010376, -3.148824453353882
28, -16.325851440429688, 3.031970739364624, -3.3936877250671387
29, -16.325851440429688, 3.031970739364624, -3.3936877250671387
30, -16.325851440429688, 3.031970739364624, -3.3936877250671387
31, -16.325851440429688, 3.031970739364624, -3.3936877250671387
32, -16.325851440429688, 3.031970739364624, -3.3936877250671387
33, -16.325851440429688, 3.031970739364624, -3.3936877250671387
34, -16.325851440429688, 3.031970739364624, -3.3936877250671387
35, -16.325851440429688, 3.031970739364624, -3.3936877250671387
36, -16.325851440429688, 3.031970739364624, -3.3936877250671387
37, -16.139001846313477, 2.9653091430664062, -3.5597822666168213
38, -16.139001846313477, 2.9653091430664062, -3.5597822666168213
39, -16.060232162475586, 2.9323058128356934, -3.797049045562744
40, -15.981463432312012, 2.8993027210235596, -4.034315586090088
41, -15.981463432312012, 2.8993027210235596, -4.034315586090088
42, -16.03188133239746, 2.908801317214966, -4.279179096221924
43, -16.082298278808594, 2.915958881378174, -4.52404260635376
44, -16.082298278808594, 2.915958881378174, -4.52404260635376
45, -16.082298278808594, 2.915958881378174, -4.52404260635376
46, -16.082298278808594, 2.915958881378174, -4.52404260635376
47, -16.082298278808594, 2.915958881378174, -4.52404260635376
48, -16.082298278808594, 2.915958881378174, -4.52404260635376
49, -16.082298278808594, 2.915958881378174, -4.52404260635376
50, -16.03188133239746, 2.908801317214966, -4.279179096221924
51, -15.981463432312012, 2.8993027210235596, -4.034315586090088
52, -15.981463432312012, 2.8993027210235596, -4.034315586090088
53, -15.981463432312012, 2.8993027210235596, -4.034315586090088
54, -15.981463432312012, 2.8993027210235596, -4.034315586090088
55, -15.981463432312012, 2.8993027210235596, -4.034315586090088
56, -15.981463432312012, 2.8993027210235596, -4.034315586090088
57, -15.902694702148438, 2.866299629211426, -4.271582126617432
58, -15.823925971984863, 2.833296537399292, -4.508848667144775
59, -15.823925971984863, 2.833296537399292, -4.508848667144775
60, -15.874343872070312, 2.8427951335906982, -4.753712177276611
61, -15.874343872070312, 2.8427951335906982, -4.753712177276611
62, -16.040437698364258, 2.8590683937072754, -4.940561294555664
63, -16.040437698364258, 2.8590683937072754, -4.940561294555664
64, -16.040437698364258, 2.8590683937072754, -4.940561294555664
65, -16.040437698364258, 2.8590683937072754, -4.940561294555664
66, -16.040437698364258, 2.8590683937072754, -4.940561294555664
67, -16.040437698364258, 2.8590683937072754, -4.940561294555664
68, -16.040437698364258, 2.8590683937072754, -4.940561294555664
69, -16.040437698364258, 2.8590683937072754, -4.940561294555664
70, -16.040437698364258, 2.8590683937072754, -4.940561294555664
71, -16.040437698364258, 2.8590683937072754, -4.940561294555664
72, -16.040437698364258, 2.8590683937072754, -4.940561294555664
73, -16.040437698364258, 2.8590683937072754, -4.940561294555664
74, -15.853588104248047, 2.8255882263183594, -5.106656074523926
75, -15.853588104248047, 2.8255882263183594, -5.106656074523926
76, -15.774819374084473, 2.8048131465911865, -5.3439226150512695
77, -15.774819374084473, 2.8048131465911865, -5.3439226150512695
78, -15.587969779968262, 2.8048131465911865, -5.510016918182373
79, -15.561155319213867, 2.8048131465911865, -5.533853530883789
80, -15.561155319213867, 2.8048131465911865, -5.533853530883789
81, -15.561155319213867, 2.8048131465911865, -5.533853530883789
82, -15.561155319213867, 2.8048131465911865, -5.533854007720947
83, -15.561155319213867, 2.8048131465911865, -5.533854007720947
84, -15.561155319213867, 2.8048131465911865, -5.533854007720947
85, -15.561155319213867, 2.8048131465911865, -5.533853530883789
86, -15.561155319213867, 2.8048131465911865, -5.533853530883789
87, -15.561155319213867, 2.8048131465911865, -5.533853054046631
88, -15.561155319213867, 2.8048131465911865, -5.533853054046631
89, -15.561155319213867, 2.8048131465911865, -5.533853054046631
90, -15.561155319213867, 2.8048131465911865, -5.533853054046631
91, -15.561155319213867, 2.8048131465911865, -5.533854007720947
92, -15.561155319213867, 2.8048131465911865, -5.533854007720947
93, -15.592850685119629, 2.8048131465911865, -5.6877875328063965
94, -15.592850685119629, 2.8048131465911865, -5.6877875328063965
95, -15.592850685119629, 2.8048131465911865, -5.6877875328063965
96, -15.592850685119629, 2.8048131465911865, -5.6877875328063965
97, -15.592850685119629, 2.8048131465911865, -5.6877875328063965
98, -15.592850685119629, 2.8048131465911865, -5.6877875328063965
99, -15.592850685119629, 2.8048131465911865, -5.6877875328063965
100, -15.456512451171875, 2.8048131465911865, -5.6425251960754395
101, -15.456512451171875, 2.8048131465911865, -5.6425251960754395
102, -15.456512451171875, 2.8048131465911865, -5.6425251960754395
103, -15.456512451171875, 2.8048131465911865, -5.6425251960754395
104, -15.456511497497559, 2.8048131465911865, -5.642526149749756
105, -15.456511497497559, 2.8048131465911865, -5.642526149749756
106, -15.441485404968262, 2.8048131465911865, -5.6877875328063965
107, -15.441485404968262, 2.8048131465911865, -5.6877875328063965
108, -15.441485404968262, 2.8048131465911865, -5.6877875328063965
109, -15.441485404968262, 2.8048131465911865, -5.6877875328063965
110, -15.441485404968262, 2.8048131465911865, -5.6877875328063965
111, -15.441485404968262, 2.8048131465911865, -5.6877875328063965
112, -15.441485404968262, 2.8048131465911865, -5.6877875328063965
113, -15.441485404968262, 2.8048131465911865, -5.6877875328063965
114, -15.41878604888916, 2.8048131465911865, -5.680251598358154
115, -15.41878604888916, 2.8048131465911865, -5.680251598358154
116, -15.41878604888916, 2.8048131465911865, -5.680251598358154
117, -15.41878604888916, 2.8048131465911865, -5.680251598358154
118, -15.41878604888916, 2.8048131465911865, -5.680251598358154
119, -15.416284561157227, 2.8048131465911865, -5.6877875328063965
120, -15.416284561157227, 2.8048131465911865, -5.6877875328063965
121, -15.416284561157227, 2.8048131465911865, -5.6877875328063965
122, -15.416284561157227, 2.8048131465911865, -5.6877875328063965
123, -15.416284561157227, 2.8048131465911865, -5.6877875328063965
124, -15.416284561157227, 2.8048131465911865, -5.6877875328063965
125, -15.416284561157227, 2.8048131465911865, -5.6877875328063965
126, -15.416284561157227, 2.8048131465911865, -5.6877875328063965
127, -15.416284561157227, 2.8048131465911865, -5.6877875328063965
128, -15.416284561157227, 2.8048131465911865, -5.6877875328063965
129, -15.416284561157227, 2.8048131465911865, -5.6877875328063965
130, -15.412505149841309, 2.8048131465911865, -5.686532974243164
131, -15.412505149841309, 2.8048131465911865, -5.686532974243164
132, -15.412505149841309, 2.8048131465911865, -5.686532497406006
133, -15.412505149841309, 2.8048131465911865, -5.686532497406006
134, -15.412505149841309, 2.8048131465911865, -5.686532497406006
135, -15.412505149841309, 2.8048131465911865, -5.686532497406006
136, -15.412505149841309, 2.8048131465911865, -5.686532497406006
137, -15.59935474395752, 2.8048131465911865, -5.520438194274902
138, -15.78620433807373, 2.8048131465911865, -5.354343891143799
139, -15.78620433807373, 2.8048131465911865, -5.354343891143799
140, -15.78620433807373, 2.8048131465911865, -5.354343891143799
141, -15.78620433807373, 2.8048131465911865, -5.354343891143799
142, -15.78620433807373, 2.8048131465911865, -5.354343891143799
143, -15.78620433807373, 2.8048131465911865, -5.354343891143799
144, -15.78620433807373, 2.8048131465911865, -5.354343891143799
145, -15.59935474395752, 2.8048131465911865, -5.520438194274902
146, -15.59935474395752, 2.8048131465911865, -5.520438194274902
147, -15.59935474395752, 2.8048131465911865, -5.520438194274902
148, -15.543797492980957, 2.8048131465911865, -5.6877875328063965
149, -15.543797492980957, 2.8048131465911865, -5.6877875328063965
150, -15.543797492980957, 2.8048131465911865, -5.6877875328063965
151, -15.543797492980957, 2.8048131465911865, -5.6877875328063965
152, -15.543797492980957, 2.8048131465911865, -5.6877875328063965
153, -15.444286346435547, 2.8048131465911865, -5.654751300811768
154, -15.444286346435547, 2.8048131465911865, -5.654751300811768
155, -15.444286346435547, 2.8048131465911865, -5.654751300811768
156, -15.444286346435547, 2.8048131465911865, -5.654751300811768
157, -15.44428539276123, 2.8048131465911865, -5.654752254486084
158, -15.44428539276123, 2.8048131465911865, -5.654752254486084
159, -15.433318138122559, 2.8048131465911865, -5.6877875328063965
160, -15.433318138122559, 2.8048131465911865, -5.6877875328063965
161, -15.433318138122559, 2.8048131465911865, -5.6877875328063965
162, -15.433318138122559, 2.8048131465911865, -5.6877875328063965
163, -15.433318138122559, 2.8048131465911865, -5.6877875328063965
164, -15.433318138122559, 2.8048131465911865, -5.6877875328063965
165, -15.433318138122559, 2.8048131465911865, -5.6877875328063965
166, -15.433318138122559, 2.8048131465911865, -5.6877875328063965
167, -15.416749954223633, 2.8048131465911865, -5.682287216186523
168, -15.416749954223633, 2.8048131465911865, -5.682287216186523
169, -15.416749954223633, 2.8048131465911865, -5.682287216186523
170, -15.416749954223633, 2.8048131465911865, -5.682287216186523
171, -15.416749954223633, 2.8048131465911865, -5.682287216186523
172, -15.416749954223633, 2.8048131465911865, -5.682287216186523
173, -15.416749954223633, 2.8048131465911865, -5.682287216186523
174, -15.416749954223633, 2.8048131465911865, -5.682287216186523
175, -15.414923667907715, 2.8048131465911865, -5.6877875328063965
176, -15.414923667907715, 2.8048131465911865, -5.6877875328063965
177, -15.414923667907715, 2.8048131465911865, -5.6877875328063965
178, -15.414923667907715, 2.8048131465911865, -5.6877875328063965
179, -15.414923667907715, 2.8048131465911865, -5.6877875328063965
180, -15.414923667907715, 2.8048131465911865, -5.6877875328063965
181, -15.414923667907715, 2.8048131465911865, -5.6877875328063965
182, -15.414923667907715, 2.8048131465911865, -5.6877875328063965
183, -15.414923667907715, 2.8048131465911865, -5.6877875328063965
184, -15.414923667907715, 2.8048131465911865, -5.6877875328063965
185, -15.414923667907715, 2.8048131465911865, -5.6877875328063965
186, -15.414923667907715, 2.8048131465911865, -5.6877875328063965
187, -15.412165641784668, 2.8048131465911865, -5.6868720054626465
188, -15.412165641784668, 2.8048131465911865, -5.6868720054626465
189, -15.412165641784668, 2.8048131465911865, -5.6868720054626465
190, -15.412165641784668, 2.8048131465911865, -5.6868720054626465
191, -15.412165641784668, 2.8048131465911865, -5.6868720054626465
192, -15.412165641784668, 2.8048131465911865, -5.6868720054626465
193, -15.412165641784668, 2.8048131465911865, -5.6868720054626465
194, -15.599015235900879, 2.8048131465911865, -5.520777702331543
195, -15.78586483001709, 2.8048131465911865, -5.3546833992004395
196, -15.78586483001709, 2.8048131465911865, -5.3546833992004395
197, -15.78586483001709, 2.8048131465911865, -5.3546833992004395
198, -15.735447883605957, 2.8048131465911865, -5.1098198890686035
199, -15.735447883605957, 2.8048131465911865, -5.1098198890686035
200, -15.735447883605957, 2.8048131465911865, -5.1098198890686035
201, -15.735447883605957, 2.8048131465911865, -5.1098198890686035
202, -15.735447883605957, 2.8048131465911865, -5.1098198890686035
203, -15.735447883605957, 2.8048131465911865, -5.1098198890686035
204, -15.656679153442383, 2.8048131465911865, -5.347086429595947
205, -15.577910423278809, 2.8048131465911865, -5.584352970123291
206, -15.577910423278809, 2.8048131465911865, -5.584352970123291
207, -15.46155071258545, 2.8048131465911865, -5.6877875328063965
208, -15.46155071258545, 2.8048131465911865, -5.6877875328063965
209, -15.46155071258545, 2.8048131465911865, -5.6877875328063965
210, -15.46155071258545, 2.8048131465911865, -5.6877875328063965
211, -15.46155071258545, 2.8048131465911865, -5.6877875328063965
212, -15.46155071258545, 2.8048131465911865, -5.6877875328063965
213, -15.46155071258545, 2.8048131465911865, -5.6877875328063965
214, -15.46155071258545, 2.8048131465911865, -5.6877875328063965
215, -15.46155071258545, 2.8048131465911865, -5.6877875328063965
216, -15.46155071258545, 2.8048131465911865, -5.6877875328063965
217, -15.46155071258545, 2.8048131465911865, -5.6877875328063965
218, -15.423787117004395, 2.8048131465911865, -5.67525053024292
219, -15.423787117004395, 2.8048131465911865, -5.67525053024292
220, -15.423787117004395, 2.8048131465911865, -5.67525053024292
221, -15.423787117004395, 2.8048131465911865, -5.67525053024292
222, -15.423787117004395, 2.8048131465911865, -5.675251007080078
223, -15.423787117004395, 2.8048131465911865, -5.675251007080078
224, -15.419625282287598, 2.8048131465911865, -5.6877875328063965
225, -15.419625282287598, 2.8048131465911865, -5.6877875328063965
226, -15.419625282287598, 2.8048131465911865, -5.6877875328063965
227, -15.419625282287598, 2.8048131465911865, -5.6877875328063965
228, -15.419625282287598, 2.8048131465911865, -5.6877875328063965
229, -15.419625282287598, 2.8048131465911865, -5.6877875328063965
230, -15.419625282287598, 2.8048131465911865, -5.6877875328063965
231, -15.419625282287598, 2.8048131465911865, -5.6877875328063965
232, -15.419625282287598, 2.8048131465911865, -5.6877875328063965
233, -15.419625282287598, 2.8048131465911865, -5.6877875328063965
234, -15.419625282287598, 2.8048131465911865, -5.6877875328063965
235, -15.413337707519531, 2.8048131465911865, -5.685699939727783
236, -15.413337707519531, 2.8048131465911865, -5.685699939727783
237, -15.413337707519531, 2.8048131465911865, -5.685699939727783
238, -15.413337707519531, 2.8048131465911865, -5.685699939727783
239, -15.413337707519531, 2.8048131465911865, -5.685699939727783
240, -15.413337707519531, 2.8048131465911865, -5.685699939727783
241, -15.413337707519531, 2.8048131465911865, -5.685699939727783
242, -15.600187301635742, 2.8048131465911865, -5.51960563659668
243, -15.787036895751953, 2.8048131465911865, -5.353511333465576
244, -15.787036895751953, 2.8048131465911865, -5.353511333465576
245, -15.865805625915527, 2.829347848892212, -5.116244792938232
246, -15.944574356079102, 2.8623509407043457, -4.878978252410889
247, -15.944574356079102, 2.8623509407043457, -4.878978252410889
248, -15.944574356079102, 2.8623509407043457, -4.878978252410889
249, -15.944574356079102, 2.8623509407043457, -4.878978252410889
250, -15.944574356079102, 2.8623509407043457, -4.878978252410889
251, -15.944574356079102, 2.8623509407043457, -4.878978252410889
252, -15.944574356079102, 2.8623509407043457, -4.878978252410889
253, -15.865805625915527, 2.829347848892212, -5.116244792938232
254, -15.865805625915527, 2.829347848892212, -5.116244792938232
255, -15.678956031799316, 2.8048131465911865, -5.282339096069336
256, -15.678956031799316, 2.8048131465911865, -5.282339096069336
257, -15.600187301635742, 2.8048131465911865, -5.51960563659668
258, -15.600187301635742, 2.8048131465911865, -5.51960563659668
259, -15.600187301635742, 2.8048131465911865, -5.51960563659668
260, -15.600187301635742, 2.8048131465911865, -5.51960563659668
261, -15.544353485107422, 2.8048131465911865, -5.6877875328063965
262, -15.544353485107422, 2.8048131465911865, -5.6877875328063965
263, -15.544353485107422, 2.8048131465911865, -5.6877875328063965
264, -15.544353485107422, 2.8048131465911865, -5.6877875328063965
265, -15.544353485107422, 2.8048131465911865, -5.6877875328063965
266, -15.544353485107422, 2.8048131465911865, -5.6877875328063965
267, -15.444424629211426, 2.8048131465911865, -5.6546125411987305
268, -15.444424629211426, 2.8048131465911865, -5.6546125411987305
269, -15.444424629211426, 2.8048131465911865, -5.6546125411987305
270, -15.444424629211426, 2.8048131465911865, -5.6546125411987305
271, -15.444424629211426, 2.8048131465911865, -5.6546125411987305
272, -15.444424629211426, 2.8048131465911865, -5.6546125411987305
273, -15.43341064453125, 2.8048131465911865, -5.6877875328063965
274, -15.43341064453125, 2.8048131465911865, -5.6877875328063965
275, -15.43341064453125, 2.8048131465911865, -5.6877875328063965
276, -15.43341064453125, 2.8048131465911865, -5.6877875328063965
277, -15.43341064453125, 2.8048131465911865, -5.6877875328063965
278, -15.43341064453125, 2.8048131465911865, -5.6877875328063965
279, -15.43341064453125, 2.8048131465911865, -5.6877875328063965
280, -15.43341064453125, 2.8048131465911865, -5.6877875328063965
281, -15.416773796081543, 2.8048131465911865, -5.68226432800293
282, -15.416773796081543, 2.8048131465911865, -5.68226432800293
283, -15.416773796081543, 2.8048131465911865, -5.6822638511657715
284, -15.416773796081543, 2.8048131465911865, -5.6822638511657715
285, -15.416773796081543, 2.8048131465911865, -5.6822638511657715
286, -15.416773796081543, 2.8048131465911865, -5.6822638511657715
287, -15.416773796081543, 2.8048131465911865, -5.6822638511657715
288, -15.603623390197754, 2.8048131465911865, -5.516169548034668
289, -15.790472984313965, 2.8048131465911865, -5.3500752449035645
290, -15.790472984313965, 2.8048131465911865, -5.3500752449035645
291, -15.869241714477539, 2.830584764480591, -5.112808704376221
292, -15.948010444641113, 2.8635878562927246, -4.875542163848877
293, -15.948010444641113, 2.8635878562927246, -4.875542163848877
294, -15.948010444641113, 2.8635878562927246, -4.875542163848877
295, -15.948010444641113, 2.8635878562927246, -4.875542163848877
296, -15.948010444641113, 2.8635878562927246, -4.875542163848877
297, -15.948010444641113, 2.8635878562927246, -4.875542163848877
298, -15.948010444641113, 2.8635878562927246, -4.875542163848877
299, -15.869241714477539, 2.830584764480591, -5.112808704376221
300, -15.869241714477539, 2.830584764480591, -5.112808704376221
301, -15.682392120361328, 2.8048131465911865, -5.278903007507324
302, -15.557682991027832, 2.8048131465911865, -5.389759540557861
303, -15.557682991027832, 2.8048131465911865, -5.389759540557861
304, -15.557682991027832, 2.8048131465911865, -5.389759540557861
305, -15.557682991027832, 2.8048131465911865, -5.389759540557861
306, -15.608099937438965, 2.8048131465911865, -5.634623050689697
307, -15.608099937438965, 2.8048131465911865, -5.634623050689697
308, -15.608099937438965, 2.8048131465911865, -5.634623050689697
309, -15.54829216003418, 2.8048131465911865, -5.6877875328063965
310, -15.54829216003418, 2.8048131465911865, -5.6877875328063965
311, -15.54829216003418, 2.8048131465911865, -5.6877875328063965
312, -15.54829216003418, 2.8048131465911865, -5.6877875328063965
313, -15.445406913757324, 2.8048131465911865, -5.65363073348999
314, -15.445406913757324, 2.8048131465911865, -5.65363073348999
315, -15.445406913757324, 2.8048131465911865, -5.65363073348999
316, -15.445406913757324, 2.8048131465911865, -5.65363073348999
317, -15.445405960083008, 2.8048131465911865, -5.653631687164307
318, -15.445405960083008, 2.8048131465911865, -5.653631687164307
319, -15.434066772460938, 2.8048131465911865, -5.6877875328063965
320, -15.434066772460938, 2.8048131465911865, -5.6877875328063965
321, -15.434066772460938, 2.8048131465911865, -5.6877875328063965
322, -15.434066772460938, 2.8048131465911865, -5.6877875328063965
323, -15.434066772460938, 2.8048131465911865, -5.6877875328063965
324, -15.434066772460938, 2.8048131465911865, -5.6877875328063965
325, -15.434066772460938, 2.8048131465911865, -5.6877875328063965
326, -15.434066772460938, 2.8048131465911865, -5.6877875328063965
327, -15.416936874389648, 2.8048131465911865, -5.682100772857666
328, -15.416936874389648, 2.8048131465911865, -5.682100772857666
329, -15.416936874389648, 2.8048131465911865, -5.682100772857666
330, -15.416936874389648, 2.8048131465911865, -5.682100772857666
331, -15.416936874389648, 2.8048131465911865, -5.682100772857666
332, -15.416936874389648, 2.8048131465911865, -5.682100772857666
333, -15.416936874389648, 2.8048131465911865, -5.682100772857666
334, -15.60378646850586, 2.8048131465911865, -5.5160064697265625
335, -15.79063606262207, 2.8048131465911865, -5.349912166595459
336, -15.79063606262207, 2.8048131465911865, -5.349912166595459
337, -15.869404792785645, 2.830643653869629, -5.112645626068115
338, -15.948173522949219, 2.8636467456817627, -4.8753790855407715
339, -15.948173522949219, 2.8636467456817627, -4.8753790855407715
340, -15.948173522949219, 2.8636467456817627, -4.8753790855407715
341, -15.948173522949219, 2.8636467456817627, -4.8753790855407715
342, -15.948173522949219, 2.8636467456817627, -4.8753790855407715
343, -15.948173522949219, 2.8636467456817627, -4.8753790855407715
344, -15.948173522949219, 2.8636467456817627, -4.8753790855407715
345, -15.869404792785645, 2.830643653869629, -5.112645626068115
346, -15.869404792785645, 2.830643653869629, -5.112645626068115
347, -15.682555198669434, 2.8048131465911865, -5.278739929199219
348, -15.557682037353516, 2.8048131465911865, -5.389741897583008
349, -15.557682037353516, 2.8048131465911865, -5.389741897583008
350, -15.557682037353516, 2.8048131465911865, -5.389741897583008
351, -15.557682037353516, 2.8048131465911865, -5.389741897583008
352, -15.608098983764648, 2.8048131465911865, -5.634605407714844
353, -15.608098983764648, 2.8048131465911865, -5.634605407714844
354, -15.608098983764648, 2.8048131465911865, -5.634605407714844
355, -15.548271179199219, 2.8048131465911865, -5.6877875328063965
356, -15.548271179199219, 2.8048131465911865, -5.6877875328063965
357, -15.548271179199219, 2.8048131465911865, -5.6877875328063965
358, -15.548271179199219, 2.8048131465911865, -5.6877875328063965
359, -15.445401191711426, 2.8048131465911865, -5.6536359786987305
360, -15.445401191711426, 2.8048131465911865, -5.6536359786987305
361, -15.445401191711426, 2.8048131465911865, -5.6536359786987305
362, -15.445401191711426, 2.8048131465911865, -5.6536359786987305
363, -15.445401191711426, 2.8048131465911865, -5.6536359786987305
364, -15.445401191711426, 2.8048131465911865, -5.6536359786987305
365, -15.434062957763672, 2.8048131465911865, -5.6877875328063965
366, -15.434062957763672, 2.8048131465911865, -5.6877875328063965
367, -15.434062957763672, 2.8048131465911865, -5.6877875328063965
368, -15.434062957763672, 2.8048131465911865, -5.6877875328063965
369, -15.434062957763672, 2.8048131465911865, -5.6877875328063965
370, -15.434062957763672, 2.8048131465911865, -5.6877875328063965
371, -15.434062957763672, 2.8048131465911865, -5.6877875328063965
372, -15.434062957763672, 2.8048131465911865, -5.6877875328063965
373, -15.416935920715332, 2.8048131465911865, -5.682101726531982
374, -15.416935920715332, 2.8048131465911865, -5.682101726531982
375, -15.416935920715332, 2.8048131465911865, -5.682101726531982
376, -15.416935920715332, 2.8048131465911865, -5.682101726531982
377, -15.416935920715332, 2.8048131465911865, -5.682101726531982
378, -15.416935920715332, 2.8048131465911865, -5.682101726531982
379, -15.416935920715332, 2.8048131465911865, -5.682101726531982
380, -15.603785514831543, 2.8048131465911865, -5.516007423400879
381, -15.790635108947754, 2.8048131465911865, -5.349913120269775
382, -15.790635108947754, 2.8048131465911865, -5.349913120269775
383, -15.869403839111328, 2.8306431770324707, -5.112646579742432
384, -15.948172569274902, 2.8636462688446045, -4.875380039215088
385, -15.948172569274902, 2.8636462688446045, -4.875380039215088
386, -15.948172569274902, 2.8636462688446045, -4.875380039215088
387, -15.948172569274902, 2.8636462688446045, -4.875380039215088
388, -15.948172569274902, 2.8636462688446045, -4.875380039215088
389, -15.948172569274902, 2.8636462688446045, -4.875380039215088
390, -15.761322975158691, 2.8048131465911865, -5.041474342346191
391, -15.761322975158691, 2.8048131465911865, -5.041474342346191
392, -15.682554244995117, 2.8048131465911865, -5.278740882873535
393, -15.603785514831543, 2.8048131465911865, -5.516007423400879
394, -15.603785514831543, 2.8048131465911865, -5.516007423400879
395, -15.603785514831543, 2.8048131465911865, -5.516007423400879
396, -15.603785514831543, 2.8048131465911865, -5.516007423400879
397, -15.560937881469727, 2.8048131465911865, -5.524829864501953
398, -15.560937881469727, 2.8048131465911865, -5.524829864501953
399, -15.560937881469727, 2.8048131465911865, -5.524829864501953
400, -15.560937881469727, 2.8048131465911865, -5.524829864501953
401, -15.560937881469727, 2.8048131465911865, -5.524830341339111
402, -15.560937881469727, 2.8048131465911865, -5.524830341339111
403, -15.594490051269531, 2.8048131465911865, -5.6877875328063965
404, -15.594490051269531, 2.8048131465911865, -5.6877875328063965
405, -15.594490051269531, 2.8048131465911865, -5.6877875328063965
406, -15.594490051269531, 2.8048131465911865, -5.6877875328063965
407, -15.594490051269531, 2.8048131465911865, -5.6877875328063965
408, -15.594490051269531, 2.8048131465911865, -5.6877875328063965
409, -15.594490051269531, 2.8048131465911865, -5.6877875328063965
410, -15.456920623779297, 2.8048131465911865, -5.642116546630859
411, -15.456920623779297, 2.8048131465911865, -5.642116546630859
412, -15.456920623779297, 2.8048131465911865, -5.642116546630859
413, -15.456920623779297, 2.8048131465911865, -5.642116546630859
414, -15.456920623779297, 2.8048131465911865, -5.642116546630859
415, -15.456920623779297, 2.8048131465911865, -5.642116546630859
416, -15.441758155822754, 2.8048131465911865, -5.6877875328063965
417, -15.441758155822754, 2.8048131465911865, -5.6877875328063965
418, -15.441758155822754, 2.8048131465911865, -5.6877875328063965
419, -15.441758155822754, 2.8048131465911865, -5.6877875328063965
420, -15.441758155822754, 2.8048131465911865, -5.6877875328063965
421, -15.418853759765625, 2.8048131465911865, -5.680183410644531
422, -15.418853759765625, 2.8048131465911865, -5.680183410644531
423, -15.418853759765625, 2.8048131465911865, -5.680183410644531
424, -15.418853759765625, 2.8048131465911865, -5.680183410644531
425, -15.418853759765625, 2.8048131465911865, -5.680183410644531
426, -15.418853759765625, 2.8048131465911865, -5.680183410644531
427, -15.418853759765625, 2.8048131465911865, -5.680183410644531
428, -15.418853759765625, 2.8048131465911865, -5.680183410644531
429, -15.416329383850098, 2.8048131465911865, -5.6877875328063965
430, -15.416329383850098, 2.8048131465911865, -5.6877875328063965
431, -15.416329383850098, 2.8048131465911865, -5.6877875328063965
432, -15.416329383850098, 2.8048131465911865, -5.6877875328063965
433, -15.416329383850098, 2.8048131465911865, -5.6877875328063965
434, -15.416329383850098, 2.8048131465911865, -5.6877875328063965
435, -15.416329383850098, 2.8048131465911865, -5.6877875328063965
436, -15.416329383850098, 2.8048131465911865, -5.6877875328063965
437, -15.416329383850098, 2.8048131465911865, -5.6877875328063965
438, -15.416329383850098, 2.8048131465911865, -5.6877875328063965
439, -15.416329383850098, 2.8048131465911865, -5.6877875328063965
440, -15.416329383850098, 2.8048131465911865, -5.6877875328063965
441, -15.412515640258789, 2.8048131465911865, -5.686521530151367
442, -15.412515640258789, 2.8048131465911865, -5.686521530151367
443, -15.412515640258789, 2.8048131465911865, -5.686522006988525
444, -15.412515640258789, 2.8048131465911865, -5.686522006988525
445, -15.412515640258789, 2.8048131465911865, -5.686522006988525
446, -15.412515640258789, 2.8048131465911865, -5.686522006988525
447, -15.412515640258789, 2.8048131465911865, -5.686522006988525
448, -15.599365234375, 2.8048131465911865, -5.520427703857422
449, -15.786214828491211, 2.8048131465911865, -5.354333400726318
450, -15.786214828491211, 2.8048131465911865, -5.354333400726318
451, -15.864983558654785, 2.8290517330169678, -5.117066860198975
452, -15.94375228881836, 2.8620548248291016, -4.879800319671631
453, -15.94375228881836, 2.8620548248291016, -4.879800319671631
454, -15.94375228881836, 2.8620548248291016, -4.879800319671631
455, -15.94375228881836, 2.8620548248291016, -4.879800319671631
456, -15.94375228881836, 2.8620548248291016, -4.879800319671631
457, -15.94375228881836, 2.8620548248291016, -4.879800319671631
458, -15.756902694702148, 2.8048131465911865, -5.045894622802734
459, -15.756902694702148, 2.8048131465911865, -5.045894622802734
460, -15.678133964538574, 2.8048131465911865, -5.283161163330078
461, -15.599365234375, 2.8048131465911865, -5.520427703857422
462, -15.599365234375, 2.8048131465911865, -5.520427703857422
463, -15.599365234375, 2.8048131465911865, -5.520427703857422
464, -15.599365234375, 2.8048131465911865, -5.520427703857422
465, -15.56102180480957, 2.8048131465911865, -5.528322696685791
466, -15.56102180480957, 2.8048131465911865, -5.528322696685791
467, -15.56102180480957, 2.8048131465911865, -5.528323173522949
468, -15.56102180480957, 2.8048131465911865, -5.528323173522949
469, -15.56102180480957, 2.8048131465911865, -5.528323173522949
470, -15.56102180480957, 2.8048131465911865, -5.528323173522949
471, -15.593854904174805, 2.8048131465911865, -5.6877875328063965
472, -15.593854904174805, 2.8048131465911865, -5.6877875328063965
473, -15.593854904174805, 2.8048131465911865, -5.6877875328063965
474, -15.593854904174805, 2.8048131465911865, -5.6877875328063965
475, -15.593854904174805, 2.8048131465911865, -5.6877875328063965
476, -15.593854904174805, 2.8048131465911865, -5.6877875328063965
477, -15.593854904174805, 2.8048131465911865, -5.6877875328063965
478, -15.456762313842773, 2.8048131465911865, -5.642274856567383
479, -15.456762313842773, 2.8048131465911865, -5.642274856567383
480, -15.456762313842773, 2.8048131465911865, -5.642274856567383
481, -15.456762313842773, 2.8048131465911865, -5.642274856567383
482, -15.456762313842773, 2.8048131465911865, -5.642274856567383
483, -15.456762313842773, 2.8048131465911865, -5.642274856567383
484, -15.44165325164795, 2.8048131465911865, -5.6877875328063965
485, -15.44165325164795, 2.8048131465911865, -5.6877875328063965
486, -15.44165325164795, 2.8048131465911865, -5.6877875328063965
487, -15.44165325164795, 2.8048131465911865, -5.6877875328063965
488, -15.44165325164795, 2.8048131465911865, -5.6877875328063965
489, -15.44165325164795, 2.8048131465911865, -5.6877875328063965
490, -15.44165325164795, 2.8048131465911865, -5.6877875328063965
491, -15.44165325164795, 2.8048131465911865, -5.6877875328063965
492, -15.418828010559082, 2.8048131465911865, -5.680209636688232
493, -15.418828010559082, 2.8048131465911865, -5.680209636688232
494, -15.418828010559082, 2.8048131465911865, -5.680209636688232
495, -15.418828010559082, 2.8048131465911865, -5.680209636688232
496, -15.418828010559082, 2.8048131465911865, -5.680209636688232
497, -15.418828010559082, 2.8048131465911865, -5.680209636688232
498, -15.418828010559082, 2.8048131465911865, -5.680209636688232
499, -15.605677604675293, 2.8048131465911865, -5.514115333557129
