1, 11.127188682556152, 0.07754743099212646, 1.2400577068328857
2, 11.127188682556152, 0.07754743099212646, 1.2400577068328857
3, 11.127188682556152, 0.07754743099212646, 1.2400577068328857
4, 11.127188682556152, 0.07754743099212646, 1.2400577068328857
5, 11.127188682556152, 0.07754743099212646, 1.2400577068328857
6, 11.127188682556152, 0.07754743099212646, 1.2400577068328857
7, 11.127188682556152, 0.07754743099212646, 1.2400577068328857
8, 11.127188682556152, 0.07754743099212646, 1.2400577068328857
9, 11.127188682556152, 0.07754743099212646, 1.2400577068328857
10, 11.127188682556152, 0.07754743099212646, 1.2400577068328857
11, 11.127188682556152, 0.07754743099212646, 1.2400577068328857
12, 11.127188682556152, 0.07754743099212646, 1.2400577068328857
13, 11.127188682556152, 0.07754743099212646, 1.2400577068328857
14, 11.127188682556152, 0.07754743099212646, 1.2400577068328857
15, 11.127188682556152, 0.07754743099212646, 1.2400577068328857
16, 10.903776168823242, 0.07754743099212646, 1.3522497415542603
17, 10.680364608764648, 0.07754743099212646, 1.4644417762756348
18, 10.456953048706055, 0.2266085147857666, 1.5766338109970093
19, 10.456953048706055, 0.2266085147857666, 1.5766338109970093
20, 10.207376480102539, 0.2775474488735199, 1.562088966369629
21, 9.957799911499023, 0.1363004744052887, 1.5475441217422485
22, 9.957799911499023, 0.1363004744052887, 1.5475441217422485
23, 9.748932838439941, 0.07754743099212646, 1.410159707069397
24, 9.748932838439941, 0.07754743099212646, 1.410159707069397
25, 9.499356269836426, 0.07754743099212646, 1.3956148624420166
26, 9.24977970123291, 0.07754743099212646, 1.3810700178146362
27, 9.24977970123291, 0.07754743099212646, 1.3810700178146362
28, 9.0263671875, 0.07754743099212646, 1.4932620525360107
29, 9.0263671875, 0.07754743099212646, 1.4932620525360107
30, 9.0263671875, 0.07754743099212646, 1.4932620525360107
31, 8.827266693115234, 0.07754743099212646, 1.593245029449463
32, 8.827266693115234, 0.07754743099212646, 1.593245029449463
33, 8.827266693115234, 0.07754743099212646, 1.593245029449463
34, 8.577690124511719, 0.07754743099212646, 1.5787001848220825
35, 8.577690124511719, 0.07754743099212646, 1.5787001848220825
36, 8.354277610778809, 0.07754743099212646, 1.690892219543457
37, 8.167402267456055, 0.07754743099212646, 1.7847362756729126
38, 8.167402267456055, 0.07754743099212646, 1.7847362756729126
39, 8.167402267456055, 0.07754743099212646, 1.7847362756729126
40, 8.167402267456055, 0.07754743099212646, 1.7847362756729126
41, 8.167402267456055, 0.07754743099212646, 1.7847362756729126
42, 8.167402267456055, 0.07754743099212646, 1.7847362756729126
43, 8.167402267456055, 0.07754743099212646, 1.7847362756729126
44, 8.279594421386719, 0.07754743099212646, 2.008148193359375
45, 8.279594421386719, 0.07754743099212646, 2.008148193359375
46, 8.265049934387207, 0.07754743099212646, 2.2577247619628906
47, 8.265049934387207, 0.07754743099212646, 2.2577247619628906
48, 8.127665519714355, 0.07754743099212646, 2.4665920734405518
49, 8.127665519714355, 0.07754743099212646, 2.4665920734405518
50, 7.9042534828186035, 0.07754743099212646, 2.578784227371216
51, 0.9561266899108887, 0.07754743099212646, -2.2549898624420166
