1, -0.21162012219429016, 0.046541884541511536, -0.4607016444206238
2, -0.21162012219429016, 0.046541884541511536, -0.4607016444206238
3, -0.21162012219429016, 0.046541884541511536, -0.4607016444206238
4, -0.21162012219429016, 0.046541884541511536, -0.4607016444206238
5, -0.21162012219429016, 0.046541884541511536, -0.4607016444206238
6, -0.21162012219429016, 0.046541884541511536, -0.4607016444206238
7, -0.21162012219429016, 0.046541884541511536, -0.4607016444206238
8, -0.21162012219429016, 0.046541884541511536, -0.4607016444206238
9, -0.21162012219429016, 0.046541884541511536, -0.4607016444206238
10, -0.21162012219429016, 0.046541884541511536, -0.4607016444206238
11, -0.21162012219429016, 0.046541884541511536, -0.4607016444206238
12, -0.21162012219429016, 0.046541884541511536, -0.4607016444206238
13, -0.21162012219429016, 0.046541884541511536, -0.4607016444206238
14, -0.21162012219429016, 0.046541884541511536, -0.4607016444206238
15, -0.21162012219429016, 0.046541884541511536, -0.4607016444206238
16, -0.21162012219429016, 0.046541884541511536, -0.4607016444206238
17, -0.21162012219429016, 0.046541884541511536, -0.4607016444206238
18, -0.21162012219429016, 0.046541884541511536, -0.4607016444206238
19, -0.21162012219429016, 0.046541884541511536, -0.4607016444206238
20, -0.21162012219429016, 0.046541884541511536, -0.4607016444206238
21, -0.19314250349998474, 0.046541884541511536, -0.21138542890548706
22, -0.17466488480567932, 0.046541884541511536, 0.03793078660964966
23, -0.1561872661113739, 0.046541884541511536, 0.2872470021247864
24, -0.1561872661113739, 0.046541884541511536, 0.2872470021247864
25, -0.26484328508377075, 0.046541884541511536, 0.5124000310897827
26, -0.37349933385849, 0.046541884541511536, 0.7375530004501343
27, -0.3934377431869507, 0.046541884541511536, 0.7788686752319336
28, -0.3934377431869507, 0.046541884541511536, 0.7788686752319336
29, -0.3934377431869507, 0.046541884541511536, 0.7788686752319336
30, -0.3934377431869507, 0.046541884541511536, 0.7788686752319336
31, -0.3934377431869507, 0.046541884541511536, 0.7788686752319336
32, -0.3934377431869507, 0.046541884541511536, 0.7788686752319336
33, -0.5704036951065063, 0.046541884541511536, 0.6934671401977539
34, -0.5704036951065063, 0.046541884541511536, 0.6934671401977539
35, -0.5704036951065063, 0.046541884541511536, 0.6934671401977539
36, -0.5704037547111511, 0.046541884541511536, 0.6934671401977539
37, -0.5704037547111511, 0.046541884541511536, 0.6934671401977539
38, -0.6159119606018066, 0.046541884541511536, 0.7877676486968994
39, 0.8055387735366821, 0.046541884541511536, -0.4773370325565338
